,Date_reported,Country_code,Country,WHO_region,New_cases,Cumulative_cases,New_deaths,Cumulative_deaths
0,2020-01-05,AF,Afghanistan,EMRO,0,0,0,0
1,2020-01-12,AF,Afghanistan,EMRO,0,0,0,0
2,2020-01-19,AF,Afghanistan,EMRO,0,0,0,0
3,2020-01-26,AF,Afghanistan,EMRO,0,0,0,0
4,2020-02-02,AF,Afghanistan,EMRO,0,0,0,0
5,2020-02-09,AF,Afghanistan,EMRO,0,0,0,0
6,2020-02-16,AF,Afghanistan,EMRO,0,0,0,0
7,2020-02-23,AF,Afghanistan,EMRO,0,0,0,0
8,2020-03-01,AF,Afghanistan,EMRO,1,1,0,0
9,2020-03-08,AF,Afghanistan,EMRO,0,1,0,0
10,2020-03-15,AF,Afghanistan,EMRO,6,7,0,0
11,2020-03-22,AF,Afghanistan,EMRO,17,24,0,0
12,2020-03-29,AF,Afghanistan,EMRO,67,91,2,2
13,2020-04-05,AF,Afghanistan,EMRO,183,274,3,5
14,2020-04-12,AF,Afghanistan,EMRO,247,521,10,15
15,2020-04-19,AF,Afghanistan,EMRO,387,908,15,30
16,2020-04-26,AF,Afghanistan,EMRO,422,1330,13,43
17,2020-05-03,AF,Afghanistan,EMRO,841,2171,21,64
18,2020-05-10,AF,Afghanistan,EMRO,1392,3563,41,105
19,2020-05-17,AF,Afghanistan,EMRO,2490,6053,48,153
20,2020-05-24,AF,Afghanistan,EMRO,3813,9866,58,211
21,2020-05-31,AF,Afghanistan,EMRO,4577,14443,37,248
22,2020-06-07,AF,Afghanistan,EMRO,5108,19551,79,327
23,2020-06-14,AF,Afghanistan,EMRO,4551,24102,124,451
24,2020-06-21,AF,Afghanistan,EMRO,4195,28297,97,548
25,2020-06-28,AF,Afghanistan,EMRO,2319,30616,155,703
26,2020-07-05,AF,Afghanistan,EMRO,2056,32672,123,826
27,2020-07-12,AF,Afghanistan,EMRO,1679,34351,149,975
28,2020-07-19,AF,Afghanistan,EMRO,938,35289,172,1147
29,2020-07-26,AF,Afghanistan,EMRO,747,36036,99,1246
30,2020-08-02,AF,Afghanistan,EMRO,674,36710,37,1283
31,2020-08-09,AF,Afghanistan,EMRO,305,37015,24,1307
32,2020-08-16,AF,Afghanistan,EMRO,536,37551,63,1370
33,2020-08-23,AF,Afghanistan,EMRO,343,37894,15,1385
34,2020-08-30,AF,Afghanistan,EMRO,249,38143,17,1402
35,2020-09-06,AF,Afghanistan,EMRO,161,38304,7,1409
36,2020-09-13,AF,Afghanistan,EMRO,337,38641,11,1420
37,2020-09-20,AF,Afghanistan,EMRO,278,38919,17,1437
38,2020-09-27,AF,Afghanistan,EMRO,273,39192,16,1453
39,2020-10-04,AF,Afghanistan,EMRO,105,39297,9,1462
40,2020-10-11,AF,Afghanistan,EMRO,406,39703,11,1473
41,2020-10-18,AF,Afghanistan,EMRO,438,40141,15,1488
42,2020-10-25,AF,Afghanistan,EMRO,627,40768,23,1511
43,2020-11-01,AF,Afghanistan,EMRO,657,41425,25,1536
44,2020-11-08,AF,Afghanistan,EMRO,608,42033,20,1556
45,2020-11-15,AF,Afghanistan,EMRO,1002,43035,49,1605
46,2020-11-22,AF,Afghanistan,EMRO,1468,44503,70,1675
47,2020-11-29,AF,Afghanistan,EMRO,1463,45966,77,1752
48,2020-12-06,AF,Afghanistan,EMRO,1675,47641,113,1865
49,2020-12-13,AF,Afghanistan,EMRO,1311,48952,95,1960
50,2020-12-20,AF,Afghanistan,EMRO,1584,50536,94,2054
51,2020-12-27,AF,Afghanistan,EMRO,1312,51848,104,2158
52,2021-01-03,AF,Afghanistan,EMRO,861,52709,63,2221
53,2021-01-10,AF,Afghanistan,EMRO,780,53489,56,2277
54,2021-01-17,AF,Afghanistan,EMRO,495,53984,62,2339
55,2021-01-24,AF,Afghanistan,EMRO,611,54595,39,2378
56,2021-01-31,AF,Afghanistan,EMRO,428,55023,22,2400
57,2021-02-07,AF,Afghanistan,EMRO,312,55335,10,2410
58,2021-02-14,AF,Afghanistan,EMRO,157,55492,17,2427
59,2021-02-21,AF,Afghanistan,EMRO,112,55604,5,2432
60,2021-02-28,AF,Afghanistan,EMRO,110,55714,11,2443
61,2021-03-07,AF,Afghanistan,EMRO,133,55847,6,2449
62,2021-03-14,AF,Afghanistan,EMRO,138,55985,8,2457
63,2021-03-21,AF,Afghanistan,EMRO,118,56103,6,2463
64,2021-03-28,AF,Afghanistan,EMRO,191,56294,7,2470
65,2021-04-04,AF,Afghanistan,EMRO,382,56676,27,2497
66,2021-04-11,AF,Afghanistan,EMRO,484,57160,24,2521
67,2021-04-18,AF,Afghanistan,EMRO,633,57793,18,2539
68,2021-04-25,AF,Afghanistan,EMRO,1050,58843,43,2582
69,2021-05-02,AF,Afghanistan,EMRO,1279,60122,55,2637
70,2021-05-09,AF,Afghanistan,EMRO,1720,61842,49,2686
71,2021-05-16,AF,Afghanistan,EMRO,1642,63484,56,2742
72,2021-05-23,AF,Afghanistan,EMRO,2244,65728,60,2802
73,2021-05-30,AF,Afghanistan,EMRO,5033,70761,117,2919
74,2021-06-06,AF,Afghanistan,EMRO,8463,79224,226,3145
75,2021-06-13,AF,Afghanistan,EMRO,10637,89861,382,3527
76,2021-06-20,AF,Afghanistan,EMRO,12045,101906,595,4122
77,2021-06-27,AF,Afghanistan,EMRO,12314,114220,528,4650
78,2021-07-04,AF,Afghanistan,EMRO,10528,124748,549,5199
79,2021-07-11,AF,Afghanistan,EMRO,8830,133578,525,5724
80,2021-07-18,AF,Afghanistan,EMRO,7024,140602,423,6147
81,2021-07-25,AF,Afghanistan,EMRO,3269,143871,278,6425
82,2021-08-01,AF,Afghanistan,EMRO,3630,147501,312,6737
83,2021-08-08,AF,Afghanistan,EMRO,2957,150458,171,6908
84,2021-08-15,AF,Afghanistan,EMRO,1575,152033,113,7021
85,2021-08-22,AF,Afghanistan,EMRO,478,152511,49,7070
86,2021-08-29,AF,Afghanistan,EMRO,522,153033,39,7109
87,2021-09-05,AF,Afghanistan,EMRO,390,153423,23,7132
88,2021-09-12,AF,Afghanistan,EMRO,567,153990,35,7167
89,2021-09-19,AF,Afghanistan,EMRO,549,154539,32,7199
90,2021-09-26,AF,Afghanistan,EMRO,360,154899,0,7199
91,2021-10-03,AF,Afghanistan,EMRO,242,155141,13,7212
92,2021-10-10,AF,Afghanistan,EMRO,203,155344,9,7221
93,2021-10-17,AF,Afghanistan,EMRO,273,155617,17,7238
94,2021-10-24,AF,Afghanistan,EMRO,201,155818,15,7253
95,2021-10-31,AF,Afghanistan,EMRO,270,156088,19,7272
96,2021-11-07,AF,Afghanistan,EMRO,187,156275,12,7284
97,2021-11-14,AF,Afghanistan,EMRO,237,156512,8,7292
98,2021-11-21,AF,Afghanistan,EMRO,352,156864,9,7301
99,2021-11-28,AF,Afghanistan,EMRO,326,157190,7,7308
100,2021-12-05,AF,Afghanistan,EMRO,241,157431,4,7312
101,2021-12-12,AF,Afghanistan,EMRO,180,157611,13,7325
102,2021-12-19,AF,Afghanistan,EMRO,134,157745,8,7333
103,2021-12-26,AF,Afghanistan,EMRO,157,157902,19,7352
104,2022-01-02,AF,Afghanistan,EMRO,210,158112,4,7356
105,2022-01-09,AF,Afghanistan,EMRO,233,158345,13,7369
106,2022-01-16,AF,Afghanistan,EMRO,333,158678,9,7378
107,2022-01-23,AF,Afghanistan,EMRO,870,159548,12,7390
108,2022-01-30,AF,Afghanistan,EMRO,2118,161666,17,7407
109,2022-02-06,AF,Afghanistan,EMRO,4046,165712,18,7425
110,2022-02-13,AF,Afghanistan,EMRO,4440,170152,63,7488
111,2022-02-20,AF,Afghanistan,EMRO,1778,171930,46,7534
112,2022-02-27,AF,Afghanistan,EMRO,1250,173180,54,7588
113,2022-03-06,AF,Afghanistan,EMRO,1167,174347,34,7622
114,2022-03-13,AF,Afghanistan,EMRO,1715,176062,20,7642
115,2022-03-20,AF,Afghanistan,EMRO,977,177039,10,7652
116,2022-03-27,AF,Afghanistan,EMRO,435,177474,8,7660
117,2022-04-03,AF,Afghanistan,EMRO,331,177805,11,7671
118,2022-04-10,AF,Afghanistan,EMRO,285,178090,4,7675
119,2022-04-17,AF,Afghanistan,EMRO,297,178387,1,7676
120,2022-04-24,AF,Afghanistan,EMRO,261,178648,5,7681
121,2022-05-01,AF,Afghanistan,EMRO,231,178879,2,7683
122,2022-05-08,AF,Afghanistan,EMRO,44,178923,1,7684
123,2022-05-15,AF,Afghanistan,EMRO,320,179243,6,7690
124,2022-05-22,AF,Afghanistan,EMRO,431,179674,7,7697
125,2022-05-29,AF,Afghanistan,EMRO,449,180123,4,7701
126,2022-06-05,AF,Afghanistan,EMRO,495,180618,8,7709
127,2022-06-12,AF,Afghanistan,EMRO,415,181033,0,7709
128,2022-06-19,AF,Afghanistan,EMRO,541,181574,4,7713
129,2022-06-26,AF,Afghanistan,EMRO,498,182072,4,7717
130,2022-07-03,AF,Afghanistan,EMRO,571,182643,7,7724
131,2022-07-10,AF,Afghanistan,EMRO,576,183219,3,7727
132,2022-07-17,AF,Afghanistan,EMRO,231,183450,3,7730
133,2022-07-24,AF,Afghanistan,EMRO,1024,184474,8,7738
134,2022-07-31,AF,Afghanistan,EMRO,1106,185580,9,7747
135,2022-08-07,AF,Afghanistan,EMRO,1466,187046,5,7752
136,2022-08-14,AF,Afghanistan,EMRO,1785,188831,6,7758
137,2022-08-21,AF,Afghanistan,EMRO,1604,190435,1,7759
138,2022-08-28,AF,Afghanistan,EMRO,1773,192208,15,7774
139,2022-09-04,AF,Afghanistan,EMRO,1679,193887,6,7780
140,2022-09-11,AF,Afghanistan,EMRO,1760,195647,7,7787
141,2022-09-18,AF,Afghanistan,EMRO,1435,197082,7,7794
142,2022-09-25,AF,Afghanistan,EMRO,1201,198283,2,7796
143,2022-10-02,AF,Afghanistan,EMRO,989,199272,3,7799
144,2022-10-09,AF,Afghanistan,EMRO,927,200199,5,7804
145,2022-10-16,AF,Afghanistan,EMRO,897,201096,7,7811
146,2022-10-23,AF,Afghanistan,EMRO,933,202029,7,7818
147,2022-10-30,AF,Afghanistan,EMRO,805,202834,3,7821
148,2022-11-06,AF,Afghanistan,EMRO,784,203618,5,7826
149,2022-11-13,AF,Afghanistan,EMRO,813,204431,3,7829
150,2022-11-20,AF,Afghanistan,EMRO,581,205012,2,7831
151,2022-11-27,AF,Afghanistan,EMRO,584,205596,2,7833
152,2022-12-04,AF,Afghanistan,EMRO,568,206164,1,7834
153,2022-12-11,AF,Afghanistan,EMRO,381,206545,5,7839
154,2022-12-18,AF,Afghanistan,EMRO,441,206986,5,7844
155,2022-12-25,AF,Afghanistan,EMRO,336,207322,1,7845
156,2023-01-01,AF,Afghanistan,EMRO,257,207579,4,7849
157,2023-01-08,AF,Afghanistan,EMRO,201,207780,2,7851
158,2023-01-15,AF,Afghanistan,EMRO,173,207953,4,7855
159,2023-01-22,AF,Afghanistan,EMRO,144,208097,5,7860
160,2023-01-29,AF,Afghanistan,EMRO,323,208420,6,7866
161,2023-02-05,AF,Afghanistan,EMRO,272,208692,8,7874
162,2023-02-12,AF,Afghanistan,EMRO,164,208856,3,7877
163,2023-02-19,AF,Afghanistan,EMRO,230,209086,0,7877
164,2023-02-26,AF,Afghanistan,EMRO,165,209251,1,7878
165,2023-03-05,AF,Afghanistan,EMRO,118,209369,1,7879
166,2023-03-12,AF,Afghanistan,EMRO,141,209510,1,7880
167,2023-03-19,AF,Afghanistan,EMRO,239,209749,1,7881
168,2023-03-26,AF,Afghanistan,EMRO,331,210080,1,7882
169,2023-04-02,AF,Afghanistan,EMRO,548,210628,1,7883
170,2023-04-09,AF,Afghanistan,EMRO,884,211512,1,7884
171,2023-04-16,AF,Afghanistan,EMRO,1100,212612,1,7885
172,2023-04-23,AF,Afghanistan,EMRO,1458,214070,2,7887
173,2023-04-30,AF,Afghanistan,EMRO,810,214880,5,7892
174,2023-05-07,AF,Afghanistan,EMRO,1876,216756,5,7897
175,2023-05-14,AF,Afghanistan,EMRO,1983,218739,11,7908
176,2023-05-21,AF,Afghanistan,EMRO,1428,220167,5,7913
177,2023-05-28,AF,Afghanistan,EMRO,1050,221217,2,7915
178,2023-06-04,AF,Afghanistan,EMRO,778,221995,4,7919
179,2023-06-11,AF,Afghanistan,EMRO,531,222526,1,7920
180,2023-06-18,AF,Afghanistan,EMRO,433,222959,2,7922
181,2023-06-25,AF,Afghanistan,EMRO,197,223156,6,7928
182,2023-07-02,AF,Afghanistan,EMRO,124,223280,0,7928
183,2023-07-09,AF,Afghanistan,EMRO,326,223606,3,7931
184,2023-07-16,AF,Afghanistan,EMRO,179,223785,1,7932
185,2023-07-23,AF,Afghanistan,EMRO,245,224030,2,7934
186,2023-07-30,AF,Afghanistan,EMRO,194,224224,1,7935
187,2023-08-06,AF,Afghanistan,EMRO,195,224419,3,7938
188,2023-08-13,AF,Afghanistan,EMRO,242,224661,2,7940
189,2023-08-20,AF,Afghanistan,EMRO,209,224870,2,7942
190,2023-08-27,AF,Afghanistan,EMRO,229,225099,0,7942
191,2023-09-03,AF,Afghanistan,EMRO,277,225376,2,7944
192,2023-09-10,AF,Afghanistan,EMRO,216,225592,2,7946
193,2023-09-17,AF,Afghanistan,EMRO,200,225792,0,7946
194,2023-09-24,AF,Afghanistan,EMRO,207,225999,1,7947
195,2023-10-01,AF,Afghanistan,EMRO,248,226247,3,7950
196,2023-10-08,AF,Afghanistan,EMRO,309,226556,1,7951
197,2023-10-15,AF,Afghanistan,EMRO,307,226863,1,7952
198,2023-10-22,AF,Afghanistan,EMRO,293,227156,0,7952
199,2023-10-29,AF,Afghanistan,EMRO,383,227539,1,7953
200,2023-11-05,AF,Afghanistan,EMRO,353,227892,3,7956
201,2023-11-12,AF,Afghanistan,EMRO,371,228263,4,7960
202,2023-11-19,AF,Afghanistan,EMRO,432,228695,1,7961
203,2023-11-26,AF,Afghanistan,EMRO,280,228975,2,7963
204,2023-12-03,AF,Afghanistan,EMRO,288,229263,2,7965
205,2023-12-10,AF,Afghanistan,EMRO,106,229369,0,7965
206,2023-12-17,AF,Afghanistan,EMRO,317,229686,1,7966
207,2023-12-24,AF,Afghanistan,EMRO,304,229990,4,7970
208,2020-01-05,AL,Albania,EURO,0,0,0,0
209,2020-01-12,AL,Albania,EURO,0,0,0,0
210,2020-01-19,AL,Albania,EURO,0,0,0,0
211,2020-01-26,AL,Albania,EURO,0,0,0,0
212,2020-02-02,AL,Albania,EURO,0,0,0,0
213,2020-02-09,AL,Albania,EURO,0,0,0,0
214,2020-02-16,AL,Albania,EURO,0,0,0,0
215,2020-02-23,AL,Albania,EURO,0,0,0,0
216,2020-03-01,AL,Albania,EURO,0,0,0,0
217,2020-03-08,AL,Albania,EURO,0,0,0,0
218,2020-03-15,AL,Albania,EURO,33,33,1,1
219,2020-03-22,AL,Albania,EURO,37,70,1,2
220,2020-03-29,AL,Albania,EURO,116,186,6,8
221,2020-04-05,AL,Albania,EURO,118,304,9,17
222,2020-04-12,AL,Albania,EURO,112,416,6,23
223,2020-04-19,AL,Albania,EURO,123,539,3,26
224,2020-04-26,AL,Albania,EURO,139,678,1,27
225,2020-05-03,AL,Albania,EURO,104,782,4,31
226,2020-05-10,AL,Albania,EURO,68,850,0,31
227,2020-05-17,AL,Albania,EURO,66,916,0,31
228,2020-05-24,AL,Albania,EURO,65,981,0,31
229,2020-05-31,AL,Albania,EURO,118,1099,2,33
230,2020-06-07,AL,Albania,EURO,113,1212,0,33
231,2020-06-14,AL,Albania,EURO,204,1416,3,36
232,2020-06-21,AL,Albania,EURO,422,1838,6,42
233,2020-06-28,AL,Albania,EURO,431,2269,9,51
234,2020-07-05,AL,Albania,EURO,483,2752,21,72
235,2020-07-12,AL,Albania,EURO,526,3278,13,85
236,2020-07-19,AL,Albania,EURO,628,3906,22,107
237,2020-07-26,AL,Albania,EURO,664,4570,21,128
238,2020-08-02,AL,Albania,EURO,706,5276,29,157
239,2020-08-09,AL,Albania,EURO,875,6151,32,189
240,2020-08-16,AL,Albania,EURO,966,7117,30,219
241,2020-08-23,AL,Albania,EURO,1002,8119,21,240
242,2020-08-30,AL,Albania,EURO,1076,9195,31,271
243,2020-09-06,AL,Albania,EURO,772,9967,35,306
244,2020-09-13,AL,Albania,EURO,1054,11021,21,327
245,2020-09-20,AL,Albania,EURO,1052,12073,26,353
246,2020-09-27,AL,Albania,EURO,972,13045,20,373
247,2020-10-04,AL,Albania,EURO,920,13965,16,389
248,2020-10-11,AL,Albania,EURO,1101,15066,24,413
249,2020-10-18,AL,Albania,EURO,1435,16501,30,443
250,2020-10-25,AL,Albania,EURO,2055,18556,26,469
251,2020-11-01,AL,Albania,EURO,2078,20634,33,502
252,2020-11-08,AL,Albania,EURO,2576,23210,47,549
253,2020-11-15,AL,Albania,EURO,3491,26701,56,605
254,2020-11-22,AL,Albania,EURO,4758,31459,67,672
255,2020-11-29,AL,Albania,EURO,4786,36245,99,771
256,2020-12-06,AL,Albania,EURO,5057,41302,99,870
257,2020-12-13,AL,Albania,EURO,5561,46863,107,977
258,2020-12-20,AL,Albania,EURO,5141,52004,89,1066
259,2020-12-27,AL,Albania,EURO,3376,55380,68,1134
260,2021-01-03,AL,Albania,EURO,3343,58723,52,1186
261,2021-01-10,AL,Albania,EURO,3655,62378,44,1230
262,2021-01-17,AL,Albania,EURO,4257,66635,35,1265
263,2021-01-24,AL,Albania,EURO,4020,70655,38,1303
264,2021-01-31,AL,Albania,EURO,5695,76350,55,1358
265,2021-02-07,AL,Albania,EURO,6732,83082,75,1433
266,2021-02-14,AL,Albania,EURO,7753,90835,98,1531
267,2021-02-21,AL,Albania,EURO,7074,97909,105,1636
268,2021-02-28,AL,Albania,EURO,7320,105229,120,1756
269,2021-03-07,AL,Albania,EURO,6072,111301,141,1897
270,2021-03-14,AL,Albania,EURO,4822,116123,121,2018
271,2021-03-21,AL,Albania,EURO,3899,120022,104,2122
272,2021-03-28,AL,Albania,EURO,3194,123216,70,2192
273,2021-04-04,AL,Albania,EURO,2626,125842,55,2247
274,2021-04-11,AL,Albania,EURO,1953,127795,57,2304
275,2021-04-18,AL,Albania,EURO,1512,129307,33,2337
276,2021-04-25,AL,Albania,EURO,963,130270,30,2367
277,2021-05-02,AL,Albania,EURO,815,131085,27,2394
278,2021-05-09,AL,Albania,EURO,492,131577,14,2408
279,2021-05-16,AL,Albania,EURO,362,131939,19,2427
280,2021-05-23,AL,Albania,EURO,214,132153,14,2441
281,2021-05-30,AL,Albania,EURO,132,132285,7,2448
282,2021-06-06,AL,Albania,EURO,87,132372,3,2451
283,2021-06-13,AL,Albania,EURO,65,132437,2,2453
284,2021-06-20,AL,Albania,EURO,47,132484,1,2454
285,2021-06-27,AL,Albania,EURO,22,132506,1,2455
286,2021-07-04,AL,Albania,EURO,20,132526,1,2456
287,2021-07-11,AL,Albania,EURO,54,132580,0,2456
288,2021-07-18,AL,Albania,EURO,67,132647,0,2456
289,2021-07-25,AL,Albania,EURO,181,132828,0,2456
290,2021-08-01,AL,Albania,EURO,208,133036,1,2457
291,2021-08-08,AL,Albania,EURO,555,133591,1,2458
292,2021-08-15,AL,Albania,EURO,1549,135140,3,2461
293,2021-08-22,AL,Albania,EURO,2992,138132,14,2475
294,2021-08-29,AL,Albania,EURO,5042,143174,12,2487
295,2021-09-05,AL,Albania,EURO,5943,149117,21,2508
296,2021-09-12,AL,Albania,EURO,6176,155293,27,2535
297,2021-09-19,AL,Albania,EURO,6031,161324,34,2569
298,2021-09-26,AL,Albania,EURO,5366,166690,50,2619
299,2021-10-03,AL,Albania,EURO,4088,170778,86,2705
300,2021-10-10,AL,Albania,EURO,3390,174168,48,2753
301,2021-10-17,AL,Albania,EURO,2940,177108,54,2807
302,2021-10-24,AL,Albania,EURO,3515,180623,56,2863
303,2021-10-31,AL,Albania,EURO,3717,184340,46,2909
304,2021-11-07,AL,Albania,EURO,3654,187994,39,2948
305,2021-11-14,AL,Albania,EURO,4019,192013,35,2983
306,2021-11-21,AL,Albania,EURO,3510,195523,46,3029
307,2021-11-28,AL,Albania,EURO,3209,198732,48,3077
308,2021-12-05,AL,Albania,EURO,2313,201045,31,3108
309,2021-12-12,AL,Albania,EURO,2170,203215,22,3130
310,2021-12-19,AL,Albania,EURO,2009,205224,28,3158
311,2021-12-26,AL,Albania,EURO,1997,207221,29,3187
312,2022-01-02,AL,Albania,EURO,3003,210224,30,3217
313,2022-01-09,AL,Albania,EURO,6462,216686,16,3233
314,2022-01-16,AL,Albania,EURO,12091,228777,29,3262
315,2022-01-23,AL,Albania,EURO,15405,244182,30,3292
316,2022-01-30,AL,Albania,EURO,11559,255741,42,3334
317,2022-02-06,AL,Albania,EURO,7431,263172,37,3371
318,2022-02-13,AL,Albania,EURO,4379,267551,36,3407
319,2022-02-20,AL,Albania,EURO,2353,269904,26,3433
320,2022-02-27,AL,Albania,EURO,1410,271314,27,3460
321,2022-03-06,AL,Albania,EURO,716,272030,18,3478
322,2022-03-13,AL,Albania,EURO,522,272552,7,3485
323,2022-03-20,AL,Albania,EURO,409,272961,2,3487
324,2022-03-27,AL,Albania,EURO,357,273318,3,3490
325,2022-04-03,AL,Albania,EURO,441,273759,2,3492
326,2022-04-10,AL,Albania,EURO,349,274108,0,3492
327,2022-04-17,AL,Albania,EURO,268,274376,3,3495
328,2022-04-24,AL,Albania,EURO,309,274685,1,3496
329,2022-05-01,AL,Albania,EURO,317,275002,0,3496
330,2022-05-08,AL,Albania,EURO,264,275266,0,3496
331,2022-05-15,AL,Albania,EURO,219,275485,1,3497
332,2022-05-22,AL,Albania,EURO,289,275774,0,3497
333,2022-05-29,AL,Albania,EURO,238,276012,0,3497
334,2022-06-05,AL,Albania,EURO,262,276274,0,3497
335,2022-06-12,AL,Albania,EURO,309,276583,0,3497
336,2022-06-19,AL,Albania,EURO,443,277026,0,3497
337,2022-06-26,AL,Albania,EURO,1185,278211,0,3497
338,2022-07-03,AL,Albania,EURO,2640,280851,3,3500
339,2022-07-10,AL,Albania,EURO,4880,285731,10,3510
340,2022-07-17,AL,Albania,EURO,6725,292456,7,3517
341,2022-07-24,AL,Albania,EURO,8938,301394,4,3521
342,2022-07-31,AL,Albania,EURO,7884,309278,17,3538
343,2022-08-07,AL,Albania,EURO,6059,315337,16,3554
344,2022-08-14,AL,Albania,EURO,4749,320086,14,3568
345,2022-08-21,AL,Albania,EURO,3511,323597,6,3574
346,2022-08-28,AL,Albania,EURO,3218,326815,6,3580
347,2022-09-04,AL,Albania,EURO,1901,328716,3,3583
348,2022-09-11,AL,Albania,EURO,980,329696,1,3584
349,2022-09-18,AL,Albania,EURO,617,330313,2,3586
350,2022-09-25,AL,Albania,EURO,449,330762,3,3589
351,2022-10-02,AL,Albania,EURO,313,331075,0,3589
352,2022-10-09,AL,Albania,EURO,222,331297,0,3589
353,2022-10-16,AL,Albania,EURO,155,331452,2,3591
354,2022-10-23,AL,Albania,EURO,141,331593,1,3592
355,2022-10-30,AL,Albania,EURO,152,331745,1,3593
356,2022-11-06,AL,Albania,EURO,155,331900,0,3593
357,2022-11-13,AL,Albania,EURO,98,331998,1,3594
358,2022-11-20,AL,Albania,EURO,121,332119,0,3594
359,2022-11-27,AL,Albania,EURO,83,332202,0,3594
360,2022-12-04,AL,Albania,EURO,75,332277,0,3594
361,2022-12-11,AL,Albania,EURO,130,332407,0,3594
362,2022-12-18,AL,Albania,EURO,131,332538,0,3594
363,2022-12-25,AL,Albania,EURO,132,332670,2,3596
364,2023-01-01,AL,Albania,EURO,124,332794,0,3596
365,2023-01-08,AL,Albania,EURO,113,332907,0,3596
366,2023-01-15,AL,Albania,EURO,157,333064,0,3596
367,2023-01-22,AL,Albania,EURO,105,333169,0,3596
368,2023-01-29,AL,Albania,EURO,50,333219,0,3596
369,2023-02-05,AL,Albania,EURO,51,333270,0,3596
370,2023-02-12,AL,Albania,EURO,51,333321,0,3596
371,2023-02-19,AL,Albania,EURO,69,333390,1,3597
372,2023-02-26,AL,Albania,EURO,93,333483,1,3598
373,2023-03-05,AL,Albania,EURO,88,333571,1,3599
374,2023-03-12,AL,Albania,EURO,80,333651,1,3600
375,2023-03-19,AL,Albania,EURO,65,333716,1,3601
376,2023-03-26,AL,Albania,EURO,83,333799,0,3601
377,2023-04-02,AL,Albania,EURO,84,333883,2,3603
378,2023-04-09,AL,Albania,EURO,109,333992,1,3604
379,2023-04-16,AL,Albania,EURO,78,334070,0,3604
380,2023-04-23,AL,Albania,EURO,20,334090,0,3604
381,2023-04-30,AL,Albania,EURO,0,334090,0,3604
382,2023-05-07,AL,Albania,EURO,0,334090,0,3604
383,2023-05-14,AL,Albania,EURO,0,334090,0,3604
384,2023-05-21,AL,Albania,EURO,0,334090,0,3604
385,2023-05-28,AL,Albania,EURO,0,334090,0,3604
386,2023-06-04,AL,Albania,EURO,0,334090,0,3604
387,2023-06-11,AL,Albania,EURO,0,334090,0,3604
388,2023-06-18,AL,Albania,EURO,0,334090,0,3604
389,2023-06-25,AL,Albania,EURO,0,334090,0,3604
390,2023-07-02,AL,Albania,EURO,0,334090,0,3604
391,2023-07-09,AL,Albania,EURO,0,334090,0,3604
392,2023-07-16,AL,Albania,EURO,0,334090,0,3604
393,2023-07-23,AL,Albania,EURO,0,334090,0,3604
394,2023-07-30,AL,Albania,EURO,0,334090,0,3604
395,2023-08-06,AL,Albania,EURO,0,334090,0,3604
396,2023-08-13,AL,Albania,EURO,0,334090,0,3604
397,2023-08-20,AL,Albania,EURO,0,334090,0,3604
398,2023-08-27,AL,Albania,EURO,0,334090,0,3604
399,2023-09-03,AL,Albania,EURO,0,334090,0,3604
400,2023-09-10,AL,Albania,EURO,0,334090,0,3604
401,2023-09-17,AL,Albania,EURO,0,334090,0,3604
402,2023-09-24,AL,Albania,EURO,0,334090,0,3604
403,2023-10-01,AL,Albania,EURO,0,334090,0,3604
404,2023-10-08,AL,Albania,EURO,0,334090,0,3604
405,2023-10-15,AL,Albania,EURO,0,334090,0,3604
406,2023-10-22,AL,Albania,EURO,0,334090,0,3604
407,2023-10-29,AL,Albania,EURO,0,334090,0,3604
408,2023-11-05,AL,Albania,EURO,0,334090,0,3604
409,2023-11-12,AL,Albania,EURO,0,334090,0,3604
410,2023-11-19,AL,Albania,EURO,0,334090,0,3604
411,2023-11-26,AL,Albania,EURO,0,334090,0,3604
412,2023-12-03,AL,Albania,EURO,0,334090,0,3604
413,2023-12-10,AL,Albania,EURO,0,334090,0,3604
414,2023-12-17,AL,Albania,EURO,0,334090,0,3604
415,2023-12-24,AL,Albania,EURO,224,334314,0,3604
416,2020-01-05,DZ,Algeria,AFRO,0,0,0,0
417,2020-01-12,DZ,Algeria,AFRO,0,0,0,0
418,2020-01-19,DZ,Algeria,AFRO,0,0,0,0
419,2020-01-26,DZ,Algeria,AFRO,0,0,0,0
420,2020-02-02,DZ,Algeria,AFRO,0,0,0,0
421,2020-02-09,DZ,Algeria,AFRO,0,0,0,0
422,2020-02-16,DZ,Algeria,AFRO,0,0,0,0
423,2020-02-23,DZ,Algeria,AFRO,0,0,0,0
424,2020-03-01,DZ,Algeria,AFRO,1,1,0,0
425,2020-03-08,DZ,Algeria,AFRO,18,19,0,0
426,2020-03-15,DZ,Algeria,AFRO,18,37,0,0
427,2020-03-22,DZ,Algeria,AFRO,102,139,0,0
428,2020-03-29,DZ,Algeria,AFRO,315,454,30,30
429,2020-04-05,DZ,Algeria,AFRO,797,1251,100,130
430,2020-04-12,DZ,Algeria,AFRO,574,1825,146,276
431,2020-04-19,DZ,Algeria,AFRO,709,2534,92,368
432,2020-04-26,DZ,Algeria,AFRO,722,3256,48,416
433,2020-05-03,DZ,Algeria,AFRO,1039,4295,40,456
434,2020-05-10,DZ,Algeria,AFRO,1263,5558,35,491
435,2020-05-17,DZ,Algeria,AFRO,1263,6821,48,539
436,2020-05-24,DZ,Algeria,AFRO,1292,8113,50,589
437,2020-05-31,DZ,Algeria,AFRO,1154,9267,54,643
438,2020-06-07,DZ,Algeria,AFRO,783,10050,52,695
439,2020-06-14,DZ,Algeria,AFRO,760,10810,53,748
440,2020-06-21,DZ,Algeria,AFRO,821,11631,77,825
441,2020-06-28,DZ,Algeria,AFRO,1337,12968,55,880
442,2020-07-05,DZ,Algeria,AFRO,2532,15500,54,934
443,2020-07-12,DZ,Algeria,AFRO,3212,18712,58,992
444,2020-07-19,DZ,Algeria,AFRO,3837,22549,64,1056
445,2020-07-26,DZ,Algeria,AFRO,4215,26764,78,1134
446,2020-08-02,DZ,Algeria,AFRO,4186,30950,77,1211
447,2020-08-09,DZ,Algeria,AFRO,3743,34693,70,1281
448,2020-08-16,DZ,Algeria,AFRO,3440,38133,67,1348
449,2020-08-23,DZ,Algeria,AFRO,2935,41068,64,1412
450,2020-08-30,DZ,Algeria,AFRO,2714,43782,77,1489
451,2020-09-06,DZ,Algeria,AFRO,2289,46071,58,1547
452,2020-09-13,DZ,Algeria,AFRO,1936,48007,56,1603
453,2020-09-20,DZ,Algeria,AFRO,1616,49623,60,1663
454,2020-09-27,DZ,Algeria,AFRO,1291,50914,46,1709
455,2020-10-04,DZ,Algeria,AFRO,1081,51995,47,1756
456,2020-10-11,DZ,Algeria,AFRO,945,52940,39,1795
457,2020-10-18,DZ,Algeria,AFRO,1263,54203,51,1846
458,2020-10-25,DZ,Algeria,AFRO,1427,55630,51,1897
459,2020-11-01,DZ,Algeria,AFRO,2312,57942,67,1964
460,2020-11-08,DZ,Algeria,AFRO,3439,61381,72,2036
461,2020-11-15,DZ,Algeria,AFRO,5438,66819,103,2139
462,2020-11-22,DZ,Algeria,AFRO,6955,73774,119,2258
463,2020-11-29,DZ,Algeria,AFRO,7438,81212,135,2393
464,2020-12-06,DZ,Algeria,AFRO,6290,87502,108,2501
465,2020-12-13,DZ,Algeria,AFRO,4136,91638,83,2584
466,2020-12-20,DZ,Algeria,AFRO,3143,94781,75,2659
467,2020-12-27,DZ,Algeria,AFRO,3076,97857,63,2722
468,2021-01-03,DZ,Algeria,AFRO,2302,100159,47,2769
469,2021-01-10,DZ,Algeria,AFRO,1754,101913,34,2803
470,2021-01-17,DZ,Algeria,AFRO,1698,103611,28,2831
471,2021-01-24,DZ,Algeria,AFRO,1758,105369,30,2861
472,2021-01-31,DZ,Algeria,AFRO,1753,107122,27,2888
473,2021-02-07,DZ,Algeria,AFRO,1730,108852,23,2911
474,2021-02-14,DZ,Algeria,AFRO,1661,110513,24,2935
475,2021-02-21,DZ,Algeria,AFRO,1251,111764,23,2958
476,2021-02-28,DZ,Algeria,AFRO,1196,112960,21,2979
477,2021-03-07,DZ,Algeria,AFRO,1144,114104,31,3010
478,2021-03-14,DZ,Algeria,AFRO,1039,115143,24,3034
479,2021-03-21,DZ,Algeria,AFRO,923,116066,21,3055
480,2021-03-28,DZ,Algeria,AFRO,684,116750,22,3077
481,2021-04-04,DZ,Algeria,AFRO,774,117524,25,3102
482,2021-04-11,DZ,Algeria,AFRO,854,118378,24,3126
483,2021-04-18,DZ,Algeria,AFRO,1108,119486,26,3152
484,2021-04-25,DZ,Algeria,AFRO,1250,120736,46,3198
485,2021-05-02,DZ,Algeria,AFRO,1575,122311,63,3261
486,2021-05-09,DZ,Algeria,AFRO,1589,123900,60,3321
487,2021-05-16,DZ,Algeria,AFRO,1294,125194,45,3366
488,2021-05-23,DZ,Algeria,AFRO,1457,126651,45,3411
489,2021-05-30,DZ,Algeria,AFRO,1805,128456,49,3460
490,2021-06-06,DZ,Algeria,AFRO,2225,130681,50,3510
491,2021-06-13,DZ,Algeria,AFRO,2389,133070,55,3565
492,2021-06-20,DZ,Algeria,AFRO,2516,135586,59,3624
493,2021-06-27,DZ,Algeria,AFRO,2527,138113,61,3685
494,2021-07-04,DZ,Algeria,AFRO,2894,141007,60,3745
495,2021-07-11,DZ,Algeria,AFRO,4289,145296,79,3824
496,2021-07-18,DZ,Algeria,AFRO,6914,152210,98,3922
497,2021-07-25,DZ,Algeria,AFRO,8658,160868,120,4042
498,2021-08-01,DZ,Algeria,AFRO,10524,171392,212,4254
499,2021-08-08,DZ,Algeria,AFRO,8964,180356,266,4520
500,2021-08-15,DZ,Algeria,AFRO,6299,186655,246,4766
501,2021-08-22,DZ,Algeria,AFRO,4516,191171,218,4984
502,2021-08-29,DZ,Algeria,AFRO,3500,194671,195,5179
503,2021-09-05,DZ,Algeria,AFRO,2988,197659,220,5399
504,2021-09-12,DZ,Algeria,AFRO,2163,199822,159,5558
505,2021-09-19,DZ,Algeria,AFRO,1402,201224,112,5670
506,2021-09-26,DZ,Algeria,AFRO,1350,202574,97,5767
507,2021-10-03,DZ,Algeria,AFRO,1083,203657,52,5819
508,2021-10-10,DZ,Algeria,AFRO,833,204490,31,5850
509,2021-10-17,DZ,Algeria,AFRO,709,205199,20,5870
510,2021-10-24,DZ,Algeria,AFRO,551,205750,16,5886
511,2021-10-31,DZ,Algeria,AFRO,608,206358,32,5918
512,2021-11-07,DZ,Algeria,AFRO,721,207079,23,5941
513,2021-11-14,DZ,Algeria,AFRO,794,207873,36,5977
514,2021-11-21,DZ,Algeria,AFRO,966,208839,40,6017
515,2021-11-28,DZ,Algeria,AFRO,1141,209980,35,6052
516,2021-12-05,DZ,Algeria,AFRO,1317,211297,44,6096
517,2021-12-12,DZ,Algeria,AFRO,1355,212652,41,6137
518,2021-12-19,DZ,Algeria,AFRO,1678,214330,43,6180
519,2021-12-26,DZ,Algeria,AFRO,2046,216376,49,6229
520,2022-01-02,DZ,Algeria,AFRO,2442,218818,55,6284
521,2022-01-09,DZ,Algeria,AFRO,2924,221742,46,6330
522,2022-01-16,DZ,Algeria,AFRO,3742,225484,74,6404
523,2022-01-23,DZ,Algeria,AFRO,9052,234536,77,6481
524,2022-01-30,DZ,Algeria,AFRO,14774,249310,74,6555
525,2022-02-06,DZ,Algeria,AFRO,8288,257598,85,6640
526,2022-02-13,DZ,Algeria,AFRO,3628,261226,75,6715
527,2022-02-20,DZ,Algeria,AFRO,2710,263936,72,6787
528,2022-02-27,DZ,Algeria,AFRO,842,264778,41,6828
529,2022-03-06,DZ,Algeria,AFRO,449,265227,25,6853
530,2022-03-13,DZ,Algeria,AFRO,183,265410,9,6862
531,2022-03-20,DZ,Algeria,AFRO,129,265539,9,6871
532,2022-03-27,DZ,Algeria,AFRO,82,265621,2,6873
533,2022-04-03,DZ,Algeria,AFRO,63,265684,1,6874
534,2022-04-10,DZ,Algeria,AFRO,36,265720,0,6874
535,2022-04-17,DZ,Algeria,AFRO,19,265739,0,6874
536,2022-04-24,DZ,Algeria,AFRO,22,265761,0,6874
537,2022-05-01,DZ,Algeria,AFRO,19,265780,1,6875
538,2022-05-08,DZ,Algeria,AFRO,14,265794,0,6875
539,2022-05-15,DZ,Algeria,AFRO,22,265816,0,6875
540,2022-05-22,DZ,Algeria,AFRO,35,265851,0,6875
541,2022-05-29,DZ,Algeria,AFRO,22,265873,0,6875
542,2022-06-05,DZ,Algeria,AFRO,23,265896,0,6875
543,2022-06-12,DZ,Algeria,AFRO,29,265925,0,6875
544,2022-06-19,DZ,Algeria,AFRO,46,265971,0,6875
545,2022-06-26,DZ,Algeria,AFRO,59,266030,0,6875
546,2022-07-03,DZ,Algeria,AFRO,85,266115,0,6875
547,2022-07-10,DZ,Algeria,AFRO,131,266246,0,6875
548,2022-07-17,DZ,Algeria,AFRO,178,266424,0,6875
549,2022-07-24,DZ,Algeria,AFRO,348,266772,1,6876
550,2022-07-31,DZ,Algeria,AFRO,602,267374,0,6876
551,2022-08-07,DZ,Algeria,AFRO,767,268141,2,6878
552,2022-08-14,DZ,Algeria,AFRO,867,269008,0,6878
553,2022-08-21,DZ,Algeria,AFRO,723,269731,0,6878
554,2022-08-28,DZ,Algeria,AFRO,444,270175,0,6878
555,2022-09-04,DZ,Algeria,AFRO,251,270426,0,6878
556,2022-09-11,DZ,Algeria,AFRO,106,270532,1,6879
557,2022-09-18,DZ,Algeria,AFRO,74,270606,0,6879
558,2022-09-25,DZ,Algeria,AFRO,37,270643,0,6879
559,2022-10-02,DZ,Algeria,AFRO,39,270682,0,6879
560,2022-10-09,DZ,Algeria,AFRO,25,270707,2,6881
561,2022-10-16,DZ,Algeria,AFRO,29,270736,0,6881
562,2022-10-23,DZ,Algeria,AFRO,41,270777,0,6881
563,2022-10-30,DZ,Algeria,AFRO,59,270836,0,6881
564,2022-11-06,DZ,Algeria,AFRO,11,270847,0,6881
565,2022-11-13,DZ,Algeria,AFRO,34,270881,0,6881
566,2022-11-20,DZ,Algeria,AFRO,71,270952,0,6881
567,2022-11-27,DZ,Algeria,AFRO,109,271061,0,6881
568,2022-12-04,DZ,Algeria,AFRO,41,271102,0,6881
569,2022-12-11,DZ,Algeria,AFRO,44,271146,0,6881
570,2022-12-18,DZ,Algeria,AFRO,22,271168,0,6881
571,2022-12-25,DZ,Algeria,AFRO,26,271194,0,6881
572,2023-01-01,DZ,Algeria,AFRO,23,271217,0,6881
573,2023-01-08,DZ,Algeria,AFRO,37,271254,0,6881
574,2023-01-15,DZ,Algeria,AFRO,33,271287,0,6881
575,2023-01-22,DZ,Algeria,AFRO,41,271328,0,6881
576,2023-01-29,DZ,Algeria,AFRO,41,271369,0,6881
577,2023-02-05,DZ,Algeria,AFRO,25,271394,0,6881
578,2023-02-12,DZ,Algeria,AFRO,15,271409,0,6881
579,2023-02-19,DZ,Algeria,AFRO,16,271425,0,6881
580,2023-02-26,DZ,Algeria,AFRO,14,271439,0,6881
581,2023-03-05,DZ,Algeria,AFRO,30,271469,0,6881
582,2023-03-12,DZ,Algeria,AFRO,34,271503,0,6881
583,2023-03-19,DZ,Algeria,AFRO,45,271548,0,6881
584,2023-03-26,DZ,Algeria,AFRO,20,271568,0,6881
585,2023-04-02,DZ,Algeria,AFRO,24,271592,0,6881
586,2023-04-09,DZ,Algeria,AFRO,21,271613,0,6881
587,2023-04-16,DZ,Algeria,AFRO,29,271642,0,6881
588,2023-04-23,DZ,Algeria,AFRO,29,271671,0,6881
589,2023-04-30,DZ,Algeria,AFRO,41,271712,0,6881
590,2023-05-07,DZ,Algeria,AFRO,53,271765,0,6881
591,2023-05-14,DZ,Algeria,AFRO,48,271813,0,6881
592,2023-05-21,DZ,Algeria,AFRO,9,271822,0,6881
593,2023-05-28,DZ,Algeria,AFRO,13,271835,0,6881
594,2023-06-04,DZ,Algeria,AFRO,6,271841,0,6881
595,2023-06-11,DZ,Algeria,AFRO,0,271841,0,6881
596,2023-06-18,DZ,Algeria,AFRO,6,271847,0,6881
597,2023-06-25,DZ,Algeria,AFRO,0,271847,0,6881
598,2023-07-02,DZ,Algeria,AFRO,5,271852,0,6881
599,2023-07-09,DZ,Algeria,AFRO,0,271852,0,6881
600,2023-07-16,DZ,Algeria,AFRO,0,271852,0,6881
601,2023-07-23,DZ,Algeria,AFRO,0,271852,0,6881
602,2023-07-30,DZ,Algeria,AFRO,0,271852,0,6881
603,2023-08-06,DZ,Algeria,AFRO,0,271852,0,6881
604,2023-08-13,DZ,Algeria,AFRO,17,271869,0,6881
605,2023-08-20,DZ,Algeria,AFRO,0,271869,0,6881
606,2023-08-27,DZ,Algeria,AFRO,2,271871,0,6881
607,2023-09-03,DZ,Algeria,AFRO,2,271873,0,6881
608,2023-09-10,DZ,Algeria,AFRO,4,271877,0,6881
609,2023-09-17,DZ,Algeria,AFRO,10,271887,0,6881
610,2023-09-24,DZ,Algeria,AFRO,8,271895,0,6881
611,2023-10-01,DZ,Algeria,AFRO,15,271910,0,6881
612,2023-10-08,DZ,Algeria,AFRO,9,271919,0,6881
613,2023-10-15,DZ,Algeria,AFRO,7,271926,0,6881
614,2023-10-22,DZ,Algeria,AFRO,8,271934,0,6881
615,2023-10-29,DZ,Algeria,AFRO,6,271940,0,6881
616,2023-11-05,DZ,Algeria,AFRO,20,271960,0,6881
617,2023-11-12,DZ,Algeria,AFRO,6,271966,0,6881
618,2023-11-19,DZ,Algeria,AFRO,12,271978,0,6881
619,2023-11-26,DZ,Algeria,AFRO,13,271991,0,6881
620,2023-12-03,DZ,Algeria,AFRO,19,272010,0,6881
621,2023-12-10,DZ,Algeria,AFRO,0,272010,0,6881
622,2023-12-17,DZ,Algeria,AFRO,0,272010,0,6881
623,2023-12-24,DZ,Algeria,AFRO,0,272010,0,6881
624,2020-01-05,AS,American Samoa,WPRO,0,0,0,0
625,2020-01-12,AS,American Samoa,WPRO,0,0,0,0
626,2020-01-19,AS,American Samoa,WPRO,0,0,0,0
627,2020-01-26,AS,American Samoa,WPRO,0,0,0,0
628,2020-02-02,AS,American Samoa,WPRO,0,0,0,0
629,2020-02-09,AS,American Samoa,WPRO,0,0,0,0
630,2020-02-16,AS,American Samoa,WPRO,0,0,0,0
631,2020-02-23,AS,American Samoa,WPRO,0,0,0,0
632,2020-03-01,AS,American Samoa,WPRO,0,0,0,0
633,2020-03-08,AS,American Samoa,WPRO,0,0,0,0
634,2020-03-15,AS,American Samoa,WPRO,0,0,0,0
635,2020-03-22,AS,American Samoa,WPRO,0,0,0,0
636,2020-03-29,AS,American Samoa,WPRO,0,0,0,0
637,2020-04-05,AS,American Samoa,WPRO,0,0,0,0
638,2020-04-12,AS,American Samoa,WPRO,0,0,0,0
639,2020-04-19,AS,American Samoa,WPRO,0,0,0,0
640,2020-04-26,AS,American Samoa,WPRO,0,0,0,0
641,2020-05-03,AS,American Samoa,WPRO,0,0,0,0
642,2020-05-10,AS,American Samoa,WPRO,0,0,0,0
643,2020-05-17,AS,American Samoa,WPRO,0,0,0,0
644,2020-05-24,AS,American Samoa,WPRO,0,0,0,0
645,2020-05-31,AS,American Samoa,WPRO,0,0,0,0
646,2020-06-07,AS,American Samoa,WPRO,0,0,0,0
647,2020-06-14,AS,American Samoa,WPRO,0,0,0,0
648,2020-06-21,AS,American Samoa,WPRO,0,0,0,0
649,2020-06-28,AS,American Samoa,WPRO,0,0,0,0
650,2020-07-05,AS,American Samoa,WPRO,0,0,0,0
651,2020-07-12,AS,American Samoa,WPRO,0,0,0,0
652,2020-07-19,AS,American Samoa,WPRO,0,0,0,0
653,2020-07-26,AS,American Samoa,WPRO,0,0,0,0
654,2020-08-02,AS,American Samoa,WPRO,0,0,0,0
655,2020-08-09,AS,American Samoa,WPRO,0,0,0,0
656,2020-08-16,AS,American Samoa,WPRO,0,0,0,0
657,2020-08-23,AS,American Samoa,WPRO,0,0,0,0
658,2020-08-30,AS,American Samoa,WPRO,0,0,0,0
659,2020-09-06,AS,American Samoa,WPRO,0,0,0,0
660,2020-09-13,AS,American Samoa,WPRO,0,0,0,0
661,2020-09-20,AS,American Samoa,WPRO,0,0,0,0
662,2020-09-27,AS,American Samoa,WPRO,0,0,0,0
663,2020-10-04,AS,American Samoa,WPRO,0,0,0,0
664,2020-10-11,AS,American Samoa,WPRO,0,0,0,0
665,2020-10-18,AS,American Samoa,WPRO,0,0,0,0
666,2020-10-25,AS,American Samoa,WPRO,0,0,0,0
667,2020-11-01,AS,American Samoa,WPRO,0,0,0,0
668,2020-11-08,AS,American Samoa,WPRO,0,0,0,0
669,2020-11-15,AS,American Samoa,WPRO,0,0,0,0
670,2020-11-22,AS,American Samoa,WPRO,0,0,0,0
671,2020-11-29,AS,American Samoa,WPRO,0,0,0,0
672,2020-12-06,AS,American Samoa,WPRO,0,0,0,0
673,2020-12-13,AS,American Samoa,WPRO,0,0,0,0
674,2020-12-20,AS,American Samoa,WPRO,0,0,0,0
675,2020-12-27,AS,American Samoa,WPRO,0,0,0,0
676,2021-01-03,AS,American Samoa,WPRO,0,0,0,0
677,2021-01-10,AS,American Samoa,WPRO,0,0,0,0
678,2021-01-17,AS,American Samoa,WPRO,0,0,0,0
679,2021-01-24,AS,American Samoa,WPRO,0,0,0,0
680,2021-01-31,AS,American Samoa,WPRO,0,0,0,0
681,2021-02-07,AS,American Samoa,WPRO,0,0,0,0
682,2021-02-14,AS,American Samoa,WPRO,0,0,0,0
683,2021-02-21,AS,American Samoa,WPRO,0,0,0,0
684,2021-02-28,AS,American Samoa,WPRO,0,0,0,0
685,2021-03-07,AS,American Samoa,WPRO,0,0,0,0
686,2021-03-14,AS,American Samoa,WPRO,0,0,0,0
687,2021-03-21,AS,American Samoa,WPRO,0,0,0,0
688,2021-03-28,AS,American Samoa,WPRO,0,0,0,0
689,2021-04-04,AS,American Samoa,WPRO,0,0,0,0
690,2021-04-11,AS,American Samoa,WPRO,0,0,0,0
691,2021-04-18,AS,American Samoa,WPRO,0,0,0,0
692,2021-04-25,AS,American Samoa,WPRO,0,0,0,0
693,2021-05-02,AS,American Samoa,WPRO,0,0,0,0
694,2021-05-09,AS,American Samoa,WPRO,0,0,0,0
695,2021-05-16,AS,American Samoa,WPRO,0,0,0,0
696,2021-05-23,AS,American Samoa,WPRO,0,0,0,0
697,2021-05-30,AS,American Samoa,WPRO,0,0,0,0
698,2021-06-06,AS,American Samoa,WPRO,0,0,0,0
699,2021-06-13,AS,American Samoa,WPRO,0,0,0,0
700,2021-06-20,AS,American Samoa,WPRO,0,0,0,0
701,2021-06-27,AS,American Samoa,WPRO,0,0,0,0
702,2021-07-04,AS,American Samoa,WPRO,0,0,0,0
703,2021-07-11,AS,American Samoa,WPRO,0,0,0,0
704,2021-07-18,AS,American Samoa,WPRO,0,0,0,0
705,2021-07-25,AS,American Samoa,WPRO,0,0,0,0
706,2021-08-01,AS,American Samoa,WPRO,0,0,0,0
707,2021-08-08,AS,American Samoa,WPRO,0,0,0,0
708,2021-08-15,AS,American Samoa,WPRO,0,0,0,0
709,2021-08-22,AS,American Samoa,WPRO,0,0,0,0
710,2021-08-29,AS,American Samoa,WPRO,0,0,0,0
711,2021-09-05,AS,American Samoa,WPRO,0,0,0,0
712,2021-09-12,AS,American Samoa,WPRO,0,0,0,0
713,2021-09-19,AS,American Samoa,WPRO,1,1,0,0
714,2021-09-26,AS,American Samoa,WPRO,0,1,0,0
715,2021-10-03,AS,American Samoa,WPRO,0,1,0,0
716,2021-10-10,AS,American Samoa,WPRO,2,3,0,0
717,2021-10-17,AS,American Samoa,WPRO,0,3,0,0
718,2021-10-24,AS,American Samoa,WPRO,1,4,0,0
719,2021-10-31,AS,American Samoa,WPRO,0,4,0,0
720,2021-11-07,AS,American Samoa,WPRO,0,4,0,0
721,2021-11-14,AS,American Samoa,WPRO,1,5,0,0
722,2021-11-21,AS,American Samoa,WPRO,0,5,0,0
723,2021-11-28,AS,American Samoa,WPRO,0,5,0,0
724,2021-12-05,AS,American Samoa,WPRO,5,10,0,0
725,2021-12-12,AS,American Samoa,WPRO,1,11,0,0
726,2021-12-19,AS,American Samoa,WPRO,0,11,0,0
727,2021-12-26,AS,American Samoa,WPRO,0,11,0,0
728,2022-01-02,AS,American Samoa,WPRO,0,11,0,0
729,2022-01-09,AS,American Samoa,WPRO,7,18,0,0
730,2022-01-16,AS,American Samoa,WPRO,0,18,0,0
731,2022-01-23,AS,American Samoa,WPRO,0,18,0,0
732,2022-01-30,AS,American Samoa,WPRO,0,18,0,0
733,2022-02-06,AS,American Samoa,WPRO,31,49,0,0
734,2022-02-13,AS,American Samoa,WPRO,8,57,0,0
735,2022-02-20,AS,American Samoa,WPRO,0,57,0,0
736,2022-02-27,AS,American Samoa,WPRO,27,84,0,0
737,2022-03-06,AS,American Samoa,WPRO,208,292,0,0
738,2022-03-13,AS,American Samoa,WPRO,263,555,0,0
739,2022-03-20,AS,American Samoa,WPRO,842,1397,0,0
740,2022-03-27,AS,American Samoa,WPRO,1881,3278,2,2
741,2022-04-03,AS,American Samoa,WPRO,1378,4656,5,7
742,2022-04-10,AS,American Samoa,WPRO,746,5402,4,11
743,2022-04-17,AS,American Samoa,WPRO,133,5535,7,18
744,2022-04-24,AS,American Samoa,WPRO,230,5765,5,23
745,2022-05-01,AS,American Samoa,WPRO,92,5857,3,26
746,2022-05-08,AS,American Samoa,WPRO,98,5955,3,29
747,2022-05-15,AS,American Samoa,WPRO,63,6018,1,30
748,2022-05-22,AS,American Samoa,WPRO,65,6083,0,30
749,2022-05-29,AS,American Samoa,WPRO,62,6145,1,31
750,2022-06-05,AS,American Samoa,WPRO,124,6269,0,31
751,2022-06-12,AS,American Samoa,WPRO,73,6342,0,31
752,2022-06-19,AS,American Samoa,WPRO,72,6414,0,31
753,2022-06-26,AS,American Samoa,WPRO,91,6505,0,31
754,2022-07-03,AS,American Samoa,WPRO,0,6505,0,31
755,2022-07-10,AS,American Samoa,WPRO,0,6505,0,31
756,2022-07-17,AS,American Samoa,WPRO,963,7468,2,33
757,2022-07-24,AS,American Samoa,WPRO,0,7468,0,33
758,2022-07-31,AS,American Samoa,WPRO,298,7766,0,33
759,2022-08-07,AS,American Samoa,WPRO,186,7952,0,33
760,2022-08-14,AS,American Samoa,WPRO,90,8042,0,33
761,2022-08-21,AS,American Samoa,WPRO,0,8042,0,33
762,2022-08-28,AS,American Samoa,WPRO,126,8168,1,34
763,2022-09-04,AS,American Samoa,WPRO,0,8168,0,34
764,2022-09-11,AS,American Samoa,WPRO,49,8217,0,34
765,2022-09-18,AS,American Samoa,WPRO,18,8235,0,34
766,2022-09-25,AS,American Samoa,WPRO,12,8247,0,34
767,2022-10-02,AS,American Samoa,WPRO,3,8250,0,34
768,2022-10-09,AS,American Samoa,WPRO,0,8250,0,34
769,2022-10-16,AS,American Samoa,WPRO,1,8251,0,34
770,2022-10-23,AS,American Samoa,WPRO,2,8253,0,34
771,2022-10-30,AS,American Samoa,WPRO,4,8257,0,34
772,2022-11-06,AS,American Samoa,WPRO,0,8257,0,34
773,2022-11-13,AS,American Samoa,WPRO,5,8262,0,34
774,2022-11-20,AS,American Samoa,WPRO,1,8263,0,34
775,2022-11-27,AS,American Samoa,WPRO,1,8264,0,34
776,2022-12-04,AS,American Samoa,WPRO,0,8264,0,34
777,2022-12-11,AS,American Samoa,WPRO,1,8265,0,34
778,2022-12-18,AS,American Samoa,WPRO,1,8266,0,34
779,2022-12-25,AS,American Samoa,WPRO,0,8266,0,34
780,2023-01-01,AS,American Samoa,WPRO,19,8285,0,34
781,2023-01-08,AS,American Samoa,WPRO,17,8302,0,34
782,2023-01-15,AS,American Samoa,WPRO,7,8309,0,34
783,2023-01-22,AS,American Samoa,WPRO,8,8317,0,34
784,2023-01-29,AS,American Samoa,WPRO,3,8320,0,34
785,2023-02-05,AS,American Samoa,WPRO,0,8320,0,34
786,2023-02-12,AS,American Samoa,WPRO,0,8320,0,34
787,2023-02-19,AS,American Samoa,WPRO,0,8320,0,34
788,2023-02-26,AS,American Samoa,WPRO,0,8320,0,34
789,2023-03-05,AS,American Samoa,WPRO,0,8320,0,34
790,2023-03-12,AS,American Samoa,WPRO,0,8320,0,34
791,2023-03-19,AS,American Samoa,WPRO,1,8321,0,34
792,2023-03-26,AS,American Samoa,WPRO,3,8324,0,34
793,2023-04-02,AS,American Samoa,WPRO,2,8326,0,34
794,2023-04-09,AS,American Samoa,WPRO,1,8327,0,34
795,2023-04-16,AS,American Samoa,WPRO,2,8329,0,34
796,2023-04-23,AS,American Samoa,WPRO,0,8329,0,34
797,2023-04-30,AS,American Samoa,WPRO,0,8329,0,34
798,2023-05-07,AS,American Samoa,WPRO,2,8331,0,34
799,2023-05-14,AS,American Samoa,WPRO,0,8331,0,34
800,2023-05-21,AS,American Samoa,WPRO,0,8331,0,34
801,2023-05-28,AS,American Samoa,WPRO,0,8331,0,34
802,2023-06-04,AS,American Samoa,WPRO,1,8332,0,34
803,2023-06-11,AS,American Samoa,WPRO,0,8332,0,34
804,2023-06-18,AS,American Samoa,WPRO,0,8332,0,34
805,2023-06-25,AS,American Samoa,WPRO,0,8332,0,34
806,2023-07-02,AS,American Samoa,WPRO,0,8332,0,34
807,2023-07-09,AS,American Samoa,WPRO,9,8341,0,34
808,2023-07-16,AS,American Samoa,WPRO,0,8341,0,34
809,2023-07-23,AS,American Samoa,WPRO,0,8341,0,34
810,2023-07-30,AS,American Samoa,WPRO,0,8341,0,34
811,2023-08-06,AS,American Samoa,WPRO,0,8341,0,34
812,2023-08-13,AS,American Samoa,WPRO,0,8341,0,34
813,2023-08-20,AS,American Samoa,WPRO,0,8341,0,34
814,2023-08-27,AS,American Samoa,WPRO,0,8341,0,34
815,2023-09-03,AS,American Samoa,WPRO,0,8341,0,34
816,2023-09-10,AS,American Samoa,WPRO,0,8341,0,34
817,2023-09-17,AS,American Samoa,WPRO,18,8359,0,34
818,2023-09-24,AS,American Samoa,WPRO,0,8359,0,34
819,2023-10-01,AS,American Samoa,WPRO,0,8359,0,34
820,2023-10-08,AS,American Samoa,WPRO,0,8359,0,34
821,2023-10-15,AS,American Samoa,WPRO,0,8359,0,34
822,2023-10-22,AS,American Samoa,WPRO,0,8359,0,34
823,2023-10-29,AS,American Samoa,WPRO,0,8359,0,34
824,2023-11-05,AS,American Samoa,WPRO,0,8359,0,34
825,2023-11-12,AS,American Samoa,WPRO,0,8359,0,34
826,2023-11-19,AS,American Samoa,WPRO,0,8359,0,34
827,2023-11-26,AS,American Samoa,WPRO,0,8359,0,34
828,2023-12-03,AS,American Samoa,WPRO,0,8359,0,34
829,2023-12-10,AS,American Samoa,WPRO,0,8359,0,34
830,2023-12-17,AS,American Samoa,WPRO,0,8359,0,34
831,2023-12-24,AS,American Samoa,WPRO,0,8359,0,34
832,2020-01-05,AD,Andorra,EURO,0,0,0,0
833,2020-01-12,AD,Andorra,EURO,0,0,0,0
834,2020-01-19,AD,Andorra,EURO,0,0,0,0
835,2020-01-26,AD,Andorra,EURO,0,0,0,0
836,2020-02-02,AD,Andorra,EURO,0,0,0,0
837,2020-02-09,AD,Andorra,EURO,0,0,0,0
838,2020-02-16,AD,Andorra,EURO,0,0,0,0
839,2020-02-23,AD,Andorra,EURO,0,0,0,0
840,2020-03-01,AD,Andorra,EURO,0,0,0,0
841,2020-03-08,AD,Andorra,EURO,1,1,0,0
842,2020-03-15,AD,Andorra,EURO,1,2,0,0
843,2020-03-22,AD,Andorra,EURO,131,133,1,1
844,2020-03-29,AD,Andorra,EURO,208,341,5,6
845,2020-04-05,AD,Andorra,EURO,125,466,11,17
846,2020-04-12,AD,Andorra,EURO,156,622,11,28
847,2020-04-19,AD,Andorra,EURO,82,704,7,35
848,2020-04-26,AD,Andorra,EURO,34,738,5,40
849,2020-05-03,AD,Andorra,EURO,9,747,4,44
850,2020-05-10,AD,Andorra,EURO,7,754,4,48
851,2020-05-17,AD,Andorra,EURO,7,761,3,51
852,2020-05-24,AD,Andorra,EURO,2,763,0,51
853,2020-05-31,AD,Andorra,EURO,1,764,0,51
854,2020-06-07,AD,Andorra,EURO,88,852,0,51
855,2020-06-14,AD,Andorra,EURO,1,853,0,51
856,2020-06-21,AD,Andorra,EURO,2,855,1,52
857,2020-06-28,AD,Andorra,EURO,0,855,0,52
858,2020-07-05,AD,Andorra,EURO,0,855,0,52
859,2020-07-12,AD,Andorra,EURO,0,855,0,52
860,2020-07-19,AD,Andorra,EURO,25,880,0,52
861,2020-07-26,AD,Andorra,EURO,17,897,0,52
862,2020-08-02,AD,Andorra,EURO,33,930,0,52
863,2020-08-09,AD,Andorra,EURO,26,956,0,52
864,2020-08-16,AD,Andorra,EURO,41,997,1,53
865,2020-08-23,AD,Andorra,EURO,50,1047,0,53
866,2020-08-30,AD,Andorra,EURO,77,1124,0,53
867,2020-09-06,AD,Andorra,EURO,91,1215,0,53
868,2020-09-13,AD,Andorra,EURO,129,1344,0,53
869,2020-09-20,AD,Andorra,EURO,220,1564,0,53
870,2020-09-27,AD,Andorra,EURO,272,1836,0,53
871,2020-10-04,AD,Andorra,EURO,274,2110,0,53
872,2020-10-11,AD,Andorra,EURO,586,2696,2,55
873,2020-10-18,AD,Andorra,EURO,681,3377,4,59
874,2020-10-25,AD,Andorra,EURO,661,4038,10,69
875,2020-11-01,AD,Andorra,EURO,718,4756,6,75
876,2020-11-08,AD,Andorra,EURO,563,5319,0,75
877,2020-11-15,AD,Andorra,EURO,406,5725,0,75
878,2020-11-22,AD,Andorra,EURO,482,6207,1,76
879,2020-11-29,AD,Andorra,EURO,403,6610,0,76
880,2020-12-06,AD,Andorra,EURO,395,7005,2,78
881,2020-12-13,AD,Andorra,EURO,283,7288,0,78
882,2020-12-20,AD,Andorra,EURO,272,7560,2,80
883,2020-12-27,AD,Andorra,EURO,246,7806,3,83
884,2021-01-03,AD,Andorra,EURO,360,8166,1,84
885,2021-01-10,AD,Andorra,EURO,420,8586,1,85
886,2021-01-17,AD,Andorra,EURO,452,9038,6,91
887,2021-01-24,AD,Andorra,EURO,461,9499,5,96
888,2021-01-31,AD,Andorra,EURO,386,9885,5,101
889,2021-02-07,AD,Andorra,EURO,321,10206,4,105
890,2021-02-14,AD,Andorra,EURO,257,10463,2,107
891,2021-02-21,AD,Andorra,EURO,209,10672,0,107
892,2021-02-28,AD,Andorra,EURO,177,10849,3,110
893,2021-03-07,AD,Andorra,EURO,170,11019,2,112
894,2021-03-14,AD,Andorra,EURO,209,11228,0,112
895,2021-03-21,AD,Andorra,EURO,253,11481,1,113
896,2021-03-28,AD,Andorra,EURO,328,11809,2,115
897,2021-04-04,AD,Andorra,EURO,365,12174,2,117
898,2021-04-11,AD,Andorra,EURO,323,12497,3,120
899,2021-04-18,AD,Andorra,EURO,274,12771,3,123
900,2021-04-25,AD,Andorra,EURO,253,13024,1,124
901,2021-05-02,AD,Andorra,EURO,208,13232,1,125
902,2021-05-09,AD,Andorra,EURO,174,13406,2,127
903,2021-05-16,AD,Andorra,EURO,104,13510,0,127
904,2021-05-23,AD,Andorra,EURO,99,13609,0,127
905,2021-05-30,AD,Andorra,EURO,84,13693,0,127
906,2021-06-06,AD,Andorra,EURO,65,13758,0,127
907,2021-06-13,AD,Andorra,EURO,55,13813,0,127
908,2021-06-20,AD,Andorra,EURO,29,13842,0,127
909,2021-06-27,AD,Andorra,EURO,40,13882,0,127
910,2021-07-04,AD,Andorra,EURO,36,13918,0,127
911,2021-07-11,AD,Andorra,EURO,157,14075,0,127
912,2021-07-18,AD,Andorra,EURO,198,14273,0,127
913,2021-07-25,AD,Andorra,EURO,225,14498,0,127
914,2021-08-01,AD,Andorra,EURO,180,14678,1,128
915,2021-08-08,AD,Andorra,EURO,158,14836,0,128
916,2021-08-15,AD,Andorra,EURO,88,14924,1,129
917,2021-08-22,AD,Andorra,EURO,64,14988,0,129
918,2021-08-29,AD,Andorra,EURO,37,15025,1,130
919,2021-09-05,AD,Andorra,EURO,30,15055,0,130
920,2021-09-12,AD,Andorra,EURO,28,15083,0,130
921,2021-09-19,AD,Andorra,EURO,41,15124,0,130
922,2021-09-26,AD,Andorra,EURO,43,15167,0,130
923,2021-10-03,AD,Andorra,EURO,55,15222,0,130
924,2021-10-10,AD,Andorra,EURO,69,15291,0,130
925,2021-10-17,AD,Andorra,EURO,47,15338,0,130
926,2021-10-24,AD,Andorra,EURO,66,15404,0,130
927,2021-10-31,AD,Andorra,EURO,112,15516,0,130
928,2021-11-07,AD,Andorra,EURO,102,15618,0,130
929,2021-11-14,AD,Andorra,EURO,201,15819,0,130
930,2021-11-21,AD,Andorra,EURO,267,16086,0,130
931,2021-11-28,AD,Andorra,EURO,626,16712,1,131
932,2021-12-05,AD,Andorra,EURO,1298,18010,1,132
933,2021-12-12,AD,Andorra,EURO,1430,19440,1,133
934,2021-12-19,AD,Andorra,EURO,1109,20549,1,134
935,2021-12-26,AD,Andorra,EURO,1181,21730,5,139
936,2022-01-02,AD,Andorra,EURO,2010,23740,1,140
937,2022-01-09,AD,Andorra,EURO,2668,26408,1,141
938,2022-01-16,AD,Andorra,EURO,3480,29888,1,142
939,2022-01-23,AD,Andorra,EURO,3137,33025,2,144
940,2022-01-30,AD,Andorra,EURO,2531,35556,1,145
941,2022-02-06,AD,Andorra,EURO,1043,36599,2,147
942,2022-02-13,AD,Andorra,EURO,541,37140,1,148
943,2022-02-20,AD,Andorra,EURO,449,37589,2,150
944,2022-02-27,AD,Andorra,EURO,410,37999,1,151
945,2022-03-06,AD,Andorra,EURO,435,38434,0,151
946,2022-03-13,AD,Andorra,EURO,360,38794,1,152
947,2022-03-20,AD,Andorra,EURO,440,39234,1,153
948,2022-03-27,AD,Andorra,EURO,479,39713,0,153
949,2022-04-03,AD,Andorra,EURO,311,40024,0,153
950,2022-04-10,AD,Andorra,EURO,304,40328,0,153
951,2022-04-17,AD,Andorra,EURO,381,40709,0,153
952,2022-04-24,AD,Andorra,EURO,304,41013,0,153
953,2022-05-01,AD,Andorra,EURO,336,41349,0,153
954,2022-05-08,AD,Andorra,EURO,368,41717,0,153
955,2022-05-15,AD,Andorra,EURO,439,42156,0,153
956,2022-05-22,AD,Andorra,EURO,416,42572,0,153
957,2022-05-29,AD,Andorra,EURO,322,42894,0,153
958,2022-06-05,AD,Andorra,EURO,173,43067,0,153
959,2022-06-12,AD,Andorra,EURO,157,43224,0,153
960,2022-06-19,AD,Andorra,EURO,225,43449,0,153
961,2022-06-26,AD,Andorra,EURO,325,43774,0,153
962,2022-07-03,AD,Andorra,EURO,403,44177,0,153
963,2022-07-10,AD,Andorra,EURO,494,44671,0,153
964,2022-07-17,AD,Andorra,EURO,390,45061,0,153
965,2022-07-24,AD,Andorra,EURO,265,45326,0,153
966,2022-07-31,AD,Andorra,EURO,182,45508,0,153
967,2022-08-07,AD,Andorra,EURO,285,45793,1,154
968,2022-08-14,AD,Andorra,EURO,106,45899,0,154
969,2022-08-21,AD,Andorra,EURO,76,45975,0,154
970,2022-08-28,AD,Andorra,EURO,52,46027,0,154
971,2022-09-04,AD,Andorra,EURO,0,46027,0,154
972,2022-09-11,AD,Andorra,EURO,86,46113,1,155
973,2022-09-18,AD,Andorra,EURO,34,46147,0,155
974,2022-09-25,AD,Andorra,EURO,0,46147,0,155
975,2022-10-02,AD,Andorra,EURO,80,46227,0,155
976,2022-10-09,AD,Andorra,EURO,48,46275,0,155
977,2022-10-16,AD,Andorra,EURO,91,46366,0,155
978,2022-10-23,AD,Andorra,EURO,83,46449,0,155
979,2022-10-30,AD,Andorra,EURO,86,46535,0,155
980,2022-11-06,AD,Andorra,EURO,53,46588,0,155
981,2022-11-13,AD,Andorra,EURO,76,46664,0,155
982,2022-11-20,AD,Andorra,EURO,160,46824,1,156
983,2022-11-27,AD,Andorra,EURO,0,46824,0,156
984,2022-12-04,AD,Andorra,EURO,395,47219,1,157
985,2022-12-11,AD,Andorra,EURO,227,47446,1,158
986,2022-12-18,AD,Andorra,EURO,160,47606,0,158
987,2022-12-25,AD,Andorra,EURO,80,47686,0,158
988,2023-01-01,AD,Andorra,EURO,65,47751,0,158
989,2023-01-08,AD,Andorra,EURO,30,47781,1,159
990,2023-01-15,AD,Andorra,EURO,0,47781,0,159
991,2023-01-22,AD,Andorra,EURO,39,47820,0,159
992,2023-01-29,AD,Andorra,EURO,19,47839,0,159
993,2023-02-05,AD,Andorra,EURO,11,47850,0,159
994,2023-02-12,AD,Andorra,EURO,10,47860,0,159
995,2023-02-19,AD,Andorra,EURO,6,47866,0,159
996,2023-02-26,AD,Andorra,EURO,9,47875,0,159
997,2023-03-05,AD,Andorra,EURO,15,47890,0,159
998,2023-03-12,AD,Andorra,EURO,8,47898,0,159
999,2023-03-19,AD,Andorra,EURO,10,47908,0,159
1000,2023-03-26,AD,Andorra,EURO,9,47917,0,159
1001,2023-04-02,AD,Andorra,EURO,13,47930,0,159
1002,2023-04-09,AD,Andorra,EURO,9,47939,0,159
1003,2023-04-16,AD,Andorra,EURO,6,47945,0,159
1004,2023-04-23,AD,Andorra,EURO,0,47945,0,159
1005,2023-04-30,AD,Andorra,EURO,29,47974,0,159
1006,2023-05-07,AD,Andorra,EURO,41,48015,0,159
1007,2023-05-14,AD,Andorra,EURO,0,48015,0,159
1008,2023-05-21,AD,Andorra,EURO,0,48015,0,159
1009,2023-05-28,AD,Andorra,EURO,0,48015,0,159
1010,2023-06-04,AD,Andorra,EURO,0,48015,0,159
1011,2023-06-11,AD,Andorra,EURO,0,48015,0,159
1012,2023-06-18,AD,Andorra,EURO,0,48015,0,159
1013,2023-06-25,AD,Andorra,EURO,0,48015,0,159
1014,2023-07-02,AD,Andorra,EURO,0,48015,0,159
1015,2023-07-09,AD,Andorra,EURO,0,48015,0,159
1016,2023-07-16,AD,Andorra,EURO,0,48015,0,159
1017,2023-07-23,AD,Andorra,EURO,0,48015,0,159
1018,2023-07-30,AD,Andorra,EURO,0,48015,0,159
1019,2023-08-06,AD,Andorra,EURO,0,48015,0,159
1020,2023-08-13,AD,Andorra,EURO,0,48015,0,159
1021,2023-08-20,AD,Andorra,EURO,0,48015,0,159
1022,2023-08-27,AD,Andorra,EURO,0,48015,0,159
1023,2023-09-03,AD,Andorra,EURO,0,48015,0,159
1024,2023-09-10,AD,Andorra,EURO,0,48015,0,159
1025,2023-09-17,AD,Andorra,EURO,0,48015,0,159
1026,2023-09-24,AD,Andorra,EURO,0,48015,0,159
1027,2023-10-01,AD,Andorra,EURO,0,48015,0,159
1028,2023-10-08,AD,Andorra,EURO,0,48015,0,159
1029,2023-10-15,AD,Andorra,EURO,0,48015,0,159
1030,2023-10-22,AD,Andorra,EURO,0,48015,0,159
1031,2023-10-29,AD,Andorra,EURO,0,48015,0,159
1032,2023-11-05,AD,Andorra,EURO,0,48015,0,159
1033,2023-11-12,AD,Andorra,EURO,0,48015,0,159
1034,2023-11-19,AD,Andorra,EURO,0,48015,0,159
1035,2023-11-26,AD,Andorra,EURO,0,48015,0,159
1036,2023-12-03,AD,Andorra,EURO,0,48015,0,159
1037,2023-12-10,AD,Andorra,EURO,0,48015,0,159
1038,2023-12-17,AD,Andorra,EURO,0,48015,0,159
1039,2023-12-24,AD,Andorra,EURO,0,48015,0,159
1040,2020-01-05,AO,Angola,AFRO,0,0,0,0
1041,2020-01-12,AO,Angola,AFRO,0,0,0,0
1042,2020-01-19,AO,Angola,AFRO,0,0,0,0
1043,2020-01-26,AO,Angola,AFRO,0,0,0,0
1044,2020-02-02,AO,Angola,AFRO,0,0,0,0
1045,2020-02-09,AO,Angola,AFRO,0,0,0,0
1046,2020-02-16,AO,Angola,AFRO,0,0,0,0
1047,2020-02-23,AO,Angola,AFRO,0,0,0,0
1048,2020-03-01,AO,Angola,AFRO,0,0,0,0
1049,2020-03-08,AO,Angola,AFRO,0,0,0,0
1050,2020-03-15,AO,Angola,AFRO,0,0,0,0
1051,2020-03-22,AO,Angola,AFRO,0,0,0,0
1052,2020-03-29,AO,Angola,AFRO,0,0,0,0
1053,2020-04-05,AO,Angola,AFRO,10,10,0,0
1054,2020-04-12,AO,Angola,AFRO,9,19,0,0
1055,2020-04-19,AO,Angola,AFRO,5,24,0,0
1056,2020-04-26,AO,Angola,AFRO,1,25,0,0
1057,2020-05-03,AO,Angola,AFRO,10,35,0,0
1058,2020-05-10,AO,Angola,AFRO,8,43,0,0
1059,2020-05-17,AO,Angola,AFRO,5,48,0,0
1060,2020-05-24,AO,Angola,AFRO,13,61,3,3
1061,2020-05-31,AO,Angola,AFRO,23,84,1,4
1062,2020-06-07,AO,Angola,AFRO,4,88,0,4
1063,2020-06-14,AO,Angola,AFRO,50,138,2,6
1064,2020-06-21,AO,Angola,AFRO,34,172,2,8
1065,2020-06-28,AO,Angola,AFRO,87,259,2,10
1066,2020-07-05,AO,Angola,AFRO,87,346,9,19
1067,2020-07-12,AO,Angola,AFRO,137,483,6,25
1068,2020-07-19,AO,Angola,AFRO,204,687,4,29
1069,2020-07-26,AO,Angola,AFRO,229,916,10,39
1070,2020-08-02,AO,Angola,AFRO,248,1164,15,54
1071,2020-08-09,AO,Angola,AFRO,408,1572,16,70
1072,2020-08-16,AO,Angola,AFRO,307,1879,16,86
1073,2020-08-23,AO,Angola,AFRO,255,2134,8,94
1074,2020-08-30,AO,Angola,AFRO,417,2551,13,107
1075,2020-09-06,AO,Angola,AFRO,384,2935,10,117
1076,2020-09-13,AO,Angola,AFRO,400,3335,15,132
1077,2020-09-20,AO,Angola,AFRO,566,3901,15,147
1078,2020-09-27,AO,Angola,AFRO,771,4672,22,169
1079,2020-10-04,AO,Angola,AFRO,698,5370,19,188
1080,2020-10-11,AO,Angola,AFRO,876,6246,33,221
1081,2020-10-18,AO,Angola,AFRO,1216,7462,23,244
1082,2020-10-25,AO,Angola,AFRO,1564,9026,26,270
1083,2020-11-01,AO,Angola,AFRO,1779,10805,17,287
1084,2020-11-08,AO,Angola,AFRO,1530,12335,16,303
1085,2020-11-15,AO,Angola,AFRO,1039,13374,19,322
1086,2020-11-22,AO,Angola,AFRO,1039,14413,14,336
1087,2020-11-29,AO,Angola,AFRO,674,15087,9,345
1088,2020-12-06,AO,Angola,AFRO,449,15536,9,354
1089,2020-12-13,AO,Angola,AFRO,625,16161,12,366
1090,2020-12-20,AO,Angola,AFRO,465,16626,20,386
1091,2020-12-27,AO,Angola,AFRO,523,17149,14,400
1092,2021-01-03,AO,Angola,AFRO,459,17608,7,407
1093,2021-01-10,AO,Angola,AFRO,548,18156,9,416
1094,2021-01-17,AO,Angola,AFRO,609,18765,15,431
1095,2021-01-24,AO,Angola,AFRO,602,19367,26,457
1096,2021-01-31,AO,Angola,AFRO,415,19782,7,464
1097,2021-02-07,AO,Angola,AFRO,280,20062,11,475
1098,2021-02-14,AO,Angola,AFRO,267,20329,16,491
1099,2021-02-21,AO,Angola,AFRO,170,20499,7,498
1100,2021-02-28,AO,Angola,AFRO,283,20782,8,506
1101,2021-03-07,AO,Angola,AFRO,273,21055,6,512
1102,2021-03-14,AO,Angola,AFRO,268,21323,8,520
1103,2021-03-21,AO,Angola,AFRO,373,21696,6,526
1104,2021-03-28,AO,Angola,AFRO,335,22031,7,533
1105,2021-04-04,AO,Angola,AFRO,548,22579,7,540
1106,2021-04-11,AO,Angola,AFRO,752,23331,10,550
1107,2021-04-18,AO,Angola,AFRO,969,24300,11,561
1108,2021-04-25,AO,Angola,AFRO,1192,25492,16,577
1109,2021-05-02,AO,Angola,AFRO,1323,26815,23,600
1110,2021-05-09,AO,Angola,AFRO,1662,28477,30,630
1111,2021-05-16,AO,Angola,AFRO,1877,30354,25,655
1112,2021-05-23,AO,Angola,AFRO,1795,32149,60,715
1113,2021-05-30,AO,Angola,AFRO,2031,34180,42,757
1114,2021-06-06,AO,Angola,AFRO,1414,35594,37,794
1115,2021-06-13,AO,Angola,AFRO,1006,36600,31,825
1116,2021-06-20,AO,Angola,AFRO,1004,37604,31,856
1117,2021-06-27,AO,Angola,AFRO,924,38528,31,887
1118,2021-07-04,AO,Angola,AFRO,644,39172,23,910
1119,2021-07-11,AO,Angola,AFRO,709,39881,19,929
1120,2021-07-18,AO,Angola,AFRO,826,40707,25,954
1121,2021-07-25,AO,Angola,AFRO,1029,41736,28,982
1122,2021-08-01,AO,Angola,AFRO,1041,42777,29,1011
1123,2021-08-08,AO,Angola,AFRO,815,43592,33,1044
1124,2021-08-15,AO,Angola,AFRO,941,44533,42,1086
1125,2021-08-22,AO,Angola,AFRO,1284,45817,54,1140
1126,2021-08-29,AO,Angola,AFRO,1262,47079,52,1192
1127,2021-09-05,AO,Angola,AFRO,1396,48475,66,1258
1128,2021-09-12,AO,Angola,AFRO,1873,50348,69,1327
1129,2021-09-19,AO,Angola,AFRO,1959,52307,61,1388
1130,2021-09-26,AO,Angola,AFRO,2488,54795,99,1487
1131,2021-10-03,AO,Angola,AFRO,3808,58603,87,1574
1132,2021-10-10,AO,Angola,AFRO,2642,61245,44,1618
1133,2021-10-17,AO,Angola,AFRO,1544,62789,44,1662
1134,2021-10-24,AO,Angola,AFRO,986,63775,33,1695
1135,2021-10-31,AO,Angola,AFRO,599,64374,13,1708
1136,2021-11-07,AO,Angola,AFRO,280,64654,11,1719
1137,2021-11-14,AO,Angola,AFRO,245,64899,8,1727
1138,2021-11-21,AO,Angola,AFRO,112,65011,3,1730
1139,2021-11-28,AO,Angola,AFRO,128,65139,3,1733
1140,2021-12-05,AO,Angola,AFRO,105,65244,2,1735
1141,2021-12-12,AO,Angola,AFRO,153,65397,2,1737
1142,2021-12-19,AO,Angola,AFRO,471,65868,1,1738
1143,2021-12-26,AO,Angola,AFRO,5274,71142,8,1746
1144,2022-01-02,AO,Angola,AFRO,11256,82398,26,1772
1145,2022-01-09,AO,Angola,AFRO,6377,88775,37,1809
1146,2022-01-16,AO,Angola,AFRO,4749,93524,48,1857
1147,2022-01-23,AO,Angola,AFRO,2378,95902,29,1886
1148,2022-01-30,AO,Angola,AFRO,2155,98057,8,1894
1149,2022-02-06,AO,Angola,AFRO,294,98351,2,1896
1150,2022-02-13,AO,Angola,AFRO,163,98514,2,1898
1151,2022-02-20,AO,Angola,AFRO,103,98617,1,1899
1152,2022-02-27,AO,Angola,AFRO,84,98701,0,1899
1153,2022-03-06,AO,Angola,AFRO,101,98802,1,1900
1154,2022-03-13,AO,Angola,AFRO,107,98909,0,1900
1155,2022-03-20,AO,Angola,AFRO,101,99010,0,1900
1156,2022-03-27,AO,Angola,AFRO,96,99106,0,1900
1157,2022-04-03,AO,Angola,AFRO,88,99194,0,1900
1158,2022-04-10,AO,Angola,AFRO,0,99194,0,1900
1159,2022-04-17,AO,Angola,AFRO,93,99287,0,1900
1160,2022-04-24,AO,Angola,AFRO,31,99318,0,1900
1161,2022-05-01,AO,Angola,AFRO,5,99323,0,1900
1162,2022-05-08,AO,Angola,AFRO,90,99413,0,1900
1163,2022-05-15,AO,Angola,AFRO,68,99481,0,1900
1164,2022-05-22,AO,Angola,AFRO,46,99527,0,1900
1165,2022-05-29,AO,Angola,AFRO,234,99761,0,1900
1166,2022-06-05,AO,Angola,AFRO,78,99839,0,1900
1167,2022-06-12,AO,Angola,AFRO,0,99839,0,1900
1168,2022-06-19,AO,Angola,AFRO,987,100826,0,1900
1169,2022-06-26,AO,Angola,AFRO,431,101257,0,1900
1170,2022-07-03,AO,Angola,AFRO,343,101600,0,1900
1171,2022-07-10,AO,Angola,AFRO,383,101983,9,1909
1172,2022-07-17,AO,Angola,AFRO,226,102209,3,1912
1173,2022-07-24,AO,Angola,AFRO,92,102301,0,1912
1174,2022-07-31,AO,Angola,AFRO,174,102475,4,1916
1175,2022-08-07,AO,Angola,AFRO,161,102636,1,1917
1176,2022-08-14,AO,Angola,AFRO,107,102743,0,1917
1177,2022-08-21,AO,Angola,AFRO,182,102925,0,1917
1178,2022-08-28,AO,Angola,AFRO,97,103022,0,1917
1179,2022-09-04,AO,Angola,AFRO,107,103129,0,1917
1180,2022-09-11,AO,Angola,AFRO,2,103131,0,1917
1181,2022-09-18,AO,Angola,AFRO,0,103131,0,1917
1182,2022-09-25,AO,Angola,AFRO,0,103131,0,1917
1183,2022-10-02,AO,Angola,AFRO,99,103230,0,1917
1184,2022-10-09,AO,Angola,AFRO,27,103257,0,1917
1185,2022-10-16,AO,Angola,AFRO,42,103299,0,1917
1186,2022-10-23,AO,Angola,AFRO,115,103414,0,1917
1187,2022-10-30,AO,Angola,AFRO,184,103598,0,1917
1188,2022-11-06,AO,Angola,AFRO,350,103948,1,1918
1189,2022-11-13,AO,Angola,AFRO,279,104227,3,1921
1190,2022-11-20,AO,Angola,AFRO,259,104486,2,1923
1191,2022-11-27,AO,Angola,AFRO,173,104659,1,1924
1192,2022-12-04,AO,Angola,AFRO,149,104808,1,1925
1193,2022-12-11,AO,Angola,AFRO,138,104946,3,1928
1194,2022-12-18,AO,Angola,AFRO,88,105034,0,1928
1195,2022-12-25,AO,Angola,AFRO,36,105070,1,1929
1196,2023-01-01,AO,Angola,AFRO,25,105095,1,1930
1197,2023-01-08,AO,Angola,AFRO,45,105140,1,1931
1198,2023-01-15,AO,Angola,AFRO,21,105161,0,1931
1199,2023-01-22,AO,Angola,AFRO,22,105183,0,1931
1200,2023-01-29,AO,Angola,AFRO,1,105184,0,1931
1201,2023-02-05,AO,Angola,AFRO,21,105205,0,1931
1202,2023-02-12,AO,Angola,AFRO,19,105224,1,1932
1203,2023-02-19,AO,Angola,AFRO,19,105243,0,1932
1204,2023-02-26,AO,Angola,AFRO,12,105255,1,1933
1205,2023-03-05,AO,Angola,AFRO,22,105277,0,1933
1206,2023-03-12,AO,Angola,AFRO,11,105288,0,1933
1207,2023-03-19,AO,Angola,AFRO,10,105298,0,1933
1208,2023-03-26,AO,Angola,AFRO,18,105316,0,1933
1209,2023-04-02,AO,Angola,AFRO,15,105331,1,1934
1210,2023-04-09,AO,Angola,AFRO,13,105344,0,1934
1211,2023-04-16,AO,Angola,AFRO,9,105353,0,1934
1212,2023-04-23,AO,Angola,AFRO,31,105384,0,1934
1213,2023-04-30,AO,Angola,AFRO,0,105384,0,1934
1214,2023-05-07,AO,Angola,AFRO,177,105561,2,1936
1215,2023-05-14,AO,Angola,AFRO,120,105681,0,1936
1216,2023-05-21,AO,Angola,AFRO,89,105770,0,1936
1217,2023-05-28,AO,Angola,AFRO,49,105819,0,1936
1218,2023-06-04,AO,Angola,AFRO,32,105851,0,1936
1219,2023-06-11,AO,Angola,AFRO,33,105884,0,1936
1220,2023-06-18,AO,Angola,AFRO,13,105897,0,1936
1221,2023-06-25,AO,Angola,AFRO,7,105904,0,1936
1222,2023-07-02,AO,Angola,AFRO,2,105906,0,1936
1223,2023-07-09,AO,Angola,AFRO,15,105921,0,1936
1224,2023-07-16,AO,Angola,AFRO,4,105925,0,1936
1225,2023-07-23,AO,Angola,AFRO,1,105926,0,1936
1226,2023-07-30,AO,Angola,AFRO,5,105931,0,1936
1227,2023-08-06,AO,Angola,AFRO,2,105933,0,1936
1228,2023-08-13,AO,Angola,AFRO,1,105934,0,1936
1229,2023-08-20,AO,Angola,AFRO,0,105934,0,1936
1230,2023-08-27,AO,Angola,AFRO,3,105937,0,1936
1231,2023-09-03,AO,Angola,AFRO,7,105944,0,1936
1232,2023-09-10,AO,Angola,AFRO,8,105952,0,1936
1233,2023-09-17,AO,Angola,AFRO,8,105960,0,1936
1234,2023-09-24,AO,Angola,AFRO,2,105962,0,1936
1235,2023-10-01,AO,Angola,AFRO,6,105968,0,1936
1236,2023-10-08,AO,Angola,AFRO,4,105972,0,1936
1237,2023-10-15,AO,Angola,AFRO,3,105975,0,1936
1238,2023-10-22,AO,Angola,AFRO,1,105976,0,1936
1239,2023-10-29,AO,Angola,AFRO,0,105976,0,1936
1240,2023-11-05,AO,Angola,AFRO,2,105978,0,1936
1241,2023-11-12,AO,Angola,AFRO,9,105987,0,1936
1242,2023-11-19,AO,Angola,AFRO,15,106002,0,1936
1243,2023-11-26,AO,Angola,AFRO,122,106124,0,1936
1244,2023-12-03,AO,Angola,AFRO,92,106216,1,1937
1245,2023-12-10,AO,Angola,AFRO,87,106303,0,1937
1246,2023-12-17,AO,Angola,AFRO,0,106303,0,1937
1247,2023-12-24,AO,Angola,AFRO,0,106303,0,1937
1248,2020-01-05,AI,Anguilla,AMRO,0,0,0,0
1249,2020-01-12,AI,Anguilla,AMRO,0,0,0,0
1250,2020-01-19,AI,Anguilla,AMRO,0,0,0,0
1251,2020-01-26,AI,Anguilla,AMRO,0,0,0,0
1252,2020-02-02,AI,Anguilla,AMRO,0,0,0,0
1253,2020-02-09,AI,Anguilla,AMRO,0,0,0,0
1254,2020-02-16,AI,Anguilla,AMRO,0,0,0,0
1255,2020-02-23,AI,Anguilla,AMRO,0,0,0,0
1256,2020-03-01,AI,Anguilla,AMRO,0,0,0,0
1257,2020-03-08,AI,Anguilla,AMRO,0,0,0,0
1258,2020-03-15,AI,Anguilla,AMRO,0,0,0,0
1259,2020-03-22,AI,Anguilla,AMRO,0,0,0,0
1260,2020-03-29,AI,Anguilla,AMRO,2,2,0,0
1261,2020-04-05,AI,Anguilla,AMRO,1,3,0,0
1262,2020-04-12,AI,Anguilla,AMRO,0,3,0,0
1263,2020-04-19,AI,Anguilla,AMRO,0,3,0,0
1264,2020-04-26,AI,Anguilla,AMRO,0,3,0,0
1265,2020-05-03,AI,Anguilla,AMRO,0,3,0,0
1266,2020-05-10,AI,Anguilla,AMRO,0,3,0,0
1267,2020-05-17,AI,Anguilla,AMRO,0,3,0,0
1268,2020-05-24,AI,Anguilla,AMRO,0,3,0,0
1269,2020-05-31,AI,Anguilla,AMRO,0,3,0,0
1270,2020-06-07,AI,Anguilla,AMRO,0,3,0,0
1271,2020-06-14,AI,Anguilla,AMRO,0,3,0,0
1272,2020-06-21,AI,Anguilla,AMRO,0,3,0,0
1273,2020-06-28,AI,Anguilla,AMRO,0,3,0,0
1274,2020-07-05,AI,Anguilla,AMRO,0,3,0,0
1275,2020-07-12,AI,Anguilla,AMRO,0,3,0,0
1276,2020-07-19,AI,Anguilla,AMRO,0,3,0,0
1277,2020-07-26,AI,Anguilla,AMRO,0,3,0,0
1278,2020-08-02,AI,Anguilla,AMRO,0,3,0,0
1279,2020-08-09,AI,Anguilla,AMRO,0,3,0,0
1280,2020-08-16,AI,Anguilla,AMRO,0,3,0,0
1281,2020-08-23,AI,Anguilla,AMRO,0,3,0,0
1282,2020-08-30,AI,Anguilla,AMRO,0,3,0,0
1283,2020-09-06,AI,Anguilla,AMRO,0,3,0,0
1284,2020-09-13,AI,Anguilla,AMRO,0,3,0,0
1285,2020-09-20,AI,Anguilla,AMRO,0,3,0,0
1286,2020-09-27,AI,Anguilla,AMRO,0,3,0,0
1287,2020-10-04,AI,Anguilla,AMRO,0,3,0,0
1288,2020-10-11,AI,Anguilla,AMRO,0,3,0,0
1289,2020-10-18,AI,Anguilla,AMRO,0,3,0,0
1290,2020-10-25,AI,Anguilla,AMRO,0,3,0,0
1291,2020-11-01,AI,Anguilla,AMRO,0,3,0,0
1292,2020-11-08,AI,Anguilla,AMRO,0,3,0,0
1293,2020-11-15,AI,Anguilla,AMRO,0,3,0,0
1294,2020-11-22,AI,Anguilla,AMRO,0,3,0,0
1295,2020-11-29,AI,Anguilla,AMRO,1,4,0,0
1296,2020-12-06,AI,Anguilla,AMRO,3,7,0,0
1297,2020-12-13,AI,Anguilla,AMRO,3,10,0,0
1298,2020-12-20,AI,Anguilla,AMRO,0,10,0,0
1299,2020-12-27,AI,Anguilla,AMRO,2,12,0,0
1300,2021-01-03,AI,Anguilla,AMRO,3,15,0,0
1301,2021-01-10,AI,Anguilla,AMRO,0,15,0,0
1302,2021-01-17,AI,Anguilla,AMRO,0,15,0,0
1303,2021-01-24,AI,Anguilla,AMRO,0,15,0,0
1304,2021-01-31,AI,Anguilla,AMRO,2,17,0,0
1305,2021-02-07,AI,Anguilla,AMRO,0,17,0,0
1306,2021-02-14,AI,Anguilla,AMRO,1,18,0,0
1307,2021-02-21,AI,Anguilla,AMRO,0,18,0,0
1308,2021-02-28,AI,Anguilla,AMRO,0,18,0,0
1309,2021-03-07,AI,Anguilla,AMRO,0,18,0,0
1310,2021-03-14,AI,Anguilla,AMRO,3,21,0,0
1311,2021-03-21,AI,Anguilla,AMRO,1,22,0,0
1312,2021-03-28,AI,Anguilla,AMRO,1,23,0,0
1313,2021-04-04,AI,Anguilla,AMRO,2,25,0,0
1314,2021-04-11,AI,Anguilla,AMRO,4,29,0,0
1315,2021-04-18,AI,Anguilla,AMRO,0,29,0,0
1316,2021-04-25,AI,Anguilla,AMRO,29,58,0,0
1317,2021-05-02,AI,Anguilla,AMRO,35,93,0,0
1318,2021-05-09,AI,Anguilla,AMRO,6,99,0,0
1319,2021-05-16,AI,Anguilla,AMRO,10,109,0,0
1320,2021-05-23,AI,Anguilla,AMRO,0,109,0,0
1321,2021-05-30,AI,Anguilla,AMRO,0,109,0,0
1322,2021-06-06,AI,Anguilla,AMRO,0,109,0,0
1323,2021-06-13,AI,Anguilla,AMRO,0,109,0,0
1324,2021-06-20,AI,Anguilla,AMRO,0,109,0,0
1325,2021-06-27,AI,Anguilla,AMRO,0,109,0,0
1326,2021-07-04,AI,Anguilla,AMRO,2,111,0,0
1327,2021-07-11,AI,Anguilla,AMRO,0,111,0,0
1328,2021-07-18,AI,Anguilla,AMRO,1,112,0,0
1329,2021-07-25,AI,Anguilla,AMRO,1,113,0,0
1330,2021-08-01,AI,Anguilla,AMRO,1,114,0,0
1331,2021-08-08,AI,Anguilla,AMRO,0,114,0,0
1332,2021-08-15,AI,Anguilla,AMRO,13,127,0,0
1333,2021-08-22,AI,Anguilla,AMRO,27,154,0,0
1334,2021-08-29,AI,Anguilla,AMRO,40,194,0,0
1335,2021-09-05,AI,Anguilla,AMRO,85,279,0,0
1336,2021-09-12,AI,Anguilla,AMRO,33,312,0,0
1337,2021-09-19,AI,Anguilla,AMRO,19,331,0,0
1338,2021-09-26,AI,Anguilla,AMRO,33,364,1,1
1339,2021-10-03,AI,Anguilla,AMRO,61,425,0,1
1340,2021-10-10,AI,Anguilla,AMRO,119,544,0,1
1341,2021-10-17,AI,Anguilla,AMRO,124,668,0,1
1342,2021-10-24,AI,Anguilla,AMRO,125,793,0,1
1343,2021-10-31,AI,Anguilla,AMRO,99,892,0,1
1344,2021-11-07,AI,Anguilla,AMRO,147,1039,0,1
1345,2021-11-14,AI,Anguilla,AMRO,70,1109,2,3
1346,2021-11-21,AI,Anguilla,AMRO,159,1268,0,3
1347,2021-11-28,AI,Anguilla,AMRO,66,1334,0,3
1348,2021-12-05,AI,Anguilla,AMRO,80,1414,0,3
1349,2021-12-12,AI,Anguilla,AMRO,109,1523,1,4
1350,2021-12-19,AI,Anguilla,AMRO,69,1592,0,4
1351,2021-12-26,AI,Anguilla,AMRO,54,1646,1,5
1352,2022-01-02,AI,Anguilla,AMRO,28,1674,0,5
1353,2022-01-09,AI,Anguilla,AMRO,103,1777,1,6
1354,2022-01-16,AI,Anguilla,AMRO,263,2040,0,6
1355,2022-01-23,AI,Anguilla,AMRO,147,2187,1,7
1356,2022-01-30,AI,Anguilla,AMRO,137,2324,1,8
1357,2022-02-06,AI,Anguilla,AMRO,60,2384,0,8
1358,2022-02-13,AI,Anguilla,AMRO,74,2458,1,9
1359,2022-02-20,AI,Anguilla,AMRO,48,2506,0,9
1360,2022-02-27,AI,Anguilla,AMRO,22,2528,0,9
1361,2022-03-06,AI,Anguilla,AMRO,27,2555,0,9
1362,2022-03-13,AI,Anguilla,AMRO,19,2574,0,9
1363,2022-03-20,AI,Anguilla,AMRO,20,2594,0,9
1364,2022-03-27,AI,Anguilla,AMRO,39,2633,0,9
1365,2022-04-03,AI,Anguilla,AMRO,67,2700,0,9
1366,2022-04-10,AI,Anguilla,AMRO,17,2717,0,9
1367,2022-04-17,AI,Anguilla,AMRO,14,2731,0,9
1368,2022-04-24,AI,Anguilla,AMRO,0,2731,0,9
1369,2022-05-01,AI,Anguilla,AMRO,57,2788,0,9
1370,2022-05-08,AI,Anguilla,AMRO,0,2788,0,9
1371,2022-05-15,AI,Anguilla,AMRO,196,2984,0,9
1372,2022-05-22,AI,Anguilla,AMRO,132,3116,0,9
1373,2022-05-29,AI,Anguilla,AMRO,87,3203,0,9
1374,2022-06-05,AI,Anguilla,AMRO,91,3294,0,9
1375,2022-06-12,AI,Anguilla,AMRO,48,3342,0,9
1376,2022-06-19,AI,Anguilla,AMRO,32,3374,0,9
1377,2022-06-26,AI,Anguilla,AMRO,37,3411,0,9
1378,2022-07-03,AI,Anguilla,AMRO,45,3456,0,9
1379,2022-07-10,AI,Anguilla,AMRO,20,3476,0,9
1380,2022-07-17,AI,Anguilla,AMRO,20,3496,0,9
1381,2022-07-24,AI,Anguilla,AMRO,39,3535,0,9
1382,2022-07-31,AI,Anguilla,AMRO,45,3580,1,10
1383,2022-08-07,AI,Anguilla,AMRO,40,3620,0,10
1384,2022-08-14,AI,Anguilla,AMRO,0,3620,0,10
1385,2022-08-21,AI,Anguilla,AMRO,126,3746,0,10
1386,2022-08-28,AI,Anguilla,AMRO,59,3805,0,10
1387,2022-09-04,AI,Anguilla,AMRO,32,3837,1,11
1388,2022-09-11,AI,Anguilla,AMRO,14,3851,1,12
1389,2022-09-18,AI,Anguilla,AMRO,5,3856,0,12
1390,2022-09-25,AI,Anguilla,AMRO,2,3858,0,12
1391,2022-10-02,AI,Anguilla,AMRO,7,3865,0,12
1392,2022-10-09,AI,Anguilla,AMRO,1,3866,0,12
1393,2022-10-16,AI,Anguilla,AMRO,0,3866,0,12
1394,2022-10-23,AI,Anguilla,AMRO,0,3866,0,12
1395,2022-10-30,AI,Anguilla,AMRO,0,3866,0,12
1396,2022-11-06,AI,Anguilla,AMRO,0,3866,0,12
1397,2022-11-13,AI,Anguilla,AMRO,0,3866,0,12
1398,2022-11-20,AI,Anguilla,AMRO,0,3866,0,12
1399,2022-11-27,AI,Anguilla,AMRO,0,3866,0,12
1400,2022-12-04,AI,Anguilla,AMRO,38,3904,0,12
1401,2022-12-11,AI,Anguilla,AMRO,0,3904,0,12
1402,2022-12-18,AI,Anguilla,AMRO,0,3904,0,12
1403,2022-12-25,AI,Anguilla,AMRO,0,3904,0,12
1404,2023-01-01,AI,Anguilla,AMRO,0,3904,0,12
1405,2023-01-08,AI,Anguilla,AMRO,0,3904,0,12
1406,2023-01-15,AI,Anguilla,AMRO,0,3904,0,12
1407,2023-01-22,AI,Anguilla,AMRO,0,3904,0,12
1408,2023-01-29,AI,Anguilla,AMRO,0,3904,0,12
1409,2023-02-05,AI,Anguilla,AMRO,0,3904,0,12
1410,2023-02-12,AI,Anguilla,AMRO,0,3904,0,12
1411,2023-02-19,AI,Anguilla,AMRO,0,3904,0,12
1412,2023-02-26,AI,Anguilla,AMRO,0,3904,0,12
1413,2023-03-05,AI,Anguilla,AMRO,0,3904,0,12
1414,2023-03-12,AI,Anguilla,AMRO,0,3904,0,12
1415,2023-03-19,AI,Anguilla,AMRO,0,3904,0,12
1416,2023-03-26,AI,Anguilla,AMRO,0,3904,0,12
1417,2023-04-02,AI,Anguilla,AMRO,0,3904,0,12
1418,2023-04-09,AI,Anguilla,AMRO,0,3904,0,12
1419,2023-04-16,AI,Anguilla,AMRO,0,3904,0,12
1420,2023-04-23,AI,Anguilla,AMRO,0,3904,0,12
1421,2023-04-30,AI,Anguilla,AMRO,0,3904,0,12
1422,2023-05-07,AI,Anguilla,AMRO,0,3904,0,12
1423,2023-05-14,AI,Anguilla,AMRO,0,3904,0,12
1424,2023-05-21,AI,Anguilla,AMRO,0,3904,0,12
1425,2023-05-28,AI,Anguilla,AMRO,0,3904,0,12
1426,2023-06-04,AI,Anguilla,AMRO,0,3904,0,12
1427,2023-06-11,AI,Anguilla,AMRO,0,3904,0,12
1428,2023-06-18,AI,Anguilla,AMRO,0,3904,0,12
1429,2023-06-25,AI,Anguilla,AMRO,0,3904,0,12
1430,2023-07-02,AI,Anguilla,AMRO,0,3904,0,12
1431,2023-07-09,AI,Anguilla,AMRO,0,3904,0,12
1432,2023-07-16,AI,Anguilla,AMRO,0,3904,0,12
1433,2023-07-23,AI,Anguilla,AMRO,0,3904,0,12
1434,2023-07-30,AI,Anguilla,AMRO,0,3904,0,12
1435,2023-08-06,AI,Anguilla,AMRO,0,3904,0,12
1436,2023-08-13,AI,Anguilla,AMRO,0,3904,0,12
1437,2023-08-20,AI,Anguilla,AMRO,0,3904,0,12
1438,2023-08-27,AI,Anguilla,AMRO,0,3904,0,12
1439,2023-09-03,AI,Anguilla,AMRO,0,3904,0,12
1440,2023-09-10,AI,Anguilla,AMRO,0,3904,0,12
1441,2023-09-17,AI,Anguilla,AMRO,0,3904,0,12
1442,2023-09-24,AI,Anguilla,AMRO,0,3904,0,12
1443,2023-10-01,AI,Anguilla,AMRO,0,3904,0,12
1444,2023-10-08,AI,Anguilla,AMRO,0,3904,0,12
1445,2023-10-15,AI,Anguilla,AMRO,0,3904,0,12
1446,2023-10-22,AI,Anguilla,AMRO,0,3904,0,12
1447,2023-10-29,AI,Anguilla,AMRO,0,3904,0,12
1448,2023-11-05,AI,Anguilla,AMRO,0,3904,0,12
1449,2023-11-12,AI,Anguilla,AMRO,0,3904,0,12
1450,2023-11-19,AI,Anguilla,AMRO,0,3904,0,12
1451,2023-11-26,AI,Anguilla,AMRO,0,3904,0,12
1452,2023-12-03,AI,Anguilla,AMRO,0,3904,0,12
1453,2023-12-10,AI,Anguilla,AMRO,0,3904,0,12
1454,2023-12-17,AI,Anguilla,AMRO,0,3904,0,12
1455,2023-12-24,AI,Anguilla,AMRO,0,3904,0,12
1456,2020-01-05,AG,Antigua and Barbuda,AMRO,0,0,0,0
1457,2020-01-12,AG,Antigua and Barbuda,AMRO,0,0,0,0
1458,2020-01-19,AG,Antigua and Barbuda,AMRO,0,0,0,0
1459,2020-01-26,AG,Antigua and Barbuda,AMRO,0,0,0,0
1460,2020-02-02,AG,Antigua and Barbuda,AMRO,0,0,0,0
1461,2020-02-09,AG,Antigua and Barbuda,AMRO,0,0,0,0
1462,2020-02-16,AG,Antigua and Barbuda,AMRO,0,0,0,0
1463,2020-02-23,AG,Antigua and Barbuda,AMRO,0,0,0,0
1464,2020-03-01,AG,Antigua and Barbuda,AMRO,0,0,0,0
1465,2020-03-08,AG,Antigua and Barbuda,AMRO,0,0,0,0
1466,2020-03-15,AG,Antigua and Barbuda,AMRO,1,1,0,0
1467,2020-03-22,AG,Antigua and Barbuda,AMRO,0,1,0,0
1468,2020-03-29,AG,Antigua and Barbuda,AMRO,6,7,0,0
1469,2020-04-05,AG,Antigua and Barbuda,AMRO,0,7,0,0
1470,2020-04-12,AG,Antigua and Barbuda,AMRO,14,21,2,2
1471,2020-04-19,AG,Antigua and Barbuda,AMRO,2,23,0,2
1472,2020-04-26,AG,Antigua and Barbuda,AMRO,1,24,1,3
1473,2020-05-03,AG,Antigua and Barbuda,AMRO,0,24,0,3
1474,2020-05-10,AG,Antigua and Barbuda,AMRO,1,25,0,3
1475,2020-05-17,AG,Antigua and Barbuda,AMRO,0,25,0,3
1476,2020-05-24,AG,Antigua and Barbuda,AMRO,0,25,0,3
1477,2020-05-31,AG,Antigua and Barbuda,AMRO,0,25,0,3
1478,2020-06-07,AG,Antigua and Barbuda,AMRO,0,25,0,3
1479,2020-06-14,AG,Antigua and Barbuda,AMRO,1,26,0,3
1480,2020-06-21,AG,Antigua and Barbuda,AMRO,0,26,0,3
1481,2020-06-28,AG,Antigua and Barbuda,AMRO,39,65,0,3
1482,2020-07-05,AG,Antigua and Barbuda,AMRO,3,68,0,3
1483,2020-07-12,AG,Antigua and Barbuda,AMRO,6,74,0,3
1484,2020-07-19,AG,Antigua and Barbuda,AMRO,2,76,0,3
1485,2020-07-26,AG,Antigua and Barbuda,AMRO,6,82,0,3
1486,2020-08-02,AG,Antigua and Barbuda,AMRO,9,91,0,3
1487,2020-08-09,AG,Antigua and Barbuda,AMRO,1,92,0,3
1488,2020-08-16,AG,Antigua and Barbuda,AMRO,1,93,0,3
1489,2020-08-23,AG,Antigua and Barbuda,AMRO,1,94,0,3
1490,2020-08-30,AG,Antigua and Barbuda,AMRO,0,94,0,3
1491,2020-09-06,AG,Antigua and Barbuda,AMRO,1,95,0,3
1492,2020-09-13,AG,Antigua and Barbuda,AMRO,0,95,0,3
1493,2020-09-20,AG,Antigua and Barbuda,AMRO,0,95,0,3
1494,2020-09-27,AG,Antigua and Barbuda,AMRO,3,98,0,3
1495,2020-10-04,AG,Antigua and Barbuda,AMRO,8,106,0,3
1496,2020-10-11,AG,Antigua and Barbuda,AMRO,5,111,0,3
1497,2020-10-18,AG,Antigua and Barbuda,AMRO,2,113,0,3
1498,2020-10-25,AG,Antigua and Barbuda,AMRO,9,122,0,3
1499,2020-11-01,AG,Antigua and Barbuda,AMRO,5,127,0,3
1500,2020-11-08,AG,Antigua and Barbuda,AMRO,3,130,0,3
1501,2020-11-15,AG,Antigua and Barbuda,AMRO,3,133,1,4
1502,2020-11-22,AG,Antigua and Barbuda,AMRO,6,139,0,4
1503,2020-11-29,AG,Antigua and Barbuda,AMRO,2,141,0,4
1504,2020-12-06,AG,Antigua and Barbuda,AMRO,3,144,0,4
1505,2020-12-13,AG,Antigua and Barbuda,AMRO,3,147,0,4
1506,2020-12-20,AG,Antigua and Barbuda,AMRO,5,152,1,5
1507,2020-12-27,AG,Antigua and Barbuda,AMRO,3,155,0,5
1508,2021-01-03,AG,Antigua and Barbuda,AMRO,4,159,0,5
1509,2021-01-10,AG,Antigua and Barbuda,AMRO,10,169,0,5
1510,2021-01-17,AG,Antigua and Barbuda,AMRO,18,187,1,6
1511,2021-01-24,AG,Antigua and Barbuda,AMRO,8,195,0,6
1512,2021-01-31,AG,Antigua and Barbuda,AMRO,23,218,1,7
1513,2021-02-07,AG,Antigua and Barbuda,AMRO,59,277,0,7
1514,2021-02-14,AG,Antigua and Barbuda,AMRO,150,427,2,9
1515,2021-02-21,AG,Antigua and Barbuda,AMRO,171,598,2,11
1516,2021-02-28,AG,Antigua and Barbuda,AMRO,128,726,3,14
1517,2021-03-07,AG,Antigua and Barbuda,AMRO,87,813,7,21
1518,2021-03-14,AG,Antigua and Barbuda,AMRO,149,962,6,27
1519,2021-03-21,AG,Antigua and Barbuda,AMRO,71,1033,1,28
1520,2021-03-28,AG,Antigua and Barbuda,AMRO,89,1122,0,28
1521,2021-04-04,AG,Antigua and Barbuda,AMRO,48,1170,0,28
1522,2021-04-11,AG,Antigua and Barbuda,AMRO,12,1182,2,30
1523,2021-04-18,AG,Antigua and Barbuda,AMRO,31,1213,1,31
1524,2021-04-25,AG,Antigua and Barbuda,AMRO,14,1227,0,31
1525,2021-05-02,AG,Antigua and Barbuda,AMRO,2,1229,1,32
1526,2021-05-09,AG,Antigua and Barbuda,AMRO,8,1237,0,32
1527,2021-05-16,AG,Antigua and Barbuda,AMRO,14,1251,10,42
1528,2021-05-23,AG,Antigua and Barbuda,AMRO,4,1255,0,42
1529,2021-05-30,AG,Antigua and Barbuda,AMRO,4,1259,0,42
1530,2021-06-06,AG,Antigua and Barbuda,AMRO,4,1263,0,42
1531,2021-06-13,AG,Antigua and Barbuda,AMRO,0,1263,0,42
1532,2021-06-20,AG,Antigua and Barbuda,AMRO,0,1263,0,42
1533,2021-06-27,AG,Antigua and Barbuda,AMRO,0,1263,0,42
1534,2021-07-04,AG,Antigua and Barbuda,AMRO,1,1264,0,42
1535,2021-07-11,AG,Antigua and Barbuda,AMRO,2,1266,0,42
1536,2021-07-18,AG,Antigua and Barbuda,AMRO,2,1268,0,42
1537,2021-07-25,AG,Antigua and Barbuda,AMRO,12,1280,1,43
1538,2021-08-01,AG,Antigua and Barbuda,AMRO,23,1303,0,43
1539,2021-08-08,AG,Antigua and Barbuda,AMRO,25,1328,0,43
1540,2021-08-15,AG,Antigua and Barbuda,AMRO,44,1372,0,43
1541,2021-08-22,AG,Antigua and Barbuda,AMRO,118,1490,0,43
1542,2021-08-29,AG,Antigua and Barbuda,AMRO,148,1638,0,43
1543,2021-09-05,AG,Antigua and Barbuda,AMRO,121,1759,3,46
1544,2021-09-12,AG,Antigua and Barbuda,AMRO,394,2153,2,48
1545,2021-09-19,AG,Antigua and Barbuda,AMRO,450,2603,7,55
1546,2021-09-26,AG,Antigua and Barbuda,AMRO,299,2902,9,64
1547,2021-10-03,AG,Antigua and Barbuda,AMRO,501,3403,20,84
1548,2021-10-10,AG,Antigua and Barbuda,AMRO,335,3738,7,91
1549,2021-10-17,AG,Antigua and Barbuda,AMRO,150,3888,4,95
1550,2021-10-24,AG,Antigua and Barbuda,AMRO,122,4010,4,99
1551,2021-10-31,AG,Antigua and Barbuda,AMRO,30,4040,3,102
1552,2021-11-07,AG,Antigua and Barbuda,AMRO,38,4078,2,104
1553,2021-11-14,AG,Antigua and Barbuda,AMRO,40,4118,3,107
1554,2021-11-21,AG,Antigua and Barbuda,AMRO,15,4133,1,108
1555,2021-11-28,AG,Antigua and Barbuda,AMRO,8,4141,9,117
1556,2021-12-05,AG,Antigua and Barbuda,AMRO,6,4147,0,117
1557,2021-12-12,AG,Antigua and Barbuda,AMRO,12,4159,0,117
1558,2021-12-19,AG,Antigua and Barbuda,AMRO,39,4198,0,117
1559,2021-12-26,AG,Antigua and Barbuda,AMRO,31,4229,1,118
1560,2022-01-02,AG,Antigua and Barbuda,AMRO,182,4411,1,119
1561,2022-01-09,AG,Antigua and Barbuda,AMRO,433,4844,0,119
1562,2022-01-16,AG,Antigua and Barbuda,AMRO,477,5321,1,120
1563,2022-01-23,AG,Antigua and Barbuda,AMRO,610,5931,2,122
1564,2022-01-30,AG,Antigua and Barbuda,AMRO,627,6558,5,127
1565,2022-02-06,AG,Antigua and Barbuda,AMRO,174,6732,0,127
1566,2022-02-13,AG,Antigua and Barbuda,AMRO,599,7331,7,134
1567,2022-02-20,AG,Antigua and Barbuda,AMRO,77,7408,1,135
1568,2022-02-27,AG,Antigua and Barbuda,AMRO,29,7437,0,135
1569,2022-03-06,AG,Antigua and Barbuda,AMRO,18,7455,0,135
1570,2022-03-13,AG,Antigua and Barbuda,AMRO,11,7466,0,135
1571,2022-03-20,AG,Antigua and Barbuda,AMRO,4,7470,0,135
1572,2022-03-27,AG,Antigua and Barbuda,AMRO,12,7482,0,135
1573,2022-04-03,AG,Antigua and Barbuda,AMRO,11,7493,0,135
1574,2022-04-10,AG,Antigua and Barbuda,AMRO,18,7511,0,135
1575,2022-04-17,AG,Antigua and Barbuda,AMRO,24,7535,0,135
1576,2022-04-24,AG,Antigua and Barbuda,AMRO,36,7571,0,135
1577,2022-05-01,AG,Antigua and Barbuda,AMRO,55,7626,1,136
1578,2022-05-08,AG,Antigua and Barbuda,AMRO,37,7663,1,137
1579,2022-05-15,AG,Antigua and Barbuda,AMRO,58,7721,0,137
1580,2022-05-22,AG,Antigua and Barbuda,AMRO,221,7942,1,138
1581,2022-05-29,AG,Antigua and Barbuda,AMRO,177,8119,0,138
1582,2022-06-05,AG,Antigua and Barbuda,AMRO,213,8332,0,138
1583,2022-06-12,AG,Antigua and Barbuda,AMRO,160,8492,2,140
1584,2022-06-19,AG,Antigua and Barbuda,AMRO,89,8581,0,140
1585,2022-06-26,AG,Antigua and Barbuda,AMRO,44,8625,1,141
1586,2022-07-03,AG,Antigua and Barbuda,AMRO,31,8656,0,141
1587,2022-07-10,AG,Antigua and Barbuda,AMRO,30,8686,2,143
1588,2022-07-17,AG,Antigua and Barbuda,AMRO,18,8704,0,143
1589,2022-07-24,AG,Antigua and Barbuda,AMRO,32,8736,1,144
1590,2022-07-31,AG,Antigua and Barbuda,AMRO,37,8773,0,144
1591,2022-08-07,AG,Antigua and Barbuda,AMRO,14,8787,0,144
1592,2022-08-14,AG,Antigua and Barbuda,AMRO,33,8820,0,144
1593,2022-08-21,AG,Antigua and Barbuda,AMRO,75,8895,0,144
1594,2022-08-28,AG,Antigua and Barbuda,AMRO,54,8949,1,145
1595,2022-09-04,AG,Antigua and Barbuda,AMRO,25,8974,0,145
1596,2022-09-11,AG,Antigua and Barbuda,AMRO,0,8974,0,145
1597,2022-09-18,AG,Antigua and Barbuda,AMRO,34,9008,0,145
1598,2022-09-25,AG,Antigua and Barbuda,AMRO,81,9089,1,146
1599,2022-10-02,AG,Antigua and Barbuda,AMRO,9,9098,0,146
1600,2022-10-09,AG,Antigua and Barbuda,AMRO,8,9106,0,146
1601,2022-10-16,AG,Antigua and Barbuda,AMRO,0,9106,0,146
1602,2022-10-23,AG,Antigua and Barbuda,AMRO,0,9106,0,146
1603,2022-10-30,AG,Antigua and Barbuda,AMRO,0,9106,0,146
1604,2022-11-06,AG,Antigua and Barbuda,AMRO,0,9106,0,146
1605,2022-11-13,AG,Antigua and Barbuda,AMRO,0,9106,0,146
1606,2022-11-20,AG,Antigua and Barbuda,AMRO,0,9106,0,146
1607,2022-11-27,AG,Antigua and Barbuda,AMRO,0,9106,0,146
1608,2022-12-04,AG,Antigua and Barbuda,AMRO,0,9106,0,146
1609,2022-12-11,AG,Antigua and Barbuda,AMRO,0,9106,0,146
1610,2022-12-18,AG,Antigua and Barbuda,AMRO,0,9106,0,146
1611,2022-12-25,AG,Antigua and Barbuda,AMRO,0,9106,0,146
1612,2023-01-01,AG,Antigua and Barbuda,AMRO,0,9106,0,146
1613,2023-01-08,AG,Antigua and Barbuda,AMRO,0,9106,0,146
1614,2023-01-15,AG,Antigua and Barbuda,AMRO,0,9106,0,146
1615,2023-01-22,AG,Antigua and Barbuda,AMRO,0,9106,0,146
1616,2023-01-29,AG,Antigua and Barbuda,AMRO,0,9106,0,146
1617,2023-02-05,AG,Antigua and Barbuda,AMRO,0,9106,0,146
1618,2023-02-12,AG,Antigua and Barbuda,AMRO,0,9106,0,146
1619,2023-02-19,AG,Antigua and Barbuda,AMRO,0,9106,0,146
1620,2023-02-26,AG,Antigua and Barbuda,AMRO,0,9106,0,146
1621,2023-03-05,AG,Antigua and Barbuda,AMRO,0,9106,0,146
1622,2023-03-12,AG,Antigua and Barbuda,AMRO,0,9106,0,146
1623,2023-03-19,AG,Antigua and Barbuda,AMRO,0,9106,0,146
1624,2023-03-26,AG,Antigua and Barbuda,AMRO,0,9106,0,146
1625,2023-04-02,AG,Antigua and Barbuda,AMRO,0,9106,0,146
1626,2023-04-09,AG,Antigua and Barbuda,AMRO,0,9106,0,146
1627,2023-04-16,AG,Antigua and Barbuda,AMRO,0,9106,0,146
1628,2023-04-23,AG,Antigua and Barbuda,AMRO,0,9106,0,146
1629,2023-04-30,AG,Antigua and Barbuda,AMRO,0,9106,0,146
1630,2023-05-07,AG,Antigua and Barbuda,AMRO,0,9106,0,146
1631,2023-05-14,AG,Antigua and Barbuda,AMRO,0,9106,0,146
1632,2023-05-21,AG,Antigua and Barbuda,AMRO,0,9106,0,146
1633,2023-05-28,AG,Antigua and Barbuda,AMRO,0,9106,0,146
1634,2023-06-04,AG,Antigua and Barbuda,AMRO,0,9106,0,146
1635,2023-06-11,AG,Antigua and Barbuda,AMRO,0,9106,0,146
1636,2023-06-18,AG,Antigua and Barbuda,AMRO,0,9106,0,146
1637,2023-06-25,AG,Antigua and Barbuda,AMRO,0,9106,0,146
1638,2023-07-02,AG,Antigua and Barbuda,AMRO,0,9106,0,146
1639,2023-07-09,AG,Antigua and Barbuda,AMRO,0,9106,0,146
1640,2023-07-16,AG,Antigua and Barbuda,AMRO,0,9106,0,146
1641,2023-07-23,AG,Antigua and Barbuda,AMRO,0,9106,0,146
1642,2023-07-30,AG,Antigua and Barbuda,AMRO,0,9106,0,146
1643,2023-08-06,AG,Antigua and Barbuda,AMRO,0,9106,0,146
1644,2023-08-13,AG,Antigua and Barbuda,AMRO,0,9106,0,146
1645,2023-08-20,AG,Antigua and Barbuda,AMRO,0,9106,0,146
1646,2023-08-27,AG,Antigua and Barbuda,AMRO,0,9106,0,146
1647,2023-09-03,AG,Antigua and Barbuda,AMRO,0,9106,0,146
1648,2023-09-10,AG,Antigua and Barbuda,AMRO,0,9106,0,146
1649,2023-09-17,AG,Antigua and Barbuda,AMRO,0,9106,0,146
1650,2023-09-24,AG,Antigua and Barbuda,AMRO,0,9106,0,146
1651,2023-10-01,AG,Antigua and Barbuda,AMRO,0,9106,0,146
1652,2023-10-08,AG,Antigua and Barbuda,AMRO,0,9106,0,146
1653,2023-10-15,AG,Antigua and Barbuda,AMRO,0,9106,0,146
1654,2023-10-22,AG,Antigua and Barbuda,AMRO,0,9106,0,146
1655,2023-10-29,AG,Antigua and Barbuda,AMRO,0,9106,0,146
1656,2023-11-05,AG,Antigua and Barbuda,AMRO,0,9106,0,146
1657,2023-11-12,AG,Antigua and Barbuda,AMRO,0,9106,0,146
1658,2023-11-19,AG,Antigua and Barbuda,AMRO,0,9106,0,146
1659,2023-11-26,AG,Antigua and Barbuda,AMRO,0,9106,0,146
1660,2023-12-03,AG,Antigua and Barbuda,AMRO,0,9106,0,146
1661,2023-12-10,AG,Antigua and Barbuda,AMRO,0,9106,0,146
1662,2023-12-17,AG,Antigua and Barbuda,AMRO,0,9106,0,146
1663,2023-12-24,AG,Antigua and Barbuda,AMRO,0,9106,0,146
1664,2020-01-05,AR,Argentina,AMRO,0,0,0,0
1665,2020-01-12,AR,Argentina,AMRO,0,0,0,0
1666,2020-01-19,AR,Argentina,AMRO,0,0,0,0
1667,2020-01-26,AR,Argentina,AMRO,0,0,0,0
1668,2020-02-02,AR,Argentina,AMRO,0,0,0,0
1669,2020-02-09,AR,Argentina,AMRO,0,0,0,0
1670,2020-02-16,AR,Argentina,AMRO,0,0,0,0
1671,2020-02-23,AR,Argentina,AMRO,0,0,0,0
1672,2020-03-01,AR,Argentina,AMRO,0,0,0,0
1673,2020-03-08,AR,Argentina,AMRO,22,22,1,1
1674,2020-03-15,AR,Argentina,AMRO,109,131,8,9
1675,2020-03-22,AR,Argentina,AMRO,405,536,11,20
1676,2020-03-29,AR,Argentina,AMRO,746,1282,50,70
1677,2020-04-05,AR,Argentina,AMRO,791,2073,61,131
1678,2020-04-12,AR,Argentina,AMRO,917,2990,74,205
1679,2020-04-19,AR,Argentina,AMRO,1076,4066,74,279
1680,2020-04-26,AR,Argentina,AMRO,1398,5464,132,411
1681,2020-05-03,AR,Argentina,AMRO,1289,6753,115,526
1682,2020-05-10,AR,Argentina,AMRO,1897,8650,120,646
1683,2020-05-17,AR,Argentina,AMRO,2910,11560,144,790
1684,2020-05-24,AR,Argentina,AMRO,5061,16621,219,1009
1685,2020-05-31,AR,Argentina,AMRO,5785,22406,297,1306
1686,2020-06-07,AR,Argentina,AMRO,7297,29703,358,1664
1687,2020-06-14,AR,Argentina,AMRO,10685,40388,458,2122
1688,2020-06-21,AR,Argentina,AMRO,14050,54438,602,2724
1689,2020-06-28,AR,Argentina,AMRO,19007,73445,776,3500
1690,2020-07-05,AR,Argentina,AMRO,20195,93640,903,4403
1691,2020-07-12,AR,Argentina,AMRO,24971,118611,1153,5556
1692,2020-07-19,AR,Argentina,AMRO,31572,150183,1374,6930
1693,2020-07-26,AR,Argentina,AMRO,39247,189430,1544,8474
1694,2020-08-02,AR,Argentina,AMRO,41965,231395,1456,9930
1695,2020-08-09,AR,Argentina,AMRO,51641,283036,1762,11692
1696,2020-08-16,AR,Argentina,AMRO,48677,331713,1662,13354
1697,2020-08-23,AR,Argentina,AMRO,51183,382896,1877,15231
1698,2020-08-30,AR,Argentina,AMRO,68979,451875,2260,17491
1699,2020-09-06,AR,Argentina,AMRO,72320,524195,2324,19815
1700,2020-09-13,AR,Argentina,AMRO,78158,602353,2446,22261
1701,2020-09-20,AR,Argentina,AMRO,75330,677683,2340,24601
1702,2020-09-27,AR,Argentina,AMRO,81712,759395,2456,27057
1703,2020-10-04,AR,Argentina,AMRO,87054,846449,2523,29580
1704,2020-10-11,AR,Argentina,AMRO,96217,942666,2602,32182
1705,2020-10-18,AR,Argentina,AMRO,95982,1038648,2449,34631
1706,2020-10-25,AR,Argentina,AMRO,97588,1136236,2348,36979
1707,2020-11-01,AR,Argentina,AMRO,81504,1217740,1854,38833
1708,2020-11-08,AR,Argentina,AMRO,70725,1288465,1683,40516
1709,2020-11-15,AR,Argentina,AMRO,67129,1355594,1452,41968
1710,2020-11-22,AR,Argentina,AMRO,57887,1413481,1170,43138
1711,2020-11-29,AR,Argentina,AMRO,48034,1461515,943,44081
1712,2020-12-06,AR,Argentina,AMRO,42762,1504277,862,44943
1713,2020-12-13,AR,Argentina,AMRO,35314,1539591,795,45738
1714,2020-12-20,AR,Argentina,AMRO,45454,1585045,910,46648
1715,2020-12-27,AR,Argentina,AMRO,44863,1629908,859,47507
1716,2021-01-03,AR,Argentina,AMRO,60464,1690372,1103,48610
1717,2021-01-10,AR,Argentina,AMRO,84733,1775105,1415,50025
1718,2021-01-17,AR,Argentina,AMRO,77946,1853051,1300,51325
1719,2021-01-24,AR,Argentina,AMRO,79316,1932367,1260,52585
1720,2021-01-31,AR,Argentina,AMRO,61185,1993552,1131,53716
1721,2021-02-07,AR,Argentina,AMRO,51269,2044821,948,54664
1722,2021-02-14,AR,Argentina,AMRO,50744,2095565,935,55599
1723,2021-02-21,AR,Argentina,AMRO,42687,2138252,797,56396
1724,2021-02-28,AR,Argentina,AMRO,44701,2182953,831,57227
1725,2021-03-07,AR,Argentina,AMRO,43723,2226676,884,58111
1726,2021-03-14,AR,Argentina,AMRO,50279,2276955,977,59088
1727,2021-03-21,AR,Argentina,AMRO,51631,2328586,994,60082
1728,2021-03-28,AR,Argentina,AMRO,71481,2400067,1259,61341
1729,2021-04-04,AR,Argentina,AMRO,93977,2494044,1654,62995
1730,2021-04-11,AR,Argentina,AMRO,153369,2647413,2619,65614
1731,2021-04-18,AR,Argentina,AMRO,164523,2811936,3293,68907
1732,2021-04-25,AR,Argentina,AMRO,165754,2977690,3470,72377
1733,2021-05-02,AR,Argentina,AMRO,141493,3119183,3115,75492
1734,2021-05-09,AR,Argentina,AMRO,144708,3263891,3189,78681
1735,2021-05-16,AR,Argentina,AMRO,165989,3429880,3641,82322
1736,2021-05-23,AR,Argentina,AMRO,234660,3664540,4516,86838
1737,2021-05-30,AR,Argentina,AMRO,208332,3872872,4339,91177
1738,2021-06-06,AR,Argentina,AMRO,195205,4068077,3978,95155
1739,2021-06-13,AR,Argentina,AMRO,162769,4230846,3317,98472
1740,2021-06-20,AR,Argentina,AMRO,137636,4368482,2694,101166
1741,2021-06-27,AR,Argentina,AMRO,133147,4501629,2532,103698
1742,2021-07-04,AR,Argentina,AMRO,125444,4627073,2169,105867
1743,2021-07-11,AR,Argentina,AMRO,108881,4735954,1889,107756
1744,2021-07-18,AR,Argentina,AMRO,105110,4841064,1782,109538
1745,2021-07-25,AR,Argentina,AMRO,88348,4929412,1367,110905
1746,2021-08-01,AR,Argentina,AMRO,87225,5016637,1205,112110
1747,2021-08-08,AR,Argentina,AMRO,80437,5097074,1157,113267
1748,2021-08-15,AR,Argentina,AMRO,62306,5159380,893,114160
1749,2021-08-22,AR,Argentina,AMRO,47254,5206634,684,114844
1750,2021-08-29,AR,Argentina,AMRO,38265,5244899,537,115381
1751,2021-09-05,AR,Argentina,AMRO,28531,5273430,418,115799
1752,2021-09-12,AR,Argentina,AMRO,19860,5293290,290,116089
1753,2021-09-19,AR,Argentina,AMRO,14221,5307511,218,116307
1754,2021-09-26,AR,Argentina,AMRO,10997,5318508,127,116434
1755,2021-10-03,AR,Argentina,AMRO,9250,5327758,87,116521
1756,2021-10-10,AR,Argentina,AMRO,6633,5334391,84,116605
1757,2021-10-17,AR,Argentina,AMRO,7214,5341605,86,116691
1758,2021-10-24,AR,Argentina,AMRO,8597,5350202,70,116761
1759,2021-10-31,AR,Argentina,AMRO,9024,5359226,62,116823
1760,2021-11-07,AR,Argentina,AMRO,8642,5367868,64,116887
1761,2021-11-14,AR,Argentina,AMRO,9415,5377283,82,116969
1762,2021-11-21,AR,Argentina,AMRO,10247,5387530,99,117068
1763,2021-11-28,AR,Argentina,AMRO,11855,5399385,114,117182
1764,2021-12-05,AR,Argentina,AMRO,15763,5415148,117,117299
1765,2021-12-12,AR,Argentina,AMRO,20177,5435325,135,117434
1766,2021-12-19,AR,Argentina,AMRO,37801,5473126,163,117597
1767,2021-12-26,AR,Argentina,AMRO,86790,5559916,233,117830
1768,2022-01-02,AR,Argentina,AMRO,262012,5821928,421,118251
1769,2022-01-09,AR,Argentina,AMRO,647721,6469649,1003,119254
1770,2022-01-16,AR,Argentina,AMRO,770687,7240336,1808,121062
1771,2022-01-23,AR,Argentina,AMRO,727782,7968118,2464,123526
1772,2022-01-30,AR,Argentina,AMRO,432304,8400422,1988,125514
1773,2022-02-06,AR,Argentina,AMRO,226829,8627251,1212,126726
1774,2022-02-13,AR,Argentina,AMRO,124665,8751916,628,127354
1775,2022-02-20,AR,Argentina,AMRO,83236,8835152,454,127808
1776,2022-02-27,AR,Argentina,AMRO,64211,8899363,223,128031
1777,2022-03-06,AR,Argentina,AMRO,36613,8935976,113,128144
1778,2022-03-13,AR,Argentina,AMRO,31940,8967916,71,128215
1779,2022-03-20,AR,Argentina,AMRO,34029,9001945,51,128266
1780,2022-03-27,AR,Argentina,AMRO,15927,9017872,33,128299
1781,2022-04-03,AR,Argentina,AMRO,12994,9030866,31,128330
1782,2022-04-10,AR,Argentina,AMRO,9837,9040703,11,128341
1783,2022-04-17,AR,Argentina,AMRO,6695,9047398,3,128344
1784,2022-04-24,AR,Argentina,AMRO,24832,9072230,198,128542
1785,2022-05-01,AR,Argentina,AMRO,11443,9083673,111,128653
1786,2022-05-08,AR,Argentina,AMRO,17646,9101319,76,128729
1787,2022-05-15,AR,Argentina,AMRO,33989,9135308,47,128776
1788,2022-05-22,AR,Argentina,AMRO,43487,9178795,49,128825
1789,2022-05-29,AR,Argentina,AMRO,51778,9230573,64,128889
1790,2022-06-05,AR,Argentina,AMRO,46045,9276618,84,128973
1791,2022-06-12,AR,Argentina,AMRO,36835,9313453,21,128994
1792,2022-06-19,AR,Argentina,AMRO,28039,9341492,22,129016
1793,2022-06-26,AR,Argentina,AMRO,25680,9367172,54,129070
1794,2022-07-03,AR,Argentina,AMRO,27154,9394326,39,129109
1795,2022-07-10,AR,Argentina,AMRO,31845,9426171,36,129145
1796,2022-07-17,AR,Argentina,AMRO,39656,9465827,57,129202
1797,2022-07-24,AR,Argentina,AMRO,41735,9507562,76,129278
1798,2022-07-31,AR,Argentina,AMRO,52745,9560307,91,129369
1799,2022-08-07,AR,Argentina,AMRO,42227,9602534,71,129440
1800,2022-08-14,AR,Argentina,AMRO,31198,9633732,126,129566
1801,2022-08-21,AR,Argentina,AMRO,24659,9658391,80,129646
1802,2022-08-28,AR,Argentina,AMRO,19834,9678225,65,129711
1803,2022-09-04,AR,Argentina,AMRO,11636,9689861,58,129769
1804,2022-09-11,AR,Argentina,AMRO,7902,9697763,61,129830
1805,2022-09-18,AR,Argentina,AMRO,6175,9703938,25,129855
1806,2022-09-25,AR,Argentina,AMRO,4482,9708420,42,129897
1807,2022-10-02,AR,Argentina,AMRO,2935,9711355,40,129937
1808,2022-10-09,AR,Argentina,AMRO,2239,9713594,21,129958
1809,2022-10-16,AR,Argentina,AMRO,1870,9715464,12,129970
1810,2022-10-23,AR,Argentina,AMRO,2082,9717546,9,129979
1811,2022-10-30,AR,Argentina,AMRO,1329,9718875,12,129991
1812,2022-11-06,AR,Argentina,AMRO,1357,9720232,12,130003
1813,2022-11-13,AR,Argentina,AMRO,1486,9721718,8,130011
1814,2022-11-20,AR,Argentina,AMRO,2206,9723924,6,130017
1815,2022-11-27,AR,Argentina,AMRO,3323,9727247,8,130025
1816,2022-12-04,AR,Argentina,AMRO,12609,9739856,9,130034
1817,2022-12-11,AR,Argentina,AMRO,27119,9766975,7,130041
1818,2022-12-18,AR,Argentina,AMRO,62261,9829236,39,130080
1819,2022-12-25,AR,Argentina,AMRO,61903,9891139,44,130124
1820,2023-01-01,AR,Argentina,AMRO,72558,9963697,47,130171
1821,2023-01-08,AR,Argentina,AMRO,40982,10004679,78,130249
1822,2023-01-15,AR,Argentina,AMRO,19416,10024095,89,130338
1823,2023-01-22,AR,Argentina,AMRO,8614,10032709,56,130394
1824,2023-01-29,AR,Argentina,AMRO,4426,10037135,27,130421
1825,2023-02-05,AR,Argentina,AMRO,3194,10040329,16,130437
1826,2023-02-12,AR,Argentina,AMRO,1807,10042136,11,130448
1827,2023-02-19,AR,Argentina,AMRO,1172,10043308,10,130458
1828,2023-02-26,AR,Argentina,AMRO,817,10044125,5,130463
1829,2023-03-05,AR,Argentina,AMRO,832,10044957,9,130472
1830,2023-03-12,AR,Argentina,AMRO,0,10044957,0,130472
1831,2023-03-19,AR,Argentina,AMRO,0,10044957,0,130472
1832,2023-03-26,AR,Argentina,AMRO,0,10044957,0,130472
1833,2023-04-02,AR,Argentina,AMRO,0,10044957,0,130472
1834,2023-04-09,AR,Argentina,AMRO,0,10044957,0,130472
1835,2023-04-16,AR,Argentina,AMRO,0,10044957,0,130472
1836,2023-04-23,AR,Argentina,AMRO,0,10044957,0,130472
1837,2023-04-30,AR,Argentina,AMRO,0,10044957,0,130472
1838,2023-05-07,AR,Argentina,AMRO,0,10044957,0,130472
1839,2023-05-14,AR,Argentina,AMRO,0,10044957,0,130472
1840,2023-05-21,AR,Argentina,AMRO,0,10044957,0,130472
1841,2023-05-28,AR,Argentina,AMRO,420,10045377,2,130474
1842,2023-06-04,AR,Argentina,AMRO,448,10045825,2,130476
1843,2023-06-11,AR,Argentina,AMRO,528,10046353,5,130481
1844,2023-06-18,AR,Argentina,AMRO,502,10046855,3,130484
1845,2023-06-25,AR,Argentina,AMRO,580,10047435,5,130489
1846,2023-07-02,AR,Argentina,AMRO,705,10048140,6,130495
1847,2023-07-09,AR,Argentina,AMRO,788,10048928,7,130502
1848,2023-07-16,AR,Argentina,AMRO,593,10049521,10,130512
1849,2023-07-23,AR,Argentina,AMRO,589,10050110,6,130518
1850,2023-07-30,AR,Argentina,AMRO,758,10050868,8,130526
1851,2023-08-06,AR,Argentina,AMRO,942,10051810,6,130532
1852,2023-08-13,AR,Argentina,AMRO,1119,10052929,8,130540
1853,2023-08-20,AR,Argentina,AMRO,1676,10054605,6,130546
1854,2023-08-27,AR,Argentina,AMRO,2165,10056770,10,130556
1855,2023-09-03,AR,Argentina,AMRO,3090,10059860,15,130571
1856,2023-09-10,AR,Argentina,AMRO,2674,10062534,17,130588
1857,2023-09-17,AR,Argentina,AMRO,2192,10064726,21,130609
1858,2023-09-24,AR,Argentina,AMRO,1869,10066595,16,130625
1859,2023-10-01,AR,Argentina,AMRO,1305,10067900,9,130634
1860,2023-10-08,AR,Argentina,AMRO,1228,10069128,9,130643
1861,2023-10-15,AR,Argentina,AMRO,852,10069980,7,130650
1862,2023-10-22,AR,Argentina,AMRO,844,10070824,6,130656
1863,2023-10-29,AR,Argentina,AMRO,655,10071479,3,130659
1864,2023-11-05,AR,Argentina,AMRO,443,10071922,4,130663
1865,2023-11-12,AR,Argentina,AMRO,445,10072367,7,130670
1866,2023-11-19,AR,Argentina,AMRO,482,10072849,7,130677
1867,2023-11-26,AR,Argentina,AMRO,489,10073338,3,130680
1868,2023-12-03,AR,Argentina,AMRO,589,10073927,1,130681
1869,2023-12-10,AR,Argentina,AMRO,411,10074338,2,130683
1870,2023-12-17,AR,Argentina,AMRO,415,10074753,2,130685
1871,2023-12-24,AR,Argentina,AMRO,0,10074753,0,130685
1872,2020-01-05,AM,Armenia,EURO,0,0,0,0
1873,2020-01-12,AM,Armenia,EURO,0,0,0,0
1874,2020-01-19,AM,Armenia,EURO,0,0,0,0
1875,2020-01-26,AM,Armenia,EURO,0,0,0,0
1876,2020-02-02,AM,Armenia,EURO,0,0,0,0
1877,2020-02-09,AM,Armenia,EURO,0,0,0,0
1878,2020-02-16,AM,Armenia,EURO,0,0,0,0
1879,2020-02-23,AM,Armenia,EURO,0,0,0,0
1880,2020-03-01,AM,Armenia,EURO,0,0,0,0
1881,2020-03-08,AM,Armenia,EURO,1,1,0,0
1882,2020-03-15,AM,Armenia,EURO,19,20,0,0
1883,2020-03-22,AM,Armenia,EURO,170,190,0,0
1884,2020-03-29,AM,Armenia,EURO,234,424,1,1
1885,2020-04-05,AM,Armenia,EURO,398,822,6,7
1886,2020-04-12,AM,Armenia,EURO,191,1013,6,13
1887,2020-04-19,AM,Armenia,EURO,278,1291,7,20
1888,2020-04-26,AM,Armenia,EURO,455,1746,8,28
1889,2020-05-03,AM,Armenia,EURO,640,2386,7,35
1890,2020-05-10,AM,Armenia,EURO,927,3313,10,45
1891,2020-05-17,AM,Armenia,EURO,1159,4472,15,60
1892,2020-05-24,AM,Armenia,EURO,2189,6661,21,81
1893,2020-05-31,AM,Armenia,EURO,2621,9282,50,131
1894,2020-06-07,AM,Armenia,EURO,3848,13130,69,200
1895,2020-06-14,AM,Armenia,EURO,3537,16667,69,269
1896,2020-06-21,AM,Armenia,EURO,3601,20268,81,350
1897,2020-06-28,AM,Armenia,EURO,4377,24645,76,426
1898,2020-07-05,AM,Armenia,EURO,3961,28606,58,484
1899,2020-07-12,AM,Armenia,EURO,3363,31969,81,565
1900,2020-07-19,AM,Armenia,EURO,2908,34877,76,641
1901,2020-07-26,AM,Armenia,EURO,2440,37317,64,705
1902,2020-08-02,AM,Armenia,EURO,1733,39050,49,754
1903,2020-08-09,AM,Armenia,EURO,1360,40410,37,791
1904,2020-08-16,AM,Armenia,EURO,1253,41663,27,818
1905,2020-08-23,AM,Armenia,EURO,1129,42792,34,852
1906,2020-08-30,AM,Armenia,EURO,958,43750,25,877
1907,2020-09-06,AM,Armenia,EURO,1033,44783,20,897
1908,2020-09-13,AM,Armenia,EURO,1079,45862,19,916
1909,2020-09-20,AM,Armenia,EURO,1569,47431,14,930
1910,2020-09-27,AM,Armenia,EURO,1969,49400,21,951
1911,2020-10-04,AM,Armenia,EURO,3096,52496,26,977
1912,2020-10-11,AM,Armenia,EURO,3955,56451,43,1020
1913,2020-10-18,AM,Armenia,EURO,8243,64694,61,1081
1914,2020-10-25,AM,Armenia,EURO,13143,77837,99,1180
1915,2020-11-01,AM,Armenia,EURO,14417,92254,183,1363
1916,2020-11-08,AM,Armenia,EURO,14170,106424,196,1559
1917,2020-11-15,AM,Armenia,EURO,10913,117337,204,1763
1918,2020-11-22,AM,Armenia,EURO,8887,126224,189,1952
1919,2020-11-29,AM,Armenia,EURO,8544,134768,190,2142
1920,2020-12-06,AM,Armenia,EURO,7169,141937,184,2326
1921,2020-12-13,AM,Armenia,EURO,6388,148325,160,2486
1922,2020-12-20,AM,Armenia,EURO,5500,153825,144,2630
1923,2020-12-27,AM,Armenia,EURO,4009,157834,138,2768
1924,2021-01-03,AM,Armenia,EURO,2193,160027,82,2850
1925,2021-01-10,AM,Armenia,EURO,2104,162131,79,2929
1926,2021-01-17,AM,Armenia,EURO,2455,164586,63,2992
1927,2021-01-24,AM,Armenia,EURO,1450,166036,47,3039
1928,2021-01-31,AM,Armenia,EURO,990,167026,41,3080
1929,2021-02-07,AM,Armenia,EURO,1062,168088,37,3117
1930,2021-02-14,AM,Armenia,EURO,1079,169167,24,3141
1931,2021-02-21,AM,Armenia,EURO,1235,170402,23,3164
1932,2021-02-28,AM,Armenia,EURO,1656,172058,28,3192
1933,2021-03-07,AM,Armenia,EURO,2621,174679,29,3221
1934,2021-03-14,AM,Armenia,EURO,3706,178385,34,3255
1935,2021-03-21,AM,Armenia,EURO,5328,183713,93,3348
1936,2021-03-28,AM,Armenia,EURO,6604,190317,116,3464
1937,2021-04-04,AM,Armenia,EURO,6317,196634,128,3592
1938,2021-04-11,AM,Armenia,EURO,6183,202817,143,3735
1939,2021-04-18,AM,Armenia,EURO,5703,208520,143,3878
1940,2021-04-25,AM,Armenia,EURO,4768,213288,140,4018
1941,2021-05-02,AM,Armenia,EURO,3575,216863,121,4139
1942,2021-05-09,AM,Armenia,EURO,2407,219270,95,4234
1943,2021-05-16,AM,Armenia,EURO,1590,220860,89,4323
1944,2021-05-23,AM,Armenia,EURO,1088,221948,69,4392
1945,2021-05-30,AM,Armenia,EURO,688,222636,40,4432
1946,2021-06-06,AM,Armenia,EURO,544,223180,26,4458
1947,2021-06-13,AM,Armenia,EURO,502,223682,26,4484
1948,2021-06-20,AM,Armenia,EURO,545,224227,14,4498
1949,2021-06-27,AM,Armenia,EURO,570,224797,10,4508
1950,2021-07-04,AM,Armenia,EURO,756,225553,18,4526
1951,2021-07-11,AM,Armenia,EURO,835,226388,18,4544
1952,2021-07-18,AM,Armenia,EURO,1042,227430,22,4566
1953,2021-07-25,AM,Armenia,EURO,1368,228798,21,4587
1954,2021-08-01,AM,Armenia,EURO,1541,230339,32,4619
1955,2021-08-08,AM,Armenia,EURO,1818,232157,31,4650
1956,2021-08-15,AM,Armenia,EURO,2401,234558,45,4695
1957,2021-08-22,AM,Armenia,EURO,3076,237634,57,4752
1958,2021-08-29,AM,Armenia,EURO,3702,241336,71,4823
1959,2021-09-05,AM,Armenia,EURO,3689,245025,88,4911
1960,2021-09-12,AM,Armenia,EURO,3825,248850,91,5002
1961,2021-09-19,AM,Armenia,EURO,4750,253600,129,5131
1962,2021-09-26,AM,Armenia,EURO,4945,258545,120,5251
1963,2021-10-03,AM,Armenia,EURO,6145,264690,121,5372
1964,2021-10-10,AM,Armenia,EURO,7666,272356,177,5549
1965,2021-10-17,AM,Armenia,EURO,9635,281991,229,5778
1966,2021-10-24,AM,Armenia,EURO,13377,295368,235,6013
1967,2021-10-31,AM,Armenia,EURO,12958,308326,315,6328
1968,2021-11-07,AM,Armenia,EURO,12107,320433,342,6670
1969,2021-11-14,AM,Armenia,EURO,8530,328963,346,7016
1970,2021-11-21,AM,Armenia,EURO,5112,334075,262,7278
1971,2021-11-28,AM,Armenia,EURO,3856,337931,236,7514
1972,2021-12-05,AM,Armenia,EURO,2792,340723,169,7683
1973,2021-12-12,AM,Armenia,EURO,1815,342538,119,7802
1974,2021-12-19,AM,Armenia,EURO,1098,343636,97,7899
1975,2021-12-26,AM,Armenia,EURO,845,344481,44,7943
1976,2022-01-02,AM,Armenia,EURO,526,345007,34,7977
1977,2022-01-09,AM,Armenia,EURO,848,345855,24,8001
1978,2022-01-16,AM,Armenia,EURO,1762,347617,18,8019
1979,2022-01-23,AM,Armenia,EURO,4094,351711,9,8028
1980,2022-01-30,AM,Armenia,EURO,14722,366433,18,8046
1981,2022-02-06,AM,Armenia,EURO,23524,389957,40,8086
1982,2022-02-13,AM,Armenia,EURO,16422,406379,81,8167
1983,2022-02-20,AM,Armenia,EURO,9085,415464,155,8322
1984,2022-02-27,AM,Armenia,EURO,4229,419693,127,8449
1985,2022-03-06,AM,Armenia,EURO,1648,421341,87,8536
1986,2022-03-13,AM,Armenia,EURO,663,422004,36,8572
1987,2022-03-20,AM,Armenia,EURO,303,422307,23,8595
1988,2022-03-27,AM,Armenia,EURO,151,422458,15,8610
1989,2022-04-03,AM,Armenia,EURO,116,422574,7,8617
1990,2022-04-10,AM,Armenia,EURO,103,422677,3,8620
1991,2022-04-17,AM,Armenia,EURO,85,422762,1,8621
1992,2022-04-24,AM,Armenia,EURO,63,422825,1,8622
1993,2022-05-01,AM,Armenia,EURO,46,422871,0,8622
1994,2022-05-08,AM,Armenia,EURO,21,422892,1,8623
1995,2022-05-15,AM,Armenia,EURO,25,422917,0,8623
1996,2022-05-22,AM,Armenia,EURO,18,422935,1,8624
1997,2022-05-29,AM,Armenia,EURO,25,422960,1,8625
1998,2022-06-05,AM,Armenia,EURO,3,422963,0,8625
1999,2022-06-12,AM,Armenia,EURO,43,423006,0,8625
2000,2022-06-19,AM,Armenia,EURO,38,423044,0,8625
2001,2022-06-26,AM,Armenia,EURO,60,423104,0,8625
2002,2022-07-03,AM,Armenia,EURO,139,423243,1,8626
2003,2022-07-10,AM,Armenia,EURO,174,423417,0,8626
2004,2022-07-17,AM,Armenia,EURO,354,423771,0,8626
2005,2022-07-24,AM,Armenia,EURO,629,424400,0,8626
2006,2022-07-31,AM,Armenia,EURO,965,425365,7,8633
2007,2022-08-07,AM,Armenia,EURO,1434,426799,2,8635
2008,2022-08-14,AM,Armenia,EURO,1849,428648,2,8637
2009,2022-08-21,AM,Armenia,EURO,1713,430361,6,8643
2010,2022-08-28,AM,Armenia,EURO,1913,432274,5,8648
2011,2022-09-04,AM,Armenia,EURO,2124,434398,7,8655
2012,2022-09-11,AM,Armenia,EURO,2329,436727,7,8662
2013,2022-09-18,AM,Armenia,EURO,2086,438813,7,8669
2014,2022-09-25,AM,Armenia,EURO,2142,440955,4,8673
2015,2022-10-02,AM,Armenia,EURO,1431,442386,4,8677
2016,2022-10-09,AM,Armenia,EURO,910,443296,8,8685
2017,2022-10-16,AM,Armenia,EURO,697,443993,9,8694
2018,2022-10-23,AM,Armenia,EURO,387,444380,6,8700
2019,2022-10-30,AM,Armenia,EURO,231,444611,0,8700
2020,2022-11-06,AM,Armenia,EURO,172,444783,3,8703
2021,2022-11-13,AM,Armenia,EURO,185,444968,0,8703
2022,2022-11-20,AM,Armenia,EURO,146,445114,0,8703
2023,2022-11-27,AM,Armenia,EURO,148,445262,0,8703
2024,2022-12-04,AM,Armenia,EURO,119,445381,1,8704
2025,2022-12-11,AM,Armenia,EURO,91,445472,2,8706
2026,2022-12-18,AM,Armenia,EURO,53,445525,0,8706
2027,2022-12-25,AM,Armenia,EURO,58,445583,2,8708
2028,2023-01-01,AM,Armenia,EURO,37,445620,2,8710
2029,2023-01-08,AM,Armenia,EURO,32,445652,1,8711
2030,2023-01-15,AM,Armenia,EURO,39,445691,2,8713
2031,2023-01-22,AM,Armenia,EURO,69,445760,0,8713
2032,2023-01-29,AM,Armenia,EURO,88,445848,0,8713
2033,2023-02-05,AM,Armenia,EURO,105,445953,0,8713
2034,2023-02-12,AM,Armenia,EURO,110,446063,2,8715
2035,2023-02-19,AM,Armenia,EURO,170,446233,1,8716
2036,2023-02-26,AM,Armenia,EURO,230,446463,2,8718
2037,2023-03-05,AM,Armenia,EURO,356,446819,3,8721
2038,2023-03-12,AM,Armenia,EURO,470,447289,6,8727
2039,2023-03-19,AM,Armenia,EURO,441,447730,5,8732
2040,2023-03-26,AM,Armenia,EURO,421,448151,7,8739
2041,2023-04-02,AM,Armenia,EURO,307,448458,4,8743
2042,2023-04-09,AM,Armenia,EURO,249,448707,0,8743
2043,2023-04-16,AM,Armenia,EURO,139,448846,2,8745
2044,2023-04-23,AM,Armenia,EURO,134,448980,1,8746
2045,2023-04-30,AM,Armenia,EURO,82,449062,1,8747
2046,2023-05-07,AM,Armenia,EURO,51,449113,2,8749
2047,2023-05-14,AM,Armenia,EURO,35,449148,0,8749
2048,2023-05-21,AM,Armenia,EURO,21,449169,1,8750
2049,2023-05-28,AM,Armenia,EURO,34,449203,0,8750
2050,2023-06-04,AM,Armenia,EURO,10,449213,0,8750
2051,2023-06-11,AM,Armenia,EURO,9,449222,0,8750
2052,2023-06-18,AM,Armenia,EURO,9,449231,0,8750
2053,2023-06-25,AM,Armenia,EURO,2,449233,1,8751
2054,2023-07-02,AM,Armenia,EURO,22,449255,0,8751
2055,2023-07-09,AM,Armenia,EURO,5,449260,0,8751
2056,2023-07-16,AM,Armenia,EURO,3,449263,0,8751
2057,2023-07-23,AM,Armenia,EURO,10,449273,0,8751
2058,2023-07-30,AM,Armenia,EURO,9,449282,0,8751
2059,2023-08-06,AM,Armenia,EURO,11,449293,0,8751
2060,2023-08-13,AM,Armenia,EURO,6,449299,0,8751
2061,2023-08-20,AM,Armenia,EURO,21,449320,0,8751
2062,2023-08-27,AM,Armenia,EURO,37,449357,0,8751
2063,2023-09-03,AM,Armenia,EURO,31,449388,0,8751
2064,2023-09-10,AM,Armenia,EURO,77,449465,0,8751
2065,2023-09-17,AM,Armenia,EURO,63,449528,0,8751
2066,2023-09-24,AM,Armenia,EURO,122,449650,0,8751
2067,2023-10-01,AM,Armenia,EURO,217,449867,2,8753
2068,2023-10-08,AM,Armenia,EURO,233,450100,3,8756
2069,2023-10-15,AM,Armenia,EURO,234,450334,6,8762
2070,2023-10-22,AM,Armenia,EURO,236,450570,3,8765
2071,2023-10-29,AM,Armenia,EURO,162,450732,2,8767
2072,2023-11-05,AM,Armenia,EURO,141,450873,2,8769
2073,2023-11-12,AM,Armenia,EURO,119,450992,5,8774
2074,2023-11-19,AM,Armenia,EURO,115,451107,0,8774
2075,2023-11-26,AM,Armenia,EURO,0,451107,0,8774
2076,2023-12-03,AM,Armenia,EURO,0,451107,0,8774
2077,2023-12-10,AM,Armenia,EURO,0,451107,0,8774
2078,2023-12-17,AM,Armenia,EURO,165,451272,1,8775
2079,2023-12-24,AM,Armenia,EURO,81,451353,1,8776
2080,2020-01-05,AW,Aruba,AMRO,0,0,0,0
2081,2020-01-12,AW,Aruba,AMRO,0,0,0,0
2082,2020-01-19,AW,Aruba,AMRO,0,0,0,0
2083,2020-01-26,AW,Aruba,AMRO,0,0,0,0
2084,2020-02-02,AW,Aruba,AMRO,0,0,0,0
2085,2020-02-09,AW,Aruba,AMRO,0,0,0,0
2086,2020-02-16,AW,Aruba,AMRO,0,0,0,0
2087,2020-02-23,AW,Aruba,AMRO,0,0,0,0
2088,2020-03-01,AW,Aruba,AMRO,0,0,0,0
2089,2020-03-08,AW,Aruba,AMRO,0,0,0,0
2090,2020-03-15,AW,Aruba,AMRO,0,0,0,0
2091,2020-03-22,AW,Aruba,AMRO,5,5,0,0
2092,2020-03-29,AW,Aruba,AMRO,41,46,0,0
2093,2020-04-05,AW,Aruba,AMRO,18,64,0,0
2094,2020-04-12,AW,Aruba,AMRO,28,92,0,0
2095,2020-04-19,AW,Aruba,AMRO,4,96,2,2
2096,2020-04-26,AW,Aruba,AMRO,4,100,0,2
2097,2020-05-03,AW,Aruba,AMRO,0,100,0,2
2098,2020-05-10,AW,Aruba,AMRO,1,101,1,3
2099,2020-05-17,AW,Aruba,AMRO,0,101,0,3
2100,2020-05-24,AW,Aruba,AMRO,0,101,0,3
2101,2020-05-31,AW,Aruba,AMRO,0,101,0,3
2102,2020-06-07,AW,Aruba,AMRO,0,101,0,3
2103,2020-06-14,AW,Aruba,AMRO,0,101,0,3
2104,2020-06-21,AW,Aruba,AMRO,0,101,0,3
2105,2020-06-28,AW,Aruba,AMRO,0,101,0,3
2106,2020-07-05,AW,Aruba,AMRO,3,104,0,3
2107,2020-07-12,AW,Aruba,AMRO,1,105,0,3
2108,2020-07-19,AW,Aruba,AMRO,3,108,0,3
2109,2020-07-26,AW,Aruba,AMRO,9,117,0,3
2110,2020-08-02,AW,Aruba,AMRO,3,120,0,3
2111,2020-08-09,AW,Aruba,AMRO,143,263,0,3
2112,2020-08-16,AW,Aruba,AMRO,631,894,1,4
2113,2020-08-23,AW,Aruba,AMRO,493,1387,2,6
2114,2020-08-30,AW,Aruba,AMRO,461,1848,2,8
2115,2020-09-06,AW,Aruba,AMRO,444,2292,5,13
2116,2020-09-13,AW,Aruba,AMRO,527,2819,3,16
2117,2020-09-20,AW,Aruba,AMRO,563,3382,7,23
2118,2020-09-27,AW,Aruba,AMRO,374,3756,2,25
2119,2020-10-04,AW,Aruba,AMRO,242,3998,2,27
2120,2020-10-11,AW,Aruba,AMRO,152,4150,4,31
2121,2020-10-18,AW,Aruba,AMRO,135,4285,1,32
2122,2020-10-25,AW,Aruba,AMRO,104,4389,4,36
2123,2020-11-01,AW,Aruba,AMRO,83,4472,1,37
2124,2020-11-08,AW,Aruba,AMRO,92,4564,2,39
2125,2020-11-15,AW,Aruba,AMRO,75,4639,4,43
2126,2020-11-22,AW,Aruba,AMRO,54,4693,2,45
2127,2020-11-29,AW,Aruba,AMRO,98,4791,0,45
2128,2020-12-06,AW,Aruba,AMRO,132,4923,0,45
2129,2020-12-13,AW,Aruba,AMRO,88,5011,1,46
2130,2020-12-20,AW,Aruba,AMRO,113,5124,1,47
2131,2020-12-27,AW,Aruba,AMRO,104,5228,0,47
2132,2021-01-03,AW,Aruba,AMRO,214,5442,2,49
2133,2021-01-10,AW,Aruba,AMRO,441,5883,1,50
2134,2021-01-17,AW,Aruba,AMRO,413,6296,2,52
2135,2021-01-24,AW,Aruba,AMRO,327,6623,0,52
2136,2021-01-31,AW,Aruba,AMRO,235,6858,6,58
2137,2021-02-07,AW,Aruba,AMRO,276,7134,3,61
2138,2021-02-14,AW,Aruba,AMRO,204,7338,7,68
2139,2021-02-21,AW,Aruba,AMRO,215,7553,2,70
2140,2021-02-28,AW,Aruba,AMRO,251,7804,1,71
2141,2021-03-07,AW,Aruba,AMRO,205,8009,4,75
2142,2021-03-14,AW,Aruba,AMRO,263,8272,2,77
2143,2021-03-21,AW,Aruba,AMRO,352,8624,4,81
2144,2021-03-28,AW,Aruba,AMRO,449,9073,1,82
2145,2021-04-04,AW,Aruba,AMRO,430,9503,4,86
2146,2021-04-11,AW,Aruba,AMRO,393,9896,6,92
2147,2021-04-18,AW,Aruba,AMRO,323,10219,0,92
2148,2021-04-25,AW,Aruba,AMRO,250,10469,3,95
2149,2021-05-02,AW,Aruba,AMRO,139,10608,3,98
2150,2021-05-09,AW,Aruba,AMRO,129,10737,2,100
2151,2021-05-16,AW,Aruba,AMRO,89,10826,4,104
2152,2021-05-23,AW,Aruba,AMRO,66,10892,2,106
2153,2021-05-30,AW,Aruba,AMRO,65,10957,1,107
2154,2021-06-06,AW,Aruba,AMRO,61,11018,0,107
2155,2021-06-13,AW,Aruba,AMRO,51,11069,0,107
2156,2021-06-20,AW,Aruba,AMRO,30,11099,0,107
2157,2021-06-27,AW,Aruba,AMRO,26,11125,0,107
2158,2021-07-04,AW,Aruba,AMRO,15,11140,0,107
2159,2021-07-11,AW,Aruba,AMRO,21,11161,0,107
2160,2021-07-18,AW,Aruba,AMRO,37,11198,1,108
2161,2021-07-25,AW,Aruba,AMRO,94,11292,1,109
2162,2021-08-01,AW,Aruba,AMRO,292,11584,0,109
2163,2021-08-08,AW,Aruba,AMRO,544,12128,2,111
2164,2021-08-15,AW,Aruba,AMRO,801,12929,4,115
2165,2021-08-22,AW,Aruba,AMRO,790,13719,9,124
2166,2021-08-29,AW,Aruba,AMRO,599,14318,9,133
2167,2021-09-05,AW,Aruba,AMRO,401,14719,15,148
2168,2021-09-12,AW,Aruba,AMRO,272,14991,6,154
2169,2021-09-19,AW,Aruba,AMRO,186,15177,2,156
2170,2021-09-26,AW,Aruba,AMRO,174,15351,4,160
2171,2021-10-03,AW,Aruba,AMRO,149,15500,6,166
2172,2021-10-10,AW,Aruba,AMRO,87,15587,3,169
2173,2021-10-17,AW,Aruba,AMRO,105,15692,1,170
2174,2021-10-24,AW,Aruba,AMRO,87,15779,1,171
2175,2021-10-31,AW,Aruba,AMRO,103,15882,0,171
2176,2021-11-07,AW,Aruba,AMRO,67,15949,0,171
2177,2021-11-14,AW,Aruba,AMRO,108,16057,1,172
2178,2021-11-21,AW,Aruba,AMRO,92,16149,1,173
2179,2021-11-28,AW,Aruba,AMRO,114,16263,1,174
2180,2021-12-05,AW,Aruba,AMRO,129,16392,0,174
2181,2021-12-12,AW,Aruba,AMRO,139,16531,2,176
2182,2021-12-19,AW,Aruba,AMRO,185,16716,2,178
2183,2021-12-26,AW,Aruba,AMRO,449,17165,3,181
2184,2022-01-02,AW,Aruba,AMRO,2554,19719,0,181
2185,2022-01-09,AW,Aruba,AMRO,5535,25254,0,181
2186,2022-01-16,AW,Aruba,AMRO,4440,29694,3,184
2187,2022-01-23,AW,Aruba,AMRO,2141,31835,3,187
2188,2022-01-30,AW,Aruba,AMRO,883,32718,6,193
2189,2022-02-06,AW,Aruba,AMRO,482,33200,1,194
2190,2022-02-13,AW,Aruba,AMRO,236,33436,2,196
2191,2022-02-20,AW,Aruba,AMRO,132,33568,2,198
2192,2022-02-27,AW,Aruba,AMRO,87,33655,13,211
2193,2022-03-06,AW,Aruba,AMRO,29,33684,0,211
2194,2022-03-13,AW,Aruba,AMRO,48,33732,1,212
2195,2022-03-20,AW,Aruba,AMRO,85,33817,0,212
2196,2022-03-27,AW,Aruba,AMRO,26,33843,0,212
2197,2022-04-03,AW,Aruba,AMRO,123,33966,0,212
2198,2022-04-10,AW,Aruba,AMRO,123,34089,0,212
2199,2022-04-17,AW,Aruba,AMRO,175,34264,0,212
2200,2022-04-24,AW,Aruba,AMRO,182,34446,0,212
2201,2022-05-01,AW,Aruba,AMRO,247,34693,0,212
2202,2022-05-08,AW,Aruba,AMRO,272,34965,0,212
2203,2022-05-15,AW,Aruba,AMRO,369,35334,0,212
2204,2022-05-22,AW,Aruba,AMRO,586,35920,1,213
2205,2022-05-29,AW,Aruba,AMRO,644,36564,0,213
2206,2022-06-05,AW,Aruba,AMRO,788,37352,0,213
2207,2022-06-12,AW,Aruba,AMRO,949,38301,3,216
2208,2022-06-19,AW,Aruba,AMRO,1038,39339,3,219
2209,2022-06-26,AW,Aruba,AMRO,840,40179,2,221
2210,2022-07-03,AW,Aruba,AMRO,539,40718,0,221
2211,2022-07-10,AW,Aruba,AMRO,282,41000,1,222
2212,2022-07-17,AW,Aruba,AMRO,445,41445,2,224
2213,2022-07-24,AW,Aruba,AMRO,342,41787,0,224
2214,2022-07-31,AW,Aruba,AMRO,293,42080,0,224
2215,2022-08-07,AW,Aruba,AMRO,206,42286,2,226
2216,2022-08-14,AW,Aruba,AMRO,192,42478,0,226
2217,2022-08-21,AW,Aruba,AMRO,160,42638,1,227
2218,2022-08-28,AW,Aruba,AMRO,112,42750,0,227
2219,2022-09-04,AW,Aruba,AMRO,98,42848,0,227
2220,2022-09-11,AW,Aruba,AMRO,122,42970,1,228
2221,2022-09-18,AW,Aruba,AMRO,0,42970,0,228
2222,2022-09-25,AW,Aruba,AMRO,0,42970,0,228
2223,2022-10-02,AW,Aruba,AMRO,175,43145,2,230
2224,2022-10-09,AW,Aruba,AMRO,66,43211,1,231
2225,2022-10-16,AW,Aruba,AMRO,40,43251,1,232
2226,2022-10-23,AW,Aruba,AMRO,40,43291,0,232
2227,2022-10-30,AW,Aruba,AMRO,43,43334,0,232
2228,2022-11-06,AW,Aruba,AMRO,45,43379,1,233
2229,2022-11-13,AW,Aruba,AMRO,44,43423,1,234
2230,2022-11-20,AW,Aruba,AMRO,71,43494,1,235
2231,2022-11-27,AW,Aruba,AMRO,74,43568,1,236
2232,2022-12-04,AW,Aruba,AMRO,73,43641,0,236
2233,2022-12-11,AW,Aruba,AMRO,52,43693,44,280
2234,2022-12-18,AW,Aruba,AMRO,0,43693,0,280
2235,2022-12-25,AW,Aruba,AMRO,59,43752,0,280
2236,2023-01-01,AW,Aruba,AMRO,108,43860,0,280
2237,2023-01-08,AW,Aruba,AMRO,0,43860,0,280
2238,2023-01-15,AW,Aruba,AMRO,76,43936,1,281
2239,2023-01-22,AW,Aruba,AMRO,29,43965,0,281
2240,2023-01-29,AW,Aruba,AMRO,28,43993,0,281
2241,2023-02-05,AW,Aruba,AMRO,0,43993,0,281
2242,2023-02-12,AW,Aruba,AMRO,33,44026,1,282
2243,2023-02-19,AW,Aruba,AMRO,0,44026,0,282
2244,2023-02-26,AW,Aruba,AMRO,18,44044,0,282
2245,2023-03-05,AW,Aruba,AMRO,22,44066,4,286
2246,2023-03-12,AW,Aruba,AMRO,16,44082,0,286
2247,2023-03-19,AW,Aruba,AMRO,9,44091,1,287
2248,2023-03-26,AW,Aruba,AMRO,8,44099,0,287
2249,2023-04-02,AW,Aruba,AMRO,15,44114,0,287
2250,2023-04-09,AW,Aruba,AMRO,0,44114,0,287
2251,2023-04-16,AW,Aruba,AMRO,0,44114,0,287
2252,2023-04-23,AW,Aruba,AMRO,0,44114,0,287
2253,2023-04-30,AW,Aruba,AMRO,0,44114,0,287
2254,2023-05-07,AW,Aruba,AMRO,66,44180,1,288
2255,2023-05-14,AW,Aruba,AMRO,0,44180,0,288
2256,2023-05-21,AW,Aruba,AMRO,0,44180,0,288
2257,2023-05-28,AW,Aruba,AMRO,0,44180,0,288
2258,2023-06-04,AW,Aruba,AMRO,20,44200,2,290
2259,2023-06-11,AW,Aruba,AMRO,0,44200,0,290
2260,2023-06-18,AW,Aruba,AMRO,0,44200,0,290
2261,2023-06-25,AW,Aruba,AMRO,0,44200,0,290
2262,2023-07-02,AW,Aruba,AMRO,24,44224,2,292
2263,2023-07-09,AW,Aruba,AMRO,0,44224,0,292
2264,2023-07-16,AW,Aruba,AMRO,0,44224,0,292
2265,2023-07-23,AW,Aruba,AMRO,0,44224,0,292
2266,2023-07-30,AW,Aruba,AMRO,0,44224,0,292
2267,2023-08-06,AW,Aruba,AMRO,0,44224,0,292
2268,2023-08-13,AW,Aruba,AMRO,0,44224,0,292
2269,2023-08-20,AW,Aruba,AMRO,0,44224,0,292
2270,2023-08-27,AW,Aruba,AMRO,0,44224,0,292
2271,2023-09-03,AW,Aruba,AMRO,0,44224,0,292
2272,2023-09-10,AW,Aruba,AMRO,0,44224,0,292
2273,2023-09-17,AW,Aruba,AMRO,0,44224,0,292
2274,2023-09-24,AW,Aruba,AMRO,0,44224,0,292
2275,2023-10-01,AW,Aruba,AMRO,0,44224,0,292
2276,2023-10-08,AW,Aruba,AMRO,0,44224,0,292
2277,2023-10-15,AW,Aruba,AMRO,0,44224,0,292
2278,2023-10-22,AW,Aruba,AMRO,0,44224,0,292
2279,2023-10-29,AW,Aruba,AMRO,0,44224,0,292
2280,2023-11-05,AW,Aruba,AMRO,0,44224,0,292
2281,2023-11-12,AW,Aruba,AMRO,0,44224,0,292
2282,2023-11-19,AW,Aruba,AMRO,0,44224,0,292
2283,2023-11-26,AW,Aruba,AMRO,0,44224,0,292
2284,2023-12-03,AW,Aruba,AMRO,0,44224,0,292
2285,2023-12-10,AW,Aruba,AMRO,0,44224,0,292
2286,2023-12-17,AW,Aruba,AMRO,0,44224,0,292
2287,2023-12-24,AW,Aruba,AMRO,0,44224,0,292
2288,2020-01-05,AU,Australia,WPRO,0,0,0,0
2289,2020-01-12,AU,Australia,WPRO,0,0,0,0
2290,2020-01-19,AU,Australia,WPRO,0,0,0,0
2291,2020-01-26,AU,Australia,WPRO,4,4,0,0
2292,2020-02-02,AU,Australia,WPRO,8,12,0,0
2293,2020-02-09,AU,Australia,WPRO,3,15,0,0
2294,2020-02-16,AU,Australia,WPRO,0,15,0,0
2295,2020-02-23,AU,Australia,WPRO,7,22,0,0
2296,2020-03-01,AU,Australia,WPRO,3,25,0,0
2297,2020-03-08,AU,Australia,WPRO,45,70,4,4
2298,2020-03-15,AU,Australia,WPRO,179,249,3,7
2299,2020-03-22,AU,Australia,WPRO,832,1081,2,9
2300,2020-03-29,AU,Australia,WPRO,2728,3809,7,16
2301,2020-04-05,AU,Australia,WPRO,1826,5635,20,36
2302,2020-04-12,AU,Australia,WPRO,654,6289,25,61
2303,2020-04-19,AU,Australia,WPRO,297,6586,12,73
2304,2020-04-26,AU,Australia,WPRO,117,6703,12,85
2305,2020-05-03,AU,Australia,WPRO,80,6783,14,99
2306,2020-05-10,AU,Australia,WPRO,146,6929,2,101
2307,2020-05-17,AU,Australia,WPRO,107,7036,2,103
2308,2020-05-24,AU,Australia,WPRO,70,7106,4,107
2309,2020-05-31,AU,Australia,WPRO,79,7185,0,107
2310,2020-06-07,AU,Australia,WPRO,70,7255,0,107
2311,2020-06-14,AU,Australia,WPRO,47,7302,0,107
2312,2020-06-21,AU,Australia,WPRO,134,7436,0,107
2313,2020-06-28,AU,Australia,WPRO,205,7641,1,108
2314,2020-07-05,AU,Australia,WPRO,721,8362,1,109
2315,2020-07-12,AU,Australia,WPRO,1191,9553,4,113
2316,2020-07-19,AU,Australia,WPRO,1888,11441,16,129
2317,2020-07-26,AU,Australia,WPRO,2509,13950,45,174
2318,2020-08-02,AU,Australia,WPRO,3332,17282,95,269
2319,2020-08-09,AU,Australia,WPRO,3416,20698,106,375
2320,2020-08-16,AU,Australia,WPRO,2337,23035,138,513
2321,2020-08-23,AU,Australia,WPRO,1567,24602,114,627
2322,2020-08-30,AU,Australia,WPRO,945,25547,97,724
2323,2020-09-06,AU,Australia,WPRO,660,26207,58,782
2324,2020-09-13,AU,Australia,WPRO,400,26607,46,828
2325,2020-09-20,AU,Australia,WPRO,278,26885,36,864
2326,2020-09-27,AU,Australia,WPRO,131,27016,23,887
2327,2020-10-04,AU,Australia,WPRO,105,27121,19,906
2328,2020-10-11,AU,Australia,WPRO,123,27244,5,911
2329,2020-10-18,AU,Australia,WPRO,139,27383,1,912
2330,2020-10-25,AU,Australia,WPRO,116,27499,2,914
2331,2020-11-01,AU,Australia,WPRO,91,27590,0,914
2332,2020-11-08,AU,Australia,WPRO,62,27652,0,914
2333,2020-11-15,AU,Australia,WPRO,59,27711,3,917
2334,2020-11-22,AU,Australia,WPRO,96,27807,0,917
2335,2020-11-29,AU,Australia,WPRO,78,27885,1,918
2336,2020-12-06,AU,Australia,WPRO,71,27956,1,919
2337,2020-12-13,AU,Australia,WPRO,69,28025,0,919
2338,2020-12-20,AU,Australia,WPRO,103,28128,0,919
2339,2020-12-27,AU,Australia,WPRO,168,28296,1,920
2340,2021-01-03,AU,Australia,WPRO,187,28483,2,922
2341,2021-01-10,AU,Australia,WPRO,112,28595,0,922
2342,2021-01-17,AU,Australia,WPRO,113,28708,1,923
2343,2021-01-24,AU,Australia,WPRO,58,28766,0,923
2344,2021-01-31,AU,Australia,WPRO,45,28811,0,923
2345,2021-02-07,AU,Australia,WPRO,39,28850,0,923
2346,2021-02-14,AU,Australia,WPRO,48,28898,0,923
2347,2021-02-21,AU,Australia,WPRO,28,28926,1,924
2348,2021-02-28,AU,Australia,WPRO,44,28970,0,924
2349,2021-03-07,AU,Australia,WPRO,67,29037,0,924
2350,2021-03-14,AU,Australia,WPRO,80,29117,1,925
2351,2021-03-21,AU,Australia,WPRO,79,29196,0,925
2352,2021-03-28,AU,Australia,WPRO,64,29260,0,925
2353,2021-04-04,AU,Australia,WPRO,88,29348,1,926
2354,2021-04-11,AU,Australia,WPRO,57,29405,0,926
2355,2021-04-18,AU,Australia,WPRO,114,29519,2,928
2356,2021-04-25,AU,Australia,WPRO,147,29666,0,928
2357,2021-05-02,AU,Australia,WPRO,160,29826,0,928
2358,2021-05-09,AU,Australia,WPRO,97,29923,0,928
2359,2021-05-16,AU,Australia,WPRO,52,29975,0,928
2360,2021-05-23,AU,Australia,WPRO,36,30011,0,928
2361,2021-05-30,AU,Australia,WPRO,87,30098,0,928
2362,2021-06-06,AU,Australia,WPRO,357,30455,0,928
2363,2021-06-13,AU,Australia,WPRO,58,30513,0,928
2364,2021-06-20,AU,Australia,WPRO,87,30600,0,928
2365,2021-06-27,AU,Australia,WPRO,235,30835,0,928
2366,2021-07-04,AU,Australia,WPRO,276,31111,0,928
2367,2021-07-11,AU,Australia,WPRO,549,31660,2,930
2368,2021-07-18,AU,Australia,WPRO,875,32535,5,935
2369,2021-07-25,AU,Australia,WPRO,1260,33795,5,940
2370,2021-08-01,AU,Australia,WPRO,1667,35462,7,947
2371,2021-08-08,AU,Australia,WPRO,2313,37775,16,963
2372,2021-08-15,AU,Australia,WPRO,3613,41388,27,990
2373,2021-08-22,AU,Australia,WPRO,6133,47521,22,1012
2374,2021-08-29,AU,Australia,WPRO,8140,55661,20,1032
2375,2021-09-05,AU,Australia,WPRO,11094,66755,52,1084
2376,2021-09-12,AU,Australia,WPRO,12596,79351,56,1140
2377,2021-09-19,AU,Australia,WPRO,12301,91652,77,1217
2378,2021-09-26,AU,Australia,WPRO,12498,104150,95,1312
2379,2021-10-03,AU,Australia,WPRO,15401,119551,110,1422
2380,2021-10-10,AU,Australia,WPRO,15281,134832,119,1541
2381,2021-10-17,AU,Australia,WPRO,15347,150179,105,1646
2382,2021-10-24,AU,Australia,WPRO,13759,163938,108,1754
2383,2021-10-31,AU,Australia,WPRO,10046,173984,112,1866
2384,2021-11-07,AU,Australia,WPRO,9666,183650,97,1963
2385,2021-11-14,AU,Australia,WPRO,8701,192351,66,2029
2386,2021-11-21,AU,Australia,WPRO,9330,201681,81,2110
2387,2021-11-28,AU,Australia,WPRO,9744,211425,56,2166
2388,2021-12-05,AU,Australia,WPRO,10526,221951,52,2218
2389,2021-12-12,AU,Australia,WPRO,13403,235354,36,2254
2390,2021-12-19,AU,Australia,WPRO,31489,266843,54,2308
2391,2021-12-26,AU,Australia,WPRO,99764,366607,69,2377
2392,2022-01-02,AU,Australia,WPRO,289614,656221,103,2480
2393,2022-01-09,AU,Australia,WPRO,588813,1245034,219,2699
2394,2022-01-16,AU,Australia,WPRO,462325,1707359,440,3139
2395,2022-01-23,AU,Australia,WPRO,347960,2055319,660,3799
2396,2022-01-30,AU,Australia,WPRO,267817,2323136,670,4469
2397,2022-02-06,AU,Australia,WPRO,201112,2524248,581,5050
2398,2022-02-13,AU,Australia,WPRO,171754,2696002,436,5486
2399,2022-02-20,AU,Australia,WPRO,160429,2856431,324,5810
2400,2022-02-27,AU,Australia,WPRO,160402,3016833,242,6052
2401,2022-03-06,AU,Australia,WPRO,195717,3212550,151,6203
2402,2022-03-13,AU,Australia,WPRO,241848,3454398,140,6343
2403,2022-03-20,AU,Australia,WPRO,327240,3781638,139,6482
2404,2022-03-27,AU,Australia,WPRO,385762,4167400,149,6631
2405,2022-04-03,AU,Australia,WPRO,395982,4563382,200,6831
2406,2022-04-10,AU,Australia,WPRO,359765,4923147,198,7029
2407,2022-04-17,AU,Australia,WPRO,306184,5229331,250,7279
2408,2022-04-24,AU,Australia,WPRO,289282,5518613,315,7594
2409,2022-05-01,AU,Australia,WPRO,272054,5790667,295,7889
2410,2022-05-08,AU,Australia,WPRO,304061,6094728,315,8204
2411,2022-05-15,AU,Australia,WPRO,350375,6445103,339,8543
2412,2022-05-22,AU,Australia,WPRO,311716,6756819,317,8860
2413,2022-05-29,AU,Australia,WPRO,240429,6997248,344,9204
2414,2022-06-05,AU,Australia,WPRO,199964,7197212,375,9579
2415,2022-06-12,AU,Australia,WPRO,184472,7381684,331,9910
2416,2022-06-19,AU,Australia,WPRO,191043,7572727,344,10254
2417,2022-06-26,AU,Australia,WPRO,204308,7777035,324,10578
2418,2022-07-03,AU,Australia,WPRO,0,7777035,344,10922
2419,2022-07-10,AU,Australia,WPRO,243697,8020732,400,11322
2420,2022-07-17,AU,Australia,WPRO,271605,8292337,451,11773
2421,2022-07-24,AU,Australia,WPRO,303029,8595366,607,12380
2422,2022-07-31,AU,Australia,WPRO,319779,8915145,618,12998
2423,2022-08-07,AU,Australia,WPRO,259334,9174479,603,13601
2424,2022-08-14,AU,Australia,WPRO,200397,9374876,526,14127
2425,2022-08-21,AU,Australia,WPRO,139178,9514054,375,14502
2426,2022-08-28,AU,Australia,WPRO,103184,9617238,329,14831
2427,2022-09-04,AU,Australia,WPRO,79985,9697223,240,15071
2428,2022-09-11,AU,Australia,WPRO,63392,9760615,214,15285
2429,2022-09-18,AU,Australia,WPRO,51273,9811888,184,15469
2430,2022-09-25,AU,Australia,WPRO,43401,9855289,147,15616
2431,2022-10-02,AU,Australia,WPRO,37578,9892867,113,15729
2432,2022-10-09,AU,Australia,WPRO,38674,9931541,102,15831
2433,2022-10-16,AU,Australia,WPRO,31327,9962868,74,15905
2434,2022-10-23,AU,Australia,WPRO,29620,9992488,103,16008
2435,2022-10-30,AU,Australia,WPRO,30363,10022851,85,16093
2436,2022-11-06,AU,Australia,WPRO,35763,10058614,111,16204
2437,2022-11-13,AU,Australia,WPRO,52310,10110924,116,16320
2438,2022-11-20,AU,Australia,WPRO,73573,10184497,154,16474
2439,2022-11-27,AU,Australia,WPRO,83407,10267904,178,16652
2440,2022-12-04,AU,Australia,WPRO,97897,10365801,259,16911
2441,2022-12-11,AU,Australia,WPRO,107902,10473703,272,17183
2442,2022-12-18,AU,Australia,WPRO,112016,10585719,299,17482
2443,2022-12-25,AU,Australia,WPRO,108322,10694041,334,17816
2444,2023-01-01,AU,Australia,WPRO,91518,10785559,1094,18910
2445,2023-01-08,AU,Australia,WPRO,86989,10872548,0,18910
2446,2023-01-15,AU,Australia,WPRO,46003,10918551,0,18910
2447,2023-01-22,AU,Australia,WPRO,30909,10949460,0,18910
2448,2023-01-29,AU,Australia,WPRO,22041,10971501,0,18910
2449,2023-02-05,AU,Australia,WPRO,18922,10990423,1161,20071
2450,2023-02-12,AU,Australia,WPRO,17067,11007490,96,20167
2451,2023-02-19,AU,Australia,WPRO,17927,11025417,89,20256
2452,2023-02-26,AU,Australia,WPRO,17814,11043231,90,20346
2453,2023-03-05,AU,Australia,WPRO,18262,11061493,78,20424
2454,2023-03-12,AU,Australia,WPRO,19780,11081273,78,20502
2455,2023-03-19,AU,Australia,WPRO,21681,11102954,88,20590
2456,2023-03-26,AU,Australia,WPRO,23014,11125968,93,20683
2457,2023-04-02,AU,Australia,WPRO,25521,11151489,103,20786
2458,2023-04-09,AU,Australia,WPRO,27650,11179139,123,20909
2459,2023-04-16,AU,Australia,WPRO,27055,11206194,131,21040
2460,2023-04-23,AU,Australia,WPRO,29966,11236160,146,21186
2461,2023-04-30,AU,Australia,WPRO,29431,11265591,155,21341
2462,2023-05-07,AU,Australia,WPRO,29663,11295254,173,21514
2463,2023-05-14,AU,Australia,WPRO,31859,11327113,173,21687
2464,2023-05-21,AU,Australia,WPRO,37720,11364833,170,21857
2465,2023-05-28,AU,Australia,WPRO,41012,11405845,213,22070
2466,2023-06-04,AU,Australia,WPRO,39051,11444896,232,22302
2467,2023-06-11,AU,Australia,WPRO,33125,11478021,226,22528
2468,2023-06-18,AU,Australia,WPRO,22769,11500790,183,22711
2469,2023-06-25,AU,Australia,WPRO,16822,11517612,59,22770
2470,2023-07-02,AU,Australia,WPRO,13551,11531163,0,22770
2471,2023-07-09,AU,Australia,WPRO,10511,11541674,0,22770
2472,2023-07-16,AU,Australia,WPRO,7826,11549500,-76,22694
2473,2023-07-23,AU,Australia,WPRO,6495,11555995,85,22779
2474,2023-07-30,AU,Australia,WPRO,5525,11561520,60,22839
2475,2023-08-06,AU,Australia,WPRO,5410,11566930,67,22906
2476,2023-08-13,AU,Australia,WPRO,5116,11572046,0,22906
2477,2023-08-20,AU,Australia,WPRO,5194,11577240,56,22962
2478,2023-08-27,AU,Australia,WPRO,5176,11582416,53,23015
2479,2023-09-03,AU,Australia,WPRO,5491,11587907,39,23054
2480,2023-09-10,AU,Australia,WPRO,5033,11592940,40,23094
2481,2023-09-17,AU,Australia,WPRO,5017,11597957,38,23132
2482,2023-09-24,AU,Australia,WPRO,5189,11603146,37,23169
2483,2023-10-01,AU,Australia,WPRO,5393,11608539,33,23202
2484,2023-10-08,AU,Australia,WPRO,5561,11614100,78,23280
2485,2023-10-15,AU,Australia,WPRO,4691,11618791,45,23325
2486,2023-10-22,AU,Australia,WPRO,5358,11624149,52,23377
2487,2023-10-29,AU,Australia,WPRO,6347,11630496,72,23449
2488,2023-11-05,AU,Australia,WPRO,7687,11638183,51,23500
2489,2023-11-12,AU,Australia,WPRO,0,11638183,0,23500
2490,2023-11-19,AU,Australia,WPRO,21092,11659275,204,23704
2491,2023-11-26,AU,Australia,WPRO,10282,11669557,89,23793
2492,2023-12-03,AU,Australia,WPRO,9377,11678934,59,23852
2493,2023-12-10,AU,Australia,WPRO,9784,11688718,35,23887
2494,2023-12-17,AU,Australia,WPRO,10062,11698780,28,23915
2495,2023-12-24,AU,Australia,WPRO,0,11698780,0,23915
2496,2020-01-05,AT,Austria,EURO,0,0,0,0
2497,2020-01-12,AT,Austria,EURO,0,0,0,0
2498,2020-01-19,AT,Austria,EURO,0,0,0,0
2499,2020-01-26,AT,Austria,EURO,0,0,0,0
2500,2020-02-02,AT,Austria,EURO,0,0,0,0
2501,2020-02-09,AT,Austria,EURO,0,0,0,0
2502,2020-02-16,AT,Austria,EURO,0,0,0,0
2503,2020-02-23,AT,Austria,EURO,0,0,0,0
2504,2020-03-01,AT,Austria,EURO,7,7,0,0
2505,2020-03-08,AT,Austria,EURO,68,75,0,0
2506,2020-03-15,AT,Austria,EURO,513,588,1,1
2507,2020-03-22,AT,Austria,EURO,544,1132,14,15
2508,2020-03-29,AT,Austria,EURO,3814,4946,51,66
2509,2020-04-05,AT,Austria,EURO,3753,8699,103,169
2510,2020-04-12,AT,Austria,EURO,1942,10641,151,320
2511,2020-04-19,AT,Austria,EURO,889,11530,111,431
2512,2020-04-26,AT,Austria,EURO,450,11980,85,516
2513,2020-05-03,AT,Austria,EURO,366,12346,60,576
2514,2020-05-10,AT,Austria,EURO,259,12605,33,609
2515,2020-05-17,AT,Austria,EURO,329,12934,20,629
2516,2020-05-24,AT,Austria,EURO,249,13183,17,646
2517,2020-05-31,AT,Austria,EURO,213,13396,12,658
2518,2020-06-07,AT,Austria,EURO,208,13604,16,674
2519,2020-06-14,AT,Austria,EURO,188,13792,12,686
2520,2020-06-21,AT,Austria,EURO,227,14019,17,703
2521,2020-06-28,AT,Austria,EURO,288,14307,16,719
2522,2020-07-05,AT,Austria,EURO,565,14872,11,730
2523,2020-07-12,AT,Austria,EURO,636,15508,5,735
2524,2020-07-19,AT,Austria,EURO,758,16266,9,744
2525,2020-07-26,AT,Austria,EURO,827,17093,10,754
2526,2020-08-02,AT,Austria,EURO,876,17969,13,767
2527,2020-08-09,AT,Austria,EURO,676,18645,13,780
2528,2020-08-16,AT,Austria,EURO,1310,19955,11,791
2529,2020-08-23,AT,Austria,EURO,1812,21767,11,802
2530,2020-08-30,AT,Austria,EURO,1904,23671,10,812
2531,2020-09-06,AT,Austria,EURO,2141,25812,13,825
2532,2020-09-13,AT,Austria,EURO,3750,29562,13,838
2533,2020-09-20,AT,Austria,EURO,4906,34468,20,858
2534,2020-09-27,AT,Austria,EURO,4661,39129,31,889
2535,2020-10-04,AT,Austria,EURO,5291,44420,36,925
2536,2020-10-11,AT,Austria,EURO,7102,51522,63,988
2537,2020-10-18,AT,Austria,EURO,9059,60581,62,1050
2538,2020-10-25,AT,Austria,EURO,15533,76114,112,1162
2539,2020-11-01,AT,Austria,EURO,27818,103932,214,1376
2540,2020-11-08,AT,Austria,EURO,42962,146894,353,1729
2541,2020-11-15,AT,Austria,EURO,49191,196085,571,2300
2542,2020-11-22,AT,Austria,EURO,42797,238882,727,3027
2543,2020-11-29,AT,Austria,EURO,32574,271456,822,3849
2544,2020-12-06,AT,Austria,EURO,24249,295705,957,4806
2545,2020-12-13,AT,Austria,EURO,18476,314181,871,5677
2546,2020-12-20,AT,Austria,EURO,17130,331311,729,6406
2547,2020-12-27,AT,Austria,EURO,13421,344732,643,7049
2548,2021-01-03,AT,Austria,EURO,14212,358944,550,7599
2549,2021-01-10,AT,Austria,EURO,15104,374048,453,8052
2550,2021-01-17,AT,Austria,EURO,11470,385518,438,8490
2551,2021-01-24,AT,Austria,EURO,10528,396046,401,8891
2552,2021-01-31,AT,Austria,EURO,9512,405558,387,9278
2553,2021-02-07,AT,Austria,EURO,9181,414739,321,9599
2554,2021-02-14,AT,Austria,EURO,9273,424012,268,9867
2555,2021-02-21,AT,Austria,EURO,11105,435117,217,10084
2556,2021-02-28,AT,Austria,EURO,13481,448598,225,10309
2557,2021-03-07,AT,Austria,EURO,15679,464277,196,10505
2558,2021-03-14,AT,Austria,EURO,17980,482257,208,10713
2559,2021-03-21,AT,Austria,EURO,20380,502637,243,10956
2560,2021-03-28,AT,Austria,EURO,21544,524181,219,11175
2561,2021-04-04,AT,Austria,EURO,21501,545682,249,11424
2562,2021-04-11,AT,Austria,EURO,18730,564412,264,11688
2563,2021-04-18,AT,Austria,EURO,16783,581195,250,11938
2564,2021-04-25,AT,Austria,EURO,15655,596850,221,12159
2565,2021-05-02,AT,Austria,EURO,13512,610362,178,12337
2566,2021-05-09,AT,Austria,EURO,9651,620013,180,12517
2567,2021-05-16,AT,Austria,EURO,6321,626334,117,12634
2568,2021-05-23,AT,Austria,EURO,4502,630836,80,12714
2569,2021-05-30,AT,Austria,EURO,3299,634135,75,12789
2570,2021-06-06,AT,Austria,EURO,2499,636634,55,12844
2571,2021-06-13,AT,Austria,EURO,2011,638645,39,12883
2572,2021-06-20,AT,Austria,EURO,1088,639733,31,12914
2573,2021-06-27,AT,Austria,EURO,765,640498,26,12940
2574,2021-07-04,AT,Austria,EURO,630,641128,22,12962
2575,2021-07-11,AT,Austria,EURO,895,642023,16,12978
2576,2021-07-18,AT,Austria,EURO,1940,643963,14,12992
2577,2021-07-25,AT,Austria,EURO,2481,646444,13,13005
2578,2021-08-01,AT,Austria,EURO,3134,649578,13,13018
2579,2021-08-08,AT,Austria,EURO,3433,653011,23,13041
2580,2021-08-15,AT,Austria,EURO,5269,658280,13,13054
2581,2021-08-22,AT,Austria,EURO,7609,665889,14,13068
2582,2021-08-29,AT,Austria,EURO,9095,674984,27,13095
2583,2021-09-05,AT,Austria,EURO,10736,685720,38,13133
2584,2021-09-12,AT,Austria,EURO,13822,699542,59,13192
2585,2021-09-19,AT,Austria,EURO,14233,713775,68,13260
2586,2021-09-26,AT,Austria,EURO,11737,725512,78,13338
2587,2021-10-03,AT,Austria,EURO,12441,737953,77,13415
2588,2021-10-10,AT,Austria,EURO,12820,750773,77,13492
2589,2021-10-17,AT,Austria,EURO,14078,764851,88,13580
2590,2021-10-24,AT,Austria,EURO,21646,786497,111,13691
2591,2021-10-31,AT,Austria,EURO,30465,816962,137,13828
2592,2021-11-07,AT,Austria,EURO,50720,867682,192,14020
2593,2021-11-14,AT,Austria,EURO,72220,939902,287,14307
2594,2021-11-21,AT,Austria,EURO,93928,1033830,386,14693
2595,2021-11-28,AT,Austria,EURO,90679,1124509,467,15160
2596,2021-12-05,AT,Austria,EURO,58797,1183306,483,15643
2597,2021-12-12,AT,Austria,EURO,32187,1215493,443,16086
2598,2021-12-19,AT,Austria,EURO,21481,1236974,303,16389
2599,2021-12-26,AT,Austria,EURO,15114,1252088,198,16587
2600,2022-01-02,AT,Austria,EURO,19925,1272013,154,16741
2601,2022-01-09,AT,Austria,EURO,47142,1319155,89,16830
2602,2022-01-16,AT,Austria,EURO,101269,1420424,72,16902
2603,2022-01-23,AT,Austria,EURO,158635,1579059,71,16973
2604,2022-01-30,AT,Austria,EURO,220484,1799543,106,17079
2605,2022-02-06,AT,Austria,EURO,231714,2031257,127,17206
2606,2022-02-13,AT,Austria,EURO,223088,2254345,170,17376
2607,2022-02-20,AT,Austria,EURO,200933,2455278,201,17577
2608,2022-02-27,AT,Austria,EURO,185138,2640416,213,17790
2609,2022-03-06,AT,Austria,EURO,206248,2846664,228,18018
2610,2022-03-13,AT,Austria,EURO,281597,3128261,192,18210
2611,2022-03-20,AT,Austria,EURO,319108,3447369,226,18436
2612,2022-03-27,AT,Austria,EURO,270232,3717601,288,18724
2613,2022-04-03,AT,Austria,EURO,172589,3890190,289,19013
2614,2022-04-10,AT,Austria,EURO,103990,3994180,226,19239
2615,2022-04-17,AT,Austria,EURO,68173,4062353,179,19418
2616,2022-04-24,AT,Austria,EURO,52197,4114550,138,19556
2617,2022-05-01,AT,Austria,EURO,41690,4156240,100,19656
2618,2022-05-08,AT,Austria,EURO,37988,4194228,76,19732
2619,2022-05-15,AT,Austria,EURO,31290,4225518,61,19793
2620,2022-05-22,AT,Austria,EURO,22565,4248083,34,19827
2621,2022-05-29,AT,Austria,EURO,15151,4263234,39,19866
2622,2022-06-05,AT,Austria,EURO,18678,4281912,21,19887
2623,2022-06-12,AT,Austria,EURO,23968,4305880,22,19909
2624,2022-06-19,AT,Austria,EURO,35416,4341296,28,19937
2625,2022-06-26,AT,Austria,EURO,58037,4399333,33,19970
2626,2022-07-03,AT,Austria,EURO,68562,4467895,53,20023
2627,2022-07-10,AT,Austria,EURO,74223,4542118,58,20081
2628,2022-07-17,AT,Austria,EURO,80557,4622675,57,20138
2629,2022-07-24,AT,Austria,EURO,82554,4705229,89,20227
2630,2022-07-31,AT,Austria,EURO,60380,4765609,104,20331
2631,2022-08-07,AT,Austria,EURO,44332,4809941,76,20407
2632,2022-08-14,AT,Austria,EURO,39284,4849225,83,20490
2633,2022-08-21,AT,Austria,EURO,37611,4886836,57,20547
2634,2022-08-28,AT,Austria,EURO,34819,4921655,55,20602
2635,2022-09-04,AT,Austria,EURO,30154,4951809,32,20634
2636,2022-09-11,AT,Austria,EURO,28946,4980755,52,20686
2637,2022-09-18,AT,Austria,EURO,33920,5014675,34,20720
2638,2022-09-25,AT,Austria,EURO,47759,5062434,33,20753
2639,2022-10-02,AT,Austria,EURO,77655,5140089,51,20804
2640,2022-10-09,AT,Austria,EURO,96821,5236910,86,20890
2641,2022-10-16,AT,Austria,EURO,90835,5327745,93,20983
2642,2022-10-23,AT,Austria,EURO,64550,5392295,69,21052
2643,2022-10-30,AT,Austria,EURO,39248,5431543,91,21143
2644,2022-11-06,AT,Austria,EURO,30833,5462376,57,21200
2645,2022-11-13,AT,Austria,EURO,25591,5487967,49,21249
2646,2022-11-20,AT,Austria,EURO,26519,5514486,61,21310
2647,2022-11-27,AT,Austria,EURO,29327,5543813,41,21351
2648,2022-12-04,AT,Austria,EURO,33020,5576833,50,21401
2649,2022-12-11,AT,Austria,EURO,31822,5608655,43,21444
2650,2022-12-18,AT,Austria,EURO,36251,5644906,52,21496
2651,2022-12-25,AT,Austria,EURO,33439,5678345,75,21571
2652,2023-01-01,AT,Austria,EURO,26728,5705073,73,21644
2653,2023-01-08,AT,Austria,EURO,19106,5724179,64,21708
2654,2023-01-15,AT,Austria,EURO,16350,5740529,66,21774
2655,2023-01-22,AT,Austria,EURO,13499,5754028,42,21816
2656,2023-01-29,AT,Austria,EURO,18243,5772271,42,21858
2657,2023-02-05,AT,Austria,EURO,26105,5798376,54,21912
2658,2023-02-12,AT,Austria,EURO,27763,5826139,37,21949
2659,2023-02-19,AT,Austria,EURO,33324,5859463,34,21983
2660,2023-02-26,AT,Austria,EURO,37763,5897226,60,22043
2661,2023-03-05,AT,Austria,EURO,39473,5936699,54,22097
2662,2023-03-12,AT,Austria,EURO,34418,5971117,72,22169
2663,2023-03-19,AT,Austria,EURO,28347,5999464,47,22216
2664,2023-03-26,AT,Austria,EURO,22317,6021781,58,22274
2665,2023-04-02,AT,Austria,EURO,14310,6036091,41,22315
2666,2023-04-09,AT,Austria,EURO,9089,6045180,38,22353
2667,2023-04-16,AT,Austria,EURO,7508,6052688,36,22389
2668,2023-04-23,AT,Austria,EURO,6676,6059364,29,22418
2669,2023-04-30,AT,Austria,EURO,5463,6064827,33,22451
2670,2023-05-07,AT,Austria,EURO,4026,6068853,20,22471
2671,2023-05-14,AT,Austria,EURO,3061,6071914,13,22484
2672,2023-05-21,AT,Austria,EURO,2145,6074059,12,22496
2673,2023-05-28,AT,Austria,EURO,2345,6076404,12,22508
2674,2023-06-04,AT,Austria,EURO,1468,6077872,12,22520
2675,2023-06-11,AT,Austria,EURO,1018,6078890,5,22525
2676,2023-06-18,AT,Austria,EURO,1057,6079947,7,22532
2677,2023-06-25,AT,Austria,EURO,828,6080775,2,22534
2678,2023-07-02,AT,Austria,EURO,512,6081287,0,22534
2679,2023-07-09,AT,Austria,EURO,0,6081287,0,22534
2680,2023-07-16,AT,Austria,EURO,0,6081287,0,22534
2681,2023-07-23,AT,Austria,EURO,0,6081287,0,22534
2682,2023-07-30,AT,Austria,EURO,0,6081287,0,22534
2683,2023-08-06,AT,Austria,EURO,0,6081287,0,22534
2684,2023-08-13,AT,Austria,EURO,0,6081287,0,22534
2685,2023-08-20,AT,Austria,EURO,0,6081287,0,22534
2686,2023-08-27,AT,Austria,EURO,0,6081287,0,22534
2687,2023-09-03,AT,Austria,EURO,0,6081287,0,22534
2688,2023-09-10,AT,Austria,EURO,0,6081287,0,22534
2689,2023-09-17,AT,Austria,EURO,0,6081287,0,22534
2690,2023-09-24,AT,Austria,EURO,0,6081287,0,22534
2691,2023-10-01,AT,Austria,EURO,0,6081287,0,22534
2692,2023-10-08,AT,Austria,EURO,0,6081287,0,22534
2693,2023-10-15,AT,Austria,EURO,0,6081287,0,22534
2694,2023-10-22,AT,Austria,EURO,0,6081287,0,22534
2695,2023-10-29,AT,Austria,EURO,0,6081287,0,22534
2696,2023-11-05,AT,Austria,EURO,0,6081287,0,22534
2697,2023-11-12,AT,Austria,EURO,0,6081287,0,22534
2698,2023-11-19,AT,Austria,EURO,0,6081287,0,22534
2699,2023-11-26,AT,Austria,EURO,0,6081287,0,22534
2700,2023-12-03,AT,Austria,EURO,0,6081287,0,22534
2701,2023-12-10,AT,Austria,EURO,0,6081287,0,22534
2702,2023-12-17,AT,Austria,EURO,0,6081287,0,22534
2703,2023-12-24,AT,Austria,EURO,0,6081287,0,22534
2704,2020-01-05,AZ,Azerbaijan,EURO,0,0,0,0
2705,2020-01-12,AZ,Azerbaijan,EURO,0,0,0,0
2706,2020-01-19,AZ,Azerbaijan,EURO,0,0,0,0
2707,2020-01-26,AZ,Azerbaijan,EURO,0,0,0,0
2708,2020-02-02,AZ,Azerbaijan,EURO,0,0,0,0
2709,2020-02-09,AZ,Azerbaijan,EURO,0,0,0,0
2710,2020-02-16,AZ,Azerbaijan,EURO,0,0,0,0
2711,2020-02-23,AZ,Azerbaijan,EURO,0,0,0,0
2712,2020-03-01,AZ,Azerbaijan,EURO,3,3,0,0
2713,2020-03-08,AZ,Azerbaijan,EURO,6,9,0,0
2714,2020-03-15,AZ,Azerbaijan,EURO,2,11,0,0
2715,2020-03-22,AZ,Azerbaijan,EURO,42,53,1,1
2716,2020-03-29,AZ,Azerbaijan,EURO,94,147,2,3
2717,2020-04-05,AZ,Azerbaijan,EURO,296,443,2,5
2718,2020-04-12,AZ,Azerbaijan,EURO,548,991,5,10
2719,2020-04-19,AZ,Azerbaijan,EURO,349,1340,5,15
2720,2020-04-26,AZ,Azerbaijan,EURO,252,1592,6,21
2721,2020-05-03,AZ,Azerbaijan,EURO,262,1854,4,25
2722,2020-05-10,AZ,Azerbaijan,EURO,425,2279,3,28
2723,2020-05-17,AZ,Azerbaijan,EURO,701,2980,8,36
2724,2020-05-24,AZ,Azerbaijan,EURO,875,3855,10,46
2725,2020-05-31,AZ,Azerbaijan,EURO,1134,4989,12,58
2726,2020-06-07,AZ,Azerbaijan,EURO,1871,6860,24,82
2727,2020-06-14,AZ,Azerbaijan,EURO,2358,9218,31,113
2728,2020-06-21,AZ,Azerbaijan,EURO,2549,11767,30,143
2729,2020-06-28,AZ,Azerbaijan,EURO,3602,15369,44,187
2730,2020-07-05,AZ,Azerbaijan,EURO,3898,19267,48,235
2731,2020-07-12,AZ,Azerbaijan,EURO,3723,22990,57,292
2732,2020-07-19,AZ,Azerbaijan,EURO,3646,26636,49,341
2733,2020-07-26,AZ,Azerbaijan,EURO,2676,29312,59,400
2734,2020-08-02,AZ,Azerbaijan,EURO,2566,31878,48,448
2735,2020-08-09,AZ,Azerbaijan,EURO,1498,33376,35,483
2736,2020-08-16,AZ,Azerbaijan,EURO,642,34018,21,504
2737,2020-08-23,AZ,Azerbaijan,EURO,903,34921,8,512
2738,2020-08-30,AZ,Azerbaijan,EURO,1065,35986,15,527
2739,2020-09-06,AZ,Azerbaijan,EURO,1045,37031,16,543
2740,2020-09-13,AZ,Azerbaijan,EURO,1006,38037,14,557
2741,2020-09-20,AZ,Azerbaijan,EURO,857,38894,15,572
2742,2020-09-27,AZ,Azerbaijan,EURO,893,39787,11,583
2743,2020-10-04,AZ,Azerbaijan,EURO,666,40453,11,594
2744,2020-10-11,AZ,Azerbaijan,EURO,1066,41519,11,605
2745,2020-10-18,AZ,Azerbaijan,EURO,2270,43789,16,621
2746,2020-10-25,AZ,Azerbaijan,EURO,4432,48221,35,656
2747,2020-11-01,AZ,Azerbaijan,EURO,5953,54174,62,718
2748,2020-11-08,AZ,Azerbaijan,EURO,8164,62338,93,811
2749,2020-11-15,AZ,Azerbaijan,EURO,9242,71580,116,927
2750,2020-11-22,AZ,Azerbaijan,EURO,15583,87163,152,1079
2751,2020-11-29,AZ,Azerbaijan,EURO,22650,109813,212,1291
2752,2020-12-06,AZ,Azerbaijan,EURO,28187,138000,260,1551
2753,2020-12-13,AZ,Azerbaijan,EURO,29155,167155,289,1840
2754,2020-12-20,AZ,Azerbaijan,EURO,28267,195422,293,2133
2755,2020-12-27,AZ,Azerbaijan,EURO,16342,211764,283,2416
2756,2021-01-03,AZ,Azerbaijan,EURO,7277,219041,254,2670
2757,2021-01-10,AZ,Azerbaijan,EURO,4376,223417,199,2869
2758,2021-01-17,AZ,Azerbaijan,EURO,3132,226549,114,2983
2759,2021-01-24,AZ,Azerbaijan,EURO,1977,228526,81,3064
2760,2021-01-31,AZ,Azerbaijan,EURO,1409,229935,55,3119
2761,2021-02-07,AZ,Azerbaijan,EURO,972,230907,34,3153
2762,2021-02-14,AZ,Azerbaijan,EURO,933,231840,20,3173
2763,2021-02-21,AZ,Azerbaijan,EURO,989,232829,20,3193
2764,2021-02-28,AZ,Azerbaijan,EURO,1160,233989,20,3213
2765,2021-03-07,AZ,Azerbaijan,EURO,2376,236365,25,3238
2766,2021-03-14,AZ,Azerbaijan,EURO,3327,239692,38,3276
2767,2021-03-21,AZ,Azerbaijan,EURO,5798,245490,63,3339
2768,2021-03-28,AZ,Azerbaijan,EURO,8880,254370,125,3464
2769,2021-04-04,AZ,Azerbaijan,EURO,14344,268714,184,3648
2770,2021-04-11,AZ,Azerbaijan,EURO,14865,283579,231,3879
2771,2021-04-18,AZ,Azerbaijan,EURO,14943,298522,228,4107
2772,2021-04-25,AZ,Azerbaijan,EURO,12943,311465,235,4342
2773,2021-05-02,AZ,Azerbaijan,EURO,8857,320322,196,4538
2774,2021-05-09,AZ,Azerbaijan,EURO,5734,326056,128,4666
2775,2021-05-16,AZ,Azerbaijan,EURO,3315,329371,102,4768
2776,2021-05-23,AZ,Azerbaijan,EURO,2864,332235,83,4851
2777,2021-05-30,AZ,Azerbaijan,EURO,1488,333723,52,4903
2778,2021-06-06,AZ,Azerbaijan,EURO,924,334647,33,4936
2779,2021-06-13,AZ,Azerbaijan,EURO,479,335126,17,4953
2780,2021-06-20,AZ,Azerbaijan,EURO,311,335437,8,4961
2781,2021-06-27,AZ,Azerbaijan,EURO,359,335796,6,4967
2782,2021-07-04,AZ,Azerbaijan,EURO,522,336318,10,4977
2783,2021-07-11,AZ,Azerbaijan,EURO,780,337098,7,4984
2784,2021-07-18,AZ,Azerbaijan,EURO,1085,338183,7,4991
2785,2021-07-25,AZ,Azerbaijan,EURO,1874,340057,11,5002
2786,2021-08-01,AZ,Azerbaijan,EURO,3792,343849,21,5023
2787,2021-08-08,AZ,Azerbaijan,EURO,6756,350605,33,5056
2788,2021-08-15,AZ,Azerbaijan,EURO,14404,365009,82,5138
2789,2021-08-22,AZ,Azerbaijan,EURO,23428,388437,141,5279
2790,2021-08-29,AZ,Azerbaijan,EURO,25549,413986,233,5512
2791,2021-09-05,AZ,Azerbaijan,EURO,25576,439562,288,5800
2792,2021-09-12,AZ,Azerbaijan,EURO,15482,455044,231,6031
2793,2021-09-19,AZ,Azerbaijan,EURO,15941,470985,249,6280
2794,2021-09-26,AZ,Azerbaijan,EURO,8829,479814,153,6433
2795,2021-10-03,AZ,Azerbaijan,EURO,5461,485275,126,6559
2796,2021-10-10,AZ,Azerbaijan,EURO,5872,491147,95,6654
2797,2021-10-17,AZ,Azerbaijan,EURO,9164,500311,92,6746
2798,2021-10-24,AZ,Azerbaijan,EURO,13978,514289,123,6869
2799,2021-10-31,AZ,Azerbaijan,EURO,14820,529109,180,7049
2800,2021-11-07,AZ,Azerbaijan,EURO,15541,544650,192,7241
2801,2021-11-14,AZ,Azerbaijan,EURO,13781,558431,175,7416
2802,2021-11-21,AZ,Azerbaijan,EURO,13654,572085,183,7599
2803,2021-11-28,AZ,Azerbaijan,EURO,12036,584121,190,7789
2804,2021-12-05,AZ,Azerbaijan,EURO,10873,594994,158,7947
2805,2021-12-12,AZ,Azerbaijan,EURO,8369,603363,123,8070
2806,2021-12-19,AZ,Azerbaijan,EURO,6034,609397,112,8182
2807,2021-12-26,AZ,Azerbaijan,EURO,4722,614119,102,8284
2808,2022-01-02,AZ,Azerbaijan,EURO,3192,617311,81,8365
2809,2022-01-09,AZ,Azerbaijan,EURO,3368,620679,72,8437
2810,2022-01-16,AZ,Azerbaijan,EURO,4239,624918,73,8510
2811,2022-01-23,AZ,Azerbaijan,EURO,7116,632034,87,8597
2812,2022-01-30,AZ,Azerbaijan,EURO,19307,651341,103,8700
2813,2022-02-06,AZ,Azerbaijan,EURO,39839,691180,146,8846
2814,2022-02-13,AZ,Azerbaijan,EURO,47148,738328,181,9027
2815,2022-02-20,AZ,Azerbaijan,EURO,33381,771709,184,9211
2816,2022-02-27,AZ,Azerbaijan,EURO,12551,784260,167,9378
2817,2022-03-06,AZ,Azerbaijan,EURO,4698,788958,122,9500
2818,2022-03-13,AZ,Azerbaijan,EURO,1617,790575,99,9599
2819,2022-03-20,AZ,Azerbaijan,EURO,829,791404,52,9651
2820,2022-03-27,AZ,Azerbaijan,EURO,291,791695,28,9679
2821,2022-04-03,AZ,Azerbaijan,EURO,324,792019,18,9697
2822,2022-04-10,AZ,Azerbaijan,EURO,197,792216,6,9703
2823,2022-04-17,AZ,Azerbaijan,EURO,133,792349,2,9705
2824,2022-04-24,AZ,Azerbaijan,EURO,127,792476,2,9707
2825,2022-05-01,AZ,Azerbaijan,EURO,86,792562,2,9709
2826,2022-05-08,AZ,Azerbaijan,EURO,56,792618,0,9709
2827,2022-05-15,AZ,Azerbaijan,EURO,50,792668,0,9709
2828,2022-05-22,AZ,Azerbaijan,EURO,40,792708,1,9710
2829,2022-05-29,AZ,Azerbaijan,EURO,49,792757,2,9712
2830,2022-06-05,AZ,Azerbaijan,EURO,47,792804,1,9713
2831,2022-06-12,AZ,Azerbaijan,EURO,66,792870,2,9715
2832,2022-06-19,AZ,Azerbaijan,EURO,115,792985,1,9716
2833,2022-06-26,AZ,Azerbaijan,EURO,155,793140,1,9717
2834,2022-07-03,AZ,Azerbaijan,EURO,195,793335,0,9717
2835,2022-07-10,AZ,Azerbaijan,EURO,360,793695,2,9719
2836,2022-07-17,AZ,Azerbaijan,EURO,703,794398,4,9723
2837,2022-07-24,AZ,Azerbaijan,EURO,1743,796141,12,9735
2838,2022-07-31,AZ,Azerbaijan,EURO,2263,798404,12,9747
2839,2022-08-07,AZ,Azerbaijan,EURO,3066,801470,13,9760
2840,2022-08-14,AZ,Azerbaijan,EURO,3115,804585,13,9773
2841,2022-08-21,AZ,Azerbaijan,EURO,3399,807984,11,9784
2842,2022-08-28,AZ,Azerbaijan,EURO,3575,811559,21,9805
2843,2022-09-04,AZ,Azerbaijan,EURO,3488,815047,17,9822
2844,2022-09-11,AZ,Azerbaijan,EURO,2549,817596,30,9852
2845,2022-09-18,AZ,Azerbaijan,EURO,1742,819338,32,9884
2846,2022-09-25,AZ,Azerbaijan,EURO,1324,820662,19,9903
2847,2022-10-02,AZ,Azerbaijan,EURO,870,821532,16,9919
2848,2022-10-09,AZ,Azerbaijan,EURO,572,822104,8,9927
2849,2022-10-16,AZ,Azerbaijan,EURO,434,822538,4,9931
2850,2022-10-23,AZ,Azerbaijan,EURO,370,822908,6,9937
2851,2022-10-30,AZ,Azerbaijan,EURO,294,823202,7,9944
2852,2022-11-06,AZ,Azerbaijan,EURO,294,823496,11,9955
2853,2022-11-13,AZ,Azerbaijan,EURO,192,823688,6,9961
2854,2022-11-20,AZ,Azerbaijan,EURO,235,823923,11,9972
2855,2022-11-27,AZ,Azerbaijan,EURO,270,824193,4,9976
2856,2022-12-04,AZ,Azerbaijan,EURO,259,824452,7,9983
2857,2022-12-11,AZ,Azerbaijan,EURO,350,824802,3,9986
2858,2022-12-18,AZ,Azerbaijan,EURO,535,825337,7,9993
2859,2022-12-25,AZ,Azerbaijan,EURO,556,825893,13,10006
2860,2023-01-01,AZ,Azerbaijan,EURO,508,826401,2,10008
2861,2023-01-08,AZ,Azerbaijan,EURO,402,826803,9,10017
2862,2023-01-15,AZ,Azerbaijan,EURO,497,827300,28,10045
2863,2023-01-22,AZ,Azerbaijan,EURO,338,827638,23,10068
2864,2023-01-29,AZ,Azerbaijan,EURO,242,827880,13,10081
2865,2023-02-05,AZ,Azerbaijan,EURO,184,828064,14,10095
2866,2023-02-12,AZ,Azerbaijan,EURO,146,828210,3,10098
2867,2023-02-19,AZ,Azerbaijan,EURO,128,828338,5,10103
2868,2023-02-26,AZ,Azerbaijan,EURO,154,828492,13,10116
2869,2023-03-05,AZ,Azerbaijan,EURO,190,828682,11,10127
2870,2023-03-12,AZ,Azerbaijan,EURO,224,828906,16,10143
2871,2023-03-19,AZ,Azerbaijan,EURO,311,829217,10,10153
2872,2023-03-26,AZ,Azerbaijan,EURO,128,829345,7,10160
2873,2023-04-02,AZ,Azerbaijan,EURO,454,829799,24,10184
2874,2023-04-09,AZ,Azerbaijan,EURO,502,830301,13,10197
2875,2023-04-16,AZ,Azerbaijan,EURO,479,830780,15,10212
2876,2023-04-23,AZ,Azerbaijan,EURO,315,831095,10,10222
2877,2023-04-30,AZ,Azerbaijan,EURO,259,831354,19,10241
2878,2023-05-07,AZ,Azerbaijan,EURO,186,831540,16,10257
2879,2023-05-14,AZ,Azerbaijan,EURO,108,831648,11,10268
2880,2023-05-21,AZ,Azerbaijan,EURO,79,831727,4,10272
2881,2023-05-28,AZ,Azerbaijan,EURO,85,831812,1,10273
2882,2023-06-04,AZ,Azerbaijan,EURO,47,831859,4,10277
2883,2023-06-11,AZ,Azerbaijan,EURO,19,831878,3,10280
2884,2023-06-18,AZ,Azerbaijan,EURO,12,831890,1,10281
2885,2023-06-25,AZ,Azerbaijan,EURO,6,831896,0,10281
2886,2023-07-02,AZ,Azerbaijan,EURO,42,831938,1,10282
2887,2023-07-09,AZ,Azerbaijan,EURO,12,831950,1,10283
2888,2023-07-16,AZ,Azerbaijan,EURO,12,831962,2,10285
2889,2023-07-23,AZ,Azerbaijan,EURO,21,831983,3,10288
2890,2023-07-30,AZ,Azerbaijan,EURO,21,832004,1,10289
2891,2023-08-06,AZ,Azerbaijan,EURO,17,832021,1,10290
2892,2023-08-13,AZ,Azerbaijan,EURO,15,832036,3,10293
2893,2023-08-20,AZ,Azerbaijan,EURO,8,832044,2,10295
2894,2023-08-27,AZ,Azerbaijan,EURO,27,832071,0,10295
2895,2023-09-03,AZ,Azerbaijan,EURO,241,832312,7,10302
2896,2023-09-10,AZ,Azerbaijan,EURO,126,832438,0,10302
2897,2023-09-17,AZ,Azerbaijan,EURO,142,832580,0,10302
2898,2023-09-24,AZ,Azerbaijan,EURO,229,832809,19,10321
2899,2023-10-01,AZ,Azerbaijan,EURO,380,833189,11,10332
2900,2023-10-08,AZ,Azerbaijan,EURO,361,833550,5,10337
2901,2023-10-15,AZ,Azerbaijan,EURO,249,833799,10,10347
2902,2023-10-22,AZ,Azerbaijan,EURO,156,833955,6,10353
2903,2023-10-29,AZ,Azerbaijan,EURO,0,833955,0,10353
2904,2023-11-05,AZ,Azerbaijan,EURO,95,834050,3,10356
2905,2023-11-12,AZ,Azerbaijan,EURO,45,834095,2,10358
2906,2023-11-19,AZ,Azerbaijan,EURO,19,834114,3,10361
2907,2023-11-26,AZ,Azerbaijan,EURO,21,834135,6,10367
2908,2023-12-03,AZ,Azerbaijan,EURO,0,834135,0,10367
2909,2023-12-10,AZ,Azerbaijan,EURO,11,834146,-6,10361
2910,2023-12-17,AZ,Azerbaijan,EURO,95,834241,0,10361
2911,2023-12-24,AZ,Azerbaijan,EURO,18,834259,0,10361
2912,2020-01-05,BS,Bahamas,AMRO,0,0,0,0
2913,2020-01-12,BS,Bahamas,AMRO,0,0,0,0
2914,2020-01-19,BS,Bahamas,AMRO,0,0,0,0
2915,2020-01-26,BS,Bahamas,AMRO,0,0,0,0
2916,2020-02-02,BS,Bahamas,AMRO,0,0,0,0
2917,2020-02-09,BS,Bahamas,AMRO,0,0,0,0
2918,2020-02-16,BS,Bahamas,AMRO,0,0,0,0
2919,2020-02-23,BS,Bahamas,AMRO,0,0,0,0
2920,2020-03-01,BS,Bahamas,AMRO,0,0,0,0
2921,2020-03-08,BS,Bahamas,AMRO,0,0,0,0
2922,2020-03-15,BS,Bahamas,AMRO,0,0,0,0
2923,2020-03-22,BS,Bahamas,AMRO,4,4,0,0
2924,2020-03-29,BS,Bahamas,AMRO,5,9,0,0
2925,2020-04-05,BS,Bahamas,AMRO,15,24,3,3
2926,2020-04-12,BS,Bahamas,AMRO,18,42,5,8
2927,2020-04-19,BS,Bahamas,AMRO,12,54,1,9
2928,2020-04-26,BS,Bahamas,AMRO,18,72,2,11
2929,2020-05-03,BS,Bahamas,AMRO,10,82,0,11
2930,2020-05-10,BS,Bahamas,AMRO,10,92,0,11
2931,2020-05-17,BS,Bahamas,AMRO,4,96,0,11
2932,2020-05-24,BS,Bahamas,AMRO,1,97,0,11
2933,2020-05-31,BS,Bahamas,AMRO,4,101,0,11
2934,2020-06-07,BS,Bahamas,AMRO,2,103,0,11
2935,2020-06-14,BS,Bahamas,AMRO,0,103,0,11
2936,2020-06-21,BS,Bahamas,AMRO,1,104,0,11
2937,2020-06-28,BS,Bahamas,AMRO,0,104,0,11
2938,2020-07-05,BS,Bahamas,AMRO,0,104,0,11
2939,2020-07-12,BS,Bahamas,AMRO,4,108,0,11
2940,2020-07-19,BS,Bahamas,AMRO,21,129,0,11
2941,2020-07-26,BS,Bahamas,AMRO,187,316,0,11
2942,2020-08-02,BS,Bahamas,AMRO,192,508,3,14
2943,2020-08-09,BS,Bahamas,AMRO,322,830,0,14
2944,2020-08-16,BS,Bahamas,AMRO,289,1119,3,17
2945,2020-08-23,BS,Bahamas,AMRO,584,1703,10,27
2946,2020-08-30,BS,Bahamas,AMRO,354,2057,13,40
2947,2020-09-06,BS,Bahamas,AMRO,419,2476,15,55
2948,2020-09-13,BS,Bahamas,AMRO,398,2874,12,67
2949,2020-09-20,BS,Bahamas,AMRO,303,3177,2,69
2950,2020-09-27,BS,Bahamas,AMRO,613,3790,20,89
2951,2020-10-04,BS,Bahamas,AMRO,542,4332,7,96
2952,2020-10-11,BS,Bahamas,AMRO,623,4955,10,106
2953,2020-10-18,BS,Bahamas,AMRO,673,5628,10,116
2954,2020-10-25,BS,Bahamas,AMRO,724,6352,16,132
2955,2020-11-01,BS,Bahamas,AMRO,362,6714,12,144
2956,2020-11-08,BS,Bahamas,AMRO,233,6947,8,152
2957,2020-11-15,BS,Bahamas,AMRO,216,7163,3,155
2958,2020-11-22,BS,Bahamas,AMRO,232,7395,8,163
2959,2020-11-29,BS,Bahamas,AMRO,101,7496,0,163
2960,2020-12-06,BS,Bahamas,AMRO,74,7570,0,163
2961,2020-12-13,BS,Bahamas,AMRO,89,7659,0,163
2962,2020-12-20,BS,Bahamas,AMRO,74,7733,1,164
2963,2020-12-27,BS,Bahamas,AMRO,55,7788,5,169
2964,2021-01-03,BS,Bahamas,AMRO,111,7899,2,171
2965,2021-01-10,BS,Bahamas,AMRO,78,7977,4,175
2966,2021-01-17,BS,Bahamas,AMRO,62,8039,0,175
2967,2021-01-24,BS,Bahamas,AMRO,71,8110,0,175
2968,2021-01-31,BS,Bahamas,AMRO,73,8183,1,176
2969,2021-02-07,BS,Bahamas,AMRO,87,8270,0,176
2970,2021-02-14,BS,Bahamas,AMRO,89,8359,3,179
2971,2021-02-21,BS,Bahamas,AMRO,94,8453,0,179
2972,2021-02-28,BS,Bahamas,AMRO,89,8542,1,180
2973,2021-03-07,BS,Bahamas,AMRO,74,8616,2,182
2974,2021-03-14,BS,Bahamas,AMRO,106,8722,3,185
2975,2021-03-21,BS,Bahamas,AMRO,162,8884,1,186
2976,2021-03-28,BS,Bahamas,AMRO,150,9034,2,188
2977,2021-04-04,BS,Bahamas,AMRO,200,9234,1,189
2978,2021-04-11,BS,Bahamas,AMRO,183,9417,0,189
2979,2021-04-18,BS,Bahamas,AMRO,279,9696,5,194
2980,2021-04-25,BS,Bahamas,AMRO,354,10050,2,196
2981,2021-05-02,BS,Bahamas,AMRO,469,10519,3,199
2982,2021-05-09,BS,Bahamas,AMRO,311,10830,13,212
2983,2021-05-16,BS,Bahamas,AMRO,304,11134,6,218
2984,2021-05-23,BS,Bahamas,AMRO,365,11499,7,225
2985,2021-05-30,BS,Bahamas,AMRO,261,11760,5,230
2986,2021-06-06,BS,Bahamas,AMRO,227,11987,2,232
2987,2021-06-13,BS,Bahamas,AMRO,172,12159,5,237
2988,2021-06-20,BS,Bahamas,AMRO,168,12327,6,243
2989,2021-06-27,BS,Bahamas,AMRO,177,12504,2,245
2990,2021-07-04,BS,Bahamas,AMRO,337,12841,5,250
2991,2021-07-11,BS,Bahamas,AMRO,273,13114,4,254
2992,2021-07-18,BS,Bahamas,AMRO,352,13466,19,273
2993,2021-07-25,BS,Bahamas,AMRO,591,14057,9,282
2994,2021-08-01,BS,Bahamas,AMRO,783,14840,5,287
2995,2021-08-08,BS,Bahamas,AMRO,697,15537,17,304
2996,2021-08-15,BS,Bahamas,AMRO,893,16430,9,313
2997,2021-08-22,BS,Bahamas,AMRO,848,17278,20,333
2998,2021-08-29,BS,Bahamas,AMRO,753,18031,21,354
2999,2021-09-05,BS,Bahamas,AMRO,735,18766,70,424
3000,2021-09-12,BS,Bahamas,AMRO,674,19440,30,454
3001,2021-09-19,BS,Bahamas,AMRO,675,20115,52,506
3002,2021-09-26,BS,Bahamas,AMRO,590,20705,16,522
3003,2021-10-03,BS,Bahamas,AMRO,560,21265,33,555
3004,2021-10-10,BS,Bahamas,AMRO,361,21626,39,594
3005,2021-10-17,BS,Bahamas,AMRO,328,21954,32,626
3006,2021-10-24,BS,Bahamas,AMRO,273,22227,16,642
3007,2021-10-31,BS,Bahamas,AMRO,169,22396,1,643
3008,2021-11-07,BS,Bahamas,AMRO,117,22513,18,661
3009,2021-11-14,BS,Bahamas,AMRO,59,22572,4,665
3010,2021-11-21,BS,Bahamas,AMRO,86,22658,6,671
3011,2021-11-28,BS,Bahamas,AMRO,93,22751,0,671
3012,2021-12-05,BS,Bahamas,AMRO,76,22827,30,701
3013,2021-12-12,BS,Bahamas,AMRO,69,22896,7,708
3014,2021-12-19,BS,Bahamas,AMRO,175,23071,5,713
3015,2021-12-26,BS,Bahamas,AMRO,559,23630,0,713
3016,2022-01-02,BS,Bahamas,AMRO,1655,25285,4,717
3017,2022-01-09,BS,Bahamas,AMRO,1837,27122,0,717
3018,2022-01-16,BS,Bahamas,AMRO,3132,30254,2,719
3019,2022-01-23,BS,Bahamas,AMRO,1661,31915,7,726
3020,2022-01-30,BS,Bahamas,AMRO,571,32486,19,745
3021,2022-02-06,BS,Bahamas,AMRO,194,32680,3,748
3022,2022-02-13,BS,Bahamas,AMRO,245,32925,9,757
3023,2022-02-20,BS,Bahamas,AMRO,116,33041,13,770
3024,2022-02-27,BS,Bahamas,AMRO,80,33121,1,771
3025,2022-03-06,BS,Bahamas,AMRO,50,33171,0,771
3026,2022-03-13,BS,Bahamas,AMRO,23,33194,0,771
3027,2022-03-20,BS,Bahamas,AMRO,25,33219,16,787
3028,2022-03-27,BS,Bahamas,AMRO,35,33254,1,788
3029,2022-04-03,BS,Bahamas,AMRO,41,33295,0,788
3030,2022-04-10,BS,Bahamas,AMRO,51,33346,1,789
3031,2022-04-17,BS,Bahamas,AMRO,45,33391,0,789
3032,2022-04-24,BS,Bahamas,AMRO,72,33463,0,789
3033,2022-05-01,BS,Bahamas,AMRO,95,33558,9,798
3034,2022-05-08,BS,Bahamas,AMRO,137,33695,0,798
3035,2022-05-15,BS,Bahamas,AMRO,176,33871,3,801
3036,2022-05-22,BS,Bahamas,AMRO,341,34212,9,810
3037,2022-05-29,BS,Bahamas,AMRO,414,34626,0,810
3038,2022-06-05,BS,Bahamas,AMRO,384,35010,0,810
3039,2022-06-12,BS,Bahamas,AMRO,276,35286,2,812
3040,2022-06-19,BS,Bahamas,AMRO,317,35603,3,815
3041,2022-06-26,BS,Bahamas,AMRO,211,35814,1,816
3042,2022-07-03,BS,Bahamas,AMRO,215,36029,2,818
3043,2022-07-10,BS,Bahamas,AMRO,216,36245,4,822
3044,2022-07-17,BS,Bahamas,AMRO,181,36426,0,822
3045,2022-07-24,BS,Bahamas,AMRO,142,36568,0,822
3046,2022-07-31,BS,Bahamas,AMRO,148,36716,0,822
3047,2022-08-07,BS,Bahamas,AMRO,96,36812,0,822
3048,2022-08-14,BS,Bahamas,AMRO,93,36905,1,823
3049,2022-08-21,BS,Bahamas,AMRO,78,36983,0,823
3050,2022-08-28,BS,Bahamas,AMRO,69,37052,0,823
3051,2022-09-04,BS,Bahamas,AMRO,46,37098,0,823
3052,2022-09-11,BS,Bahamas,AMRO,48,37146,7,830
3053,2022-09-18,BS,Bahamas,AMRO,57,37203,3,833
3054,2022-09-25,BS,Bahamas,AMRO,64,37267,0,833
3055,2022-10-02,BS,Bahamas,AMRO,42,37309,0,833
3056,2022-10-09,BS,Bahamas,AMRO,9,37318,0,833
3057,2022-10-16,BS,Bahamas,AMRO,16,37334,0,833
3058,2022-10-23,BS,Bahamas,AMRO,30,37364,0,833
3059,2022-10-30,BS,Bahamas,AMRO,22,37386,0,833
3060,2022-11-06,BS,Bahamas,AMRO,33,37419,0,833
3061,2022-11-13,BS,Bahamas,AMRO,16,37435,0,833
3062,2022-11-20,BS,Bahamas,AMRO,18,37453,0,833
3063,2022-11-27,BS,Bahamas,AMRO,23,37476,0,833
3064,2022-12-04,BS,Bahamas,AMRO,15,37491,0,833
3065,2022-12-11,BS,Bahamas,AMRO,0,37491,0,833
3066,2022-12-18,BS,Bahamas,AMRO,0,37491,0,833
3067,2022-12-25,BS,Bahamas,AMRO,0,37491,0,833
3068,2023-01-01,BS,Bahamas,AMRO,0,37491,0,833
3069,2023-01-08,BS,Bahamas,AMRO,0,37491,0,833
3070,2023-01-15,BS,Bahamas,AMRO,0,37491,0,833
3071,2023-01-22,BS,Bahamas,AMRO,0,37491,0,833
3072,2023-01-29,BS,Bahamas,AMRO,0,37491,0,833
3073,2023-02-05,BS,Bahamas,AMRO,0,37491,0,833
3074,2023-02-12,BS,Bahamas,AMRO,0,37491,0,833
3075,2023-02-19,BS,Bahamas,AMRO,0,37491,0,833
3076,2023-02-26,BS,Bahamas,AMRO,0,37491,0,833
3077,2023-03-05,BS,Bahamas,AMRO,0,37491,0,833
3078,2023-03-12,BS,Bahamas,AMRO,0,37491,0,833
3079,2023-03-19,BS,Bahamas,AMRO,0,37491,0,833
3080,2023-03-26,BS,Bahamas,AMRO,0,37491,0,833
3081,2023-04-02,BS,Bahamas,AMRO,0,37491,0,833
3082,2023-04-09,BS,Bahamas,AMRO,0,37491,0,833
3083,2023-04-16,BS,Bahamas,AMRO,512,38003,11,844
3084,2023-04-23,BS,Bahamas,AMRO,81,38084,0,844
3085,2023-04-30,BS,Bahamas,AMRO,0,38084,0,844
3086,2023-05-07,BS,Bahamas,AMRO,0,38084,0,844
3087,2023-05-14,BS,Bahamas,AMRO,0,38084,0,844
3088,2023-05-21,BS,Bahamas,AMRO,0,38084,0,844
3089,2023-05-28,BS,Bahamas,AMRO,0,38084,0,844
3090,2023-06-04,BS,Bahamas,AMRO,0,38084,0,844
3091,2023-06-11,BS,Bahamas,AMRO,0,38084,0,844
3092,2023-06-18,BS,Bahamas,AMRO,0,38084,0,844
3093,2023-06-25,BS,Bahamas,AMRO,0,38084,0,844
3094,2023-07-02,BS,Bahamas,AMRO,0,38084,0,844
3095,2023-07-09,BS,Bahamas,AMRO,0,38084,0,844
3096,2023-07-16,BS,Bahamas,AMRO,0,38084,0,844
3097,2023-07-23,BS,Bahamas,AMRO,0,38084,0,844
3098,2023-07-30,BS,Bahamas,AMRO,0,38084,0,844
3099,2023-08-06,BS,Bahamas,AMRO,0,38084,0,844
3100,2023-08-13,BS,Bahamas,AMRO,0,38084,0,844
3101,2023-08-20,BS,Bahamas,AMRO,0,38084,0,844
3102,2023-08-27,BS,Bahamas,AMRO,0,38084,0,844
3103,2023-09-03,BS,Bahamas,AMRO,0,38084,0,844
3104,2023-09-10,BS,Bahamas,AMRO,0,38084,0,844
3105,2023-09-17,BS,Bahamas,AMRO,0,38084,0,844
3106,2023-09-24,BS,Bahamas,AMRO,0,38084,0,844
3107,2023-10-01,BS,Bahamas,AMRO,0,38084,0,844
3108,2023-10-08,BS,Bahamas,AMRO,0,38084,0,844
3109,2023-10-15,BS,Bahamas,AMRO,0,38084,0,844
3110,2023-10-22,BS,Bahamas,AMRO,0,38084,0,844
3111,2023-10-29,BS,Bahamas,AMRO,0,38084,0,844
3112,2023-11-05,BS,Bahamas,AMRO,0,38084,0,844
3113,2023-11-12,BS,Bahamas,AMRO,0,38084,0,844
3114,2023-11-19,BS,Bahamas,AMRO,0,38084,0,844
3115,2023-11-26,BS,Bahamas,AMRO,0,38084,0,844
3116,2023-12-03,BS,Bahamas,AMRO,0,38084,0,844
3117,2023-12-10,BS,Bahamas,AMRO,0,38084,0,844
3118,2023-12-17,BS,Bahamas,AMRO,0,38084,0,844
3119,2023-12-24,BS,Bahamas,AMRO,0,38084,0,844
3120,2020-01-05,BH,Bahrain,EMRO,0,0,0,0
3121,2020-01-12,BH,Bahrain,EMRO,0,0,0,0
3122,2020-01-19,BH,Bahrain,EMRO,0,0,0,0
3123,2020-01-26,BH,Bahrain,EMRO,0,0,0,0
3124,2020-02-02,BH,Bahrain,EMRO,0,0,0,0
3125,2020-02-09,BH,Bahrain,EMRO,0,0,0,0
3126,2020-02-16,BH,Bahrain,EMRO,0,0,0,0
3127,2020-02-23,BH,Bahrain,EMRO,0,0,0,0
3128,2020-03-01,BH,Bahrain,EMRO,41,41,0,0
3129,2020-03-08,BH,Bahrain,EMRO,22,63,0,0
3130,2020-03-15,BH,Bahrain,EMRO,148,211,0,0
3131,2020-03-22,BH,Bahrain,EMRO,100,311,1,1
3132,2020-03-29,BH,Bahrain,EMRO,165,476,3,4
3133,2020-04-05,BH,Bahrain,EMRO,212,688,0,4
3134,2020-04-12,BH,Bahrain,EMRO,352,1040,2,6
3135,2020-04-19,BH,Bahrain,EMRO,733,1773,1,7
3136,2020-04-26,BH,Bahrain,EMRO,816,2589,1,8
3137,2020-05-03,BH,Bahrain,EMRO,695,3284,0,8
3138,2020-05-10,BH,Bahrain,EMRO,1490,4774,0,8
3139,2020-05-17,BH,Bahrain,EMRO,1973,6747,4,12
3140,2020-05-24,BH,Bahrain,EMRO,2055,8802,1,13
3141,2020-05-31,BH,Bahrain,EMRO,1991,10793,4,17
3142,2020-06-07,BH,Bahrain,EMRO,3590,14383,7,24
3143,2020-06-14,BH,Bahrain,EMRO,3844,18227,15,39
3144,2020-06-21,BH,Bahrain,EMRO,3104,21331,21,60
3145,2020-06-28,BH,Bahrain,EMRO,3936,25267,18,78
3146,2020-07-05,BH,Bahrain,EMRO,3590,28857,18,96
3147,2020-07-12,BH,Bahrain,EMRO,3613,32470,8,104
3148,2020-07-19,BH,Bahrain,EMRO,3534,36004,20,124
3149,2020-07-26,BH,Bahrain,EMRO,2743,38747,13,137
3150,2020-08-02,BH,Bahrain,EMRO,2443,41190,10,147
3151,2020-08-09,BH,Bahrain,EMRO,2439,43629,14,161
3152,2020-08-16,BH,Bahrain,EMRO,2801,46430,9,170
3153,2020-08-23,BH,Bahrain,EMRO,2608,49038,13,183
3154,2020-08-30,BH,Bahrain,EMRO,2353,51391,6,189
3155,2020-09-06,BH,Bahrain,EMRO,3380,54771,7,196
3156,2020-09-13,BH,Bahrain,EMRO,4815,59586,16,212
3157,2020-09-20,BH,Bahrain,EMRO,4913,64499,9,221
3158,2020-09-27,BH,Bahrain,EMRO,4276,68775,18,239
3159,2020-10-04,BH,Bahrain,EMRO,3535,72310,19,258
3160,2020-10-11,BH,Bahrain,EMRO,2977,75287,15,273
3161,2020-10-18,BH,Bahrain,EMRO,2284,77571,20,293
3162,2020-10-25,BH,Bahrain,EMRO,2404,79975,19,312
3163,2020-11-01,BH,Bahrain,EMRO,1670,81645,9,321
3164,2020-11-08,BH,Bahrain,EMRO,1619,83264,8,329
3165,2020-11-15,BH,Bahrain,EMRO,1259,84523,4,333
3166,2020-11-22,BH,Bahrain,EMRO,1068,85591,5,338
3167,2020-11-29,BH,Bahrain,EMRO,1054,86645,3,341
3168,2020-12-06,BH,Bahrain,EMRO,1087,87732,0,341
3169,2020-12-13,BH,Bahrain,EMRO,1233,88965,7,348
3170,2020-12-20,BH,Bahrain,EMRO,1097,90062,1,349
3171,2020-12-27,BH,Bahrain,EMRO,1456,91518,2,351
3172,2021-01-03,BH,Bahrain,EMRO,1666,93184,1,352
3173,2021-01-10,BH,Bahrain,EMRO,2133,95317,3,355
3174,2021-01-17,BH,Bahrain,EMRO,1951,97268,3,358
3175,2021-01-24,BH,Bahrain,EMRO,2188,99456,9,367
3176,2021-01-31,BH,Bahrain,EMRO,3170,102626,5,372
3177,2021-02-07,BH,Bahrain,EMRO,4087,106713,7,379
3178,2021-02-14,BH,Bahrain,EMRO,5389,112102,19,398
3179,2021-02-21,BH,Bahrain,EMRO,5132,117234,22,420
3180,2021-02-28,BH,Bahrain,EMRO,4544,121778,24,444
3181,2021-03-07,BH,Bahrain,EMRO,4348,126126,25,469
3182,2021-03-14,BH,Bahrain,EMRO,4278,130404,12,481
3183,2021-03-21,BH,Bahrain,EMRO,4922,135326,17,498
3184,2021-03-28,BH,Bahrain,EMRO,5492,140818,15,513
3185,2021-04-04,BH,Bahrain,EMRO,6952,147770,18,531
3186,2021-04-11,BH,Bahrain,EMRO,7632,155402,23,554
3187,2021-04-18,BH,Bahrain,EMRO,7711,163113,34,588
3188,2021-04-25,BH,Bahrain,EMRO,7222,170335,32,620
3189,2021-05-02,BH,Bahrain,EMRO,7662,177997,28,648
3190,2021-05-09,BH,Bahrain,EMRO,9908,187905,30,678
3191,2021-05-16,BH,Bahrain,EMRO,11188,199093,59,737
3192,2021-05-23,BH,Bahrain,EMRO,15777,214870,72,809
3193,2021-05-30,BH,Bahrain,EMRO,20829,235699,130,939
3194,2021-06-06,BH,Bahrain,EMRO,13883,249582,152,1091
3195,2021-06-13,BH,Bahrain,EMRO,8270,257852,115,1206
3196,2021-06-20,BH,Bahrain,EMRO,4575,262427,91,1297
3197,2021-06-27,BH,Bahrain,EMRO,2568,264995,44,1341
3198,2021-07-04,BH,Bahrain,EMRO,1291,266286,17,1358
3199,2021-07-11,BH,Bahrain,EMRO,826,267112,18,1376
3200,2021-07-18,BH,Bahrain,EMRO,684,267796,4,1380
3201,2021-07-25,BH,Bahrain,EMRO,617,268413,2,1382
3202,2021-08-01,BH,Bahrain,EMRO,773,269186,2,1384
3203,2021-08-08,BH,Bahrain,EMRO,763,269949,0,1384
3204,2021-08-15,BH,Bahrain,EMRO,867,270816,0,1384
3205,2021-08-22,BH,Bahrain,EMRO,718,271534,2,1386
3206,2021-08-29,BH,Bahrain,EMRO,712,272246,2,1388
3207,2021-09-05,BH,Bahrain,EMRO,670,272916,0,1388
3208,2021-09-12,BH,Bahrain,EMRO,706,273622,0,1388
3209,2021-09-19,BH,Bahrain,EMRO,557,274179,0,1388
3210,2021-09-26,BH,Bahrain,EMRO,566,274745,1,1389
3211,2021-10-03,BH,Bahrain,EMRO,430,275175,0,1389
3212,2021-10-10,BH,Bahrain,EMRO,422,275597,1,1390
3213,2021-10-17,BH,Bahrain,EMRO,433,276030,1,1391
3214,2021-10-24,BH,Bahrain,EMRO,496,276526,2,1393
3215,2021-10-31,BH,Bahrain,EMRO,268,276794,0,1393
3216,2021-11-07,BH,Bahrain,EMRO,247,277041,0,1393
3217,2021-11-14,BH,Bahrain,EMRO,160,277201,0,1393
3218,2021-11-21,BH,Bahrain,EMRO,147,277348,1,1394
3219,2021-11-28,BH,Bahrain,EMRO,204,277552,0,1394
3220,2021-12-05,BH,Bahrain,EMRO,251,277803,0,1394
3221,2021-12-12,BH,Bahrain,EMRO,234,278037,0,1394
3222,2021-12-19,BH,Bahrain,EMRO,373,278410,0,1394
3223,2021-12-26,BH,Bahrain,EMRO,1108,279518,0,1394
3224,2022-01-02,BH,Bahrain,EMRO,3159,282677,0,1394
3225,2022-01-09,BH,Bahrain,EMRO,8201,290878,3,1397
3226,2022-01-16,BH,Bahrain,EMRO,14536,305414,1,1398
3227,2022-01-23,BH,Bahrain,EMRO,22052,327466,1,1399
3228,2022-01-30,BH,Bahrain,EMRO,34556,362022,5,1404
3229,2022-02-06,BH,Bahrain,EMRO,51350,413372,7,1411
3230,2022-02-13,BH,Bahrain,EMRO,45167,458539,14,1425
3231,2022-02-20,BH,Bahrain,EMRO,29884,488423,12,1437
3232,2022-02-27,BH,Bahrain,EMRO,20967,509390,13,1450
3233,2022-03-06,BH,Bahrain,EMRO,15781,525171,8,1458
3234,2022-03-13,BH,Bahrain,EMRO,11070,536241,4,1462
3235,2022-03-20,BH,Bahrain,EMRO,7594,543835,3,1465
3236,2022-03-27,BH,Bahrain,EMRO,6527,550362,3,1468
3237,2022-04-03,BH,Bahrain,EMRO,5198,555560,3,1471
3238,2022-04-10,BH,Bahrain,EMRO,3871,559431,1,1472
3239,2022-04-17,BH,Bahrain,EMRO,3328,562759,1,1473
3240,2022-04-24,BH,Bahrain,EMRO,3071,565830,2,1475
3241,2022-05-01,BH,Bahrain,EMRO,2876,568706,0,1475
3242,2022-05-08,BH,Bahrain,EMRO,3376,572082,2,1477
3243,2022-05-15,BH,Bahrain,EMRO,4915,576997,2,1479
3244,2022-05-22,BH,Bahrain,EMRO,3800,580797,1,1480
3245,2022-05-29,BH,Bahrain,EMRO,3187,583984,7,1487
3246,2022-06-05,BH,Bahrain,EMRO,4086,588070,1,1488
3247,2022-06-12,BH,Bahrain,EMRO,6551,594621,1,1489
3248,2022-06-19,BH,Bahrain,EMRO,9227,603848,2,1491
3249,2022-06-26,BH,Bahrain,EMRO,12740,616588,1,1492
3250,2022-07-03,BH,Bahrain,EMRO,12155,628743,2,1494
3251,2022-07-10,BH,Bahrain,EMRO,9732,638475,4,1498
3252,2022-07-17,BH,Bahrain,EMRO,9460,647935,7,1505
3253,2022-07-24,BH,Bahrain,EMRO,6938,654873,1,1506
3254,2022-07-31,BH,Bahrain,EMRO,4351,659224,3,1509
3255,2022-08-07,BH,Bahrain,EMRO,3182,662406,2,1511
3256,2022-08-14,BH,Bahrain,EMRO,3967,666373,1,1512
3257,2022-08-21,BH,Bahrain,EMRO,3019,669392,1,1513
3258,2022-08-28,BH,Bahrain,EMRO,1462,670854,0,1513
3259,2022-09-04,BH,Bahrain,EMRO,1391,672245,2,1515
3260,2022-09-11,BH,Bahrain,EMRO,1448,673693,3,1518
3261,2022-09-18,BH,Bahrain,EMRO,2048,675741,2,1520
3262,2022-09-25,BH,Bahrain,EMRO,2539,678280,0,1520
3263,2022-10-02,BH,Bahrain,EMRO,2525,680805,0,1520
3264,2022-10-09,BH,Bahrain,EMRO,2437,683242,0,1520
3265,2022-10-16,BH,Bahrain,EMRO,2027,685269,1,1521
3266,2022-10-23,BH,Bahrain,EMRO,2084,687353,3,1524
3267,2022-10-30,BH,Bahrain,EMRO,2127,689480,3,1527
3268,2022-11-06,BH,Bahrain,EMRO,2029,691509,2,1529
3269,2022-11-13,BH,Bahrain,EMRO,1752,693261,2,1531
3270,2022-11-20,BH,Bahrain,EMRO,1479,694740,2,1533
3271,2022-11-27,BH,Bahrain,EMRO,1026,695766,3,1536
3272,2022-12-04,BH,Bahrain,EMRO,848,696614,0,1536
3273,2022-12-11,BH,Bahrain,EMRO,0,696614,0,1536
3274,2022-12-18,BH,Bahrain,EMRO,0,696614,0,1536
3275,2022-12-25,BH,Bahrain,EMRO,0,696614,0,1536
3276,2023-01-01,BH,Bahrain,EMRO,0,696614,0,1536
3277,2023-01-08,BH,Bahrain,EMRO,0,696614,0,1536
3278,2023-01-15,BH,Bahrain,EMRO,0,696614,0,1536
3279,2023-01-22,BH,Bahrain,EMRO,0,696614,0,1536
3280,2023-01-29,BH,Bahrain,EMRO,0,696614,0,1536
3281,2023-02-05,BH,Bahrain,EMRO,0,696614,0,1536
3282,2023-02-12,BH,Bahrain,EMRO,0,696614,0,1536
3283,2023-02-19,BH,Bahrain,EMRO,0,696614,0,1536
3284,2023-02-26,BH,Bahrain,EMRO,0,696614,0,1536
3285,2023-03-05,BH,Bahrain,EMRO,0,696614,0,1536
3286,2023-03-12,BH,Bahrain,EMRO,0,696614,0,1536
3287,2023-03-19,BH,Bahrain,EMRO,0,696614,0,1536
3288,2023-03-26,BH,Bahrain,EMRO,0,696614,0,1536
3289,2023-04-02,BH,Bahrain,EMRO,0,696614,0,1536
3290,2023-04-09,BH,Bahrain,EMRO,0,696614,0,1536
3291,2023-04-16,BH,Bahrain,EMRO,0,696614,0,1536
3292,2023-04-23,BH,Bahrain,EMRO,0,696614,0,1536
3293,2023-04-30,BH,Bahrain,EMRO,0,696614,0,1536
3294,2023-05-07,BH,Bahrain,EMRO,0,696614,0,1536
3295,2023-05-14,BH,Bahrain,EMRO,0,696614,0,1536
3296,2023-05-21,BH,Bahrain,EMRO,0,696614,0,1536
3297,2023-05-28,BH,Bahrain,EMRO,0,696614,0,1536
3298,2023-06-04,BH,Bahrain,EMRO,0,696614,0,1536
3299,2023-06-11,BH,Bahrain,EMRO,0,696614,0,1536
3300,2023-06-18,BH,Bahrain,EMRO,0,696614,0,1536
3301,2023-06-25,BH,Bahrain,EMRO,0,696614,0,1536
3302,2023-07-02,BH,Bahrain,EMRO,0,696614,0,1536
3303,2023-07-09,BH,Bahrain,EMRO,0,696614,0,1536
3304,2023-07-16,BH,Bahrain,EMRO,0,696614,0,1536
3305,2023-07-23,BH,Bahrain,EMRO,0,696614,0,1536
3306,2023-07-30,BH,Bahrain,EMRO,0,696614,0,1536
3307,2023-08-06,BH,Bahrain,EMRO,0,696614,0,1536
3308,2023-08-13,BH,Bahrain,EMRO,0,696614,0,1536
3309,2023-08-20,BH,Bahrain,EMRO,0,696614,0,1536
3310,2023-08-27,BH,Bahrain,EMRO,0,696614,0,1536
3311,2023-09-03,BH,Bahrain,EMRO,0,696614,0,1536
3312,2023-09-10,BH,Bahrain,EMRO,0,696614,0,1536
3313,2023-09-17,BH,Bahrain,EMRO,0,696614,0,1536
3314,2023-09-24,BH,Bahrain,EMRO,0,696614,0,1536
3315,2023-10-01,BH,Bahrain,EMRO,0,696614,0,1536
3316,2023-10-08,BH,Bahrain,EMRO,0,696614,0,1536
3317,2023-10-15,BH,Bahrain,EMRO,0,696614,0,1536
3318,2023-10-22,BH,Bahrain,EMRO,0,696614,0,1536
3319,2023-10-29,BH,Bahrain,EMRO,0,696614,0,1536
3320,2023-11-05,BH,Bahrain,EMRO,0,696614,0,1536
3321,2023-11-12,BH,Bahrain,EMRO,0,696614,0,1536
3322,2023-11-19,BH,Bahrain,EMRO,0,696614,0,1536
3323,2023-11-26,BH,Bahrain,EMRO,0,696614,0,1536
3324,2023-12-03,BH,Bahrain,EMRO,0,696614,0,1536
3325,2023-12-10,BH,Bahrain,EMRO,0,696614,0,1536
3326,2023-12-17,BH,Bahrain,EMRO,0,696614,0,1536
3327,2023-12-24,BH,Bahrain,EMRO,0,696614,0,1536
3328,2020-01-05,BD,Bangladesh,SEARO,0,0,0,0
3329,2020-01-12,BD,Bangladesh,SEARO,0,0,0,0
3330,2020-01-19,BD,Bangladesh,SEARO,0,0,0,0
3331,2020-01-26,BD,Bangladesh,SEARO,0,0,0,0
3332,2020-02-02,BD,Bangladesh,SEARO,0,0,0,0
3333,2020-02-09,BD,Bangladesh,SEARO,0,0,0,0
3334,2020-02-16,BD,Bangladesh,SEARO,0,0,0,0
3335,2020-02-23,BD,Bangladesh,SEARO,0,0,0,0
3336,2020-03-01,BD,Bangladesh,SEARO,0,0,0,0
3337,2020-03-08,BD,Bangladesh,SEARO,3,3,0,0
3338,2020-03-15,BD,Bangladesh,SEARO,4,7,0,0
3339,2020-03-22,BD,Bangladesh,SEARO,17,24,2,2
3340,2020-03-29,BD,Bangladesh,SEARO,24,48,3,5
3341,2020-04-05,BD,Bangladesh,SEARO,40,88,3,8
3342,2020-04-12,BD,Bangladesh,SEARO,533,621,26,34
3343,2020-04-19,BD,Bangladesh,SEARO,1835,2456,57,91
3344,2020-04-26,BD,Bangladesh,SEARO,2960,5416,54,145
3345,2020-05-03,BD,Bangladesh,SEARO,4039,9455,32,177
3346,2020-05-10,BD,Bangladesh,SEARO,5202,14657,51,228
3347,2020-05-17,BD,Bangladesh,SEARO,7611,22268,100,328
3348,2020-05-24,BD,Bangladesh,SEARO,11342,33610,152,480
3349,2020-05-31,BD,Bangladesh,SEARO,13543,47153,170,650
3350,2020-06-07,BD,Bangladesh,SEARO,18616,65769,238,888
3351,2020-06-14,BD,Bangladesh,SEARO,21751,87520,283,1171
3352,2020-06-21,BD,Bangladesh,SEARO,24786,112306,293,1464
3353,2020-06-28,BD,Bangladesh,SEARO,25481,137787,274,1738
3354,2020-07-05,BD,Bangladesh,SEARO,24630,162417,314,2052
3355,2020-07-12,BD,Bangladesh,SEARO,21378,183795,300,2352
3356,2020-07-19,BD,Bangladesh,SEARO,20730,204525,266,2618
3357,2020-07-26,BD,Bangladesh,SEARO,18928,223453,310,2928
3358,2020-08-02,BD,Bangladesh,SEARO,17293,240746,226,3154
3359,2020-08-09,BD,Bangladesh,SEARO,16854,257600,245,3399
3360,2020-08-16,BD,Bangladesh,SEARO,18949,276549,258,3657
3361,2020-08-23,BD,Bangladesh,SEARO,18049,294598,284,3941
3362,2020-08-30,BD,Bangladesh,SEARO,16224,310822,307,4248
3363,2020-09-06,BD,Bangladesh,SEARO,14335,325157,231,4479
3364,2020-09-13,BD,Bangladesh,SEARO,12363,337520,254,4733
3365,2020-09-20,BD,Bangladesh,SEARO,11396,348916,206,4939
3366,2020-09-27,BD,Bangladesh,SEARO,10232,359148,222,5161
3367,2020-10-04,BD,Bangladesh,SEARO,9542,368690,187,5348
3368,2020-10-11,BD,Bangladesh,SEARO,9576,378266,176,5524
3369,2020-10-18,BD,Bangladesh,SEARO,10303,388569,136,5660
3370,2020-10-25,BD,Bangladesh,SEARO,10246,398815,143,5803
3371,2020-11-01,BD,Bangladesh,SEARO,10437,409252,138,5941
3372,2020-11-08,BD,Bangladesh,SEARO,10986,420238,126,6067
3373,2020-11-15,BD,Bangladesh,SEARO,12095,432333,127,6194
3374,2020-11-22,BD,Bangladesh,SEARO,15008,447341,194,6388
3375,2020-11-29,BD,Bangladesh,SEARO,15066,462407,221,6609
3376,2020-12-06,BD,Bangladesh,SEARO,15138,477545,229,6838
3377,2020-12-13,BD,Bangladesh,SEARO,12988,490533,214,7052
3378,2020-12-20,BD,Bangladesh,SEARO,10180,500713,228,7280
3379,2020-12-27,BD,Bangladesh,SEARO,8435,509148,172,7452
3380,2021-01-03,BD,Bangladesh,SEARO,6871,516019,174,7626
3381,2021-01-10,BD,Bangladesh,SEARO,6434,522453,155,7781
3382,2021-01-17,BD,Bangladesh,SEARO,5179,527632,125,7906
3383,2021-01-24,BD,Bangladesh,SEARO,4167,531799,117,8023
3384,2021-01-31,BD,Bangladesh,SEARO,3340,535139,104,8127
3385,2021-02-07,BD,Bangladesh,SEARO,2923,538062,78,8205
3386,2021-02-14,BD,Bangladesh,SEARO,2530,540592,69,8274
3387,2021-02-21,BD,Bangladesh,SEARO,2759,543351,75,8349
3388,2021-02-28,BD,Bangladesh,SEARO,2865,546216,59,8408
3389,2021-03-07,BD,Bangladesh,SEARO,4114,550330,54,8462
3390,2021-03-14,BD,Bangladesh,SEARO,7065,557395,83,8545
3391,2021-03-21,BD,Bangladesh,SEARO,13483,570878,145,8690
3392,2021-03-28,BD,Bangladesh,SEARO,24836,595714,214,8904
3393,2021-04-04,BD,Bangladesh,SEARO,41650,637364,362,9266
3394,2021-04-11,BD,Bangladesh,SEARO,47392,684756,473,9739
3395,2021-04-18,BD,Bangladesh,SEARO,34194,718950,646,10385
3396,2021-04-25,BD,Bangladesh,SEARO,26372,745322,668,11053
3397,2021-05-02,BD,Bangladesh,SEARO,16621,761943,526,11579
3398,2021-05-09,BD,Bangladesh,SEARO,11570,773513,355,11934
3399,2021-05-16,BD,Bangladesh,SEARO,6646,780159,215,12149
3400,2021-05-23,BD,Bangladesh,SEARO,8921,789080,227,12376
3401,2021-05-30,BD,Bangladesh,SEARO,9750,798830,207,12583
3402,2021-06-06,BD,Bangladesh,SEARO,12160,810990,256,12839
3403,2021-06-13,BD,Bangladesh,SEARO,15932,826922,279,13118
3404,2021-06-20,BD,Bangladesh,SEARO,24746,851668,430,13548
3405,2021-06-27,BD,Bangladesh,SEARO,36738,888406,624,14172
3406,2021-07-04,BD,Bangladesh,SEARO,56511,944917,893,15065
3407,2021-07-11,BD,Bangladesh,SEARO,76272,1021189,1354,16419
3408,2021-07-18,BD,Bangladesh,SEARO,82800,1103989,1475,17894
3409,2021-07-25,BD,Bangladesh,SEARO,60646,1164635,1380,19274
3410,2021-08-01,BD,Bangladesh,SEARO,99693,1264328,1642,20916
3411,2021-08-08,BD,Bangladesh,SEARO,89367,1353695,1736,22652
3412,2021-08-15,BD,Bangladesh,SEARO,65207,1418902,1523,24175
3413,2021-08-22,BD,Bangladesh,SEARO,43096,1461998,1107,25282
3414,2021-08-29,BD,Bangladesh,SEARO,31539,1493537,733,26015
3415,2021-09-05,BD,Bangladesh,SEARO,20919,1514456,548,26563
3416,2021-09-12,BD,Bangladesh,SEARO,15957,1530413,368,26931
3417,2021-09-19,BD,Bangladesh,SEARO,12270,1542683,294,27225
3418,2021-09-26,BD,Bangladesh,SEARO,8668,1551351,189,27414
3419,2021-10-03,BD,Bangladesh,SEARO,6613,1557964,159,27573
3420,2021-10-10,BD,Bangladesh,SEARO,4395,1562359,115,27688
3421,2021-10-17,BD,Bangladesh,SEARO,3129,1565488,80,27768
3422,2021-10-24,BD,Bangladesh,SEARO,2204,1567692,55,27823
3423,2021-10-31,BD,Bangladesh,SEARO,1847,1569539,45,27868
3424,2021-11-07,BD,Bangladesh,SEARO,1474,1571013,27,27895
3425,2021-11-14,BD,Bangladesh,SEARO,1488,1572501,27,27922
3426,2021-11-21,BD,Bangladesh,SEARO,1587,1574088,31,27953
3427,2021-11-28,BD,Bangladesh,SEARO,1696,1575784,25,27978
3428,2021-12-05,BD,Bangladesh,SEARO,1659,1577443,23,28001
3429,2021-12-12,BD,Bangladesh,SEARO,1882,1579325,27,28028
3430,2021-12-19,BD,Bangladesh,SEARO,1758,1581083,20,28048
3431,2021-12-26,BD,Bangladesh,SEARO,2170,1583253,12,28060
3432,2022-01-02,BD,Bangladesh,SEARO,3213,1586466,17,28077
3433,2022-01-09,BD,Bangladesh,SEARO,7234,1593700,25,28102
3434,2022-01-16,BD,Bangladesh,SEARO,24011,1617711,42,28144
3435,2022-01-23,BD,Bangladesh,SEARO,67425,1685136,79,28223
3436,2022-01-30,BD,Bangladesh,SEARO,100196,1785332,140,28363
3437,2022-02-06,BD,Bangladesh,SEARO,76200,1861532,226,28589
3438,2022-02-13,BD,Bangladesh,SEARO,48132,1909664,230,28819
3439,2022-02-20,BD,Bangladesh,SEARO,23627,1933291,146,28965
3440,2022-02-27,BD,Bangladesh,SEARO,9389,1942680,68,29033
3441,2022-03-06,BD,Bangladesh,SEARO,4586,1947266,52,29085
3442,2022-03-13,BD,Bangladesh,SEARO,2220,1949486,26,29111
3443,2022-03-20,BD,Bangladesh,SEARO,1123,1950609,6,29117
3444,2022-03-27,BD,Bangladesh,SEARO,673,1951282,1,29118
3445,2022-04-03,BD,Bangladesh,SEARO,488,1951770,4,29122
3446,2022-04-10,BD,Bangladesh,SEARO,295,1952065,1,29123
3447,2022-04-17,BD,Bangladesh,SEARO,261,1952326,1,29124
3448,2022-04-24,BD,Bangladesh,SEARO,230,1952556,3,29127
3449,2022-05-01,BD,Bangladesh,SEARO,160,1952716,0,29127
3450,2022-05-08,BD,Bangladesh,SEARO,83,1952799,0,29127
3451,2022-05-15,BD,Bangladesh,SEARO,213,1953012,0,29127
3452,2022-05-22,BD,Bangladesh,SEARO,192,1953204,1,29128
3453,2022-05-29,BD,Bangladesh,SEARO,203,1953407,2,29130
3454,2022-06-05,BD,Bangladesh,SEARO,216,1953623,1,29131
3455,2022-06-12,BD,Bangladesh,SEARO,492,1954115,0,29131
3456,2022-06-19,BD,Bangladesh,SEARO,2212,1956327,0,29131
3457,2022-06-26,BD,Bangladesh,SEARO,8846,1965173,9,29140
3458,2022-07-03,BD,Bangladesh,SEARO,13516,1978689,22,29162
3459,2022-07-10,BD,Bangladesh,SEARO,11165,1989854,38,29200
3460,2022-07-17,BD,Bangladesh,SEARO,6486,1996340,34,29234
3461,2022-07-24,BD,Bangladesh,SEARO,5435,2001775,32,29266
3462,2022-07-31,BD,Bangladesh,SEARO,3482,2005257,25,29291
3463,2022-08-07,BD,Bangladesh,SEARO,2078,2007335,13,29304
3464,2022-08-14,BD,Bangladesh,SEARO,1535,2008870,9,29313
3465,2022-08-21,BD,Bangladesh,SEARO,1100,2009970,2,29315
3466,2022-08-28,BD,Bangladesh,SEARO,1347,2011317,8,29323
3467,2022-09-04,BD,Bangladesh,SEARO,1444,2012761,5,29328
3468,2022-09-11,BD,Bangladesh,SEARO,2126,2014887,6,29334
3469,2022-09-18,BD,Bangladesh,SEARO,2727,2017614,5,29339
3470,2022-09-25,BD,Bangladesh,SEARO,4076,2021690,14,29353
3471,2022-10-02,BD,Bangladesh,SEARO,4522,2026212,16,29369
3472,2022-10-09,BD,Bangladesh,SEARO,3511,2029723,12,29381
3473,2022-10-16,BD,Bangladesh,SEARO,2720,2032443,20,29401
3474,2022-10-23,BD,Bangladesh,SEARO,1698,2034141,12,29413
3475,2022-10-30,BD,Bangladesh,SEARO,1011,2035152,10,29423
3476,2022-11-06,BD,Bangladesh,SEARO,676,2035828,3,29426
3477,2022-11-13,BD,Bangladesh,SEARO,338,2036166,1,29427
3478,2022-11-20,BD,Bangladesh,SEARO,201,2036367,3,29430
3479,2022-11-27,BD,Bangladesh,SEARO,160,2036527,1,29431
3480,2022-12-04,BD,Bangladesh,SEARO,110,2036637,3,29434
3481,2022-12-11,BD,Bangladesh,SEARO,169,2036806,2,29436
3482,2022-12-18,BD,Bangladesh,SEARO,122,2036928,2,29438
3483,2022-12-25,BD,Bangladesh,SEARO,96,2037024,1,29439
3484,2023-01-01,BD,Bangladesh,SEARO,118,2037142,1,29440
3485,2023-01-08,BD,Bangladesh,SEARO,125,2037267,0,29440
3486,2023-01-15,BD,Bangladesh,SEARO,101,2037368,1,29441
3487,2023-01-22,BD,Bangladesh,SEARO,76,2037444,0,29441
3488,2023-01-29,BD,Bangladesh,SEARO,88,2037532,1,29442
3489,2023-02-05,BD,Bangladesh,SEARO,77,2037609,1,29443
3490,2023-02-12,BD,Bangladesh,SEARO,70,2037679,1,29444
3491,2023-02-19,BD,Bangladesh,SEARO,71,2037750,1,29445
3492,2023-02-26,BD,Bangladesh,SEARO,58,2037808,0,29445
3493,2023-03-05,BD,Bangladesh,SEARO,57,2037865,0,29445
3494,2023-03-12,BD,Bangladesh,SEARO,57,2037922,0,29445
3495,2023-03-19,BD,Bangladesh,SEARO,47,2037969,0,29445
3496,2023-03-26,BD,Bangladesh,SEARO,32,2038001,0,29445
3497,2023-04-02,BD,Bangladesh,SEARO,37,2038038,1,29446
3498,2023-04-09,BD,Bangladesh,SEARO,40,2038078,0,29446
3499,2023-04-16,BD,Bangladesh,SEARO,38,2038116,0,29446
3500,2023-04-23,BD,Bangladesh,SEARO,38,2038154,0,29446
3501,2023-04-30,BD,Bangladesh,SEARO,78,2038232,0,29446
3502,2023-05-07,BD,Bangladesh,SEARO,106,2038338,0,29446
3503,2023-05-14,BD,Bangladesh,SEARO,140,2038478,0,29446
3504,2023-05-21,BD,Bangladesh,SEARO,148,2038626,0,29446
3505,2023-05-28,BD,Bangladesh,SEARO,345,2038971,0,29446
3506,2023-06-04,BD,Bangladesh,SEARO,668,2039639,2,29448
3507,2023-06-11,BD,Bangladesh,SEARO,831,2040470,3,29451
3508,2023-06-18,BD,Bangladesh,SEARO,1000,2041470,6,29457
3509,2023-06-25,BD,Bangladesh,SEARO,782,2042252,4,29461
3510,2023-07-02,BD,Bangladesh,SEARO,450,2042702,1,29462
3511,2023-07-09,BD,Bangladesh,SEARO,459,2043161,0,29462
3512,2023-07-16,BD,Bangladesh,SEARO,416,2043577,2,29464
3513,2023-07-23,BD,Bangladesh,SEARO,394,2043971,4,29468
3514,2023-07-30,BD,Bangladesh,SEARO,439,2044410,4,29472
3515,2023-08-06,BD,Bangladesh,SEARO,369,2044779,2,29474
3516,2023-08-13,BD,Bangladesh,SEARO,218,2044997,2,29476
3517,2023-08-20,BD,Bangladesh,SEARO,162,2045159,0,29476
3518,2023-08-27,BD,Bangladesh,SEARO,127,2045286,0,29476
3519,2023-09-03,BD,Bangladesh,SEARO,122,2045408,1,29477
3520,2023-09-10,BD,Bangladesh,SEARO,109,2045517,0,29477
3521,2023-09-17,BD,Bangladesh,SEARO,85,2045602,0,29477
3522,2023-09-24,BD,Bangladesh,SEARO,69,2045671,0,29477
3523,2023-10-01,BD,Bangladesh,SEARO,63,2045734,0,29477
3524,2023-10-08,BD,Bangladesh,SEARO,55,2045789,0,29477
3525,2023-10-15,BD,Bangladesh,SEARO,54,2045843,0,29477
3526,2023-10-22,BD,Bangladesh,SEARO,49,2045892,0,29477
3527,2023-10-29,BD,Bangladesh,SEARO,31,2045923,0,29477
3528,2023-11-05,BD,Bangladesh,SEARO,35,2045958,0,29477
3529,2023-11-12,BD,Bangladesh,SEARO,34,2045992,0,29477
3530,2023-11-19,BD,Bangladesh,SEARO,34,2046026,0,29477
3531,2023-11-26,BD,Bangladesh,SEARO,34,2046060,0,29477
3532,2023-12-03,BD,Bangladesh,SEARO,30,2046090,0,29477
3533,2023-12-10,BD,Bangladesh,SEARO,43,2046133,0,29477
3534,2023-12-17,BD,Bangladesh,SEARO,32,2046165,0,29477
3535,2023-12-24,BD,Bangladesh,SEARO,42,2046207,0,29477
3536,2020-01-05,BB,Barbados,AMRO,0,0,0,0
3537,2020-01-12,BB,Barbados,AMRO,0,0,0,0
3538,2020-01-19,BB,Barbados,AMRO,0,0,0,0
3539,2020-01-26,BB,Barbados,AMRO,0,0,0,0
3540,2020-02-02,BB,Barbados,AMRO,0,0,0,0
3541,2020-02-09,BB,Barbados,AMRO,0,0,0,0
3542,2020-02-16,BB,Barbados,AMRO,0,0,0,0
3543,2020-02-23,BB,Barbados,AMRO,0,0,0,0
3544,2020-03-01,BB,Barbados,AMRO,0,0,0,0
3545,2020-03-08,BB,Barbados,AMRO,0,0,0,0
3546,2020-03-15,BB,Barbados,AMRO,0,0,0,0
3547,2020-03-22,BB,Barbados,AMRO,5,5,0,0
3548,2020-03-29,BB,Barbados,AMRO,19,24,0,0
3549,2020-04-05,BB,Barbados,AMRO,27,51,0,0
3550,2020-04-12,BB,Barbados,AMRO,16,67,4,4
3551,2020-04-19,BB,Barbados,AMRO,8,75,1,5
3552,2020-04-26,BB,Barbados,AMRO,2,77,1,6
3553,2020-05-03,BB,Barbados,AMRO,4,81,1,7
3554,2020-05-10,BB,Barbados,AMRO,1,82,0,7
3555,2020-05-17,BB,Barbados,AMRO,3,85,0,7
3556,2020-05-24,BB,Barbados,AMRO,5,90,0,7
3557,2020-05-31,BB,Barbados,AMRO,2,92,0,7
3558,2020-06-07,BB,Barbados,AMRO,0,92,0,7
3559,2020-06-14,BB,Barbados,AMRO,4,96,0,7
3560,2020-06-21,BB,Barbados,AMRO,1,97,0,7
3561,2020-06-28,BB,Barbados,AMRO,0,97,0,7
3562,2020-07-05,BB,Barbados,AMRO,0,97,0,7
3563,2020-07-12,BB,Barbados,AMRO,1,98,0,7
3564,2020-07-19,BB,Barbados,AMRO,6,104,0,7
3565,2020-07-26,BB,Barbados,AMRO,4,108,0,7
3566,2020-08-02,BB,Barbados,AMRO,2,110,0,7
3567,2020-08-09,BB,Barbados,AMRO,28,138,0,7
3568,2020-08-16,BB,Barbados,AMRO,10,148,0,7
3569,2020-08-23,BB,Barbados,AMRO,9,157,0,7
3570,2020-08-30,BB,Barbados,AMRO,9,166,0,7
3571,2020-09-06,BB,Barbados,AMRO,12,178,0,7
3572,2020-09-13,BB,Barbados,AMRO,2,180,0,7
3573,2020-09-20,BB,Barbados,AMRO,5,185,0,7
3574,2020-09-27,BB,Barbados,AMRO,5,190,0,7
3575,2020-10-04,BB,Barbados,AMRO,6,196,0,7
3576,2020-10-11,BB,Barbados,AMRO,9,205,0,7
3577,2020-10-18,BB,Barbados,AMRO,14,219,0,7
3578,2020-10-25,BB,Barbados,AMRO,8,227,0,7
3579,2020-11-01,BB,Barbados,AMRO,9,236,0,7
3580,2020-11-08,BB,Barbados,AMRO,6,242,0,7
3581,2020-11-15,BB,Barbados,AMRO,7,249,0,7
3582,2020-11-22,BB,Barbados,AMRO,4,253,0,7
3583,2020-11-29,BB,Barbados,AMRO,17,270,0,7
3584,2020-12-06,BB,Barbados,AMRO,15,285,0,7
3585,2020-12-13,BB,Barbados,AMRO,7,292,0,7
3586,2020-12-20,BB,Barbados,AMRO,15,307,0,7
3587,2020-12-27,BB,Barbados,AMRO,40,347,0,7
3588,2021-01-03,BB,Barbados,AMRO,48,395,0,7
3589,2021-01-10,BB,Barbados,AMRO,413,808,0,7
3590,2021-01-17,BB,Barbados,AMRO,228,1036,0,7
3591,2021-01-24,BB,Barbados,AMRO,305,1341,2,9
3592,2021-01-31,BB,Barbados,AMRO,157,1498,3,12
3593,2021-02-07,BB,Barbados,AMRO,178,1676,6,18
3594,2021-02-14,BB,Barbados,AMRO,271,1947,5,23
3595,2021-02-21,BB,Barbados,AMRO,730,2677,7,30
3596,2021-02-28,BB,Barbados,AMRO,317,2994,3,33
3597,2021-03-07,BB,Barbados,AMRO,223,3217,4,37
3598,2021-03-14,BB,Barbados,AMRO,174,3391,0,37
3599,2021-03-21,BB,Barbados,AMRO,121,3512,2,39
3600,2021-03-28,BB,Barbados,AMRO,91,3603,2,41
3601,2021-04-04,BB,Barbados,AMRO,62,3665,1,42
3602,2021-04-11,BB,Barbados,AMRO,43,3708,2,44
3603,2021-04-18,BB,Barbados,AMRO,65,3773,0,44
3604,2021-04-25,BB,Barbados,AMRO,47,3820,0,44
3605,2021-05-02,BB,Barbados,AMRO,43,3863,0,44
3606,2021-05-09,BB,Barbados,AMRO,68,3931,1,45
3607,2021-05-16,BB,Barbados,AMRO,30,3961,1,46
3608,2021-05-23,BB,Barbados,AMRO,24,3985,1,47
3609,2021-05-30,BB,Barbados,AMRO,24,4009,0,47
3610,2021-06-06,BB,Barbados,AMRO,20,4029,0,47
3611,2021-06-13,BB,Barbados,AMRO,4,4033,0,47
3612,2021-06-20,BB,Barbados,AMRO,7,4040,0,47
3613,2021-06-27,BB,Barbados,AMRO,26,4066,0,47
3614,2021-07-04,BB,Barbados,AMRO,16,4082,0,47
3615,2021-07-11,BB,Barbados,AMRO,54,4136,0,47
3616,2021-07-18,BB,Barbados,AMRO,105,4241,1,48
3617,2021-07-25,BB,Barbados,AMRO,89,4330,0,48
3618,2021-08-01,BB,Barbados,AMRO,49,4379,0,48
3619,2021-08-08,BB,Barbados,AMRO,76,4455,0,48
3620,2021-08-15,BB,Barbados,AMRO,60,4515,0,48
3621,2021-08-22,BB,Barbados,AMRO,113,4628,0,48
3622,2021-08-29,BB,Barbados,AMRO,161,4789,0,48
3623,2021-09-05,BB,Barbados,AMRO,394,5183,3,51
3624,2021-09-12,BB,Barbados,AMRO,576,5759,0,51
3625,2021-09-19,BB,Barbados,AMRO,599,6358,6,57
3626,2021-09-26,BB,Barbados,AMRO,1043,7401,6,63
3627,2021-10-03,BB,Barbados,AMRO,1208,8609,15,78
3628,2021-10-10,BB,Barbados,AMRO,1774,10383,10,88
3629,2021-10-17,BB,Barbados,AMRO,1722,12105,20,108
3630,2021-10-24,BB,Barbados,AMRO,2648,14753,16,124
3631,2021-10-31,BB,Barbados,AMRO,2712,17465,28,152
3632,2021-11-07,BB,Barbados,AMRO,2051,19516,18,170
3633,2021-11-14,BB,Barbados,AMRO,2361,21877,21,191
3634,2021-11-21,BB,Barbados,AMRO,1549,23426,15,206
3635,2021-11-28,BB,Barbados,AMRO,1497,24923,17,223
3636,2021-12-05,BB,Barbados,AMRO,1041,25964,11,234
3637,2021-12-12,BB,Barbados,AMRO,776,26740,17,251
3638,2021-12-19,BB,Barbados,AMRO,429,27169,5,256
3639,2021-12-26,BB,Barbados,AMRO,460,27629,4,260
3640,2022-01-02,BB,Barbados,AMRO,1181,28810,2,262
3641,2022-01-09,BB,Barbados,AMRO,2194,31004,3,265
3642,2022-01-16,BB,Barbados,AMRO,3687,34691,4,269
3643,2022-01-23,BB,Barbados,AMRO,3895,38586,5,274
3644,2022-01-30,BB,Barbados,AMRO,4265,42851,3,277
3645,2022-02-06,BB,Barbados,AMRO,4273,47124,9,286
3646,2022-02-13,BB,Barbados,AMRO,3756,50880,5,291
3647,2022-02-20,BB,Barbados,AMRO,2628,53508,17,308
3648,2022-02-27,BB,Barbados,AMRO,1394,54902,5,313
3649,2022-03-06,BB,Barbados,AMRO,961,55863,3,316
3650,2022-03-13,BB,Barbados,AMRO,942,56805,7,323
3651,2022-03-20,BB,Barbados,AMRO,743,57548,3,326
3652,2022-03-27,BB,Barbados,AMRO,722,58270,4,330
3653,2022-04-03,BB,Barbados,AMRO,1225,59495,45,375
3654,2022-04-10,BB,Barbados,AMRO,1772,61267,4,379
3655,2022-04-17,BB,Barbados,AMRO,2910,64177,2,381
3656,2022-04-24,BB,Barbados,AMRO,2633,66810,7,388
3657,2022-05-01,BB,Barbados,AMRO,2752,69562,4,392
3658,2022-05-08,BB,Barbados,AMRO,3181,72743,11,403
3659,2022-05-15,BB,Barbados,AMRO,3102,75845,29,432
3660,2022-05-22,BB,Barbados,AMRO,2603,78448,4,436
3661,2022-05-29,BB,Barbados,AMRO,1590,80038,8,444
3662,2022-06-05,BB,Barbados,AMRO,1136,81174,18,462
3663,2022-06-12,BB,Barbados,AMRO,897,82071,5,467
3664,2022-06-19,BB,Barbados,AMRO,659,82730,4,471
3665,2022-06-26,BB,Barbados,AMRO,794,83524,2,473
3666,2022-07-03,BB,Barbados,AMRO,1038,84562,4,477
3667,2022-07-10,BB,Barbados,AMRO,1117,85679,1,478
3668,2022-07-17,BB,Barbados,AMRO,1784,87463,1,479
3669,2022-07-24,BB,Barbados,AMRO,1876,89339,3,482
3670,2022-07-31,BB,Barbados,AMRO,2254,91593,10,492
3671,2022-08-07,BB,Barbados,AMRO,2500,94093,6,498
3672,2022-08-14,BB,Barbados,AMRO,3011,97104,17,515
3673,2022-08-21,BB,Barbados,AMRO,2100,99204,14,529
3674,2022-08-28,BB,Barbados,AMRO,1322,100526,8,537
3675,2022-09-04,BB,Barbados,AMRO,689,101215,7,544
3676,2022-09-11,BB,Barbados,AMRO,594,101809,12,556
3677,2022-09-18,BB,Barbados,AMRO,351,102160,3,559
3678,2022-09-25,BB,Barbados,AMRO,223,102383,0,559
3679,2022-10-02,BB,Barbados,AMRO,226,102609,1,560
3680,2022-10-09,BB,Barbados,AMRO,0,102609,0,560
3681,2022-10-16,BB,Barbados,AMRO,405,103014,0,560
3682,2022-10-23,BB,Barbados,AMRO,0,103014,0,560
3683,2022-10-30,BB,Barbados,AMRO,410,103424,0,560
3684,2022-11-06,BB,Barbados,AMRO,0,103424,0,560
3685,2022-11-13,BB,Barbados,AMRO,121,103545,4,564
3686,2022-11-20,BB,Barbados,AMRO,0,103545,0,564
3687,2022-11-27,BB,Barbados,AMRO,871,104416,3,567
3688,2022-12-04,BB,Barbados,AMRO,0,104416,0,567
3689,2022-12-11,BB,Barbados,AMRO,528,104944,1,568
3690,2022-12-18,BB,Barbados,AMRO,0,104944,0,568
3691,2022-12-25,BB,Barbados,AMRO,571,105515,0,568
3692,2023-01-01,BB,Barbados,AMRO,0,105515,0,568
3693,2023-01-08,BB,Barbados,AMRO,390,105905,1,569
3694,2023-01-15,BB,Barbados,AMRO,0,105905,0,569
3695,2023-01-22,BB,Barbados,AMRO,252,106157,2,571
3696,2023-01-29,BB,Barbados,AMRO,0,106157,0,571
3697,2023-02-05,BB,Barbados,AMRO,277,106434,2,573
3698,2023-02-12,BB,Barbados,AMRO,0,106434,0,573
3699,2023-02-19,BB,Barbados,AMRO,211,106645,2,575
3700,2023-02-26,BB,Barbados,AMRO,0,106645,0,575
3701,2023-03-05,BB,Barbados,AMRO,153,106798,4,579
3702,2023-03-12,BB,Barbados,AMRO,0,106798,0,579
3703,2023-03-19,BB,Barbados,AMRO,0,106798,0,579
3704,2023-03-26,BB,Barbados,AMRO,0,106798,0,579
3705,2023-04-02,BB,Barbados,AMRO,534,107332,3,582
3706,2023-04-09,BB,Barbados,AMRO,0,107332,0,582
3707,2023-04-16,BB,Barbados,AMRO,0,107332,0,582
3708,2023-04-23,BB,Barbados,AMRO,134,107466,6,588
3709,2023-04-30,BB,Barbados,AMRO,0,107466,0,588
3710,2023-05-07,BB,Barbados,AMRO,100,107566,1,589
3711,2023-05-14,BB,Barbados,AMRO,228,107794,4,593
3712,2023-05-21,BB,Barbados,AMRO,0,107794,0,593
3713,2023-05-28,BB,Barbados,AMRO,144,107938,0,593
3714,2023-06-04,BB,Barbados,AMRO,138,108076,0,593
3715,2023-06-11,BB,Barbados,AMRO,263,108339,0,593
3716,2023-06-18,BB,Barbados,AMRO,249,108588,0,593
3717,2023-06-25,BB,Barbados,AMRO,197,108785,0,593
3718,2023-07-02,BB,Barbados,AMRO,199,108984,0,593
3719,2023-07-09,BB,Barbados,AMRO,166,109150,0,593
3720,2023-07-16,BB,Barbados,AMRO,125,109275,0,593
3721,2023-07-23,BB,Barbados,AMRO,96,109371,0,593
3722,2023-07-30,BB,Barbados,AMRO,81,109452,0,593
3723,2023-08-06,BB,Barbados,AMRO,83,109535,0,593
3724,2023-08-13,BB,Barbados,AMRO,123,109658,0,593
3725,2023-08-20,BB,Barbados,AMRO,151,109809,0,593
3726,2023-08-27,BB,Barbados,AMRO,65,109874,0,593
3727,2023-09-03,BB,Barbados,AMRO,69,109943,0,593
3728,2023-09-10,BB,Barbados,AMRO,83,110026,0,593
3729,2023-09-17,BB,Barbados,AMRO,29,110055,0,593
3730,2023-09-24,BB,Barbados,AMRO,19,110074,0,593
3731,2023-10-01,BB,Barbados,AMRO,17,110091,0,593
3732,2023-10-08,BB,Barbados,AMRO,15,110106,0,593
3733,2023-10-15,BB,Barbados,AMRO,8,110114,0,593
3734,2023-10-22,BB,Barbados,AMRO,9,110123,0,593
3735,2023-10-29,BB,Barbados,AMRO,1,110124,0,593
3736,2023-11-05,BB,Barbados,AMRO,1,110125,0,593
3737,2023-11-12,BB,Barbados,AMRO,2,110127,0,593
3738,2023-11-19,BB,Barbados,AMRO,1,110128,0,593
3739,2023-11-26,BB,Barbados,AMRO,4,110132,0,593
3740,2023-12-03,BB,Barbados,AMRO,4,110136,0,593
3741,2023-12-10,BB,Barbados,AMRO,5,110141,0,593
3742,2023-12-17,BB,Barbados,AMRO,0,110141,0,593
3743,2023-12-24,BB,Barbados,AMRO,0,110141,0,593
3744,2020-01-05,BY,Belarus,EURO,0,0,0,0
3745,2020-01-12,BY,Belarus,EURO,0,0,0,0
3746,2020-01-19,BY,Belarus,EURO,0,0,0,0
3747,2020-01-26,BY,Belarus,EURO,0,0,0,0
3748,2020-02-02,BY,Belarus,EURO,0,0,0,0
3749,2020-02-09,BY,Belarus,EURO,0,0,0,0
3750,2020-02-16,BY,Belarus,EURO,0,0,0,0
3751,2020-02-23,BY,Belarus,EURO,0,0,0,0
3752,2020-03-01,BY,Belarus,EURO,1,1,0,0
3753,2020-03-08,BY,Belarus,EURO,5,6,0,0
3754,2020-03-15,BY,Belarus,EURO,15,21,0,0
3755,2020-03-22,BY,Belarus,EURO,55,76,0,0
3756,2020-03-29,BY,Belarus,EURO,18,94,0,0
3757,2020-04-05,BY,Belarus,EURO,346,440,4,4
3758,2020-04-12,BY,Belarus,EURO,1786,2226,19,23
3759,2020-04-19,BY,Belarus,EURO,3063,5289,22,45
3760,2020-04-26,BY,Belarus,EURO,4301,9590,22,67
3761,2020-05-03,BY,Belarus,EURO,6238,15828,30,97
3762,2020-05-10,BY,Belarus,EURO,7145,22973,34,131
3763,2020-05-17,BY,Belarus,EURO,5708,28681,29,160
3764,2020-05-24,BY,Belarus,EURO,6563,35244,34,194
3765,2020-05-31,BY,Belarus,EURO,6414,41658,35,229
3766,2020-06-07,BY,Belarus,EURO,5210,46868,30,259
3767,2020-06-14,BY,Belarus,EURO,6373,53241,44,303
3768,2020-06-21,BY,Belarus,EURO,4695,57936,40,343
3769,2020-06-28,BY,Belarus,EURO,3159,61095,34,377
3770,2020-07-05,BY,Belarus,EURO,2175,63270,41,418
3771,2020-07-12,BY,Belarus,EURO,1494,64764,41,459
3772,2020-07-19,BY,Belarus,EURO,1189,65953,36,495
3773,2020-07-26,BY,Belarus,EURO,1049,67002,35,530
3774,2020-08-02,BY,Belarus,EURO,944,67946,33,563
3775,2020-08-09,BY,Belarus,EURO,792,68738,22,585
3776,2020-08-16,BY,Belarus,EURO,686,69424,22,607
3777,2020-08-23,BY,Belarus,EURO,861,70285,30,637
3778,2020-08-30,BY,Belarus,EURO,1238,71523,34,671
3779,2020-09-06,BY,Belarus,EURO,1140,72663,34,705
3780,2020-09-13,BY,Belarus,EURO,1312,73975,39,744
3781,2020-09-20,BY,Belarus,EURO,1486,75461,32,776
3782,2020-09-27,BY,Belarus,EURO,1828,77289,37,813
3783,2020-10-04,BY,Belarus,EURO,2563,79852,38,851
3784,2020-10-11,BY,Belarus,EURO,3171,83023,40,891
3785,2020-10-18,BY,Belarus,EURO,4040,87063,34,925
3786,2020-10-25,BY,Belarus,EURO,4104,91167,20,945
3787,2020-11-01,BY,Belarus,EURO,8292,99459,40,985
3788,2020-11-08,BY,Belarus,EURO,5824,105283,19,1004
3789,2020-11-15,BY,Belarus,EURO,7587,112870,35,1039
3790,2020-11-22,BY,Belarus,EURO,9565,122435,50,1089
3791,2020-11-29,BY,Belarus,EURO,10889,133324,54,1143
3792,2020-12-06,BY,Belarus,EURO,11955,145279,55,1198
3793,2020-12-13,BY,Belarus,EURO,13055,158334,56,1254
3794,2020-12-20,BY,Belarus,EURO,13245,171579,62,1316
3795,2020-12-27,BY,Belarus,EURO,13343,184922,60,1376
3796,2021-01-03,BY,Belarus,EURO,13203,198125,66,1442
3797,2021-01-10,BY,Belarus,EURO,12243,210368,65,1507
3798,2021-01-17,BY,Belarus,EURO,13169,223537,66,1573
3799,2021-01-24,BY,Belarus,EURO,12322,235859,66,1639
3800,2021-01-31,BY,Belarus,EURO,10711,246570,69,1708
3801,2021-02-07,BY,Belarus,EURO,10389,256959,65,1773
3802,2021-02-14,BY,Belarus,EURO,10070,267029,67,1840
3803,2021-02-21,BY,Belarus,EURO,9961,276990,63,1903
3804,2021-02-28,BY,Belarus,EURO,8969,285959,63,1966
3805,2021-03-07,BY,Belarus,EURO,8473,294432,63,2029
3806,2021-03-14,BY,Belarus,EURO,6896,301328,58,2087
3807,2021-03-21,BY,Belarus,EURO,7965,309293,61,2148
3808,2021-03-28,BY,Belarus,EURO,8338,317631,63,2211
3809,2021-04-04,BY,Belarus,EURO,8434,326065,65,2276
3810,2021-04-11,BY,Belarus,EURO,8798,334863,68,2344
3811,2021-04-18,BY,Belarus,EURO,8060,342923,69,2413
3812,2021-04-25,BY,Belarus,EURO,8751,351674,70,2483
3813,2021-05-02,BY,Belarus,EURO,8308,359982,69,2552
3814,2021-05-09,BY,Belarus,EURO,7692,367674,70,2622
3815,2021-05-16,BY,Belarus,EURO,7040,374714,69,2691
3816,2021-05-23,BY,Belarus,EURO,10059,384773,70,2761
3817,2021-05-30,BY,Belarus,EURO,6864,391637,60,2821
3818,2021-06-06,BY,Belarus,EURO,7272,398909,79,2900
3819,2021-06-13,BY,Belarus,EURO,5831,404740,69,2969
3820,2021-06-20,BY,Belarus,EURO,5356,410096,66,3035
3821,2021-06-27,BY,Belarus,EURO,4634,414730,68,3103
3822,2021-07-04,BY,Belarus,EURO,5676,420406,72,3175
3823,2021-07-11,BY,Belarus,EURO,6480,426886,72,3247
3824,2021-07-18,BY,Belarus,EURO,6523,433409,69,3316
3825,2021-07-25,BY,Belarus,EURO,6419,439828,69,3385
3826,2021-08-01,BY,Belarus,EURO,6212,446040,69,3454
3827,2021-08-08,BY,Belarus,EURO,6913,452953,69,3523
3828,2021-08-15,BY,Belarus,EURO,7045,459998,70,3593
3829,2021-08-22,BY,Belarus,EURO,8417,468415,77,3670
3830,2021-08-29,BY,Belarus,EURO,9486,477901,75,3745
3831,2021-09-05,BY,Belarus,EURO,11062,488963,81,3826
3832,2021-09-12,BY,Belarus,EURO,12203,501166,79,3905
3833,2021-09-19,BY,Belarus,EURO,13280,514446,86,3991
3834,2021-09-26,BY,Belarus,EURO,13783,528229,90,4081
3835,2021-10-03,BY,Belarus,EURO,13749,541978,92,4173
3836,2021-10-10,BY,Belarus,EURO,13815,555793,102,4275
3837,2021-10-17,BY,Belarus,EURO,14213,570006,111,4386
3838,2021-10-24,BY,Belarus,EURO,14184,584190,113,4499
3839,2021-10-31,BY,Belarus,EURO,13942,598132,115,4614
3840,2021-11-07,BY,Belarus,EURO,13883,612015,116,4730
3841,2021-11-14,BY,Belarus,EURO,13577,625592,104,4834
3842,2021-11-21,BY,Belarus,EURO,12810,638402,98,4932
3843,2021-11-28,BY,Belarus,EURO,11766,650168,109,5041
3844,2021-12-05,BY,Belarus,EURO,11888,662056,106,5147
3845,2021-12-12,BY,Belarus,EURO,11213,673269,114,5261
3846,2021-12-19,BY,Belarus,EURO,9903,683172,110,5371
3847,2021-12-26,BY,Belarus,EURO,9429,692601,113,5484
3848,2022-01-02,BY,Belarus,EURO,7820,700421,110,5594
3849,2022-01-09,BY,Belarus,EURO,7293,707714,105,5699
3850,2022-01-16,BY,Belarus,EURO,6581,714295,109,5808
3851,2022-01-23,BY,Belarus,EURO,10608,724903,108,5916
3852,2022-01-30,BY,Belarus,EURO,13698,738601,108,6024
3853,2022-02-06,BY,Belarus,EURO,30475,769076,108,6132
3854,2022-02-13,BY,Belarus,EURO,53969,823045,105,6237
3855,2022-02-20,BY,Belarus,EURO,52889,875934,111,6348
3856,2022-02-27,BY,Belarus,EURO,37399,913333,106,6454
3857,2022-03-06,BY,Belarus,EURO,16007,929340,96,6550
3858,2022-03-13,BY,Belarus,EURO,10174,939514,97,6647
3859,2022-03-20,BY,Belarus,EURO,10480,949994,69,6716
3860,2022-03-27,BY,Belarus,EURO,8498,958492,52,6768
3861,2022-04-03,BY,Belarus,EURO,6185,964677,68,6836
3862,2022-04-10,BY,Belarus,EURO,4939,969616,36,6872
3863,2022-04-17,BY,Belarus,EURO,4430,974046,27,6899
3864,2022-04-24,BY,Belarus,EURO,3388,977434,23,6922
3865,2022-05-01,BY,Belarus,EURO,2911,980345,25,6947
3866,2022-05-08,BY,Belarus,EURO,1986,982331,22,6969
3867,2022-05-15,BY,Belarus,EURO,536,982867,9,6978
3868,2022-05-22,BY,Belarus,EURO,0,982867,0,6978
3869,2022-05-29,BY,Belarus,EURO,0,982867,0,6978
3870,2022-06-05,BY,Belarus,EURO,0,982867,0,6978
3871,2022-06-12,BY,Belarus,EURO,0,982867,0,6978
3872,2022-06-19,BY,Belarus,EURO,0,982867,0,6978
3873,2022-06-26,BY,Belarus,EURO,0,982867,0,6978
3874,2022-07-03,BY,Belarus,EURO,11170,994037,140,7118
3875,2022-07-10,BY,Belarus,EURO,0,994037,0,7118
3876,2022-07-17,BY,Belarus,EURO,0,994037,0,7118
3877,2022-07-24,BY,Belarus,EURO,0,994037,0,7118
3878,2022-07-31,BY,Belarus,EURO,0,994037,0,7118
3879,2022-08-07,BY,Belarus,EURO,0,994037,0,7118
3880,2022-08-14,BY,Belarus,EURO,0,994037,0,7118
3881,2022-08-21,BY,Belarus,EURO,0,994037,0,7118
3882,2022-08-28,BY,Belarus,EURO,0,994037,0,7118
3883,2022-09-04,BY,Belarus,EURO,0,994037,0,7118
3884,2022-09-11,BY,Belarus,EURO,0,994037,0,7118
3885,2022-09-18,BY,Belarus,EURO,0,994037,0,7118
3886,2022-09-25,BY,Belarus,EURO,0,994037,0,7118
3887,2022-10-02,BY,Belarus,EURO,0,994037,0,7118
3888,2022-10-09,BY,Belarus,EURO,0,994037,0,7118
3889,2022-10-16,BY,Belarus,EURO,0,994037,0,7118
3890,2022-10-23,BY,Belarus,EURO,0,994037,0,7118
3891,2022-10-30,BY,Belarus,EURO,0,994037,0,7118
3892,2022-11-06,BY,Belarus,EURO,0,994037,0,7118
3893,2022-11-13,BY,Belarus,EURO,0,994037,0,7118
3894,2022-11-20,BY,Belarus,EURO,0,994037,0,7118
3895,2022-11-27,BY,Belarus,EURO,0,994037,0,7118
3896,2022-12-04,BY,Belarus,EURO,0,994037,0,7118
3897,2022-12-11,BY,Belarus,EURO,0,994037,0,7118
3898,2022-12-18,BY,Belarus,EURO,0,994037,0,7118
3899,2022-12-25,BY,Belarus,EURO,0,994037,0,7118
3900,2023-01-01,BY,Belarus,EURO,0,994037,0,7118
3901,2023-01-08,BY,Belarus,EURO,0,994037,0,7118
3902,2023-01-15,BY,Belarus,EURO,0,994037,0,7118
3903,2023-01-22,BY,Belarus,EURO,0,994037,0,7118
3904,2023-01-29,BY,Belarus,EURO,0,994037,0,7118
3905,2023-02-05,BY,Belarus,EURO,0,994037,0,7118
3906,2023-02-12,BY,Belarus,EURO,0,994037,0,7118
3907,2023-02-19,BY,Belarus,EURO,0,994037,0,7118
3908,2023-02-26,BY,Belarus,EURO,0,994037,0,7118
3909,2023-03-05,BY,Belarus,EURO,0,994037,0,7118
3910,2023-03-12,BY,Belarus,EURO,0,994037,0,7118
3911,2023-03-19,BY,Belarus,EURO,0,994037,0,7118
3912,2023-03-26,BY,Belarus,EURO,0,994037,0,7118
3913,2023-04-02,BY,Belarus,EURO,0,994037,0,7118
3914,2023-04-09,BY,Belarus,EURO,0,994037,0,7118
3915,2023-04-16,BY,Belarus,EURO,0,994037,0,7118
3916,2023-04-23,BY,Belarus,EURO,0,994037,0,7118
3917,2023-04-30,BY,Belarus,EURO,0,994037,0,7118
3918,2023-05-07,BY,Belarus,EURO,0,994037,0,7118
3919,2023-05-14,BY,Belarus,EURO,0,994037,0,7118
3920,2023-05-21,BY,Belarus,EURO,0,994037,0,7118
3921,2023-05-28,BY,Belarus,EURO,0,994037,0,7118
3922,2023-06-04,BY,Belarus,EURO,0,994037,0,7118
3923,2023-06-11,BY,Belarus,EURO,0,994037,0,7118
3924,2023-06-18,BY,Belarus,EURO,0,994037,0,7118
3925,2023-06-25,BY,Belarus,EURO,0,994037,0,7118
3926,2023-07-02,BY,Belarus,EURO,0,994037,0,7118
3927,2023-07-09,BY,Belarus,EURO,0,994037,0,7118
3928,2023-07-16,BY,Belarus,EURO,0,994037,0,7118
3929,2023-07-23,BY,Belarus,EURO,0,994037,0,7118
3930,2023-07-30,BY,Belarus,EURO,0,994037,0,7118
3931,2023-08-06,BY,Belarus,EURO,0,994037,0,7118
3932,2023-08-13,BY,Belarus,EURO,0,994037,0,7118
3933,2023-08-20,BY,Belarus,EURO,0,994037,0,7118
3934,2023-08-27,BY,Belarus,EURO,0,994037,0,7118
3935,2023-09-03,BY,Belarus,EURO,0,994037,0,7118
3936,2023-09-10,BY,Belarus,EURO,0,994037,0,7118
3937,2023-09-17,BY,Belarus,EURO,0,994037,0,7118
3938,2023-09-24,BY,Belarus,EURO,0,994037,0,7118
3939,2023-10-01,BY,Belarus,EURO,0,994037,0,7118
3940,2023-10-08,BY,Belarus,EURO,0,994037,0,7118
3941,2023-10-15,BY,Belarus,EURO,0,994037,0,7118
3942,2023-10-22,BY,Belarus,EURO,0,994037,0,7118
3943,2023-10-29,BY,Belarus,EURO,0,994037,0,7118
3944,2023-11-05,BY,Belarus,EURO,0,994037,0,7118
3945,2023-11-12,BY,Belarus,EURO,0,994037,0,7118
3946,2023-11-19,BY,Belarus,EURO,0,994037,0,7118
3947,2023-11-26,BY,Belarus,EURO,0,994037,0,7118
3948,2023-12-03,BY,Belarus,EURO,0,994037,0,7118
3949,2023-12-10,BY,Belarus,EURO,0,994037,0,7118
3950,2023-12-17,BY,Belarus,EURO,0,994037,0,7118
3951,2023-12-24,BY,Belarus,EURO,0,994037,0,7118
3952,2020-01-05,BE,Belgium,EURO,0,0,0,0
3953,2020-01-12,BE,Belgium,EURO,0,0,0,0
3954,2020-01-19,BE,Belgium,EURO,0,0,0,0
3955,2020-01-26,BE,Belgium,EURO,0,0,0,0
3956,2020-02-02,BE,Belgium,EURO,0,0,0,0
3957,2020-02-09,BE,Belgium,EURO,1,1,0,0
3958,2020-02-16,BE,Belgium,EURO,0,1,0,0
3959,2020-02-23,BE,Belgium,EURO,0,1,0,0
3960,2020-03-01,BE,Belgium,EURO,0,1,0,0
3961,2020-03-08,BE,Belgium,EURO,315,316,0,0
3962,2020-03-15,BE,Belgium,EURO,1046,1362,9,9
3963,2020-03-22,BE,Belgium,EURO,3111,4473,140,149
3964,2020-03-29,BE,Belgium,EURO,7558,12031,602,751
3965,2020-04-05,BE,Belgium,EURO,9634,21665,1357,2108
3966,2020-04-12,BE,Belgium,EURO,11209,32874,1938,4046
3967,2020-04-19,BE,Belgium,EURO,8351,41225,1820,5866
3968,2020-04-26,BE,Belgium,EURO,6275,47500,1285,7151
3969,2020-05-03,BE,Belgium,EURO,3262,50762,830,7981
3970,2020-05-10,BE,Belgium,EURO,3119,53881,571,8552
3971,2020-05-17,BE,Belgium,EURO,2201,56082,414,8966
3972,2020-05-24,BE,Belgium,EURO,1540,57622,246,9212
3973,2020-05-31,BE,Belgium,EURO,1232,58854,181,9393
3974,2020-06-07,BE,Belgium,EURO,835,59689,141,9534
3975,2020-06-14,BE,Belgium,EURO,722,60411,79,9613
3976,2020-06-21,BE,Belgium,EURO,669,61080,44,9657
3977,2020-06-28,BE,Belgium,EURO,612,61692,40,9697
3978,2020-07-05,BE,Belgium,EURO,614,62306,33,9730
3979,2020-07-12,BE,Belgium,EURO,687,62993,13,9743
3980,2020-07-19,BE,Belgium,EURO,1296,64289,22,9765
3981,2020-07-26,BE,Belgium,EURO,2270,66559,17,9782
3982,2020-08-02,BE,Belgium,EURO,3715,70274,20,9802
3983,2020-08-09,BE,Belgium,EURO,4371,74645,34,9836
3984,2020-08-16,BE,Belgium,EURO,3882,78527,67,9903
3985,2020-08-23,BE,Belgium,EURO,3430,81957,53,9956
3986,2020-08-30,BE,Belgium,EURO,3127,85084,31,9987
3987,2020-09-06,BE,Belgium,EURO,3490,88574,22,10009
3988,2020-09-13,BE,Belgium,EURO,5717,94291,21,10030
3989,2020-09-20,BE,Belgium,EURO,9672,103963,20,10050
3990,2020-09-27,BE,Belgium,EURO,11145,115108,33,10083
3991,2020-10-04,BE,Belgium,EURO,17885,132993,76,10159
3992,2020-10-11,BE,Belgium,EURO,35324,168317,125,10284
3993,2020-10-18,BE,Belgium,EURO,67672,235989,237,10521
3994,2020-10-25,BE,Belgium,EURO,101847,337836,366,10887
3995,2020-11-01,BE,Belgium,EURO,106752,444588,915,11802
3996,2020-11-08,BE,Belgium,EURO,58229,502817,1354,13156
3997,2020-11-15,BE,Belgium,EURO,34794,537611,1381,14537
3998,2020-11-22,BE,Belgium,EURO,23781,561392,1224,15761
3999,2020-11-29,BE,Belgium,EURO,16348,577740,924,16685
4000,2020-12-06,BE,Belgium,EURO,14990,592730,773,17458
4001,2020-12-13,BE,Belgium,EURO,15997,608727,663,18121
4002,2020-12-20,BE,Belgium,EURO,17504,626231,655,18776
4003,2020-12-27,BE,Belgium,EURO,12529,638760,598,19374
4004,2021-01-03,BE,Belgium,EURO,10587,649347,478,19852
4005,2021-01-10,BE,Belgium,EURO,13335,662682,387,20239
4006,2021-01-17,BE,Belgium,EURO,13362,676044,364,20603
4007,2021-01-24,BE,Belgium,EURO,14307,690351,360,20963
4008,2021-01-31,BE,Belgium,EURO,16127,706478,345,21308
4009,2021-02-07,BE,Belgium,EURO,15414,721892,287,21595
4010,2021-02-14,BE,Belgium,EURO,12643,734535,279,21874
4011,2021-02-21,BE,Belgium,EURO,14680,749215,252,22126
4012,2021-02-28,BE,Belgium,EURO,16796,766011,165,22291
4013,2021-03-07,BE,Belgium,EURO,16333,782344,192,22483
4014,2021-03-14,BE,Belgium,EURO,20001,802345,174,22657
4015,2021-03-21,BE,Belgium,EURO,28468,830813,180,22837
4016,2021-03-28,BE,Belgium,EURO,33670,864483,187,23024
4017,2021-04-04,BE,Belgium,EURO,30410,894893,232,23256
4018,2021-04-11,BE,Belgium,EURO,24742,919635,301,23557
4019,2021-04-18,BE,Belgium,EURO,24408,944043,275,23832
4020,2021-04-25,BE,Belgium,EURO,25035,969078,272,24104
4021,2021-05-02,BE,Belgium,EURO,21346,990424,273,24377
4022,2021-05-09,BE,Belgium,EURO,20880,1011304,247,24624
4023,2021-05-16,BE,Belgium,EURO,15229,1026533,179,24803
4024,2021-05-23,BE,Belgium,EURO,16785,1043318,140,24943
4025,2021-05-30,BE,Belgium,EURO,12669,1055987,95,25038
4026,2021-06-06,BE,Belgium,EURO,9742,1065729,99,25137
4027,2021-06-13,BE,Belgium,EURO,5708,1071437,60,25197
4028,2021-06-20,BE,Belgium,EURO,3192,1074629,44,25241
4029,2021-06-27,BE,Belgium,EURO,2393,1077022,32,25273
4030,2021-07-04,BE,Belgium,EURO,3624,1080646,22,25295
4031,2021-07-11,BE,Belgium,EURO,6617,1087263,13,25308
4032,2021-07-18,BE,Belgium,EURO,9384,1096647,12,25320
4033,2021-07-25,BE,Belgium,EURO,10389,1107036,11,25331
4034,2021-08-01,BE,Belgium,EURO,10985,1118021,24,25355
4035,2021-08-08,BE,Belgium,EURO,12286,1130307,24,25379
4036,2021-08-15,BE,Belgium,EURO,13436,1143743,23,25402
4037,2021-08-22,BE,Belgium,EURO,13713,1157456,36,25438
4038,2021-08-29,BE,Belgium,EURO,14154,1171610,40,25478
4039,2021-09-05,BE,Belgium,EURO,13996,1185606,37,25515
4040,2021-09-12,BE,Belgium,EURO,13755,1199361,56,25571
4041,2021-09-19,BE,Belgium,EURO,14553,1213914,42,25613
4042,2021-09-26,BE,Belgium,EURO,13625,1227539,56,25669
4043,2021-10-03,BE,Belgium,EURO,13444,1240983,58,25727
4044,2021-10-10,BE,Belgium,EURO,14524,1255507,66,25793
4045,2021-10-17,BE,Belgium,EURO,21273,1276780,82,25875
4046,2021-10-24,BE,Belgium,EURO,37375,1314155,98,25973
4047,2021-10-31,BE,Belgium,EURO,53380,1367535,154,26127
4048,2021-11-07,BE,Belgium,EURO,55358,1422893,146,26273
4049,2021-11-14,BE,Belgium,EURO,70372,1493265,197,26470
4050,2021-11-21,BE,Belgium,EURO,109038,1602303,240,26710
4051,2021-11-28,BE,Belgium,EURO,125241,1727544,281,26991
4052,2021-12-05,BE,Belgium,EURO,120571,1848115,346,27337
4053,2021-12-12,BE,Belgium,EURO,93713,1941828,328,27665
4054,2021-12-19,BE,Belgium,EURO,60686,2002514,273,27938
4055,2021-12-26,BE,Belgium,EURO,45596,2048110,254,28192
4056,2022-01-02,BE,Belgium,EURO,76996,2125106,170,28362
4057,2022-01-09,BE,Belgium,EURO,142541,2267647,131,28493
4058,2022-01-16,BE,Belgium,EURO,189412,2457059,150,28643
4059,2022-01-23,BE,Belgium,EURO,334758,2791817,171,28814
4060,2022-01-30,BE,Belgium,EURO,336348,3128165,210,29024
4061,2022-02-06,BE,Belgium,EURO,202844,3331009,287,29311
4062,2022-02-13,BE,Belgium,EURO,110136,3441145,325,29636
4063,2022-02-20,BE,Belgium,EURO,67474,3508619,292,29928
4064,2022-02-27,BE,Belgium,EURO,46661,3555280,174,30102
4065,2022-03-06,BE,Belgium,EURO,42733,3598013,139,30241
4066,2022-03-13,BE,Belgium,EURO,56086,3654099,142,30383
4067,2022-03-20,BE,Belgium,EURO,71510,3725609,130,30513
4068,2022-03-27,BE,Belgium,EURO,79185,3804794,152,30665
4069,2022-04-03,BE,Belgium,EURO,73163,3877957,169,30834
4070,2022-04-10,BE,Belgium,EURO,64176,3942133,176,31010
4071,2022-04-17,BE,Belgium,EURO,53684,3995817,164,31174
4072,2022-04-24,BE,Belgium,EURO,42050,4037867,138,31312
4073,2022-05-01,BE,Belgium,EURO,33693,4071560,111,31423
4074,2022-05-08,BE,Belgium,EURO,31079,4102639,107,31530
4075,2022-05-15,BE,Belgium,EURO,26107,4128746,64,31594
4076,2022-05-22,BE,Belgium,EURO,16893,4145639,58,31652
4077,2022-05-29,BE,Belgium,EURO,9459,4155098,48,31700
4078,2022-06-05,BE,Belgium,EURO,11121,4166219,43,31743
4079,2022-06-12,BE,Belgium,EURO,13293,4179512,44,31787
4080,2022-06-19,BE,Belgium,EURO,19471,4198983,38,31825
4081,2022-06-26,BE,Belgium,EURO,27121,4226104,33,31858
4082,2022-07-03,BE,Belgium,EURO,39113,4265217,57,31915
4083,2022-07-10,BE,Belgium,EURO,54259,4319476,54,31969
4084,2022-07-17,BE,Belgium,EURO,50068,4369544,79,32048
4085,2022-07-24,BE,Belgium,EURO,30244,4399788,77,32125
4086,2022-07-31,BE,Belgium,EURO,28023,4427811,99,32224
4087,2022-08-07,BE,Belgium,EURO,20468,4448279,71,32295
4088,2022-08-14,BE,Belgium,EURO,15148,4463427,69,32364
4089,2022-08-21,BE,Belgium,EURO,12031,4475458,65,32429
4090,2022-08-28,BE,Belgium,EURO,10917,4486375,50,32479
4091,2022-09-04,BE,Belgium,EURO,10473,4496848,40,32519
4092,2022-09-11,BE,Belgium,EURO,11341,4508189,35,32554
4093,2022-09-18,BE,Belgium,EURO,13019,4521208,46,32600
4094,2022-09-25,BE,Belgium,EURO,15764,4536972,20,32620
4095,2022-10-02,BE,Belgium,EURO,20014,4556986,27,32647
4096,2022-10-09,BE,Belgium,EURO,22321,4579307,50,32697
4097,2022-10-16,BE,Belgium,EURO,19437,4598744,69,32766
4098,2022-10-23,BE,Belgium,EURO,13434,4612178,65,32831
4099,2022-10-30,BE,Belgium,EURO,8326,4620504,50,32881
4100,2022-11-06,BE,Belgium,EURO,4596,4625100,40,32921
4101,2022-11-13,BE,Belgium,EURO,4600,4629700,33,32954
4102,2022-11-20,BE,Belgium,EURO,5268,4634968,38,32992
4103,2022-11-27,BE,Belgium,EURO,6650,4641618,27,33019
4104,2022-12-04,BE,Belgium,EURO,8170,4649788,21,33040
4105,2022-12-11,BE,Belgium,EURO,9710,4659498,45,33085
4106,2022-12-18,BE,Belgium,EURO,10121,4669619,70,33155
4107,2022-12-25,BE,Belgium,EURO,9853,4679472,85,33240
4108,2023-01-01,BE,Belgium,EURO,6375,4685847,96,33336
4109,2023-01-08,BE,Belgium,EURO,4684,4690531,72,33408
4110,2023-01-15,BE,Belgium,EURO,3088,4693619,62,33470
4111,2023-01-22,BE,Belgium,EURO,2442,4696061,36,33506
4112,2023-01-29,BE,Belgium,EURO,3167,4699228,31,33537
4113,2023-02-05,BE,Belgium,EURO,4830,4704058,21,33558
4114,2023-02-12,BE,Belgium,EURO,6208,4710266,48,33606
4115,2023-02-19,BE,Belgium,EURO,8813,4719079,48,33654
4116,2023-02-26,BE,Belgium,EURO,9732,4728811,59,33713
4117,2023-03-05,BE,Belgium,EURO,10777,4739588,57,33770
4118,2023-03-12,BE,Belgium,EURO,12484,4752072,57,33827
4119,2023-03-19,BE,Belgium,EURO,11577,4763649,77,33904
4120,2023-03-26,BE,Belgium,EURO,9908,4773557,84,33988
4121,2023-04-02,BE,Belgium,EURO,7120,4780677,69,34057
4122,2023-04-09,BE,Belgium,EURO,5044,4785721,52,34109
4123,2023-04-16,BE,Belgium,EURO,3691,4789412,35,34144
4124,2023-04-23,BE,Belgium,EURO,3194,4792606,30,34174
4125,2023-04-30,BE,Belgium,EURO,2492,4795098,43,34217
4126,2023-05-07,BE,Belgium,EURO,1717,4796815,31,34248
4127,2023-05-14,BE,Belgium,EURO,1361,4798176,19,34267
4128,2023-05-21,BE,Belgium,EURO,956,4799132,23,34290
4129,2023-05-28,BE,Belgium,EURO,873,4800005,17,34307
4130,2023-06-04,BE,Belgium,EURO,547,4800552,10,34317
4131,2023-06-11,BE,Belgium,EURO,532,4801084,7,34324
4132,2023-06-18,BE,Belgium,EURO,332,4801416,8,34332
4133,2023-06-25,BE,Belgium,EURO,236,4801652,6,34338
4134,2023-07-02,BE,Belgium,EURO,180,4801832,1,34339
4135,2023-07-09,BE,Belgium,EURO,160,4801992,0,34339
4136,2023-07-16,BE,Belgium,EURO,225,4802217,0,34339
4137,2023-07-23,BE,Belgium,EURO,193,4802410,0,34339
4138,2023-07-30,BE,Belgium,EURO,330,4802740,0,34339
4139,2023-08-06,BE,Belgium,EURO,513,4803253,0,34339
4140,2023-08-13,BE,Belgium,EURO,820,4804073,0,34339
4141,2023-08-20,BE,Belgium,EURO,1232,4805305,0,34339
4142,2023-08-27,BE,Belgium,EURO,1622,4806927,0,34339
4143,2023-09-03,BE,Belgium,EURO,2006,4808933,0,34339
4144,2023-09-10,BE,Belgium,EURO,2729,4811662,0,34339
4145,2023-09-17,BE,Belgium,EURO,2546,4814208,0,34339
4146,2023-09-24,BE,Belgium,EURO,2348,4816556,0,34339
4147,2023-10-01,BE,Belgium,EURO,2373,4818929,0,34339
4148,2023-10-08,BE,Belgium,EURO,2220,4821149,0,34339
4149,2023-10-15,BE,Belgium,EURO,2045,4823194,0,34339
4150,2023-10-22,BE,Belgium,EURO,1780,4824974,0,34339
4151,2023-10-29,BE,Belgium,EURO,1756,4826730,0,34339
4152,2023-11-05,BE,Belgium,EURO,1362,4828092,0,34339
4153,2023-11-12,BE,Belgium,EURO,1412,4829504,0,34339
4154,2023-11-19,BE,Belgium,EURO,417,4829921,0,34339
4155,2023-11-26,BE,Belgium,EURO,0,4829921,0,34339
4156,2023-12-03,BE,Belgium,EURO,0,4829921,0,34339
4157,2023-12-10,BE,Belgium,EURO,3778,4833699,0,34339
4158,2023-12-17,BE,Belgium,EURO,3187,4836886,0,34339
4159,2023-12-24,BE,Belgium,EURO,4037,4840923,0,34339
4160,2020-01-05,BZ,Belize,AMRO,0,0,0,0
4161,2020-01-12,BZ,Belize,AMRO,0,0,0,0
4162,2020-01-19,BZ,Belize,AMRO,0,0,0,0
4163,2020-01-26,BZ,Belize,AMRO,0,0,0,0
4164,2020-02-02,BZ,Belize,AMRO,0,0,0,0
4165,2020-02-09,BZ,Belize,AMRO,0,0,0,0
4166,2020-02-16,BZ,Belize,AMRO,0,0,0,0
4167,2020-02-23,BZ,Belize,AMRO,0,0,0,0
4168,2020-03-01,BZ,Belize,AMRO,0,0,0,0
4169,2020-03-08,BZ,Belize,AMRO,0,0,0,0
4170,2020-03-15,BZ,Belize,AMRO,0,0,0,0
4171,2020-03-22,BZ,Belize,AMRO,0,0,0,0
4172,2020-03-29,BZ,Belize,AMRO,2,2,0,0
4173,2020-04-05,BZ,Belize,AMRO,2,4,0,0
4174,2020-04-12,BZ,Belize,AMRO,6,10,2,2
4175,2020-04-19,BZ,Belize,AMRO,8,18,0,2
4176,2020-04-26,BZ,Belize,AMRO,0,18,0,2
4177,2020-05-03,BZ,Belize,AMRO,0,18,0,2
4178,2020-05-10,BZ,Belize,AMRO,0,18,0,2
4179,2020-05-17,BZ,Belize,AMRO,0,18,0,2
4180,2020-05-24,BZ,Belize,AMRO,0,18,0,2
4181,2020-05-31,BZ,Belize,AMRO,0,18,0,2
4182,2020-06-07,BZ,Belize,AMRO,1,19,0,2
4183,2020-06-14,BZ,Belize,AMRO,1,20,0,2
4184,2020-06-21,BZ,Belize,AMRO,2,22,0,2
4185,2020-06-28,BZ,Belize,AMRO,2,24,0,2
4186,2020-07-05,BZ,Belize,AMRO,6,30,0,2
4187,2020-07-12,BZ,Belize,AMRO,7,37,0,2
4188,2020-07-19,BZ,Belize,AMRO,3,40,0,2
4189,2020-07-26,BZ,Belize,AMRO,8,48,0,2
4190,2020-08-02,BZ,Belize,AMRO,0,48,0,2
4191,2020-08-09,BZ,Belize,AMRO,98,146,0,2
4192,2020-08-16,BZ,Belize,AMRO,242,388,1,3
4193,2020-08-23,BZ,Belize,AMRO,260,648,2,5
4194,2020-08-30,BZ,Belize,AMRO,222,870,7,12
4195,2020-09-06,BZ,Belize,AMRO,282,1152,3,15
4196,2020-09-13,BZ,Belize,AMRO,283,1435,4,19
4197,2020-09-20,BZ,Belize,AMRO,155,1590,1,20
4198,2020-09-27,BZ,Belize,AMRO,218,1808,3,23
4199,2020-10-04,BZ,Belize,AMRO,272,2080,5,28
4200,2020-10-11,BZ,Belize,AMRO,347,2427,7,35
4201,2020-10-18,BZ,Belize,AMRO,301,2728,8,43
4202,2020-10-25,BZ,Belize,AMRO,322,3050,4,47
4203,2020-11-01,BZ,Belize,AMRO,412,3462,11,58
4204,2020-11-08,BZ,Belize,AMRO,554,4016,9,67
4205,2020-11-15,BZ,Belize,AMRO,699,4715,18,85
4206,2020-11-22,BZ,Belize,AMRO,341,5056,22,107
4207,2020-11-29,BZ,Belize,AMRO,531,5587,34,141
4208,2020-12-06,BZ,Belize,AMRO,1796,7383,29,170
4209,2020-12-13,BZ,Belize,AMRO,1582,8965,15,185
4210,2020-12-20,BZ,Belize,AMRO,964,9929,30,215
4211,2020-12-27,BZ,Belize,AMRO,561,10490,13,228
4212,2021-01-03,BZ,Belize,AMRO,317,10807,21,249
4213,2021-01-10,BZ,Belize,AMRO,395,11202,22,271
4214,2021-01-17,BZ,Belize,AMRO,327,11529,10,281
4215,2021-01-24,BZ,Belize,AMRO,171,11700,9,290
4216,2021-01-31,BZ,Belize,AMRO,177,11877,11,301
4217,2021-02-07,BZ,Belize,AMRO,136,12013,5,306
4218,2021-02-14,BZ,Belize,AMRO,121,12134,7,313
4219,2021-02-21,BZ,Belize,AMRO,93,12227,1,314
4220,2021-02-28,BZ,Belize,AMRO,66,12293,0,314
4221,2021-03-07,BZ,Belize,AMRO,42,12335,1,315
4222,2021-03-14,BZ,Belize,AMRO,35,12370,1,316
4223,2021-03-21,BZ,Belize,AMRO,30,12400,0,316
4224,2021-03-28,BZ,Belize,AMRO,15,12415,1,317
4225,2021-04-04,BZ,Belize,AMRO,41,12456,0,317
4226,2021-04-11,BZ,Belize,AMRO,31,12487,1,318
4227,2021-04-18,BZ,Belize,AMRO,51,12538,0,318
4228,2021-04-25,BZ,Belize,AMRO,61,12599,3,321
4229,2021-05-02,BZ,Belize,AMRO,69,12668,2,323
4230,2021-05-09,BZ,Belize,AMRO,18,12686,0,323
4231,2021-05-16,BZ,Belize,AMRO,28,12714,0,323
4232,2021-05-23,BZ,Belize,AMRO,50,12764,0,323
4233,2021-05-30,BZ,Belize,AMRO,27,12791,1,324
4234,2021-06-06,BZ,Belize,AMRO,70,12861,1,325
4235,2021-06-13,BZ,Belize,AMRO,77,12938,0,325
4236,2021-06-20,BZ,Belize,AMRO,66,13004,3,328
4237,2021-06-27,BZ,Belize,AMRO,133,13137,1,329
4238,2021-07-04,BZ,Belize,AMRO,206,13343,1,330
4239,2021-07-11,BZ,Belize,AMRO,175,13518,0,330
4240,2021-07-18,BZ,Belize,AMRO,165,13683,2,332
4241,2021-07-25,BZ,Belize,AMRO,234,13917,0,332
4242,2021-08-01,BZ,Belize,AMRO,246,14163,5,337
4243,2021-08-08,BZ,Belize,AMRO,275,14438,2,339
4244,2021-08-15,BZ,Belize,AMRO,409,14847,5,344
4245,2021-08-22,BZ,Belize,AMRO,568,15415,7,351
4246,2021-08-29,BZ,Belize,AMRO,597,16012,5,356
4247,2021-09-05,BZ,Belize,AMRO,738,16750,7,363
4248,2021-09-12,BZ,Belize,AMRO,655,17405,10,373
4249,2021-09-19,BZ,Belize,AMRO,1127,18532,16,389
4250,2021-09-26,BZ,Belize,AMRO,1068,19600,13,402
4251,2021-10-03,BZ,Belize,AMRO,1403,21003,16,418
4252,2021-10-10,BZ,Belize,AMRO,1184,22187,13,431
4253,2021-10-17,BZ,Belize,AMRO,1803,23990,30,461
4254,2021-10-24,BZ,Belize,AMRO,1455,25445,12,473
4255,2021-10-31,BZ,Belize,AMRO,1353,26798,18,491
4256,2021-11-07,BZ,Belize,AMRO,1096,27894,18,509
4257,2021-11-14,BZ,Belize,AMRO,1005,28899,25,534
4258,2021-11-21,BZ,Belize,AMRO,602,29501,24,558
4259,2021-11-28,BZ,Belize,AMRO,664,30165,12,570
4260,2021-12-05,BZ,Belize,AMRO,515,30680,9,579
4261,2021-12-12,BZ,Belize,AMRO,353,31033,7,586
4262,2021-12-19,BZ,Belize,AMRO,213,31246,3,589
4263,2021-12-26,BZ,Belize,AMRO,257,31503,3,592
4264,2022-01-02,BZ,Belize,AMRO,1337,32840,10,602
4265,2022-01-09,BZ,Belize,AMRO,2962,35802,3,605
4266,2022-01-16,BZ,Belize,AMRO,4810,40612,3,608
4267,2022-01-23,BZ,Belize,AMRO,5141,45753,8,616
4268,2022-01-30,BZ,Belize,AMRO,4734,50487,9,625
4269,2022-02-06,BZ,Belize,AMRO,3057,53544,4,629
4270,2022-02-13,BZ,Belize,AMRO,1639,55183,2,631
4271,2022-02-20,BZ,Belize,AMRO,896,56079,10,641
4272,2022-02-27,BZ,Belize,AMRO,518,56597,9,650
4273,2022-03-06,BZ,Belize,AMRO,279,56876,1,651
4274,2022-03-13,BZ,Belize,AMRO,158,57034,1,652
4275,2022-03-20,BZ,Belize,AMRO,109,57143,2,654
4276,2022-03-27,BZ,Belize,AMRO,88,57231,0,654
4277,2022-04-03,BZ,Belize,AMRO,58,57289,2,656
4278,2022-04-10,BZ,Belize,AMRO,-2,57287,8,664
4279,2022-04-17,BZ,Belize,AMRO,44,57331,8,672
4280,2022-04-24,BZ,Belize,AMRO,88,57419,4,676
4281,2022-05-01,BZ,Belize,AMRO,72,57491,0,676
4282,2022-05-08,BZ,Belize,AMRO,121,57612,0,676
4283,2022-05-15,BZ,Belize,AMRO,284,57896,0,676
4284,2022-05-22,BZ,Belize,AMRO,523,58419,1,677
4285,2022-05-29,BZ,Belize,AMRO,630,59049,0,677
4286,2022-06-05,BZ,Belize,AMRO,739,59788,1,678
4287,2022-06-12,BZ,Belize,AMRO,1075,60863,0,678
4288,2022-06-19,BZ,Belize,AMRO,1055,61918,0,678
4289,2022-06-26,BZ,Belize,AMRO,1119,63037,1,679
4290,2022-07-03,BZ,Belize,AMRO,1101,64138,1,680
4291,2022-07-10,BZ,Belize,AMRO,810,64948,0,680
4292,2022-07-17,BZ,Belize,AMRO,1046,65994,0,680
4293,2022-07-24,BZ,Belize,AMRO,627,66621,0,680
4294,2022-07-31,BZ,Belize,AMRO,490,67111,0,680
4295,2022-08-07,BZ,Belize,AMRO,313,67424,0,680
4296,2022-08-14,BZ,Belize,AMRO,206,67630,0,680
4297,2022-08-21,BZ,Belize,AMRO,261,67891,0,680
4298,2022-08-28,BZ,Belize,AMRO,296,68187,0,680
4299,2022-09-04,BZ,Belize,AMRO,163,68350,0,680
4300,2022-09-11,BZ,Belize,AMRO,123,68473,0,680
4301,2022-09-18,BZ,Belize,AMRO,231,68704,0,680
4302,2022-09-25,BZ,Belize,AMRO,80,68784,3,683
4303,2022-10-02,BZ,Belize,AMRO,70,68854,3,686
4304,2022-10-09,BZ,Belize,AMRO,30,68884,0,686
4305,2022-10-16,BZ,Belize,AMRO,25,68909,0,686
4306,2022-10-23,BZ,Belize,AMRO,17,68926,1,687
4307,2022-10-30,BZ,Belize,AMRO,17,68943,0,687
4308,2022-11-06,BZ,Belize,AMRO,14,68957,0,687
4309,2022-11-13,BZ,Belize,AMRO,15,68972,0,687
4310,2022-11-20,BZ,Belize,AMRO,16,68988,0,687
4311,2022-11-27,BZ,Belize,AMRO,24,69012,1,688
4312,2022-12-04,BZ,Belize,AMRO,36,69048,0,688
4313,2022-12-11,BZ,Belize,AMRO,69,69117,0,688
4314,2022-12-18,BZ,Belize,AMRO,259,69376,0,688
4315,2022-12-25,BZ,Belize,AMRO,299,69675,0,688
4316,2023-01-01,BZ,Belize,AMRO,271,69946,0,688
4317,2023-01-08,BZ,Belize,AMRO,228,70174,0,688
4318,2023-01-15,BZ,Belize,AMRO,223,70397,0,688
4319,2023-01-22,BZ,Belize,AMRO,158,70555,0,688
4320,2023-01-29,BZ,Belize,AMRO,55,70610,0,688
4321,2023-02-05,BZ,Belize,AMRO,50,70660,0,688
4322,2023-02-12,BZ,Belize,AMRO,37,70697,0,688
4323,2023-02-19,BZ,Belize,AMRO,24,70721,0,688
4324,2023-02-26,BZ,Belize,AMRO,19,70740,0,688
4325,2023-03-05,BZ,Belize,AMRO,17,70757,0,688
4326,2023-03-12,BZ,Belize,AMRO,25,70782,0,688
4327,2023-03-19,BZ,Belize,AMRO,0,70782,0,688
4328,2023-03-26,BZ,Belize,AMRO,0,70782,0,688
4329,2023-04-02,BZ,Belize,AMRO,0,70782,0,688
4330,2023-04-09,BZ,Belize,AMRO,0,70782,0,688
4331,2023-04-16,BZ,Belize,AMRO,0,70782,0,688
4332,2023-04-23,BZ,Belize,AMRO,0,70782,0,688
4333,2023-04-30,BZ,Belize,AMRO,0,70782,0,688
4334,2023-05-07,BZ,Belize,AMRO,0,70782,0,688
4335,2023-05-14,BZ,Belize,AMRO,0,70782,0,688
4336,2023-05-21,BZ,Belize,AMRO,0,70782,0,688
4337,2023-05-28,BZ,Belize,AMRO,11,70793,0,688
4338,2023-06-04,BZ,Belize,AMRO,7,70800,0,688
4339,2023-06-11,BZ,Belize,AMRO,28,70828,0,688
4340,2023-06-18,BZ,Belize,AMRO,28,70856,0,688
4341,2023-06-25,BZ,Belize,AMRO,29,70885,0,688
4342,2023-07-02,BZ,Belize,AMRO,33,70918,0,688
4343,2023-07-09,BZ,Belize,AMRO,20,70938,0,688
4344,2023-07-16,BZ,Belize,AMRO,41,70979,0,688
4345,2023-07-23,BZ,Belize,AMRO,21,71000,0,688
4346,2023-07-30,BZ,Belize,AMRO,42,71042,0,688
4347,2023-08-06,BZ,Belize,AMRO,53,71095,0,688
4348,2023-08-13,BZ,Belize,AMRO,59,71154,0,688
4349,2023-08-20,BZ,Belize,AMRO,88,71242,0,688
4350,2023-08-27,BZ,Belize,AMRO,20,71262,0,688
4351,2023-09-03,BZ,Belize,AMRO,52,71314,0,688
4352,2023-09-10,BZ,Belize,AMRO,29,71343,0,688
4353,2023-09-17,BZ,Belize,AMRO,18,71361,0,688
4354,2023-09-24,BZ,Belize,AMRO,12,71373,0,688
4355,2023-10-01,BZ,Belize,AMRO,0,71373,0,688
4356,2023-10-08,BZ,Belize,AMRO,0,71373,0,688
4357,2023-10-15,BZ,Belize,AMRO,0,71373,0,688
4358,2023-10-22,BZ,Belize,AMRO,0,71373,0,688
4359,2023-10-29,BZ,Belize,AMRO,0,71373,0,688
4360,2023-11-05,BZ,Belize,AMRO,0,71373,0,688
4361,2023-11-12,BZ,Belize,AMRO,0,71373,0,688
4362,2023-11-19,BZ,Belize,AMRO,0,71373,0,688
4363,2023-11-26,BZ,Belize,AMRO,0,71373,0,688
4364,2023-12-03,BZ,Belize,AMRO,0,71373,0,688
4365,2023-12-10,BZ,Belize,AMRO,0,71373,0,688
4366,2023-12-17,BZ,Belize,AMRO,0,71373,0,688
4367,2023-12-24,BZ,Belize,AMRO,0,71373,0,688
4368,2020-01-05,BJ,Benin,AFRO,0,0,0,0
4369,2020-01-12,BJ,Benin,AFRO,0,0,0,0
4370,2020-01-19,BJ,Benin,AFRO,0,0,0,0
4371,2020-01-26,BJ,Benin,AFRO,0,0,0,0
4372,2020-02-02,BJ,Benin,AFRO,0,0,0,0
4373,2020-02-09,BJ,Benin,AFRO,0,0,0,0
4374,2020-02-16,BJ,Benin,AFRO,0,0,0,0
4375,2020-02-23,BJ,Benin,AFRO,0,0,0,0
4376,2020-03-01,BJ,Benin,AFRO,0,0,0,0
4377,2020-03-08,BJ,Benin,AFRO,0,0,0,0
4378,2020-03-15,BJ,Benin,AFRO,0,0,0,0
4379,2020-03-22,BJ,Benin,AFRO,2,2,0,0
4380,2020-03-29,BJ,Benin,AFRO,1,3,0,0
4381,2020-04-05,BJ,Benin,AFRO,10,13,0,0
4382,2020-04-12,BJ,Benin,AFRO,22,35,0,0
4383,2020-04-19,BJ,Benin,AFRO,19,54,0,0
4384,2020-04-26,BJ,Benin,AFRO,6,60,0,0
4385,2020-05-03,BJ,Benin,AFRO,30,90,2,2
4386,2020-05-10,BJ,Benin,AFRO,21,111,0,2
4387,2020-05-17,BJ,Benin,AFRO,20,131,0,2
4388,2020-05-24,BJ,Benin,AFRO,6,137,1,3
4389,2020-05-31,BJ,Benin,AFRO,102,239,0,3
4390,2020-06-07,BJ,Benin,AFRO,29,268,1,4
4391,2020-06-14,BJ,Benin,AFRO,202,470,2,6
4392,2020-06-21,BJ,Benin,AFRO,295,765,7,13
4393,2020-06-28,BJ,Benin,AFRO,384,1149,3,16
4394,2020-07-05,BJ,Benin,AFRO,50,1199,5,21
4395,2020-07-12,BJ,Benin,AFRO,179,1378,5,26
4396,2020-07-19,BJ,Benin,AFRO,224,1602,5,31
4397,2020-07-26,BJ,Benin,AFRO,168,1770,4,35
4398,2020-08-02,BJ,Benin,AFRO,139,1909,3,38
4399,2020-08-09,BJ,Benin,AFRO,27,1936,0,38
4400,2020-08-16,BJ,Benin,AFRO,127,2063,1,39
4401,2020-08-23,BJ,Benin,AFRO,52,2115,0,39
4402,2020-08-30,BJ,Benin,AFRO,30,2145,1,40
4403,2020-09-06,BJ,Benin,AFRO,68,2213,0,40
4404,2020-09-13,BJ,Benin,AFRO,29,2242,0,40
4405,2020-09-20,BJ,Benin,AFRO,38,2280,0,40
4406,2020-09-27,BJ,Benin,AFRO,45,2325,0,40
4407,2020-10-04,BJ,Benin,AFRO,32,2357,1,41
4408,2020-10-11,BJ,Benin,AFRO,54,2411,0,41
4409,2020-10-18,BJ,Benin,AFRO,85,2496,0,41
4410,2020-10-25,BJ,Benin,AFRO,61,2557,0,41
4411,2020-11-01,BJ,Benin,AFRO,86,2643,0,41
4412,2020-11-08,BJ,Benin,AFRO,102,2745,2,43
4413,2020-11-15,BJ,Benin,AFRO,99,2844,0,43
4414,2020-11-22,BJ,Benin,AFRO,72,2916,0,43
4415,2020-11-29,BJ,Benin,AFRO,58,2974,0,43
4416,2020-12-06,BJ,Benin,AFRO,81,3055,1,44
4417,2020-12-13,BJ,Benin,AFRO,35,3090,0,44
4418,2020-12-20,BJ,Benin,AFRO,62,3152,0,44
4419,2020-12-27,BJ,Benin,AFRO,53,3205,0,44
4420,2021-01-03,BJ,Benin,AFRO,46,3251,0,44
4421,2021-01-10,BJ,Benin,AFRO,53,3304,0,44
4422,2021-01-17,BJ,Benin,AFRO,109,3413,2,46
4423,2021-01-24,BJ,Benin,AFRO,230,3643,2,48
4424,2021-01-31,BJ,Benin,AFRO,143,3786,0,48
4425,2021-02-07,BJ,Benin,AFRO,407,4193,7,55
4426,2021-02-14,BJ,Benin,AFRO,367,4560,1,56
4427,2021-02-21,BJ,Benin,AFRO,583,5143,9,65
4428,2021-02-28,BJ,Benin,AFRO,491,5634,5,70
4429,2021-03-07,BJ,Benin,AFRO,437,6071,5,75
4430,2021-03-14,BJ,Benin,AFRO,430,6501,6,81
4431,2021-03-21,BJ,Benin,AFRO,317,6818,9,90
4432,2021-03-28,BJ,Benin,AFRO,282,7100,0,90
4433,2021-04-04,BJ,Benin,AFRO,213,7313,3,93
4434,2021-04-11,BJ,Benin,AFRO,202,7515,0,93
4435,2021-04-18,BJ,Benin,AFRO,96,7611,3,96
4436,2021-04-25,BJ,Benin,AFRO,109,7720,1,97
4437,2021-05-02,BJ,Benin,AFRO,101,7821,2,99
4438,2021-05-09,BJ,Benin,AFRO,74,7895,1,100
4439,2021-05-16,BJ,Benin,AFRO,89,7984,1,101
4440,2021-05-23,BJ,Benin,AFRO,41,8025,0,101
4441,2021-05-30,BJ,Benin,AFRO,33,8058,0,101
4442,2021-06-06,BJ,Benin,AFRO,24,8082,1,102
4443,2021-06-13,BJ,Benin,AFRO,27,8109,0,102
4444,2021-06-20,BJ,Benin,AFRO,31,8140,1,103
4445,2021-06-27,BJ,Benin,AFRO,30,8170,1,104
4446,2021-07-04,BJ,Benin,AFRO,29,8199,0,104
4447,2021-07-11,BJ,Benin,AFRO,28,8227,1,105
4448,2021-07-18,BJ,Benin,AFRO,17,8244,2,107
4449,2021-07-25,BJ,Benin,AFRO,80,8324,0,107
4450,2021-08-01,BJ,Benin,AFRO,70,8394,1,108
4451,2021-08-08,BJ,Benin,AFRO,214,8608,2,110
4452,2021-08-15,BJ,Benin,AFRO,457,9065,3,113
4453,2021-08-22,BJ,Benin,AFRO,1118,10183,6,119
4454,2021-08-29,BJ,Benin,AFRO,2309,12492,8,127
4455,2021-09-05,BJ,Benin,AFRO,4454,16946,8,135
4456,2021-09-12,BJ,Benin,AFRO,2344,19290,6,141
4457,2021-09-19,BJ,Benin,AFRO,2160,21450,5,146
4458,2021-09-26,BJ,Benin,AFRO,1508,22958,8,154
4459,2021-10-03,BJ,Benin,AFRO,932,23890,5,159
4460,2021-10-10,BJ,Benin,AFRO,445,24335,0,159
4461,2021-10-17,BJ,Benin,AFRO,225,24560,2,161
4462,2021-10-24,BJ,Benin,AFRO,118,24678,0,161
4463,2021-10-31,BJ,Benin,AFRO,71,24749,0,161
4464,2021-11-07,BJ,Benin,AFRO,55,24804,0,161
4465,2021-11-14,BJ,Benin,AFRO,23,24827,0,161
4466,2021-11-21,BJ,Benin,AFRO,19,24846,0,161
4467,2021-11-28,BJ,Benin,AFRO,4,24850,0,161
4468,2021-12-05,BJ,Benin,AFRO,13,24863,0,161
4469,2021-12-12,BJ,Benin,AFRO,34,24897,0,161
4470,2021-12-19,BJ,Benin,AFRO,10,24907,0,161
4471,2021-12-26,BJ,Benin,AFRO,28,24935,0,161
4472,2022-01-02,BJ,Benin,AFRO,109,25044,0,161
4473,2022-01-09,BJ,Benin,AFRO,478,25522,0,161
4474,2022-01-16,BJ,Benin,AFRO,514,26036,1,162
4475,2022-01-23,BJ,Benin,AFRO,273,26309,1,163
4476,2022-01-30,BJ,Benin,AFRO,141,26450,0,163
4477,2022-02-06,BJ,Benin,AFRO,48,26498,0,163
4478,2022-02-13,BJ,Benin,AFRO,54,26552,0,163
4479,2022-02-20,BJ,Benin,AFRO,15,26567,0,163
4480,2022-02-27,BJ,Benin,AFRO,0,26567,0,163
4481,2022-03-06,BJ,Benin,AFRO,8,26575,0,163
4482,2022-03-13,BJ,Benin,AFRO,0,26575,0,163
4483,2022-03-20,BJ,Benin,AFRO,18,26593,0,163
4484,2022-03-27,BJ,Benin,AFRO,0,26593,0,163
4485,2022-04-03,BJ,Benin,AFRO,2,26595,0,163
4486,2022-04-10,BJ,Benin,AFRO,0,26595,0,163
4487,2022-04-17,BJ,Benin,AFRO,10,26605,0,163
4488,2022-04-24,BJ,Benin,AFRO,0,26605,0,163
4489,2022-05-01,BJ,Benin,AFRO,0,26605,0,163
4490,2022-05-08,BJ,Benin,AFRO,5,26610,0,163
4491,2022-05-15,BJ,Benin,AFRO,0,26610,0,163
4492,2022-05-22,BJ,Benin,AFRO,60,26670,0,163
4493,2022-05-29,BJ,Benin,AFRO,119,26789,0,163
4494,2022-06-05,BJ,Benin,AFRO,125,26914,0,163
4495,2022-06-12,BJ,Benin,AFRO,128,27042,0,163
4496,2022-06-19,BJ,Benin,AFRO,80,27122,0,163
4497,2022-06-26,BJ,Benin,AFRO,38,27160,0,163
4498,2022-07-03,BJ,Benin,AFRO,56,27216,0,163
4499,2022-07-10,BJ,Benin,AFRO,30,27246,0,163
4500,2022-07-17,BJ,Benin,AFRO,25,27271,0,163
4501,2022-07-24,BJ,Benin,AFRO,24,27295,0,163
4502,2022-07-31,BJ,Benin,AFRO,21,27316,0,163
4503,2022-08-07,BJ,Benin,AFRO,0,27316,0,163
4504,2022-08-14,BJ,Benin,AFRO,0,27316,0,163
4505,2022-08-21,BJ,Benin,AFRO,0,27316,0,163
4506,2022-08-28,BJ,Benin,AFRO,174,27490,0,163
4507,2022-09-04,BJ,Benin,AFRO,45,27535,0,163
4508,2022-09-11,BJ,Benin,AFRO,103,27638,0,163
4509,2022-09-18,BJ,Benin,AFRO,89,27727,0,163
4510,2022-09-25,BJ,Benin,AFRO,55,27782,0,163
4511,2022-10-02,BJ,Benin,AFRO,0,27782,0,163
4512,2022-10-09,BJ,Benin,AFRO,0,27782,0,163
4513,2022-10-16,BJ,Benin,AFRO,0,27782,0,163
4514,2022-10-23,BJ,Benin,AFRO,0,27782,0,163
4515,2022-10-30,BJ,Benin,AFRO,130,27912,0,163
4516,2022-11-06,BJ,Benin,AFRO,3,27915,0,163
4517,2022-11-13,BJ,Benin,AFRO,7,27922,0,163
4518,2022-11-20,BJ,Benin,AFRO,53,27975,0,163
4519,2022-11-27,BJ,Benin,AFRO,5,27980,0,163
4520,2022-12-04,BJ,Benin,AFRO,1,27981,0,163
4521,2022-12-11,BJ,Benin,AFRO,1,27982,0,163
4522,2022-12-18,BJ,Benin,AFRO,0,27982,0,163
4523,2022-12-25,BJ,Benin,AFRO,3,27985,0,163
4524,2023-01-01,BJ,Benin,AFRO,1,27986,0,163
4525,2023-01-08,BJ,Benin,AFRO,0,27986,0,163
4526,2023-01-15,BJ,Benin,AFRO,3,27989,0,163
4527,2023-01-22,BJ,Benin,AFRO,1,27990,0,163
4528,2023-01-29,BJ,Benin,AFRO,0,27990,0,163
4529,2023-02-05,BJ,Benin,AFRO,1,27991,0,163
4530,2023-02-12,BJ,Benin,AFRO,3,27994,0,163
4531,2023-02-19,BJ,Benin,AFRO,5,27999,0,163
4532,2023-02-26,BJ,Benin,AFRO,0,27999,0,163
4533,2023-03-05,BJ,Benin,AFRO,8,28007,0,163
4534,2023-03-12,BJ,Benin,AFRO,2,28009,0,163
4535,2023-03-19,BJ,Benin,AFRO,3,28012,0,163
4536,2023-03-26,BJ,Benin,AFRO,1,28013,0,163
4537,2023-04-02,BJ,Benin,AFRO,1,28014,0,163
4538,2023-04-09,BJ,Benin,AFRO,0,28014,0,163
4539,2023-04-16,BJ,Benin,AFRO,0,28014,0,163
4540,2023-04-23,BJ,Benin,AFRO,0,28014,0,163
4541,2023-04-30,BJ,Benin,AFRO,0,28014,0,163
4542,2023-05-07,BJ,Benin,AFRO,0,28014,0,163
4543,2023-05-14,BJ,Benin,AFRO,0,28014,0,163
4544,2023-05-21,BJ,Benin,AFRO,0,28014,0,163
4545,2023-05-28,BJ,Benin,AFRO,0,28014,0,163
4546,2023-06-04,BJ,Benin,AFRO,0,28014,0,163
4547,2023-06-11,BJ,Benin,AFRO,0,28014,0,163
4548,2023-06-18,BJ,Benin,AFRO,0,28014,0,163
4549,2023-06-25,BJ,Benin,AFRO,0,28014,0,163
4550,2023-07-02,BJ,Benin,AFRO,0,28014,0,163
4551,2023-07-09,BJ,Benin,AFRO,0,28014,0,163
4552,2023-07-16,BJ,Benin,AFRO,0,28014,0,163
4553,2023-07-23,BJ,Benin,AFRO,0,28014,0,163
4554,2023-07-30,BJ,Benin,AFRO,0,28014,0,163
4555,2023-08-06,BJ,Benin,AFRO,0,28014,0,163
4556,2023-08-13,BJ,Benin,AFRO,0,28014,0,163
4557,2023-08-20,BJ,Benin,AFRO,17,28031,0,163
4558,2023-08-27,BJ,Benin,AFRO,0,28031,0,163
4559,2023-09-03,BJ,Benin,AFRO,2,28033,0,163
4560,2023-09-10,BJ,Benin,AFRO,0,28033,0,163
4561,2023-09-17,BJ,Benin,AFRO,0,28033,0,163
4562,2023-09-24,BJ,Benin,AFRO,3,28036,0,163
4563,2023-10-01,BJ,Benin,AFRO,0,28036,0,163
4564,2023-10-08,BJ,Benin,AFRO,0,28036,0,163
4565,2023-10-15,BJ,Benin,AFRO,0,28036,0,163
4566,2023-10-22,BJ,Benin,AFRO,0,28036,0,163
4567,2023-10-29,BJ,Benin,AFRO,0,28036,0,163
4568,2023-11-05,BJ,Benin,AFRO,0,28036,0,163
4569,2023-11-12,BJ,Benin,AFRO,0,28036,0,163
4570,2023-11-19,BJ,Benin,AFRO,0,28036,0,163
4571,2023-11-26,BJ,Benin,AFRO,0,28036,0,163
4572,2023-12-03,BJ,Benin,AFRO,0,28036,0,163
4573,2023-12-10,BJ,Benin,AFRO,0,28036,0,163
4574,2023-12-17,BJ,Benin,AFRO,0,28036,0,163
4575,2023-12-24,BJ,Benin,AFRO,0,28036,0,163
4576,2020-01-05,BM,Bermuda,AMRO,0,0,0,0
4577,2020-01-12,BM,Bermuda,AMRO,0,0,0,0
4578,2020-01-19,BM,Bermuda,AMRO,0,0,0,0
4579,2020-01-26,BM,Bermuda,AMRO,0,0,0,0
4580,2020-02-02,BM,Bermuda,AMRO,0,0,0,0
4581,2020-02-09,BM,Bermuda,AMRO,0,0,0,0
4582,2020-02-16,BM,Bermuda,AMRO,0,0,0,0
4583,2020-02-23,BM,Bermuda,AMRO,0,0,0,0
4584,2020-03-01,BM,Bermuda,AMRO,0,0,0,0
4585,2020-03-08,BM,Bermuda,AMRO,0,0,0,0
4586,2020-03-15,BM,Bermuda,AMRO,0,0,0,0
4587,2020-03-22,BM,Bermuda,AMRO,2,2,0,0
4588,2020-03-29,BM,Bermuda,AMRO,15,17,0,0
4589,2020-04-05,BM,Bermuda,AMRO,18,35,0,0
4590,2020-04-12,BM,Bermuda,AMRO,13,48,4,4
4591,2020-04-19,BM,Bermuda,AMRO,35,83,1,5
4592,2020-04-26,BM,Bermuda,AMRO,16,99,0,5
4593,2020-05-03,BM,Bermuda,AMRO,15,114,1,6
4594,2020-05-10,BM,Bermuda,AMRO,4,118,1,7
4595,2020-05-17,BM,Bermuda,AMRO,5,123,2,9
4596,2020-05-24,BM,Bermuda,AMRO,5,128,0,9
4597,2020-05-31,BM,Bermuda,AMRO,12,140,0,9
4598,2020-06-07,BM,Bermuda,AMRO,1,141,0,9
4599,2020-06-14,BM,Bermuda,AMRO,1,142,0,9
4600,2020-06-21,BM,Bermuda,AMRO,4,146,0,9
4601,2020-06-28,BM,Bermuda,AMRO,0,146,0,9
4602,2020-07-05,BM,Bermuda,AMRO,0,146,0,9
4603,2020-07-12,BM,Bermuda,AMRO,4,150,0,9
4604,2020-07-19,BM,Bermuda,AMRO,2,152,0,9
4605,2020-07-26,BM,Bermuda,AMRO,1,153,0,9
4606,2020-08-02,BM,Bermuda,AMRO,3,156,0,9
4607,2020-08-09,BM,Bermuda,AMRO,2,158,0,9
4608,2020-08-16,BM,Bermuda,AMRO,1,159,0,9
4609,2020-08-23,BM,Bermuda,AMRO,8,167,0,9
4610,2020-08-30,BM,Bermuda,AMRO,1,168,0,9
4611,2020-09-06,BM,Bermuda,AMRO,7,175,0,9
4612,2020-09-13,BM,Bermuda,AMRO,2,177,0,9
4613,2020-09-20,BM,Bermuda,AMRO,1,178,0,9
4614,2020-09-27,BM,Bermuda,AMRO,3,181,0,9
4615,2020-10-04,BM,Bermuda,AMRO,0,181,0,9
4616,2020-10-11,BM,Bermuda,AMRO,3,184,0,9
4617,2020-10-18,BM,Bermuda,AMRO,1,185,0,9
4618,2020-10-25,BM,Bermuda,AMRO,5,190,0,9
4619,2020-11-01,BM,Bermuda,AMRO,9,199,0,9
4620,2020-11-08,BM,Bermuda,AMRO,10,209,0,9
4621,2020-11-15,BM,Bermuda,AMRO,13,222,0,9
4622,2020-11-22,BM,Bermuda,AMRO,5,227,0,9
4623,2020-11-29,BM,Bermuda,AMRO,20,247,0,9
4624,2020-12-06,BM,Bermuda,AMRO,41,288,0,9
4625,2020-12-13,BM,Bermuda,AMRO,103,391,0,9
4626,2020-12-20,BM,Bermuda,AMRO,125,516,0,9
4627,2020-12-27,BM,Bermuda,AMRO,45,561,0,9
4628,2021-01-03,BM,Bermuda,AMRO,43,604,1,10
4629,2021-01-10,BM,Bermuda,AMRO,42,646,2,12
4630,2021-01-17,BM,Bermuda,AMRO,24,670,0,12
4631,2021-01-24,BM,Bermuda,AMRO,16,686,0,12
4632,2021-01-31,BM,Bermuda,AMRO,5,691,0,12
4633,2021-02-07,BM,Bermuda,AMRO,1,692,0,12
4634,2021-02-14,BM,Bermuda,AMRO,2,694,0,12
4635,2021-02-21,BM,Bermuda,AMRO,5,699,0,12
4636,2021-02-28,BM,Bermuda,AMRO,6,705,0,12
4637,2021-03-07,BM,Bermuda,AMRO,17,722,0,12
4638,2021-03-14,BM,Bermuda,AMRO,13,735,0,12
4639,2021-03-21,BM,Bermuda,AMRO,32,767,0,12
4640,2021-03-28,BM,Bermuda,AMRO,180,947,0,12
4641,2021-04-04,BM,Bermuda,AMRO,415,1362,0,12
4642,2021-04-11,BM,Bermuda,AMRO,411,1773,2,14
4643,2021-04-18,BM,Bermuda,AMRO,287,2060,3,17
4644,2021-04-25,BM,Bermuda,AMRO,255,2315,6,23
4645,2021-05-02,BM,Bermuda,AMRO,78,2393,5,28
4646,2021-05-09,BM,Bermuda,AMRO,41,2434,2,30
4647,2021-05-16,BM,Bermuda,AMRO,32,2466,2,32
4648,2021-05-23,BM,Bermuda,AMRO,22,2488,0,32
4649,2021-05-30,BM,Bermuda,AMRO,3,2491,0,32
4650,2021-06-06,BM,Bermuda,AMRO,3,2494,1,33
4651,2021-06-13,BM,Bermuda,AMRO,3,2497,0,33
4652,2021-06-20,BM,Bermuda,AMRO,7,2504,0,33
4653,2021-06-27,BM,Bermuda,AMRO,6,2510,0,33
4654,2021-07-04,BM,Bermuda,AMRO,6,2516,0,33
4655,2021-07-11,BM,Bermuda,AMRO,5,2521,0,33
4656,2021-07-18,BM,Bermuda,AMRO,9,2530,0,33
4657,2021-07-25,BM,Bermuda,AMRO,8,2538,0,33
4658,2021-08-01,BM,Bermuda,AMRO,30,2568,0,33
4659,2021-08-08,BM,Bermuda,AMRO,46,2614,0,33
4660,2021-08-15,BM,Bermuda,AMRO,61,2675,0,33
4661,2021-08-22,BM,Bermuda,AMRO,75,2750,0,33
4662,2021-08-29,BM,Bermuda,AMRO,94,2844,0,33
4663,2021-09-05,BM,Bermuda,AMRO,204,3048,1,34
4664,2021-09-12,BM,Bermuda,AMRO,471,3519,1,35
4665,2021-09-19,BM,Bermuda,AMRO,699,4218,3,38
4666,2021-09-26,BM,Bermuda,AMRO,764,4982,14,52
4667,2021-10-03,BM,Bermuda,AMRO,354,5336,23,75
4668,2021-10-10,BM,Bermuda,AMRO,165,5501,14,89
4669,2021-10-17,BM,Bermuda,AMRO,66,5567,6,95
4670,2021-10-24,BM,Bermuda,AMRO,45,5612,1,96
4671,2021-10-31,BM,Bermuda,AMRO,35,5647,5,101
4672,2021-11-07,BM,Bermuda,AMRO,30,5677,5,106
4673,2021-11-14,BM,Bermuda,AMRO,31,5708,0,106
4674,2021-11-21,BM,Bermuda,AMRO,7,5715,0,106
4675,2021-11-28,BM,Bermuda,AMRO,15,5730,0,106
4676,2021-12-05,BM,Bermuda,AMRO,23,5753,0,106
4677,2021-12-12,BM,Bermuda,AMRO,15,5768,0,106
4678,2021-12-19,BM,Bermuda,AMRO,47,5815,0,106
4679,2021-12-26,BM,Bermuda,AMRO,249,6064,0,106
4680,2022-01-02,BM,Bermuda,AMRO,356,6420,4,110
4681,2022-01-09,BM,Bermuda,AMRO,771,7191,0,110
4682,2022-01-16,BM,Bermuda,AMRO,1350,8541,0,110
4683,2022-01-23,BM,Bermuda,AMRO,1225,9766,2,112
4684,2022-01-30,BM,Bermuda,AMRO,786,10552,4,116
4685,2022-02-06,BM,Bermuda,AMRO,369,10921,2,118
4686,2022-02-13,BM,Bermuda,AMRO,225,11146,2,120
4687,2022-02-20,BM,Bermuda,AMRO,170,11316,2,122
4688,2022-02-27,BM,Bermuda,AMRO,174,11490,1,123
4689,2022-03-06,BM,Bermuda,AMRO,144,11634,0,123
4690,2022-03-13,BM,Bermuda,AMRO,216,11850,1,124
4691,2022-03-20,BM,Bermuda,AMRO,244,12094,2,126
4692,2022-03-27,BM,Bermuda,AMRO,260,12354,1,127
4693,2022-04-03,BM,Bermuda,AMRO,210,12564,1,128
4694,2022-04-10,BM,Bermuda,AMRO,175,12739,1,129
4695,2022-04-17,BM,Bermuda,AMRO,162,12901,2,131
4696,2022-04-24,BM,Bermuda,AMRO,351,13252,0,131
4697,2022-05-01,BM,Bermuda,AMRO,307,13559,0,131
4698,2022-05-08,BM,Bermuda,AMRO,273,13832,3,134
4699,2022-05-15,BM,Bermuda,AMRO,303,14135,1,135
4700,2022-05-22,BM,Bermuda,AMRO,307,14442,2,137
4701,2022-05-29,BM,Bermuda,AMRO,313,14755,1,138
4702,2022-06-05,BM,Bermuda,AMRO,330,15085,0,138
4703,2022-06-12,BM,Bermuda,AMRO,343,15428,0,138
4704,2022-06-19,BM,Bermuda,AMRO,334,15762,0,138
4705,2022-06-26,BM,Bermuda,AMRO,195,15957,0,138
4706,2022-07-03,BM,Bermuda,AMRO,205,16162,2,140
4707,2022-07-10,BM,Bermuda,AMRO,239,16401,0,140
4708,2022-07-17,BM,Bermuda,AMRO,321,16722,1,141
4709,2022-07-24,BM,Bermuda,AMRO,266,16988,1,142
4710,2022-07-31,BM,Bermuda,AMRO,205,17193,2,144
4711,2022-08-07,BM,Bermuda,AMRO,163,17356,4,148
4712,2022-08-14,BM,Bermuda,AMRO,200,17556,0,148
4713,2022-08-21,BM,Bermuda,AMRO,118,17674,0,148
4714,2022-08-28,BM,Bermuda,AMRO,239,17913,0,148
4715,2022-09-04,BM,Bermuda,AMRO,0,17913,0,148
4716,2022-09-11,BM,Bermuda,AMRO,0,17913,0,148
4717,2022-09-18,BM,Bermuda,AMRO,164,18077,0,148
4718,2022-09-25,BM,Bermuda,AMRO,45,18122,0,148
4719,2022-10-02,BM,Bermuda,AMRO,32,18154,0,148
4720,2022-10-09,BM,Bermuda,AMRO,66,18220,0,148
4721,2022-10-16,BM,Bermuda,AMRO,60,18280,0,148
4722,2022-10-23,BM,Bermuda,AMRO,60,18340,0,148
4723,2022-10-30,BM,Bermuda,AMRO,0,18340,0,148
4724,2022-11-06,BM,Bermuda,AMRO,88,18428,1,149
4725,2022-11-13,BM,Bermuda,AMRO,0,18428,0,149
4726,2022-11-20,BM,Bermuda,AMRO,35,18463,2,151
4727,2022-11-27,BM,Bermuda,AMRO,0,18463,0,151
4728,2022-12-04,BM,Bermuda,AMRO,56,18519,1,152
4729,2022-12-11,BM,Bermuda,AMRO,0,18519,0,152
4730,2022-12-18,BM,Bermuda,AMRO,38,18557,0,152
4731,2022-12-25,BM,Bermuda,AMRO,0,18557,0,152
4732,2023-01-01,BM,Bermuda,AMRO,65,18622,1,153
4733,2023-01-08,BM,Bermuda,AMRO,62,18684,1,154
4734,2023-01-15,BM,Bermuda,AMRO,34,18718,1,155
4735,2023-01-22,BM,Bermuda,AMRO,33,18751,2,157
4736,2023-01-29,BM,Bermuda,AMRO,15,18766,0,157
4737,2023-02-05,BM,Bermuda,AMRO,5,18771,0,157
4738,2023-02-12,BM,Bermuda,AMRO,14,18785,1,158
4739,2023-02-19,BM,Bermuda,AMRO,6,18791,1,159
4740,2023-02-26,BM,Bermuda,AMRO,8,18799,1,160
4741,2023-03-05,BM,Bermuda,AMRO,15,18814,0,160
4742,2023-03-12,BM,Bermuda,AMRO,14,18828,0,160
4743,2023-03-19,BM,Bermuda,AMRO,8,18836,1,161
4744,2023-03-26,BM,Bermuda,AMRO,13,18849,2,163
4745,2023-04-02,BM,Bermuda,AMRO,0,18849,0,163
4746,2023-04-09,BM,Bermuda,AMRO,11,18860,2,165
4747,2023-04-16,BM,Bermuda,AMRO,0,18860,0,165
4748,2023-04-23,BM,Bermuda,AMRO,0,18860,0,165
4749,2023-04-30,BM,Bermuda,AMRO,0,18860,0,165
4750,2023-05-07,BM,Bermuda,AMRO,0,18860,0,165
4751,2023-05-14,BM,Bermuda,AMRO,0,18860,0,165
4752,2023-05-21,BM,Bermuda,AMRO,0,18860,0,165
4753,2023-05-28,BM,Bermuda,AMRO,0,18860,0,165
4754,2023-06-04,BM,Bermuda,AMRO,0,18860,0,165
4755,2023-06-11,BM,Bermuda,AMRO,0,18860,0,165
4756,2023-06-18,BM,Bermuda,AMRO,0,18860,0,165
4757,2023-06-25,BM,Bermuda,AMRO,0,18860,0,165
4758,2023-07-02,BM,Bermuda,AMRO,0,18860,0,165
4759,2023-07-09,BM,Bermuda,AMRO,0,18860,0,165
4760,2023-07-16,BM,Bermuda,AMRO,0,18860,0,165
4761,2023-07-23,BM,Bermuda,AMRO,0,18860,0,165
4762,2023-07-30,BM,Bermuda,AMRO,0,18860,0,165
4763,2023-08-06,BM,Bermuda,AMRO,0,18860,0,165
4764,2023-08-13,BM,Bermuda,AMRO,0,18860,0,165
4765,2023-08-20,BM,Bermuda,AMRO,0,18860,0,165
4766,2023-08-27,BM,Bermuda,AMRO,0,18860,0,165
4767,2023-09-03,BM,Bermuda,AMRO,0,18860,0,165
4768,2023-09-10,BM,Bermuda,AMRO,0,18860,0,165
4769,2023-09-17,BM,Bermuda,AMRO,0,18860,0,165
4770,2023-09-24,BM,Bermuda,AMRO,0,18860,0,165
4771,2023-10-01,BM,Bermuda,AMRO,0,18860,0,165
4772,2023-10-08,BM,Bermuda,AMRO,0,18860,0,165
4773,2023-10-15,BM,Bermuda,AMRO,0,18860,0,165
4774,2023-10-22,BM,Bermuda,AMRO,0,18860,0,165
4775,2023-10-29,BM,Bermuda,AMRO,0,18860,0,165
4776,2023-11-05,BM,Bermuda,AMRO,0,18860,0,165
4777,2023-11-12,BM,Bermuda,AMRO,0,18860,0,165
4778,2023-11-19,BM,Bermuda,AMRO,0,18860,0,165
4779,2023-11-26,BM,Bermuda,AMRO,0,18860,0,165
4780,2023-12-03,BM,Bermuda,AMRO,0,18860,0,165
4781,2023-12-10,BM,Bermuda,AMRO,0,18860,0,165
4782,2023-12-17,BM,Bermuda,AMRO,0,18860,0,165
4783,2023-12-24,BM,Bermuda,AMRO,0,18860,0,165
4784,2020-01-05,BT,Bhutan,SEARO,0,0,0,0
4785,2020-01-12,BT,Bhutan,SEARO,0,0,0,0
4786,2020-01-19,BT,Bhutan,SEARO,0,0,0,0
4787,2020-01-26,BT,Bhutan,SEARO,0,0,0,0
4788,2020-02-02,BT,Bhutan,SEARO,0,0,0,0
4789,2020-02-09,BT,Bhutan,SEARO,0,0,0,0
4790,2020-02-16,BT,Bhutan,SEARO,0,0,0,0
4791,2020-02-23,BT,Bhutan,SEARO,0,0,0,0
4792,2020-03-01,BT,Bhutan,SEARO,0,0,0,0
4793,2020-03-08,BT,Bhutan,SEARO,1,1,0,0
4794,2020-03-15,BT,Bhutan,SEARO,0,1,0,0
4795,2020-03-22,BT,Bhutan,SEARO,1,2,0,0
4796,2020-03-29,BT,Bhutan,SEARO,1,3,0,0
4797,2020-04-05,BT,Bhutan,SEARO,2,5,0,0
4798,2020-04-12,BT,Bhutan,SEARO,0,5,0,0
4799,2020-04-19,BT,Bhutan,SEARO,0,5,0,0
4800,2020-04-26,BT,Bhutan,SEARO,2,7,0,0
4801,2020-05-03,BT,Bhutan,SEARO,0,7,0,0
4802,2020-05-10,BT,Bhutan,SEARO,0,7,0,0
4803,2020-05-17,BT,Bhutan,SEARO,14,21,0,0
4804,2020-05-24,BT,Bhutan,SEARO,6,27,0,0
4805,2020-05-31,BT,Bhutan,SEARO,16,43,0,0
4806,2020-06-07,BT,Bhutan,SEARO,16,59,0,0
4807,2020-06-14,BT,Bhutan,SEARO,7,66,0,0
4808,2020-06-21,BT,Bhutan,SEARO,2,68,0,0
4809,2020-06-28,BT,Bhutan,SEARO,8,76,0,0
4810,2020-07-05,BT,Bhutan,SEARO,4,80,0,0
4811,2020-07-12,BT,Bhutan,SEARO,4,84,0,0
4812,2020-07-19,BT,Bhutan,SEARO,5,89,0,0
4813,2020-07-26,BT,Bhutan,SEARO,6,95,0,0
4814,2020-08-02,BT,Bhutan,SEARO,8,103,0,0
4815,2020-08-09,BT,Bhutan,SEARO,7,110,0,0
4816,2020-08-16,BT,Bhutan,SEARO,28,138,0,0
4817,2020-08-23,BT,Bhutan,SEARO,17,155,0,0
4818,2020-08-30,BT,Bhutan,SEARO,69,224,0,0
4819,2020-09-06,BT,Bhutan,SEARO,6,230,0,0
4820,2020-09-13,BT,Bhutan,SEARO,15,245,0,0
4821,2020-09-20,BT,Bhutan,SEARO,16,261,0,0
4822,2020-09-27,BT,Bhutan,SEARO,12,273,0,0
4823,2020-10-04,BT,Bhutan,SEARO,25,298,0,0
4824,2020-10-11,BT,Bhutan,SEARO,11,309,0,0
4825,2020-10-18,BT,Bhutan,SEARO,16,325,0,0
4826,2020-10-25,BT,Bhutan,SEARO,15,340,0,0
4827,2020-11-01,BT,Bhutan,SEARO,9,349,0,0
4828,2020-11-08,BT,Bhutan,SEARO,10,359,0,0
4829,2020-11-15,BT,Bhutan,SEARO,16,375,0,0
4830,2020-11-22,BT,Bhutan,SEARO,4,379,0,0
4831,2020-11-29,BT,Bhutan,SEARO,17,396,0,0
4832,2020-12-06,BT,Bhutan,SEARO,30,426,0,0
4833,2020-12-13,BT,Bhutan,SEARO,11,437,0,0
4834,2020-12-20,BT,Bhutan,SEARO,9,446,0,0
4835,2020-12-27,BT,Bhutan,SEARO,151,597,0,0
4836,2021-01-03,BT,Bhutan,SEARO,119,716,0,0
4837,2021-01-10,BT,Bhutan,SEARO,97,813,1,1
4838,2021-01-17,BT,Bhutan,SEARO,29,842,0,1
4839,2021-01-24,BT,Bhutan,SEARO,13,855,0,1
4840,2021-01-31,BT,Bhutan,SEARO,4,859,0,1
4841,2021-02-07,BT,Bhutan,SEARO,2,861,0,1
4842,2021-02-14,BT,Bhutan,SEARO,3,864,0,1
4843,2021-02-21,BT,Bhutan,SEARO,2,866,0,1
4844,2021-02-28,BT,Bhutan,SEARO,1,867,0,1
4845,2021-03-07,BT,Bhutan,SEARO,1,868,0,1
4846,2021-03-14,BT,Bhutan,SEARO,0,868,0,1
4847,2021-03-21,BT,Bhutan,SEARO,1,869,0,1
4848,2021-03-28,BT,Bhutan,SEARO,3,872,0,1
4849,2021-04-04,BT,Bhutan,SEARO,19,891,0,1
4850,2021-04-11,BT,Bhutan,SEARO,27,918,0,1
4851,2021-04-18,BT,Bhutan,SEARO,39,957,0,1
4852,2021-04-25,BT,Bhutan,SEARO,65,1022,0,1
4853,2021-05-02,BT,Bhutan,SEARO,89,1111,0,1
4854,2021-05-09,BT,Bhutan,SEARO,110,1221,0,1
4855,2021-05-16,BT,Bhutan,SEARO,65,1286,0,1
4856,2021-05-23,BT,Bhutan,SEARO,108,1394,0,1
4857,2021-05-30,BT,Bhutan,SEARO,218,1612,0,1
4858,2021-06-06,BT,Bhutan,SEARO,75,1687,0,1
4859,2021-06-13,BT,Bhutan,SEARO,126,1813,0,1
4860,2021-06-20,BT,Bhutan,SEARO,111,1924,0,1
4861,2021-06-27,BT,Bhutan,SEARO,128,2052,0,1
4862,2021-07-04,BT,Bhutan,SEARO,107,2159,0,1
4863,2021-07-11,BT,Bhutan,SEARO,116,2275,0,1
4864,2021-07-18,BT,Bhutan,SEARO,146,2421,1,2
4865,2021-07-25,BT,Bhutan,SEARO,65,2486,0,2
4866,2021-08-01,BT,Bhutan,SEARO,32,2518,0,2
4867,2021-08-08,BT,Bhutan,SEARO,26,2544,0,2
4868,2021-08-15,BT,Bhutan,SEARO,27,2571,1,3
4869,2021-08-22,BT,Bhutan,SEARO,14,2585,0,3
4870,2021-08-29,BT,Bhutan,SEARO,9,2594,0,3
4871,2021-09-05,BT,Bhutan,SEARO,2,2596,0,3
4872,2021-09-12,BT,Bhutan,SEARO,0,2596,0,3
4873,2021-09-19,BT,Bhutan,SEARO,1,2597,0,3
4874,2021-09-26,BT,Bhutan,SEARO,2,2599,0,3
4875,2021-10-03,BT,Bhutan,SEARO,9,2608,0,3
4876,2021-10-10,BT,Bhutan,SEARO,5,2613,0,3
4877,2021-10-17,BT,Bhutan,SEARO,4,2617,0,3
4878,2021-10-24,BT,Bhutan,SEARO,0,2617,0,3
4879,2021-10-31,BT,Bhutan,SEARO,4,2621,0,3
4880,2021-11-07,BT,Bhutan,SEARO,2,2623,0,3
4881,2021-11-14,BT,Bhutan,SEARO,2,2625,0,3
4882,2021-11-21,BT,Bhutan,SEARO,7,2632,0,3
4883,2021-11-28,BT,Bhutan,SEARO,8,2640,0,3
4884,2021-12-05,BT,Bhutan,SEARO,1,2641,0,3
4885,2021-12-12,BT,Bhutan,SEARO,8,2649,0,3
4886,2021-12-19,BT,Bhutan,SEARO,8,2657,0,3
4887,2021-12-26,BT,Bhutan,SEARO,3,2660,0,3
4888,2022-01-02,BT,Bhutan,SEARO,0,2660,0,3
4889,2022-01-09,BT,Bhutan,SEARO,121,2781,0,3
4890,2022-01-16,BT,Bhutan,SEARO,147,2928,0,3
4891,2022-01-23,BT,Bhutan,SEARO,721,3649,0,3
4892,2022-01-30,BT,Bhutan,SEARO,1036,4685,1,4
4893,2022-02-06,BT,Bhutan,SEARO,1407,6092,0,4
4894,2022-02-13,BT,Bhutan,SEARO,1337,7429,1,5
4895,2022-02-20,BT,Bhutan,SEARO,2649,10078,1,6
4896,2022-02-27,BT,Bhutan,SEARO,2116,12194,0,6
4897,2022-03-06,BT,Bhutan,SEARO,2604,14798,1,7
4898,2022-03-13,BT,Bhutan,SEARO,2822,17620,0,7
4899,2022-03-20,BT,Bhutan,SEARO,4384,22004,2,9
4900,2022-03-27,BT,Bhutan,SEARO,3076,25080,0,9
4901,2022-04-03,BT,Bhutan,SEARO,6357,31437,3,12
4902,2022-04-10,BT,Bhutan,SEARO,10785,42222,2,14
4903,2022-04-17,BT,Bhutan,SEARO,10574,52796,4,18
4904,2022-04-24,BT,Bhutan,SEARO,4975,57771,2,20
4905,2022-05-01,BT,Bhutan,SEARO,1448,59219,1,21
4906,2022-05-08,BT,Bhutan,SEARO,278,59497,0,21
4907,2022-05-15,BT,Bhutan,SEARO,73,59570,0,21
4908,2022-05-22,BT,Bhutan,SEARO,42,59612,0,21
4909,2022-05-29,BT,Bhutan,SEARO,13,59625,0,21
4910,2022-06-05,BT,Bhutan,SEARO,11,59636,0,21
4911,2022-06-12,BT,Bhutan,SEARO,7,59643,0,21
4912,2022-06-19,BT,Bhutan,SEARO,18,59661,0,21
4913,2022-06-26,BT,Bhutan,SEARO,48,59709,0,21
4914,2022-07-03,BT,Bhutan,SEARO,103,59812,0,21
4915,2022-07-10,BT,Bhutan,SEARO,128,59940,0,21
4916,2022-07-17,BT,Bhutan,SEARO,167,60107,0,21
4917,2022-07-24,BT,Bhutan,SEARO,261,60368,0,21
4918,2022-07-31,BT,Bhutan,SEARO,162,60530,0,21
4919,2022-08-07,BT,Bhutan,SEARO,133,60663,0,21
4920,2022-08-14,BT,Bhutan,SEARO,116,60779,0,21
4921,2022-08-21,BT,Bhutan,SEARO,119,60898,0,21
4922,2022-08-28,BT,Bhutan,SEARO,178,61076,0,21
4923,2022-09-04,BT,Bhutan,SEARO,157,61233,0,21
4924,2022-09-11,BT,Bhutan,SEARO,186,61419,0,21
4925,2022-09-18,BT,Bhutan,SEARO,311,61730,0,21
4926,2022-09-25,BT,Bhutan,SEARO,239,61969,0,21
4927,2022-10-02,BT,Bhutan,SEARO,126,62095,0,21
4928,2022-10-09,BT,Bhutan,SEARO,105,62200,0,21
4929,2022-10-16,BT,Bhutan,SEARO,48,62248,0,21
4930,2022-10-23,BT,Bhutan,SEARO,83,62331,0,21
4931,2022-10-30,BT,Bhutan,SEARO,49,62380,0,21
4932,2022-11-06,BT,Bhutan,SEARO,50,62430,0,21
4933,2022-11-13,BT,Bhutan,SEARO,30,62460,0,21
4934,2022-11-20,BT,Bhutan,SEARO,28,62488,0,21
4935,2022-11-27,BT,Bhutan,SEARO,15,62503,0,21
4936,2022-12-04,BT,Bhutan,SEARO,9,62512,0,21
4937,2022-12-11,BT,Bhutan,SEARO,9,62521,0,21
4938,2022-12-18,BT,Bhutan,SEARO,3,62524,0,21
4939,2022-12-25,BT,Bhutan,SEARO,7,62531,0,21
4940,2023-01-01,BT,Bhutan,SEARO,7,62538,0,21
4941,2023-01-08,BT,Bhutan,SEARO,13,62551,0,21
4942,2023-01-15,BT,Bhutan,SEARO,26,62577,0,21
4943,2023-01-22,BT,Bhutan,SEARO,21,62598,0,21
4944,2023-01-29,BT,Bhutan,SEARO,7,62605,0,21
4945,2023-02-05,BT,Bhutan,SEARO,3,62608,0,21
4946,2023-02-12,BT,Bhutan,SEARO,3,62611,0,21
4947,2023-02-19,BT,Bhutan,SEARO,4,62615,0,21
4948,2023-02-26,BT,Bhutan,SEARO,5,62620,0,21
4949,2023-03-05,BT,Bhutan,SEARO,7,62627,0,21
4950,2023-03-12,BT,Bhutan,SEARO,10,62637,0,21
4951,2023-03-19,BT,Bhutan,SEARO,10,62647,0,21
4952,2023-03-26,BT,Bhutan,SEARO,1,62648,0,21
4953,2023-04-02,BT,Bhutan,SEARO,1,62649,0,21
4954,2023-04-09,BT,Bhutan,SEARO,1,62650,0,21
4955,2023-04-16,BT,Bhutan,SEARO,4,62654,0,21
4956,2023-04-23,BT,Bhutan,SEARO,9,62663,0,21
4957,2023-04-30,BT,Bhutan,SEARO,3,62666,0,21
4958,2023-05-07,BT,Bhutan,SEARO,2,62668,0,21
4959,2023-05-14,BT,Bhutan,SEARO,0,62668,0,21
4960,2023-05-21,BT,Bhutan,SEARO,2,62670,0,21
4961,2023-05-28,BT,Bhutan,SEARO,1,62671,0,21
4962,2023-06-04,BT,Bhutan,SEARO,1,62672,0,21
4963,2023-06-11,BT,Bhutan,SEARO,0,62672,0,21
4964,2023-06-18,BT,Bhutan,SEARO,0,62672,0,21
4965,2023-06-25,BT,Bhutan,SEARO,1,62673,0,21
4966,2023-07-02,BT,Bhutan,SEARO,0,62673,0,21
4967,2023-07-09,BT,Bhutan,SEARO,10,62683,0,21
4968,2023-07-16,BT,Bhutan,SEARO,7,62690,0,21
4969,2023-07-23,BT,Bhutan,SEARO,0,62690,0,21
4970,2023-07-30,BT,Bhutan,SEARO,1,62691,0,21
4971,2023-08-06,BT,Bhutan,SEARO,0,62691,0,21
4972,2023-08-13,BT,Bhutan,SEARO,3,62694,0,21
4973,2023-08-20,BT,Bhutan,SEARO,0,62694,0,21
4974,2023-08-27,BT,Bhutan,SEARO,3,62697,0,21
4975,2023-09-03,BT,Bhutan,SEARO,0,62697,0,21
4976,2023-09-10,BT,Bhutan,SEARO,0,62697,0,21
4977,2023-09-17,BT,Bhutan,SEARO,0,62697,0,21
4978,2023-09-24,BT,Bhutan,SEARO,0,62697,0,21
4979,2023-10-01,BT,Bhutan,SEARO,0,62697,0,21
4980,2023-10-08,BT,Bhutan,SEARO,0,62697,0,21
4981,2023-10-15,BT,Bhutan,SEARO,0,62697,0,21
4982,2023-10-22,BT,Bhutan,SEARO,0,62697,0,21
4983,2023-10-29,BT,Bhutan,SEARO,0,62697,0,21
4984,2023-11-05,BT,Bhutan,SEARO,0,62697,0,21
4985,2023-11-12,BT,Bhutan,SEARO,0,62697,0,21
4986,2023-11-19,BT,Bhutan,SEARO,0,62697,0,21
4987,2023-11-26,BT,Bhutan,SEARO,0,62697,0,21
4988,2023-12-03,BT,Bhutan,SEARO,0,62697,0,21
4989,2023-12-10,BT,Bhutan,SEARO,0,62697,0,21
4990,2023-12-17,BT,Bhutan,SEARO,0,62697,0,21
4991,2023-12-24,BT,Bhutan,SEARO,0,62697,0,21
4992,2020-01-05,BO,Bolivia (Plurinational State of),AMRO,0,0,0,0
4993,2020-01-12,BO,Bolivia (Plurinational State of),AMRO,0,0,0,0
4994,2020-01-19,BO,Bolivia (Plurinational State of),AMRO,0,0,0,0
4995,2020-01-26,BO,Bolivia (Plurinational State of),AMRO,0,0,0,0
4996,2020-02-02,BO,Bolivia (Plurinational State of),AMRO,0,0,0,0
4997,2020-02-09,BO,Bolivia (Plurinational State of),AMRO,0,0,0,0
4998,2020-02-16,BO,Bolivia (Plurinational State of),AMRO,0,0,0,0
4999,2020-02-23,BO,Bolivia (Plurinational State of),AMRO,0,0,0,0
5000,2020-03-01,BO,Bolivia (Plurinational State of),AMRO,0,0,0,0
5001,2020-03-08,BO,Bolivia (Plurinational State of),AMRO,0,0,0,0
5002,2020-03-15,BO,Bolivia (Plurinational State of),AMRO,10,10,0,0
5003,2020-03-22,BO,Bolivia (Plurinational State of),AMRO,9,19,0,0
5004,2020-03-29,BO,Bolivia (Plurinational State of),AMRO,71,90,0,0
5005,2020-04-05,BO,Bolivia (Plurinational State of),AMRO,49,139,10,10
5006,2020-04-12,BO,Bolivia (Plurinational State of),AMRO,136,275,10,20
5007,2020-04-19,BO,Bolivia (Plurinational State of),AMRO,218,493,11,31
5008,2020-04-26,BO,Bolivia (Plurinational State of),AMRO,314,807,13,44
5009,2020-05-03,BO,Bolivia (Plurinational State of),AMRO,422,1229,22,66
5010,2020-05-10,BO,Bolivia (Plurinational State of),AMRO,1037,2266,40,106
5011,2020-05-17,BO,Bolivia (Plurinational State of),AMRO,1311,3577,58,164
5012,2020-05-24,BO,Bolivia (Plurinational State of),AMRO,2002,5579,66,230
5013,2020-05-31,BO,Bolivia (Plurinational State of),AMRO,3152,8731,70,300
5014,2020-06-07,BO,Bolivia (Plurinational State of),AMRO,3997,12728,127,427
5015,2020-06-14,BO,Bolivia (Plurinational State of),AMRO,4201,16929,132,559
5016,2020-06-21,BO,Bolivia (Plurinational State of),AMRO,5547,22476,156,715
5017,2020-06-28,BO,Bolivia (Plurinational State of),AMRO,6947,29423,219,934
5018,2020-07-05,BO,Bolivia (Plurinational State of),AMRO,7395,36818,386,1320
5019,2020-07-12,BO,Bolivia (Plurinational State of),AMRO,8747,45565,382,1702
5020,2020-07-19,BO,Bolivia (Plurinational State of),AMRO,10537,56102,347,2049
5021,2020-07-26,BO,Bolivia (Plurinational State of),AMRO,10354,66456,424,2473
5022,2020-08-02,BO,Bolivia (Plurinational State of),AMRO,10333,76789,504,2977
5023,2020-08-09,BO,Bolivia (Plurinational State of),AMRO,11102,87891,547,3524
5024,2020-08-16,BO,Bolivia (Plurinational State of),AMRO,10059,97950,415,3939
5025,2020-08-23,BO,Bolivia (Plurinational State of),AMRO,9485,107435,427,4366
5026,2020-08-30,BO,Bolivia (Plurinational State of),AMRO,6974,114409,480,4846
5027,2020-09-06,BO,Bolivia (Plurinational State of),AMRO,5171,119580,497,5343
5028,2020-09-13,BO,Bolivia (Plurinational State of),AMRO,5592,125172,1907,7250
5029,2020-09-20,BO,Bolivia (Plurinational State of),AMRO,4879,130051,300,7550
5030,2020-09-27,BO,Bolivia (Plurinational State of),AMRO,3171,133222,250,7800
5031,2020-10-04,BO,Bolivia (Plurinational State of),AMRO,2997,136219,245,8045
5032,2020-10-11,BO,Bolivia (Plurinational State of),AMRO,2007,138226,217,8262
5033,2020-10-18,BO,Bolivia (Plurinational State of),AMRO,1336,139562,177,8439
5034,2020-10-25,BO,Bolivia (Plurinational State of),AMRO,1050,140612,169,8608
5035,2020-11-01,BO,Bolivia (Plurinational State of),AMRO,1019,141631,107,8715
5036,2020-11-08,BO,Bolivia (Plurinational State of),AMRO,712,142343,66,8781
5037,2020-11-15,BO,Bolivia (Plurinational State of),AMRO,726,143069,54,8835
5038,2020-11-22,BO,Bolivia (Plurinational State of),AMRO,785,143854,65,8900
5039,2020-11-29,BO,Bolivia (Plurinational State of),AMRO,640,144494,43,8943
5040,2020-12-06,BO,Bolivia (Plurinational State of),AMRO,831,145325,44,8987
5041,2020-12-13,BO,Bolivia (Plurinational State of),AMRO,1372,146697,26,9013
5042,2020-12-20,BO,Bolivia (Plurinational State of),AMRO,2452,149149,20,9033
5043,2020-12-27,BO,Bolivia (Plurinational State of),AMRO,4441,153590,50,9083
5044,2021-01-03,BO,Bolivia (Plurinational State of),AMRO,7395,160985,92,9175
5045,2021-01-10,BO,Bolivia (Plurinational State of),AMRO,10169,171154,153,9328
5046,2021-01-17,BO,Bolivia (Plurinational State of),AMRO,12435,183589,243,9571
5047,2021-01-24,BO,Bolivia (Plurinational State of),AMRO,14668,198257,300,9871
5048,2021-01-31,BO,Bolivia (Plurinational State of),AMRO,15135,213392,355,10226
5049,2021-02-07,BO,Bolivia (Plurinational State of),AMRO,12518,225910,461,10687
5050,2021-02-14,BO,Bolivia (Plurinational State of),AMRO,9188,235098,420,11107
5051,2021-02-21,BO,Bolivia (Plurinational State of),AMRO,5578,240676,283,11390
5052,2021-02-28,BO,Bolivia (Plurinational State of),AMRO,7215,247891,219,11609
5053,2021-03-07,BO,Bolivia (Plurinational State of),AMRO,5406,253297,180,11789
5054,2021-03-14,BO,Bolivia (Plurinational State of),AMRO,5027,258324,114,11903
5055,2021-03-21,BO,Bolivia (Plurinational State of),AMRO,5484,263808,138,12041
5056,2021-03-28,BO,Bolivia (Plurinational State of),AMRO,4903,268711,102,12143
5057,2021-04-04,BO,Bolivia (Plurinational State of),AMRO,5236,273947,162,12305
5058,2021-04-11,BO,Bolivia (Plurinational State of),AMRO,6702,280649,123,12428
5059,2021-04-18,BO,Bolivia (Plurinational State of),AMRO,6711,287360,197,12625
5060,2021-04-25,BO,Bolivia (Plurinational State of),AMRO,8532,295892,158,12783
5061,2021-05-02,BO,Bolivia (Plurinational State of),AMRO,9702,305594,192,12975
5062,2021-05-09,BO,Bolivia (Plurinational State of),AMRO,10559,316153,207,13182
5063,2021-05-16,BO,Bolivia (Plurinational State of),AMRO,13580,329733,269,13451
5064,2021-05-23,BO,Bolivia (Plurinational State of),AMRO,16337,346070,406,13857
5065,2021-05-30,BO,Bolivia (Plurinational State of),AMRO,18500,364570,520,14377
5066,2021-06-06,BO,Bolivia (Plurinational State of),AMRO,18887,383457,523,14900
5067,2021-06-13,BO,Bolivia (Plurinational State of),AMRO,19834,403291,517,15417
5068,2021-06-20,BO,Bolivia (Plurinational State of),AMRO,16022,419313,592,16009
5069,2021-06-27,BO,Bolivia (Plurinational State of),AMRO,12047,431360,487,16496
5070,2021-07-04,BO,Bolivia (Plurinational State of),AMRO,11524,442884,383,16879
5071,2021-07-11,BO,Bolivia (Plurinational State of),AMRO,9792,452676,294,17173
5072,2021-07-18,BO,Bolivia (Plurinational State of),AMRO,8142,460818,233,17406
5073,2021-07-25,BO,Bolivia (Plurinational State of),AMRO,6525,467343,207,17613
5074,2021-08-01,BO,Bolivia (Plurinational State of),AMRO,5470,472813,193,17806
5075,2021-08-08,BO,Bolivia (Plurinational State of),AMRO,4449,477262,153,17959
5076,2021-08-15,BO,Bolivia (Plurinational State of),AMRO,4369,481631,193,18152
5077,2021-08-22,BO,Bolivia (Plurinational State of),AMRO,4295,485926,117,18269
5078,2021-08-29,BO,Bolivia (Plurinational State of),AMRO,3007,488933,102,18371
5079,2021-09-05,BO,Bolivia (Plurinational State of),AMRO,3287,492220,126,18497
5080,2021-09-12,BO,Bolivia (Plurinational State of),AMRO,2444,494664,71,18568
5081,2021-09-19,BO,Bolivia (Plurinational State of),AMRO,2036,496700,80,18648
5082,2021-09-26,BO,Bolivia (Plurinational State of),AMRO,1895,498595,48,18696
5083,2021-10-03,BO,Bolivia (Plurinational State of),AMRO,2228,500823,54,18750
5084,2021-10-10,BO,Bolivia (Plurinational State of),AMRO,2609,503432,39,18789
5085,2021-10-17,BO,Bolivia (Plurinational State of),AMRO,2718,506150,35,18824
5086,2021-10-24,BO,Bolivia (Plurinational State of),AMRO,3126,509276,72,18896
5087,2021-10-31,BO,Bolivia (Plurinational State of),AMRO,3836,513112,28,18924
5088,2021-11-07,BO,Bolivia (Plurinational State of),AMRO,4117,517229,36,18960
5089,2021-11-14,BO,Bolivia (Plurinational State of),AMRO,5301,522530,44,19004
5090,2021-11-21,BO,Bolivia (Plurinational State of),AMRO,5877,528407,47,19051
5091,2021-11-28,BO,Bolivia (Plurinational State of),AMRO,6708,535115,86,19137
5092,2021-12-05,BO,Bolivia (Plurinational State of),AMRO,5754,540869,68,19205
5093,2021-12-12,BO,Bolivia (Plurinational State of),AMRO,10647,551516,100,19305
5094,2021-12-19,BO,Bolivia (Plurinational State of),AMRO,11122,562638,103,19408
5095,2021-12-26,BO,Bolivia (Plurinational State of),AMRO,12609,575247,122,19530
5096,2022-01-02,BO,Bolivia (Plurinational State of),AMRO,24506,599753,150,19680
5097,2022-01-09,BO,Bolivia (Plurinational State of),AMRO,53066,652819,208,19888
5098,2022-01-16,BO,Bolivia (Plurinational State of),AMRO,72640,725459,261,20149
5099,2022-01-23,BO,Bolivia (Plurinational State of),AMRO,79218,804677,421,20570
5100,2022-01-30,BO,Bolivia (Plurinational State of),AMRO,37080,841757,254,20824
5101,2022-02-06,BO,Bolivia (Plurinational State of),AMRO,28135,869892,278,21102
5102,2022-02-13,BO,Bolivia (Plurinational State of),AMRO,13490,883382,182,21284
5103,2022-02-20,BO,Bolivia (Plurinational State of),AMRO,6129,889511,88,21372
5104,2022-02-27,BO,Bolivia (Plurinational State of),AMRO,2340,891851,34,21406
5105,2022-03-06,BO,Bolivia (Plurinational State of),AMRO,2700,894551,49,21455
5106,2022-03-13,BO,Bolivia (Plurinational State of),AMRO,2834,897385,18,21473
5107,2022-03-20,BO,Bolivia (Plurinational State of),AMRO,2312,899697,9,21482
5108,2022-03-27,BO,Bolivia (Plurinational State of),AMRO,1595,901292,5,21487
5109,2022-04-03,BO,Bolivia (Plurinational State of),AMRO,1156,902448,409,21896
5110,2022-04-10,BO,Bolivia (Plurinational State of),AMRO,858,903306,3,21899
5111,2022-04-17,BO,Bolivia (Plurinational State of),AMRO,582,903888,4,21903
5112,2022-04-24,BO,Bolivia (Plurinational State of),AMRO,324,904212,3,21906
5113,2022-05-01,BO,Bolivia (Plurinational State of),AMRO,671,904883,4,21910
5114,2022-05-08,BO,Bolivia (Plurinational State of),AMRO,472,905355,15,21925
5115,2022-05-15,BO,Bolivia (Plurinational State of),AMRO,465,905820,1,21926
5116,2022-05-22,BO,Bolivia (Plurinational State of),AMRO,1193,907013,17,21943
5117,2022-05-29,BO,Bolivia (Plurinational State of),AMRO,1370,908383,4,21947
5118,2022-06-05,BO,Bolivia (Plurinational State of),AMRO,1250,909633,1,21948
5119,2022-06-12,BO,Bolivia (Plurinational State of),AMRO,2002,911635,2,21950
5120,2022-06-19,BO,Bolivia (Plurinational State of),AMRO,2617,914252,1,21951
5121,2022-06-26,BO,Bolivia (Plurinational State of),AMRO,5485,919737,1,21952
5122,2022-07-03,BO,Bolivia (Plurinational State of),AMRO,8713,928450,3,21955
5123,2022-07-10,BO,Bolivia (Plurinational State of),AMRO,13857,942307,9,21964
5124,2022-07-17,BO,Bolivia (Plurinational State of),AMRO,14322,956629,13,21977
5125,2022-07-24,BO,Bolivia (Plurinational State of),AMRO,40986,997615,36,22013
5126,2022-07-31,BO,Bolivia (Plurinational State of),AMRO,34408,1032023,40,22053
5127,2022-08-07,BO,Bolivia (Plurinational State of),AMRO,28461,1060484,36,22089
5128,2022-08-14,BO,Bolivia (Plurinational State of),AMRO,16331,1076815,31,22120
5129,2022-08-21,BO,Bolivia (Plurinational State of),AMRO,14653,1091468,47,22167
5130,2022-08-28,BO,Bolivia (Plurinational State of),AMRO,7566,1099034,24,22191
5131,2022-09-04,BO,Bolivia (Plurinational State of),AMRO,4522,1103556,14,22205
5132,2022-09-11,BO,Bolivia (Plurinational State of),AMRO,2256,1105812,11,22216
5133,2022-09-18,BO,Bolivia (Plurinational State of),AMRO,1237,1107049,11,22227
5134,2022-09-25,BO,Bolivia (Plurinational State of),AMRO,733,1107782,5,22232
5135,2022-10-02,BO,Bolivia (Plurinational State of),AMRO,480,1108262,5,22237
5136,2022-10-09,BO,Bolivia (Plurinational State of),AMRO,386,1108648,0,22237
5137,2022-10-16,BO,Bolivia (Plurinational State of),AMRO,300,1108948,0,22237
5138,2022-10-23,BO,Bolivia (Plurinational State of),AMRO,264,1109212,2,22239
5139,2022-10-30,BO,Bolivia (Plurinational State of),AMRO,205,1109417,0,22239
5140,2022-11-06,BO,Bolivia (Plurinational State of),AMRO,164,1109581,1,22240
5141,2022-11-13,BO,Bolivia (Plurinational State of),AMRO,182,1109763,3,22243
5142,2022-11-20,BO,Bolivia (Plurinational State of),AMRO,407,1110170,1,22244
5143,2022-11-27,BO,Bolivia (Plurinational State of),AMRO,438,1110608,1,22245
5144,2022-12-04,BO,Bolivia (Plurinational State of),AMRO,1038,1111646,3,22248
5145,2022-12-11,BO,Bolivia (Plurinational State of),AMRO,5786,1117432,5,22253
5146,2022-12-18,BO,Bolivia (Plurinational State of),AMRO,10152,1127584,9,22262
5147,2022-12-25,BO,Bolivia (Plurinational State of),AMRO,19157,1146741,18,22280
5148,2023-01-01,BO,Bolivia (Plurinational State of),AMRO,14277,1161018,19,22299
5149,2023-01-08,BO,Bolivia (Plurinational State of),AMRO,9349,1170367,19,22318
5150,2023-01-15,BO,Bolivia (Plurinational State of),AMRO,8133,1178500,11,22329
5151,2023-01-22,BO,Bolivia (Plurinational State of),AMRO,5205,1183705,13,22342
5152,2023-01-29,BO,Bolivia (Plurinational State of),AMRO,3387,1187092,3,22345
5153,2023-02-05,BO,Bolivia (Plurinational State of),AMRO,2365,1189457,7,22352
5154,2023-02-12,BO,Bolivia (Plurinational State of),AMRO,1461,1190918,2,22354
5155,2023-02-19,BO,Bolivia (Plurinational State of),AMRO,974,1191892,5,22359
5156,2023-02-26,BO,Bolivia (Plurinational State of),AMRO,804,1192696,5,22364
5157,2023-03-05,BO,Bolivia (Plurinational State of),AMRO,1119,1193815,1,22365
5158,2023-03-12,BO,Bolivia (Plurinational State of),AMRO,572,1194387,1,22366
5159,2023-03-19,BO,Bolivia (Plurinational State of),AMRO,677,1195064,2,22368
5160,2023-03-26,BO,Bolivia (Plurinational State of),AMRO,457,1195521,4,22372
5161,2023-04-02,BO,Bolivia (Plurinational State of),AMRO,359,1195880,2,22374
5162,2023-04-09,BO,Bolivia (Plurinational State of),AMRO,0,1195880,0,22374
5163,2023-04-16,BO,Bolivia (Plurinational State of),AMRO,536,1196416,1,22375
5164,2023-04-23,BO,Bolivia (Plurinational State of),AMRO,403,1196819,1,22376
5165,2023-04-30,BO,Bolivia (Plurinational State of),AMRO,420,1197239,1,22377
5166,2023-05-07,BO,Bolivia (Plurinational State of),AMRO,411,1197650,3,22380
5167,2023-05-14,BO,Bolivia (Plurinational State of),AMRO,333,1197983,2,22382
5168,2023-05-21,BO,Bolivia (Plurinational State of),AMRO,0,1197983,0,22382
5169,2023-05-28,BO,Bolivia (Plurinational State of),AMRO,436,1198419,1,22383
5170,2023-06-04,BO,Bolivia (Plurinational State of),AMRO,557,1198976,0,22383
5171,2023-06-11,BO,Bolivia (Plurinational State of),AMRO,691,1199667,0,22383
5172,2023-06-18,BO,Bolivia (Plurinational State of),AMRO,779,1200446,0,22383
5173,2023-06-25,BO,Bolivia (Plurinational State of),AMRO,1158,1201604,0,22383
5174,2023-07-02,BO,Bolivia (Plurinational State of),AMRO,1105,1202709,0,22383
5175,2023-07-09,BO,Bolivia (Plurinational State of),AMRO,1019,1203728,0,22383
5176,2023-07-16,BO,Bolivia (Plurinational State of),AMRO,903,1204631,0,22383
5177,2023-07-23,BO,Bolivia (Plurinational State of),AMRO,742,1205373,0,22383
5178,2023-07-30,BO,Bolivia (Plurinational State of),AMRO,551,1205924,0,22383
5179,2023-08-06,BO,Bolivia (Plurinational State of),AMRO,459,1206383,0,22383
5180,2023-08-13,BO,Bolivia (Plurinational State of),AMRO,364,1206747,0,22383
5181,2023-08-20,BO,Bolivia (Plurinational State of),AMRO,296,1207043,0,22383
5182,2023-08-27,BO,Bolivia (Plurinational State of),AMRO,284,1207327,0,22383
5183,2023-09-03,BO,Bolivia (Plurinational State of),AMRO,286,1207613,0,22383
5184,2023-09-10,BO,Bolivia (Plurinational State of),AMRO,266,1207879,0,22383
5185,2023-09-17,BO,Bolivia (Plurinational State of),AMRO,191,1208070,0,22383
5186,2023-09-24,BO,Bolivia (Plurinational State of),AMRO,161,1208231,0,22383
5187,2023-10-01,BO,Bolivia (Plurinational State of),AMRO,200,1208431,0,22383
5188,2023-10-08,BO,Bolivia (Plurinational State of),AMRO,163,1208594,0,22383
5189,2023-10-15,BO,Bolivia (Plurinational State of),AMRO,174,1208768,1,22384
5190,2023-10-22,BO,Bolivia (Plurinational State of),AMRO,175,1208943,0,22384
5191,2023-10-29,BO,Bolivia (Plurinational State of),AMRO,193,1209136,1,22385
5192,2023-11-05,BO,Bolivia (Plurinational State of),AMRO,179,1209315,0,22385
5193,2023-11-12,BO,Bolivia (Plurinational State of),AMRO,168,1209483,0,22385
5194,2023-11-19,BO,Bolivia (Plurinational State of),AMRO,150,1209633,0,22385
5195,2023-11-26,BO,Bolivia (Plurinational State of),AMRO,162,1209795,0,22385
5196,2023-12-03,BO,Bolivia (Plurinational State of),AMRO,163,1209958,0,22385
5197,2023-12-10,BO,Bolivia (Plurinational State of),AMRO,195,1210153,0,22385
5198,2023-12-17,BO,Bolivia (Plurinational State of),AMRO,280,1210433,0,22385
5199,2023-12-24,BO,Bolivia (Plurinational State of),AMRO,459,1210892,0,22385
5200,2020-01-05,BQ,"Bonaire, Saint Eustatius and Saba",AMRO,0,0,0,0
5201,2020-01-12,BQ,"Bonaire, Saint Eustatius and Saba",AMRO,0,0,0,0
5202,2020-01-19,BQ,"Bonaire, Saint Eustatius and Saba",AMRO,0,0,0,0
5203,2020-01-26,BQ,"Bonaire, Saint Eustatius and Saba",AMRO,0,0,0,0
5204,2020-02-02,BQ,"Bonaire, Saint Eustatius and Saba",AMRO,0,0,0,0
5205,2020-02-09,BQ,"Bonaire, Saint Eustatius and Saba",AMRO,0,0,0,0
5206,2020-02-16,BQ,"Bonaire, Saint Eustatius and Saba",AMRO,0,0,0,0
5207,2020-02-23,BQ,"Bonaire, Saint Eustatius and Saba",AMRO,0,0,0,0
5208,2020-03-01,BQ,"Bonaire, Saint Eustatius and Saba",AMRO,0,0,0,0
5209,2020-03-08,BQ,"Bonaire, Saint Eustatius and Saba",AMRO,0,0,0,0
5210,2020-03-15,BQ,"Bonaire, Saint Eustatius and Saba",AMRO,0,0,0,0
5211,2020-03-22,BQ,"Bonaire, Saint Eustatius and Saba",AMRO,0,0,0,0
5212,2020-03-29,BQ,"Bonaire, Saint Eustatius and Saba",AMRO,0,0,0,0
5213,2020-04-05,BQ,"Bonaire, Saint Eustatius and Saba",AMRO,2,2,0,0
5214,2020-04-12,BQ,"Bonaire, Saint Eustatius and Saba",AMRO,1,3,0,0
5215,2020-04-19,BQ,"Bonaire, Saint Eustatius and Saba",AMRO,2,5,0,0
5216,2020-04-26,BQ,"Bonaire, Saint Eustatius and Saba",AMRO,0,5,0,0
5217,2020-05-03,BQ,"Bonaire, Saint Eustatius and Saba",AMRO,1,6,0,0
5218,2020-05-10,BQ,"Bonaire, Saint Eustatius and Saba",AMRO,0,6,0,0
5219,2020-05-17,BQ,"Bonaire, Saint Eustatius and Saba",AMRO,0,6,0,0
5220,2020-05-24,BQ,"Bonaire, Saint Eustatius and Saba",AMRO,0,6,0,0
5221,2020-05-31,BQ,"Bonaire, Saint Eustatius and Saba",AMRO,1,7,0,0
5222,2020-06-07,BQ,"Bonaire, Saint Eustatius and Saba",AMRO,0,7,0,0
5223,2020-06-14,BQ,"Bonaire, Saint Eustatius and Saba",AMRO,0,7,0,0
5224,2020-06-21,BQ,"Bonaire, Saint Eustatius and Saba",AMRO,0,7,0,0
5225,2020-06-28,BQ,"Bonaire, Saint Eustatius and Saba",AMRO,0,7,0,0
5226,2020-07-05,BQ,"Bonaire, Saint Eustatius and Saba",AMRO,0,7,0,0
5227,2020-07-12,BQ,"Bonaire, Saint Eustatius and Saba",AMRO,0,7,0,0
5228,2020-07-19,BQ,"Bonaire, Saint Eustatius and Saba",AMRO,3,10,0,0
5229,2020-07-26,BQ,"Bonaire, Saint Eustatius and Saba",AMRO,1,11,0,0
5230,2020-08-02,BQ,"Bonaire, Saint Eustatius and Saba",AMRO,0,11,0,0
5231,2020-08-09,BQ,"Bonaire, Saint Eustatius and Saba",AMRO,2,13,0,0
5232,2020-08-16,BQ,"Bonaire, Saint Eustatius and Saba",AMRO,0,13,0,0
5233,2020-08-23,BQ,"Bonaire, Saint Eustatius and Saba",AMRO,0,13,0,0
5234,2020-08-30,BQ,"Bonaire, Saint Eustatius and Saba",AMRO,2,15,0,0
5235,2020-09-06,BQ,"Bonaire, Saint Eustatius and Saba",AMRO,3,18,0,0
5236,2020-09-13,BQ,"Bonaire, Saint Eustatius and Saba",AMRO,7,25,0,0
5237,2020-09-20,BQ,"Bonaire, Saint Eustatius and Saba",AMRO,11,36,1,1
5238,2020-09-27,BQ,"Bonaire, Saint Eustatius and Saba",AMRO,49,85,0,1
5239,2020-10-04,BQ,"Bonaire, Saint Eustatius and Saba",AMRO,36,121,0,1
5240,2020-10-11,BQ,"Bonaire, Saint Eustatius and Saba",AMRO,27,148,1,2
5241,2020-10-18,BQ,"Bonaire, Saint Eustatius and Saba",AMRO,2,150,0,2
5242,2020-10-25,BQ,"Bonaire, Saint Eustatius and Saba",AMRO,0,150,1,3
5243,2020-11-01,BQ,"Bonaire, Saint Eustatius and Saba",AMRO,3,153,0,3
5244,2020-11-08,BQ,"Bonaire, Saint Eustatius and Saba",AMRO,1,154,0,3
5245,2020-11-15,BQ,"Bonaire, Saint Eustatius and Saba",AMRO,1,155,0,3
5246,2020-11-22,BQ,"Bonaire, Saint Eustatius and Saba",AMRO,3,158,0,3
5247,2020-11-29,BQ,"Bonaire, Saint Eustatius and Saba",AMRO,3,161,0,3
5248,2020-12-06,BQ,"Bonaire, Saint Eustatius and Saba",AMRO,2,163,0,3
5249,2020-12-13,BQ,"Bonaire, Saint Eustatius and Saba",AMRO,10,173,0,3
5250,2020-12-20,BQ,"Bonaire, Saint Eustatius and Saba",AMRO,4,177,0,3
5251,2020-12-27,BQ,"Bonaire, Saint Eustatius and Saba",AMRO,5,182,0,3
5252,2021-01-03,BQ,"Bonaire, Saint Eustatius and Saba",AMRO,7,189,0,3
5253,2021-01-10,BQ,"Bonaire, Saint Eustatius and Saba",AMRO,89,278,0,3
5254,2021-01-17,BQ,"Bonaire, Saint Eustatius and Saba",AMRO,75,353,0,3
5255,2021-01-24,BQ,"Bonaire, Saint Eustatius and Saba",AMRO,23,376,0,3
5256,2021-01-31,BQ,"Bonaire, Saint Eustatius and Saba",AMRO,12,388,0,3
5257,2021-02-07,BQ,"Bonaire, Saint Eustatius and Saba",AMRO,4,392,0,3
5258,2021-02-14,BQ,"Bonaire, Saint Eustatius and Saba",AMRO,6,398,1,4
5259,2021-02-21,BQ,"Bonaire, Saint Eustatius and Saba",AMRO,15,413,0,4
5260,2021-02-28,BQ,"Bonaire, Saint Eustatius and Saba",AMRO,19,432,0,4
5261,2021-03-07,BQ,"Bonaire, Saint Eustatius and Saba",AMRO,49,481,1,5
5262,2021-03-14,BQ,"Bonaire, Saint Eustatius and Saba",AMRO,178,659,1,6
5263,2021-03-21,BQ,"Bonaire, Saint Eustatius and Saba",AMRO,286,945,0,6
5264,2021-03-28,BQ,"Bonaire, Saint Eustatius and Saba",AMRO,302,1247,4,10
5265,2021-04-04,BQ,"Bonaire, Saint Eustatius and Saba",AMRO,164,1411,1,11
5266,2021-04-11,BQ,"Bonaire, Saint Eustatius and Saba",AMRO,90,1501,3,14
5267,2021-04-18,BQ,"Bonaire, Saint Eustatius and Saba",AMRO,36,1537,0,14
5268,2021-04-25,BQ,"Bonaire, Saint Eustatius and Saba",AMRO,16,1553,1,15
5269,2021-05-02,BQ,"Bonaire, Saint Eustatius and Saba",AMRO,4,1557,1,16
5270,2021-05-09,BQ,"Bonaire, Saint Eustatius and Saba",AMRO,17,1574,0,16
5271,2021-05-16,BQ,"Bonaire, Saint Eustatius and Saba",AMRO,17,1591,1,17
5272,2021-05-23,BQ,"Bonaire, Saint Eustatius and Saba",AMRO,16,1607,0,17
5273,2021-05-30,BQ,"Bonaire, Saint Eustatius and Saba",AMRO,5,1612,0,17
5274,2021-06-06,BQ,"Bonaire, Saint Eustatius and Saba",AMRO,4,1616,0,17
5275,2021-06-13,BQ,"Bonaire, Saint Eustatius and Saba",AMRO,2,1618,0,17
5276,2021-06-20,BQ,"Bonaire, Saint Eustatius and Saba",AMRO,12,1630,0,17
5277,2021-06-27,BQ,"Bonaire, Saint Eustatius and Saba",AMRO,6,1636,0,17
5278,2021-07-04,BQ,"Bonaire, Saint Eustatius and Saba",AMRO,15,1651,0,17
5279,2021-07-11,BQ,"Bonaire, Saint Eustatius and Saba",AMRO,4,1655,0,17
5280,2021-07-18,BQ,"Bonaire, Saint Eustatius and Saba",AMRO,13,1668,0,17
5281,2021-07-25,BQ,"Bonaire, Saint Eustatius and Saba",AMRO,22,1690,0,17
5282,2021-08-01,BQ,"Bonaire, Saint Eustatius and Saba",AMRO,15,1705,0,17
5283,2021-08-08,BQ,"Bonaire, Saint Eustatius and Saba",AMRO,10,1715,0,17
5284,2021-08-15,BQ,"Bonaire, Saint Eustatius and Saba",AMRO,23,1738,0,17
5285,2021-08-22,BQ,"Bonaire, Saint Eustatius and Saba",AMRO,29,1767,0,17
5286,2021-08-29,BQ,"Bonaire, Saint Eustatius and Saba",AMRO,16,1783,0,17
5287,2021-09-05,BQ,"Bonaire, Saint Eustatius and Saba",AMRO,18,1801,0,17
5288,2021-09-12,BQ,"Bonaire, Saint Eustatius and Saba",AMRO,94,1895,0,17
5289,2021-09-19,BQ,"Bonaire, Saint Eustatius and Saba",AMRO,61,1956,0,17
5290,2021-09-26,BQ,"Bonaire, Saint Eustatius and Saba",AMRO,42,1998,1,18
5291,2021-10-03,BQ,"Bonaire, Saint Eustatius and Saba",AMRO,101,2099,2,20
5292,2021-10-10,BQ,"Bonaire, Saint Eustatius and Saba",AMRO,105,2204,0,20
5293,2021-10-17,BQ,"Bonaire, Saint Eustatius and Saba",AMRO,102,2306,-1,19
5294,2021-10-24,BQ,"Bonaire, Saint Eustatius and Saba",AMRO,67,2373,0,19
5295,2021-10-31,BQ,"Bonaire, Saint Eustatius and Saba",AMRO,38,2411,0,19
5296,2021-11-07,BQ,"Bonaire, Saint Eustatius and Saba",AMRO,64,2475,0,19
5297,2021-11-14,BQ,"Bonaire, Saint Eustatius and Saba",AMRO,109,2584,2,21
5298,2021-11-21,BQ,"Bonaire, Saint Eustatius and Saba",AMRO,86,2670,0,21
5299,2021-11-28,BQ,"Bonaire, Saint Eustatius and Saba",AMRO,156,2826,1,22
5300,2021-12-05,BQ,"Bonaire, Saint Eustatius and Saba",AMRO,172,2998,0,22
5301,2021-12-12,BQ,"Bonaire, Saint Eustatius and Saba",AMRO,112,3110,0,22
5302,2021-12-19,BQ,"Bonaire, Saint Eustatius and Saba",AMRO,67,3177,0,22
5303,2021-12-26,BQ,"Bonaire, Saint Eustatius and Saba",AMRO,62,3239,0,22
5304,2022-01-02,BQ,"Bonaire, Saint Eustatius and Saba",AMRO,186,3425,1,23
5305,2022-01-09,BQ,"Bonaire, Saint Eustatius and Saba",AMRO,687,4112,0,23
5306,2022-01-16,BQ,"Bonaire, Saint Eustatius and Saba",AMRO,1041,5153,2,25
5307,2022-01-23,BQ,"Bonaire, Saint Eustatius and Saba",AMRO,919,6072,2,27
5308,2022-01-30,BQ,"Bonaire, Saint Eustatius and Saba",AMRO,778,6850,0,27
5309,2022-02-06,BQ,"Bonaire, Saint Eustatius and Saba",AMRO,296,7146,2,29
5310,2022-02-13,BQ,"Bonaire, Saint Eustatius and Saba",AMRO,228,7374,2,31
5311,2022-02-20,BQ,"Bonaire, Saint Eustatius and Saba",AMRO,124,7498,0,31
5312,2022-02-27,BQ,"Bonaire, Saint Eustatius and Saba",AMRO,84,7582,0,31
5313,2022-03-06,BQ,"Bonaire, Saint Eustatius and Saba",AMRO,40,7622,0,31
5314,2022-03-13,BQ,"Bonaire, Saint Eustatius and Saba",AMRO,11,7633,0,31
5315,2022-03-20,BQ,"Bonaire, Saint Eustatius and Saba",AMRO,20,7653,0,31
5316,2022-03-27,BQ,"Bonaire, Saint Eustatius and Saba",AMRO,386,8039,0,31
5317,2022-04-03,BQ,"Bonaire, Saint Eustatius and Saba",AMRO,150,8189,0,31
5318,2022-04-10,BQ,"Bonaire, Saint Eustatius and Saba",AMRO,694,8883,2,33
5319,2022-04-17,BQ,"Bonaire, Saint Eustatius and Saba",AMRO,161,9044,0,33
5320,2022-04-24,BQ,"Bonaire, Saint Eustatius and Saba",AMRO,547,9591,1,34
5321,2022-05-01,BQ,"Bonaire, Saint Eustatius and Saba",AMRO,154,9745,0,34
5322,2022-05-08,BQ,"Bonaire, Saint Eustatius and Saba",AMRO,89,9834,0,34
5323,2022-05-15,BQ,"Bonaire, Saint Eustatius and Saba",AMRO,109,9943,1,35
5324,2022-05-22,BQ,"Bonaire, Saint Eustatius and Saba",AMRO,75,10018,0,35
5325,2022-05-29,BQ,"Bonaire, Saint Eustatius and Saba",AMRO,58,10076,0,35
5326,2022-06-05,BQ,"Bonaire, Saint Eustatius and Saba",AMRO,47,10123,0,35
5327,2022-06-12,BQ,"Bonaire, Saint Eustatius and Saba",AMRO,71,10194,1,36
5328,2022-06-19,BQ,"Bonaire, Saint Eustatius and Saba",AMRO,55,10249,0,36
5329,2022-06-26,BQ,"Bonaire, Saint Eustatius and Saba",AMRO,71,10320,1,37
5330,2022-07-03,BQ,"Bonaire, Saint Eustatius and Saba",AMRO,85,10405,0,37
5331,2022-07-10,BQ,"Bonaire, Saint Eustatius and Saba",AMRO,27,10432,0,37
5332,2022-07-17,BQ,"Bonaire, Saint Eustatius and Saba",AMRO,123,10555,0,37
5333,2022-07-24,BQ,"Bonaire, Saint Eustatius and Saba",AMRO,183,10738,0,37
5334,2022-07-31,BQ,"Bonaire, Saint Eustatius and Saba",AMRO,96,10834,0,37
5335,2022-08-07,BQ,"Bonaire, Saint Eustatius and Saba",AMRO,63,10897,0,37
5336,2022-08-14,BQ,"Bonaire, Saint Eustatius and Saba",AMRO,102,10999,0,37
5337,2022-08-21,BQ,"Bonaire, Saint Eustatius and Saba",AMRO,92,11091,0,37
5338,2022-08-28,BQ,"Bonaire, Saint Eustatius and Saba",AMRO,82,11173,1,38
5339,2022-09-04,BQ,"Bonaire, Saint Eustatius and Saba",AMRO,57,11230,0,38
5340,2022-09-11,BQ,"Bonaire, Saint Eustatius and Saba",AMRO,49,11279,0,38
5341,2022-09-18,BQ,"Bonaire, Saint Eustatius and Saba",AMRO,27,11306,0,38
5342,2022-09-25,BQ,"Bonaire, Saint Eustatius and Saba",AMRO,17,11323,0,38
5343,2022-10-02,BQ,"Bonaire, Saint Eustatius and Saba",AMRO,22,11345,0,38
5344,2022-10-09,BQ,"Bonaire, Saint Eustatius and Saba",AMRO,21,11366,0,38
5345,2022-10-16,BQ,"Bonaire, Saint Eustatius and Saba",AMRO,29,11395,0,38
5346,2022-10-23,BQ,"Bonaire, Saint Eustatius and Saba",AMRO,32,11427,0,38
5347,2022-10-30,BQ,"Bonaire, Saint Eustatius and Saba",AMRO,23,11450,0,38
5348,2022-11-06,BQ,"Bonaire, Saint Eustatius and Saba",AMRO,17,11467,0,38
5349,2022-11-13,BQ,"Bonaire, Saint Eustatius and Saba",AMRO,23,11490,0,38
5350,2022-11-20,BQ,"Bonaire, Saint Eustatius and Saba",AMRO,26,11516,0,38
5351,2022-11-27,BQ,"Bonaire, Saint Eustatius and Saba",AMRO,28,11544,0,38
5352,2022-12-04,BQ,"Bonaire, Saint Eustatius and Saba",AMRO,11,11555,0,38
5353,2022-12-11,BQ,"Bonaire, Saint Eustatius and Saba",AMRO,41,11596,0,38
5354,2022-12-18,BQ,"Bonaire, Saint Eustatius and Saba",AMRO,65,11661,0,38
5355,2022-12-25,BQ,"Bonaire, Saint Eustatius and Saba",AMRO,55,11716,1,39
5356,2023-01-01,BQ,"Bonaire, Saint Eustatius and Saba",AMRO,0,11716,1,40
5357,2023-01-08,BQ,"Bonaire, Saint Eustatius and Saba",AMRO,48,11764,1,41
5358,2023-01-15,BQ,"Bonaire, Saint Eustatius and Saba",AMRO,12,11776,0,41
5359,2023-01-22,BQ,"Bonaire, Saint Eustatius and Saba",AMRO,3,11779,0,41
5360,2023-01-29,BQ,"Bonaire, Saint Eustatius and Saba",AMRO,4,11783,0,41
5361,2023-02-05,BQ,"Bonaire, Saint Eustatius and Saba",AMRO,11,11794,0,41
5362,2023-02-12,BQ,"Bonaire, Saint Eustatius and Saba",AMRO,3,11797,0,41
5363,2023-02-19,BQ,"Bonaire, Saint Eustatius and Saba",AMRO,2,11799,0,41
5364,2023-02-26,BQ,"Bonaire, Saint Eustatius and Saba",AMRO,5,11804,0,41
5365,2023-03-05,BQ,"Bonaire, Saint Eustatius and Saba",AMRO,7,11811,0,41
5366,2023-03-12,BQ,"Bonaire, Saint Eustatius and Saba",AMRO,0,11811,0,41
5367,2023-03-19,BQ,"Bonaire, Saint Eustatius and Saba",AMRO,1,11812,0,41
5368,2023-03-26,BQ,"Bonaire, Saint Eustatius and Saba",AMRO,35,11847,0,41
5369,2023-04-02,BQ,"Bonaire, Saint Eustatius and Saba",AMRO,38,11885,0,41
5370,2023-04-09,BQ,"Bonaire, Saint Eustatius and Saba",AMRO,0,11885,0,41
5371,2023-04-16,BQ,"Bonaire, Saint Eustatius and Saba",AMRO,0,11885,0,41
5372,2023-04-23,BQ,"Bonaire, Saint Eustatius and Saba",AMRO,0,11885,0,41
5373,2023-04-30,BQ,"Bonaire, Saint Eustatius and Saba",AMRO,0,11885,0,41
5374,2023-05-07,BQ,"Bonaire, Saint Eustatius and Saba",AMRO,24,11909,0,41
5375,2023-05-14,BQ,"Bonaire, Saint Eustatius and Saba",AMRO,0,11909,0,41
5376,2023-05-21,BQ,"Bonaire, Saint Eustatius and Saba",AMRO,0,11909,0,41
5377,2023-05-28,BQ,"Bonaire, Saint Eustatius and Saba",AMRO,0,11909,0,41
5378,2023-06-04,BQ,"Bonaire, Saint Eustatius and Saba",AMRO,12,11921,0,41
5379,2023-06-11,BQ,"Bonaire, Saint Eustatius and Saba",AMRO,0,11921,0,41
5380,2023-06-18,BQ,"Bonaire, Saint Eustatius and Saba",AMRO,0,11921,0,41
5381,2023-06-25,BQ,"Bonaire, Saint Eustatius and Saba",AMRO,0,11921,0,41
5382,2023-07-02,BQ,"Bonaire, Saint Eustatius and Saba",AMRO,0,11921,0,41
5383,2023-07-09,BQ,"Bonaire, Saint Eustatius and Saba",AMRO,1,11922,0,41
5384,2023-07-16,BQ,"Bonaire, Saint Eustatius and Saba",AMRO,0,11922,0,41
5385,2023-07-23,BQ,"Bonaire, Saint Eustatius and Saba",AMRO,0,11922,0,41
5386,2023-07-30,BQ,"Bonaire, Saint Eustatius and Saba",AMRO,0,11922,0,41
5387,2023-08-06,BQ,"Bonaire, Saint Eustatius and Saba",AMRO,0,11922,0,41
5388,2023-08-13,BQ,"Bonaire, Saint Eustatius and Saba",AMRO,0,11922,0,41
5389,2023-08-20,BQ,"Bonaire, Saint Eustatius and Saba",AMRO,0,11922,0,41
5390,2023-08-27,BQ,"Bonaire, Saint Eustatius and Saba",AMRO,0,11922,0,41
5391,2023-09-03,BQ,"Bonaire, Saint Eustatius and Saba",AMRO,0,11922,0,41
5392,2023-09-10,BQ,"Bonaire, Saint Eustatius and Saba",AMRO,0,11922,0,41
5393,2023-09-17,BQ,"Bonaire, Saint Eustatius and Saba",AMRO,0,11922,0,41
5394,2023-09-24,BQ,"Bonaire, Saint Eustatius and Saba",AMRO,0,11922,0,41
5395,2023-10-01,BQ,"Bonaire, Saint Eustatius and Saba",AMRO,0,11922,0,41
5396,2023-10-08,BQ,"Bonaire, Saint Eustatius and Saba",AMRO,0,11922,0,41
5397,2023-10-15,BQ,"Bonaire, Saint Eustatius and Saba",AMRO,0,11922,0,41
5398,2023-10-22,BQ,"Bonaire, Saint Eustatius and Saba",AMRO,0,11922,0,41
5399,2023-10-29,BQ,"Bonaire, Saint Eustatius and Saba",AMRO,0,11922,0,41
5400,2023-11-05,BQ,"Bonaire, Saint Eustatius and Saba",AMRO,0,11922,0,41
5401,2023-11-12,BQ,"Bonaire, Saint Eustatius and Saba",AMRO,0,11922,0,41
5402,2023-11-19,BQ,"Bonaire, Saint Eustatius and Saba",AMRO,0,11922,0,41
5403,2023-11-26,BQ,"Bonaire, Saint Eustatius and Saba",AMRO,0,11922,0,41
5404,2023-12-03,BQ,"Bonaire, Saint Eustatius and Saba",AMRO,0,11922,0,41
5405,2023-12-10,BQ,"Bonaire, Saint Eustatius and Saba",AMRO,0,11922,0,41
5406,2023-12-17,BQ,"Bonaire, Saint Eustatius and Saba",AMRO,0,11922,0,41
5407,2023-12-24,BQ,"Bonaire, Saint Eustatius and Saba",AMRO,0,11922,0,41
5408,2020-01-05,BA,Bosnia and Herzegovina,EURO,0,0,0,0
5409,2020-01-12,BA,Bosnia and Herzegovina,EURO,0,0,0,0
5410,2020-01-19,BA,Bosnia and Herzegovina,EURO,0,0,0,0
5411,2020-01-26,BA,Bosnia and Herzegovina,EURO,0,0,0,0
5412,2020-02-02,BA,Bosnia and Herzegovina,EURO,0,0,0,0
5413,2020-02-09,BA,Bosnia and Herzegovina,EURO,0,0,0,0
5414,2020-02-16,BA,Bosnia and Herzegovina,EURO,0,0,0,0
5415,2020-02-23,BA,Bosnia and Herzegovina,EURO,0,0,0,0
5416,2020-03-01,BA,Bosnia and Herzegovina,EURO,0,0,0,0
5417,2020-03-08,BA,Bosnia and Herzegovina,EURO,2,2,0,0
5418,2020-03-15,BA,Bosnia and Herzegovina,EURO,11,13,0,0
5419,2020-03-22,BA,Bosnia and Herzegovina,EURO,112,125,1,1
5420,2020-03-29,BA,Bosnia and Herzegovina,EURO,193,318,5,6
5421,2020-04-05,BA,Bosnia and Herzegovina,EURO,301,619,15,21
5422,2020-04-12,BA,Bosnia and Herzegovina,EURO,316,935,16,37
5423,2020-04-19,BA,Bosnia and Herzegovina,EURO,333,1268,10,47
5424,2020-04-26,BA,Bosnia and Herzegovina,EURO,218,1486,10,57
5425,2020-05-03,BA,Bosnia and Herzegovina,EURO,353,1839,15,72
5426,2020-05-10,BA,Bosnia and Herzegovina,EURO,251,2090,30,102
5427,2020-05-17,BA,Bosnia and Herzegovina,EURO,177,2267,27,129
5428,2020-05-24,BA,Bosnia and Herzegovina,EURO,124,2391,12,141
5429,2020-05-31,BA,Bosnia and Herzegovina,EURO,103,2494,12,153
5430,2020-06-07,BA,Bosnia and Herzegovina,EURO,152,2646,6,159
5431,2020-06-14,BA,Bosnia and Herzegovina,EURO,247,2893,4,163
5432,2020-06-21,BA,Bosnia and Herzegovina,EURO,454,3347,7,170
5433,2020-06-28,BA,Bosnia and Herzegovina,EURO,751,4098,10,180
5434,2020-07-05,BA,Bosnia and Herzegovina,EURO,1152,5250,13,193
5435,2020-07-12,BA,Bosnia and Herzegovina,EURO,1470,6720,26,219
5436,2020-07-19,BA,Bosnia and Herzegovina,EURO,1444,8164,29,248
5437,2020-07-26,BA,Bosnia and Herzegovina,EURO,1888,10052,37,285
5438,2020-08-02,BA,Bosnia and Herzegovina,EURO,1824,11876,54,339
5439,2020-08-09,BA,Bosnia and Herzegovina,EURO,2213,14089,63,402
5440,2020-08-16,BA,Bosnia and Herzegovina,EURO,1701,15790,69,471
5441,2020-08-23,BA,Bosnia and Herzegovina,EURO,1924,17714,60,531
5442,2020-08-30,BA,Bosnia and Herzegovina,EURO,1836,19550,63,594
5443,2020-09-06,BA,Bosnia and Herzegovina,EURO,1889,21439,57,651
5444,2020-09-13,BA,Bosnia and Herzegovina,EURO,1700,23139,39,690
5445,2020-09-20,BA,Bosnia and Herzegovina,EURO,2078,25217,68,758
5446,2020-09-27,BA,Bosnia and Herzegovina,EURO,1582,26799,57,815
5447,2020-10-04,BA,Bosnia and Herzegovina,EURO,1438,28237,62,877
5448,2020-10-11,BA,Bosnia and Herzegovina,EURO,2108,30345,50,927
5449,2020-10-18,BA,Bosnia and Herzegovina,EURO,3212,33557,55,982
5450,2020-10-25,BA,Bosnia and Herzegovina,EURO,6201,39758,89,1071
5451,2020-11-01,BA,Bosnia and Herzegovina,EURO,10332,50090,163,1234
5452,2020-11-08,BA,Bosnia and Herzegovina,EURO,11122,61212,256,1490
5453,2020-11-15,BA,Bosnia and Herzegovina,EURO,9688,70900,367,1857
5454,2020-11-22,BA,Bosnia and Herzegovina,EURO,8409,79309,392,2249
5455,2020-11-29,BA,Bosnia and Herzegovina,EURO,7401,86710,327,2576
5456,2020-12-06,BA,Bosnia and Herzegovina,EURO,7058,93768,346,2922
5457,2020-12-13,BA,Bosnia and Herzegovina,EURO,6538,100306,376,3298
5458,2020-12-20,BA,Bosnia and Herzegovina,EURO,5218,105524,327,3625
5459,2020-12-27,BA,Bosnia and Herzegovina,EURO,3806,109330,298,3923
5460,2021-01-03,BA,Bosnia and Herzegovina,EURO,3015,112345,177,4100
5461,2021-01-10,BA,Bosnia and Herzegovina,EURO,3034,115379,205,4305
5462,2021-01-17,BA,Bosnia and Herzegovina,EURO,2414,117793,144,4449
5463,2021-01-24,BA,Bosnia and Herzegovina,EURO,2047,119840,120,4569
5464,2021-01-31,BA,Bosnia and Herzegovina,EURO,2051,121891,127,4696
5465,2021-02-07,BA,Bosnia and Herzegovina,EURO,1813,123704,95,4791
5466,2021-02-14,BA,Bosnia and Herzegovina,EURO,1938,125642,101,4892
5467,2021-02-21,BA,Bosnia and Herzegovina,EURO,2407,128049,103,4995
5468,2021-02-28,BA,Bosnia and Herzegovina,EURO,3641,131690,93,5088
5469,2021-03-07,BA,Bosnia and Herzegovina,EURO,4808,136498,159,5247
5470,2021-03-14,BA,Bosnia and Herzegovina,EURO,6720,143218,241,5488
5471,2021-03-21,BA,Bosnia and Herzegovina,EURO,9536,152754,329,5817
5472,2021-03-28,BA,Bosnia and Herzegovina,EURO,11121,163875,461,6278
5473,2021-04-04,BA,Bosnia and Herzegovina,EURO,10971,174846,507,6785
5474,2021-04-11,BA,Bosnia and Herzegovina,EURO,8279,183125,555,7340
5475,2021-04-18,BA,Bosnia and Herzegovina,EURO,7171,190296,479,7819
5476,2021-04-25,BA,Bosnia and Herzegovina,EURO,5175,195471,405,8224
5477,2021-05-02,BA,Bosnia and Herzegovina,EURO,3361,198832,337,8561
5478,2021-05-09,BA,Bosnia and Herzegovina,EURO,2157,200989,232,8793
5479,2021-05-16,BA,Bosnia and Herzegovina,EURO,1324,202313,196,8989
5480,2021-05-23,BA,Bosnia and Herzegovina,EURO,940,203253,110,9099
5481,2021-05-30,BA,Bosnia and Herzegovina,EURO,685,203938,105,9204
5482,2021-06-06,BA,Bosnia and Herzegovina,EURO,422,204360,173,9377
5483,2021-06-13,BA,Bosnia and Herzegovina,EURO,283,204643,93,9470
5484,2021-06-20,BA,Bosnia and Herzegovina,EURO,199,204842,146,9616
5485,2021-06-27,BA,Bosnia and Herzegovina,EURO,125,204967,22,9638
5486,2021-07-04,BA,Bosnia and Herzegovina,EURO,91,205058,11,9649
5487,2021-07-11,BA,Bosnia and Herzegovina,EURO,110,205168,7,9656
5488,2021-07-18,BA,Bosnia and Herzegovina,EURO,133,205301,12,9668
5489,2021-07-25,BA,Bosnia and Herzegovina,EURO,158,205459,7,9675
5490,2021-08-01,BA,Bosnia and Herzegovina,EURO,263,205722,14,9689
5491,2021-08-08,BA,Bosnia and Herzegovina,EURO,494,206216,2,9691
5492,2021-08-15,BA,Bosnia and Herzegovina,EURO,1120,207336,17,9708
5493,2021-08-22,BA,Bosnia and Herzegovina,EURO,2197,209533,16,9724
5494,2021-08-29,BA,Bosnia and Herzegovina,EURO,3351,212884,61,9785
5495,2021-09-05,BA,Bosnia and Herzegovina,EURO,3931,216815,88,9873
5496,2021-09-12,BA,Bosnia and Herzegovina,EURO,4729,221544,143,10016
5497,2021-09-19,BA,Bosnia and Herzegovina,EURO,5280,226824,203,10219
5498,2021-09-26,BA,Bosnia and Herzegovina,EURO,4781,231605,224,10443
5499,2021-10-03,BA,Bosnia and Herzegovina,EURO,4813,236418,212,10655
5500,2021-10-10,BA,Bosnia and Herzegovina,EURO,4394,240812,232,10887
5501,2021-10-17,BA,Bosnia and Herzegovina,EURO,3777,244589,251,11138
5502,2021-10-24,BA,Bosnia and Herzegovina,EURO,4101,248690,208,11346
5503,2021-10-31,BA,Bosnia and Herzegovina,EURO,5067,253757,182,11528
5504,2021-11-07,BA,Bosnia and Herzegovina,EURO,5476,259233,239,11767
5505,2021-11-14,BA,Bosnia and Herzegovina,EURO,5329,264562,218,11985
5506,2021-11-21,BA,Bosnia and Herzegovina,EURO,4669,269231,253,12238
5507,2021-11-28,BA,Bosnia and Herzegovina,EURO,4386,273617,241,12479
5508,2021-12-05,BA,Bosnia and Herzegovina,EURO,4464,278081,235,12714
5509,2021-12-12,BA,Bosnia and Herzegovina,EURO,3438,281519,219,12933
5510,2021-12-19,BA,Bosnia and Herzegovina,EURO,3249,284768,202,13135
5511,2021-12-26,BA,Bosnia and Herzegovina,EURO,2948,287716,148,13283
5512,2022-01-02,BA,Bosnia and Herzegovina,EURO,4421,292137,177,13460
5513,2022-01-09,BA,Bosnia and Herzegovina,EURO,8337,300474,145,13605
5514,2022-01-16,BA,Bosnia and Herzegovina,EURO,14469,314943,152,13757
5515,2022-01-23,BA,Bosnia and Herzegovina,EURO,17250,332193,248,14005
5516,2022-01-30,BA,Bosnia and Herzegovina,EURO,13819,346012,340,14345
5517,2022-02-06,BA,Bosnia and Herzegovina,EURO,9907,355919,352,14697
5518,2022-02-13,BA,Bosnia and Herzegovina,EURO,7897,363816,316,15013
5519,2022-02-20,BA,Bosnia and Herzegovina,EURO,4488,368304,256,15269
5520,2022-02-27,BA,Bosnia and Herzegovina,EURO,2660,370964,151,15420
5521,2022-03-06,BA,Bosnia and Herzegovina,EURO,1364,372328,138,15558
5522,2022-03-13,BA,Bosnia and Herzegovina,EURO,947,373275,60,15618
5523,2022-03-20,BA,Bosnia and Herzegovina,EURO,892,374167,49,15667
5524,2022-03-27,BA,Bosnia and Herzegovina,EURO,706,374873,36,15703
5525,2022-04-03,BA,Bosnia and Herzegovina,EURO,792,375665,15,15718
5526,2022-04-10,BA,Bosnia and Herzegovina,EURO,446,376111,14,15732
5527,2022-04-17,BA,Bosnia and Herzegovina,EURO,372,376483,19,15751
5528,2022-04-24,BA,Bosnia and Herzegovina,EURO,308,376791,9,15760
5529,2022-05-01,BA,Bosnia and Herzegovina,EURO,320,377111,5,15765
5530,2022-05-08,BA,Bosnia and Herzegovina,EURO,212,377323,3,15768
5531,2022-05-15,BA,Bosnia and Herzegovina,EURO,234,377557,11,15779
5532,2022-05-22,BA,Bosnia and Herzegovina,EURO,172,377729,4,15783
5533,2022-05-29,BA,Bosnia and Herzegovina,EURO,137,377866,4,15787
5534,2022-06-05,BA,Bosnia and Herzegovina,EURO,113,377979,1,15788
5535,2022-06-12,BA,Bosnia and Herzegovina,EURO,110,378089,5,15793
5536,2022-06-19,BA,Bosnia and Herzegovina,EURO,138,378227,3,15796
5537,2022-06-26,BA,Bosnia and Herzegovina,EURO,230,378457,3,15799
5538,2022-07-03,BA,Bosnia and Herzegovina,EURO,388,378845,7,15806
5539,2022-07-10,BA,Bosnia and Herzegovina,EURO,829,379674,3,15809
5540,2022-07-17,BA,Bosnia and Herzegovina,EURO,1258,380932,8,15817
5541,2022-07-24,BA,Bosnia and Herzegovina,EURO,2248,383180,11,15828
5542,2022-07-31,BA,Bosnia and Herzegovina,EURO,2562,385742,36,15864
5543,2022-08-07,BA,Bosnia and Herzegovina,EURO,2416,388158,44,15908
5544,2022-08-14,BA,Bosnia and Herzegovina,EURO,2847,391005,35,15943
5545,2022-08-21,BA,Bosnia and Herzegovina,EURO,2478,393483,40,15983
5546,2022-08-28,BA,Bosnia and Herzegovina,EURO,1833,395316,45,16028
5547,2022-09-04,BA,Bosnia and Herzegovina,EURO,1086,396402,34,16062
5548,2022-09-11,BA,Bosnia and Herzegovina,EURO,813,397215,28,16090
5549,2022-09-18,BA,Bosnia and Herzegovina,EURO,690,397905,18,16108
5550,2022-09-25,BA,Bosnia and Herzegovina,EURO,456,398361,15,16123
5551,2022-10-02,BA,Bosnia and Herzegovina,EURO,435,398796,15,16138
5552,2022-10-09,BA,Bosnia and Herzegovina,EURO,345,399141,14,16152
5553,2022-10-16,BA,Bosnia and Herzegovina,EURO,305,399446,4,16156
5554,2022-10-23,BA,Bosnia and Herzegovina,EURO,229,399675,9,16165
5555,2022-10-30,BA,Bosnia and Herzegovina,EURO,239,399914,4,16169
5556,2022-11-06,BA,Bosnia and Herzegovina,EURO,155,400069,11,16180
5557,2022-11-13,BA,Bosnia and Herzegovina,EURO,138,400207,5,16185
5558,2022-11-20,BA,Bosnia and Herzegovina,EURO,140,400347,5,16190
5559,2022-11-27,BA,Bosnia and Herzegovina,EURO,131,400478,10,16200
5560,2022-12-04,BA,Bosnia and Herzegovina,EURO,102,400580,3,16203
5561,2022-12-11,BA,Bosnia and Herzegovina,EURO,94,400674,9,16212
5562,2022-12-18,BA,Bosnia and Herzegovina,EURO,137,400811,7,16219
5563,2022-12-25,BA,Bosnia and Herzegovina,EURO,149,400960,3,16222
5564,2023-01-01,BA,Bosnia and Herzegovina,EURO,151,401111,12,16234
5565,2023-01-08,BA,Bosnia and Herzegovina,EURO,149,401260,7,16241
5566,2023-01-15,BA,Bosnia and Herzegovina,EURO,168,401428,13,16254
5567,2023-01-22,BA,Bosnia and Herzegovina,EURO,115,401543,6,16260
5568,2023-01-29,BA,Bosnia and Herzegovina,EURO,92,401635,8,16268
5569,2023-02-05,BA,Bosnia and Herzegovina,EURO,68,401703,6,16274
5570,2023-02-12,BA,Bosnia and Herzegovina,EURO,70,401773,4,16278
5571,2023-02-19,BA,Bosnia and Herzegovina,EURO,87,401860,12,16290
5572,2023-02-26,BA,Bosnia and Herzegovina,EURO,88,401948,4,16294
5573,2023-03-05,BA,Bosnia and Herzegovina,EURO,114,402062,1,16295
5574,2023-03-12,BA,Bosnia and Herzegovina,EURO,162,402224,3,16298
5575,2023-03-19,BA,Bosnia and Herzegovina,EURO,113,402337,11,16309
5576,2023-03-26,BA,Bosnia and Herzegovina,EURO,122,402459,10,16319
5577,2023-04-02,BA,Bosnia and Herzegovina,EURO,99,402558,6,16325
5578,2023-04-09,BA,Bosnia and Herzegovina,EURO,96,402654,4,16329
5579,2023-04-16,BA,Bosnia and Herzegovina,EURO,72,402726,3,16332
5580,2023-04-23,BA,Bosnia and Herzegovina,EURO,88,402814,4,16336
5581,2023-04-30,BA,Bosnia and Herzegovina,EURO,73,402887,1,16337
5582,2023-05-07,BA,Bosnia and Herzegovina,EURO,34,402921,2,16339
5583,2023-05-14,BA,Bosnia and Herzegovina,EURO,6,402927,1,16340
5584,2023-05-21,BA,Bosnia and Herzegovina,EURO,31,402958,6,16346
5585,2023-05-28,BA,Bosnia and Herzegovina,EURO,22,402980,0,16346
5586,2023-06-04,BA,Bosnia and Herzegovina,EURO,18,402998,1,16347
5587,2023-06-11,BA,Bosnia and Herzegovina,EURO,32,403030,1,16348
5588,2023-06-18,BA,Bosnia and Herzegovina,EURO,11,403041,2,16350
5589,2023-06-25,BA,Bosnia and Herzegovina,EURO,2,403043,0,16350
5590,2023-07-02,BA,Bosnia and Herzegovina,EURO,4,403047,0,16350
5591,2023-07-09,BA,Bosnia and Herzegovina,EURO,2,403049,2,16352
5592,2023-07-16,BA,Bosnia and Herzegovina,EURO,3,403052,0,16352
5593,2023-07-23,BA,Bosnia and Herzegovina,EURO,0,403052,0,16352
5594,2023-07-30,BA,Bosnia and Herzegovina,EURO,1,403053,0,16352
5595,2023-08-06,BA,Bosnia and Herzegovina,EURO,4,403057,0,16352
5596,2023-08-13,BA,Bosnia and Herzegovina,EURO,4,403061,0,16352
5597,2023-08-20,BA,Bosnia and Herzegovina,EURO,0,403061,0,16352
5598,2023-08-27,BA,Bosnia and Herzegovina,EURO,3,403064,0,16352
5599,2023-09-03,BA,Bosnia and Herzegovina,EURO,6,403070,0,16352
5600,2023-09-10,BA,Bosnia and Herzegovina,EURO,21,403091,0,16352
5601,2023-09-17,BA,Bosnia and Herzegovina,EURO,26,403117,0,16352
5602,2023-09-24,BA,Bosnia and Herzegovina,EURO,19,403136,0,16352
5603,2023-10-01,BA,Bosnia and Herzegovina,EURO,19,403155,2,16354
5604,2023-10-08,BA,Bosnia and Herzegovina,EURO,28,403183,1,16355
5605,2023-10-15,BA,Bosnia and Herzegovina,EURO,54,403237,6,16361
5606,2023-10-22,BA,Bosnia and Herzegovina,EURO,29,403266,1,16362
5607,2023-10-29,BA,Bosnia and Herzegovina,EURO,0,403266,0,16362
5608,2023-11-05,BA,Bosnia and Herzegovina,EURO,27,403293,2,16364
5609,2023-11-12,BA,Bosnia and Herzegovina,EURO,17,403310,2,16366
5610,2023-11-19,BA,Bosnia and Herzegovina,EURO,27,403337,0,16366
5611,2023-11-26,BA,Bosnia and Herzegovina,EURO,18,403355,3,16369
5612,2023-12-03,BA,Bosnia and Herzegovina,EURO,0,403355,0,16369
5613,2023-12-10,BA,Bosnia and Herzegovina,EURO,9,403364,0,16369
5614,2023-12-17,BA,Bosnia and Herzegovina,EURO,79,403443,5,16374
5615,2023-12-24,BA,Bosnia and Herzegovina,EURO,34,403477,3,16377
5616,2020-01-05,BW,Botswana,AFRO,0,0,0,0
5617,2020-01-12,BW,Botswana,AFRO,0,0,0,0
5618,2020-01-19,BW,Botswana,AFRO,0,0,0,0
5619,2020-01-26,BW,Botswana,AFRO,0,0,0,0
5620,2020-02-02,BW,Botswana,AFRO,0,0,0,0
5621,2020-02-09,BW,Botswana,AFRO,0,0,0,0
5622,2020-02-16,BW,Botswana,AFRO,0,0,0,0
5623,2020-02-23,BW,Botswana,AFRO,0,0,0,0
5624,2020-03-01,BW,Botswana,AFRO,0,0,0,0
5625,2020-03-08,BW,Botswana,AFRO,0,0,0,0
5626,2020-03-15,BW,Botswana,AFRO,0,0,0,0
5627,2020-03-22,BW,Botswana,AFRO,0,0,0,0
5628,2020-03-29,BW,Botswana,AFRO,0,0,1,1
5629,2020-04-05,BW,Botswana,AFRO,4,4,0,1
5630,2020-04-12,BW,Botswana,AFRO,9,13,0,1
5631,2020-04-19,BW,Botswana,AFRO,2,15,0,1
5632,2020-04-26,BW,Botswana,AFRO,7,22,0,1
5633,2020-05-03,BW,Botswana,AFRO,1,23,0,1
5634,2020-05-10,BW,Botswana,AFRO,0,23,0,1
5635,2020-05-17,BW,Botswana,AFRO,2,25,0,1
5636,2020-05-24,BW,Botswana,AFRO,7,32,0,1
5637,2020-05-31,BW,Botswana,AFRO,3,35,0,1
5638,2020-06-07,BW,Botswana,AFRO,5,40,0,1
5639,2020-06-14,BW,Botswana,AFRO,37,77,0,1
5640,2020-06-21,BW,Botswana,AFRO,12,89,0,1
5641,2020-06-28,BW,Botswana,AFRO,36,125,0,1
5642,2020-07-05,BW,Botswana,AFRO,150,275,0,1
5643,2020-07-12,BW,Botswana,AFRO,39,314,0,1
5644,2020-07-19,BW,Botswana,AFRO,208,522,0,1
5645,2020-07-26,BW,Botswana,AFRO,164,686,0,1
5646,2020-08-02,BW,Botswana,AFRO,208,894,1,2
5647,2020-08-09,BW,Botswana,AFRO,172,1066,0,2
5648,2020-08-16,BW,Botswana,AFRO,148,1214,1,3
5649,2020-08-23,BW,Botswana,AFRO,94,1308,0,3
5650,2020-08-30,BW,Botswana,AFRO,325,1633,3,6
5651,2020-09-06,BW,Botswana,AFRO,369,2002,2,8
5652,2020-09-13,BW,Botswana,AFRO,461,2463,3,11
5653,2020-09-20,BW,Botswana,AFRO,104,2567,2,13
5654,2020-09-27,BW,Botswana,AFRO,354,2921,0,13
5655,2020-10-04,BW,Botswana,AFRO,251,3172,3,16
5656,2020-10-11,BW,Botswana,AFRO,47,3219,2,18
5657,2020-10-18,BW,Botswana,AFRO,2023,5242,3,21
5658,2020-10-25,BW,Botswana,AFRO,681,5923,4,25
5659,2020-11-01,BW,Botswana,AFRO,719,6642,0,25
5660,2020-11-08,BW,Botswana,AFRO,1193,7835,3,28
5661,2020-11-15,BW,Botswana,AFRO,390,8225,0,28
5662,2020-11-22,BW,Botswana,AFRO,1369,9594,4,32
5663,2020-11-29,BW,Botswana,AFRO,819,10413,1,33
5664,2020-12-06,BW,Botswana,AFRO,1132,11545,3,36
5665,2020-12-13,BW,Botswana,AFRO,956,12501,2,38
5666,2020-12-20,BW,Botswana,AFRO,712,13213,0,38
5667,2020-12-27,BW,Botswana,AFRO,677,13890,1,39
5668,2021-01-03,BW,Botswana,AFRO,1332,15222,5,44
5669,2021-01-10,BW,Botswana,AFRO,829,16051,4,48
5670,2021-01-17,BW,Botswana,AFRO,1899,17950,23,71
5671,2021-01-24,BW,Botswana,AFRO,2046,19996,43,114
5672,2021-01-31,BW,Botswana,AFRO,1627,21623,25,139
5673,2021-02-07,BW,Botswana,AFRO,2198,23821,30,169
5674,2021-02-14,BW,Botswana,AFRO,1381,25202,46,215
5675,2021-02-21,BW,Botswana,AFRO,181,25383,55,270
5676,2021-02-28,BW,Botswana,AFRO,5344,30727,57,327
5677,2021-03-07,BW,Botswana,AFRO,2185,32912,86,413
5678,2021-03-14,BW,Botswana,AFRO,2087,34999,34,447
5679,2021-03-21,BW,Botswana,AFRO,2560,37559,38,485
5680,2021-03-28,BW,Botswana,AFRO,2282,39841,83,568
5681,2021-04-04,BW,Botswana,AFRO,1869,41710,48,616
5682,2021-04-11,BW,Botswana,AFRO,1734,43444,47,663
5683,2021-04-18,BW,Botswana,AFRO,1258,44702,21,684
5684,2021-04-25,BW,Botswana,AFRO,4366,49068,18,702
5685,2021-05-02,BW,Botswana,AFRO,1265,50333,22,724
5686,2021-05-09,BW,Botswana,AFRO,1205,51538,27,751
5687,2021-05-16,BW,Botswana,AFRO,1780,53318,23,774
5688,2021-05-23,BW,Botswana,AFRO,2084,55402,35,809
5689,2021-05-30,BW,Botswana,AFRO,2114,57516,40,849
5690,2021-06-06,BW,Botswana,AFRO,3132,60648,36,885
5691,2021-06-13,BW,Botswana,AFRO,3373,64021,41,926
5692,2021-06-20,BW,Botswana,AFRO,4366,68387,143,1069
5693,2021-06-27,BW,Botswana,AFRO,1684,70071,56,1125
5694,2021-07-04,BW,Botswana,AFRO,3906,73977,63,1188
5695,2021-07-11,BW,Botswana,AFRO,6176,80153,65,1253
5696,2021-07-18,BW,Botswana,AFRO,11749,91902,75,1328
5697,2021-07-25,BW,Botswana,AFRO,10222,102124,157,1485
5698,2021-08-01,BW,Botswana,AFRO,13096,115220,168,1653
5699,2021-08-08,BW,Botswana,AFRO,15551,130771,179,1832
5700,2021-08-15,BW,Botswana,AFRO,11609,142380,211,2043
5701,2021-08-22,BW,Botswana,AFRO,8462,150842,128,2171
5702,2021-08-29,BW,Botswana,AFRO,6085,156927,90,2261
5703,2021-09-05,BW,Botswana,AFRO,5259,162186,48,2309
5704,2021-09-12,BW,Botswana,AFRO,3458,165644,28,2337
5705,2021-09-19,BW,Botswana,AFRO,8144,173788,17,2354
5706,2021-09-26,BW,Botswana,AFRO,4262,178050,13,2367
5707,2021-10-03,BW,Botswana,AFRO,2147,180197,7,2374
5708,2021-10-10,BW,Botswana,AFRO,1054,181251,7,2381
5709,2021-10-17,BW,Botswana,AFRO,2800,184051,8,2389
5710,2021-10-24,BW,Botswana,AFRO,1934,185985,13,2402
5711,2021-10-31,BW,Botswana,AFRO,1296,187281,5,2407
5712,2021-11-07,BW,Botswana,AFRO,6168,193449,2,2409
5713,2021-11-14,BW,Botswana,AFRO,680,194129,7,2416
5714,2021-11-21,BW,Botswana,AFRO,523,194652,0,2416
5715,2021-11-28,BW,Botswana,AFRO,416,195068,2,2418
5716,2021-12-05,BW,Botswana,AFRO,484,195552,2,2420
5717,2021-12-12,BW,Botswana,AFRO,2092,197644,4,2424
5718,2021-12-19,BW,Botswana,AFRO,7057,204701,1,2425
5719,2021-12-26,BW,Botswana,AFRO,7781,212482,14,2439
5720,2022-01-02,BW,Botswana,AFRO,9571,222053,13,2452
5721,2022-01-09,BW,Botswana,AFRO,10379,232432,45,2497
5722,2022-01-16,BW,Botswana,AFRO,7455,239887,37,2534
5723,2022-01-23,BW,Botswana,AFRO,6017,245904,31,2565
5724,2022-01-30,BW,Botswana,AFRO,7132,253036,16,2581
5725,2022-02-06,BW,Botswana,AFRO,4131,257167,12,2593
5726,2022-02-13,BW,Botswana,AFRO,3324,260491,10,2603
5727,2022-02-20,BW,Botswana,AFRO,2161,262652,11,2614
5728,2022-02-27,BW,Botswana,AFRO,41830,304482,51,2665
5729,2022-03-06,BW,Botswana,AFRO,431,304913,10,2675
5730,2022-03-13,BW,Botswana,AFRO,333,305246,4,2679
5731,2022-03-20,BW,Botswana,AFRO,269,305515,5,2684
5732,2022-03-27,BW,Botswana,AFRO,162,305677,2,2686
5733,2022-04-03,BW,Botswana,AFRO,93,305770,1,2687
5734,2022-04-10,BW,Botswana,AFRO,74,305844,0,2687
5735,2022-04-17,BW,Botswana,AFRO,140,305984,1,2688
5736,2022-04-24,BW,Botswana,AFRO,90,306074,1,2689
5737,2022-05-01,BW,Botswana,AFRO,126,306200,1,2690
5738,2022-05-08,BW,Botswana,AFRO,0,306200,0,2690
5739,2022-05-15,BW,Botswana,AFRO,414,306614,2,2692
5740,2022-05-22,BW,Botswana,AFRO,0,306614,0,2692
5741,2022-05-29,BW,Botswana,AFRO,0,306614,0,2692
5742,2022-06-05,BW,Botswana,AFRO,3795,310409,9,2701
5743,2022-06-12,BW,Botswana,AFRO,3084,313493,4,2705
5744,2022-06-19,BW,Botswana,AFRO,6634,320127,33,2738
5745,2022-06-26,BW,Botswana,AFRO,2642,322769,12,2750
5746,2022-07-03,BW,Botswana,AFRO,558,323327,2,2752
5747,2022-07-10,BW,Botswana,AFRO,1514,324841,8,2760
5748,2022-07-17,BW,Botswana,AFRO,0,324841,0,2760
5749,2022-07-24,BW,Botswana,AFRO,629,325470,10,2770
5750,2022-07-31,BW,Botswana,AFRO,254,325724,2,2772
5751,2022-08-07,BW,Botswana,AFRO,100,325824,2,2774
5752,2022-08-14,BW,Botswana,AFRO,26,325850,3,2777
5753,2022-08-21,BW,Botswana,AFRO,14,325864,1,2778
5754,2022-08-28,BW,Botswana,AFRO,47,325911,0,2778
5755,2022-09-04,BW,Botswana,AFRO,354,326265,1,2779
5756,2022-09-11,BW,Botswana,AFRO,21,326286,1,2780
5757,2022-09-18,BW,Botswana,AFRO,17,326303,1,2781
5758,2022-09-25,BW,Botswana,AFRO,21,326324,0,2781
5759,2022-10-02,BW,Botswana,AFRO,8,326332,1,2782
5760,2022-10-09,BW,Botswana,AFRO,17,326349,0,2782
5761,2022-10-16,BW,Botswana,AFRO,4,326353,0,2782
5762,2022-10-23,BW,Botswana,AFRO,0,326353,0,2782
5763,2022-10-30,BW,Botswana,AFRO,0,326353,0,2782
5764,2022-11-06,BW,Botswana,AFRO,0,326353,0,2782
5765,2022-11-13,BW,Botswana,AFRO,126,326479,0,2782
5766,2022-11-20,BW,Botswana,AFRO,133,326612,0,2782
5767,2022-11-27,BW,Botswana,AFRO,155,326767,3,2785
5768,2022-12-04,BW,Botswana,AFRO,292,327059,0,2785
5769,2022-12-11,BW,Botswana,AFRO,412,327471,1,2786
5770,2022-12-18,BW,Botswana,AFRO,349,327820,0,2786
5771,2022-12-25,BW,Botswana,AFRO,211,328031,0,2786
5772,2023-01-01,BW,Botswana,AFRO,218,328249,1,2787
5773,2023-01-08,BW,Botswana,AFRO,300,328549,1,2788
5774,2023-01-15,BW,Botswana,AFRO,349,328898,2,2790
5775,2023-01-22,BW,Botswana,AFRO,316,329214,2,2792
5776,2023-01-29,BW,Botswana,AFRO,240,329454,1,2793
5777,2023-02-05,BW,Botswana,AFRO,141,329595,1,2794
5778,2023-02-12,BW,Botswana,AFRO,80,329675,1,2795
5779,2023-02-19,BW,Botswana,AFRO,52,329727,0,2795
5780,2023-02-26,BW,Botswana,AFRO,31,329758,0,2795
5781,2023-03-05,BW,Botswana,AFRO,11,329769,0,2795
5782,2023-03-12,BW,Botswana,AFRO,16,329785,0,2795
5783,2023-03-19,BW,Botswana,AFRO,27,329812,0,2795
5784,2023-03-26,BW,Botswana,AFRO,18,329830,0,2795
5785,2023-04-02,BW,Botswana,AFRO,7,329837,0,2795
5786,2023-04-09,BW,Botswana,AFRO,4,329841,1,2796
5787,2023-04-16,BW,Botswana,AFRO,6,329847,0,2796
5788,2023-04-23,BW,Botswana,AFRO,5,329852,0,2796
5789,2023-04-30,BW,Botswana,AFRO,4,329856,0,2796
5790,2023-05-07,BW,Botswana,AFRO,6,329862,1,2797
5791,2023-05-14,BW,Botswana,AFRO,0,329862,0,2797
5792,2023-05-21,BW,Botswana,AFRO,43,329905,0,2797
5793,2023-05-28,BW,Botswana,AFRO,36,329941,0,2797
5794,2023-06-04,BW,Botswana,AFRO,21,329962,0,2797
5795,2023-06-11,BW,Botswana,AFRO,23,329985,0,2797
5796,2023-06-18,BW,Botswana,AFRO,31,330016,0,2797
5797,2023-06-25,BW,Botswana,AFRO,61,330077,0,2797
5798,2023-07-02,BW,Botswana,AFRO,36,330113,0,2797
5799,2023-07-09,BW,Botswana,AFRO,35,330148,0,2797
5800,2023-07-16,BW,Botswana,AFRO,7,330155,1,2798
5801,2023-07-23,BW,Botswana,AFRO,21,330176,1,2799
5802,2023-07-30,BW,Botswana,AFRO,22,330198,1,2800
5803,2023-08-06,BW,Botswana,AFRO,17,330215,0,2800
5804,2023-08-13,BW,Botswana,AFRO,15,330230,0,2800
5805,2023-08-20,BW,Botswana,AFRO,10,330240,0,2800
5806,2023-08-27,BW,Botswana,AFRO,11,330251,0,2800
5807,2023-09-03,BW,Botswana,AFRO,5,330256,0,2800
5808,2023-09-10,BW,Botswana,AFRO,0,330256,0,2800
5809,2023-09-17,BW,Botswana,AFRO,16,330272,0,2800
5810,2023-09-24,BW,Botswana,AFRO,3,330275,0,2800
5811,2023-10-01,BW,Botswana,AFRO,9,330284,0,2800
5812,2023-10-08,BW,Botswana,AFRO,16,330300,0,2800
5813,2023-10-15,BW,Botswana,AFRO,21,330321,0,2800
5814,2023-10-22,BW,Botswana,AFRO,24,330345,0,2800
5815,2023-10-29,BW,Botswana,AFRO,10,330355,0,2800
5816,2023-11-05,BW,Botswana,AFRO,14,330369,0,2800
5817,2023-11-12,BW,Botswana,AFRO,19,330388,0,2800
5818,2023-11-19,BW,Botswana,AFRO,9,330397,0,2800
5819,2023-11-26,BW,Botswana,AFRO,7,330404,0,2800
5820,2023-12-03,BW,Botswana,AFRO,5,330409,0,2800
5821,2023-12-10,BW,Botswana,AFRO,4,330413,0,2800
5822,2023-12-17,BW,Botswana,AFRO,0,330413,0,2800
5823,2023-12-24,BW,Botswana,AFRO,0,330413,0,2800
5824,2020-01-05,BR,Brazil,AMRO,0,0,0,0
5825,2020-01-12,BR,Brazil,AMRO,0,0,0,0
5826,2020-01-19,BR,Brazil,AMRO,0,0,0,0
5827,2020-01-26,BR,Brazil,AMRO,0,0,0,0
5828,2020-02-02,BR,Brazil,AMRO,0,0,0,0
5829,2020-02-09,BR,Brazil,AMRO,0,0,0,0
5830,2020-02-16,BR,Brazil,AMRO,0,0,0,0
5831,2020-02-23,BR,Brazil,AMRO,0,0,0,0
5832,2020-03-01,BR,Brazil,AMRO,1,1,0,0
5833,2020-03-08,BR,Brazil,AMRO,12,13,0,0
5834,2020-03-15,BR,Brazil,AMRO,71,84,0,0
5835,2020-03-22,BR,Brazil,AMRO,820,904,11,11
5836,2020-03-29,BR,Brazil,AMRO,2513,3417,81,92
5837,2020-04-05,BR,Brazil,AMRO,5639,9056,267,359
5838,2020-04-12,BR,Brazil,AMRO,10582,19638,697,1056
5839,2020-04-19,BR,Brazil,AMRO,14044,33682,1085,2141
5840,2020-04-26,BR,Brazil,AMRO,19313,52995,1529,3670
5841,2020-05-03,BR,Brazil,AMRO,38594,91589,2659,6329
5842,2020-05-10,BR,Brazil,AMRO,53739,145328,3568,9897
5843,2020-05-17,BR,Brazil,AMRO,72895,218223,4920,14817
5844,2020-05-24,BR,Brazil,AMRO,112667,330890,6231,21048
5845,2020-05-31,BR,Brazil,AMRO,134276,465166,6830,27878
5846,2020-06-07,BR,Brazil,AMRO,180605,645771,7148,35026
5847,2020-06-14,BR,Brazil,AMRO,183039,828810,6802,41828
5848,2020-06-21,BR,Brazil,AMRO,204103,1032913,7126,48954
5849,2020-06-28,BR,Brazil,AMRO,242061,1274974,7007,55961
5850,2020-07-05,BR,Brazil,AMRO,264107,1539081,7213,63174
5851,2020-07-12,BR,Brazil,AMRO,261746,1800827,7224,70398
5852,2020-07-19,BR,Brazil,AMRO,245501,2046328,7453,77851
5853,2020-07-26,BR,Brazil,AMRO,297038,2343366,7387,85238
5854,2020-08-02,BR,Brazil,AMRO,319119,2662485,7237,92475
5855,2020-08-09,BR,Brazil,AMRO,299957,2962442,7097,99572
5856,2020-08-16,BR,Brazil,AMRO,313078,3275520,6951,106523
5857,2020-08-23,BR,Brazil,AMRO,256810,3532330,6835,113358
5858,2020-08-30,BR,Brazil,AMRO,272473,3804803,6146,119504
5859,2020-09-06,BR,Brazil,AMRO,288029,4092832,6017,125521
5860,2020-09-13,BR,Brazil,AMRO,189332,4282164,4875,130396
5861,2020-09-20,BR,Brazil,AMRO,213019,4495183,5397,135793
5862,2020-09-27,BR,Brazil,AMRO,194430,4689613,4744,140537
5863,2020-10-04,BR,Brazil,AMRO,190910,4880523,4851,145388
5864,2020-10-11,BR,Brazil,AMRO,175365,5055888,4251,149639
5865,2020-10-18,BR,Brazil,AMRO,144412,5200300,3575,153214
5866,2020-10-25,BR,Brazil,AMRO,153356,5353656,3257,156471
5867,2020-11-01,BR,Brazil,AMRO,163002,5516658,3006,159477
5868,2020-11-08,BR,Brazil,AMRO,114523,5631181,2538,162015
5869,2020-11-15,BR,Brazil,AMRO,179471,5810652,2722,164737
5870,2020-11-22,BR,Brazil,AMRO,209512,6020164,3876,168613
5871,2020-11-29,BR,Brazil,AMRO,218186,6238350,3361,171974
5872,2020-12-06,BR,Brazil,AMRO,295618,6533968,3990,175964
5873,2020-12-13,BR,Brazil,AMRO,302259,6836227,4473,180437
5874,2020-12-20,BR,Brazil,AMRO,326751,7162978,5213,185650
5875,2020-12-27,BR,Brazil,AMRO,285582,7448560,4838,190488
5876,2021-01-03,BR,Brazil,AMRO,252018,7700578,4923,195411
5877,2021-01-10,BR,Brazil,AMRO,313130,8013708,6049,201460
5878,2021-01-17,BR,Brazil,AMRO,379784,8393492,6786,208246
5879,2021-01-24,BR,Brazil,AMRO,360428,8753920,6997,215243
5880,2021-01-31,BR,Brazil,AMRO,364593,9118513,7423,222666
5881,2021-02-07,BR,Brazil,AMRO,328652,9447165,7368,230034
5882,2021-02-14,BR,Brazil,AMRO,318290,9765455,7455,237489
5883,2021-02-21,BR,Brazil,AMRO,316221,10081676,7276,244765
5884,2021-02-28,BR,Brazil,AMRO,373954,10455630,8070,252835
5885,2021-03-07,BR,Brazil,AMRO,413597,10869227,9935,262770
5886,2021-03-14,BR,Brazil,AMRO,494153,11363380,12335,275105
5887,2021-03-21,BR,Brazil,AMRO,508010,11871390,15209,290314
5888,2021-03-28,BR,Brazil,AMRO,533024,12404414,16798,307112
5889,2021-04-04,BR,Brazil,AMRO,505668,12910082,21094,328206
5890,2021-04-11,BR,Brazil,AMRO,463092,13373174,20512,348718
5891,2021-04-18,BR,Brazil,AMRO,459281,13832455,20031,368749
5892,2021-04-25,BR,Brazil,AMRO,404623,14237078,17667,386416
5893,2021-05-02,BR,Brazil,AMRO,421933,14659011,17365,403781
5894,2021-05-09,BR,Brazil,AMRO,423438,15082449,15333,419114
5895,2021-05-16,BR,Brazil,AMRO,437076,15519525,13514,432628
5896,2021-05-23,BR,Brazil,AMRO,451424,15970949,13681,446309
5897,2021-05-30,BR,Brazil,AMRO,420981,16391930,12736,459045
5898,2021-06-06,BR,Brazil,AMRO,449478,16841408,11797,470842
5899,2021-06-13,BR,Brazil,AMRO,454710,17296118,13393,484235
5900,2021-06-20,BR,Brazil,AMRO,505344,17801462,14264,498499
5901,2021-06-27,BR,Brazil,AMRO,521298,18322760,12643,511142
5902,2021-07-04,BR,Brazil,AMRO,364709,18687469,10810,521952
5903,2021-07-11,BR,Brazil,AMRO,333030,19020499,9736,531688
5904,2021-07-18,BR,Brazil,AMRO,287610,19308109,8710,540398
5905,2021-07-25,BR,Brazil,AMRO,324334,19632443,7942,548340
5906,2021-08-01,BR,Brazil,AMRO,247830,19880273,7120,555460
5907,2021-08-08,BR,Brazil,AMRO,228473,20108746,6302,561762
5908,2021-08-15,BR,Brazil,AMRO,210254,20319000,6100,567862
5909,2021-08-22,BR,Brazil,AMRO,209099,20528099,5649,573511
5910,2021-08-29,BR,Brazil,AMRO,175807,20703906,4815,578326
5911,2021-09-05,BR,Brazil,AMRO,152154,20856060,4344,582670
5912,2021-09-12,BR,Brazil,AMRO,118790,20974850,3176,585846
5913,2021-09-19,BR,Brazil,AMRO,105369,21080219,3727,589573
5914,2021-09-26,BR,Brazil,AMRO,247397,21327616,4090,593663
5915,2021-10-03,BR,Brazil,AMRO,118035,21445651,3562,597225
5916,2021-10-10,BR,Brazil,AMRO,105079,21550730,3200,600425
5917,2021-10-17,BR,Brazil,AMRO,76746,21627476,2244,602669
5918,2021-10-24,BR,Brazil,AMRO,84367,21711843,2470,605139
5919,2021-10-31,BR,Brazil,AMRO,81558,21793401,2323,607462
5920,2021-11-07,BR,Brazil,AMRO,69057,21862458,1598,609060
5921,2021-11-14,BR,Brazil,AMRO,76738,21939196,1431,610491
5922,2021-11-21,BR,Brazil,AMRO,64121,22003317,1879,612370
5923,2021-11-28,BR,Brazil,AMRO,64313,22067630,1587,613957
5924,2021-12-05,BR,Brazil,AMRO,61779,22129409,1443,615400
5925,2021-12-12,BR,Brazil,AMRO,55415,22184824,1291,616691
5926,2021-12-19,BR,Brazil,AMRO,24196,22209020,910,617601
5927,2021-12-26,BR,Brazil,AMRO,21717,22230737,791,618392
5928,2022-01-02,BR,Brazil,AMRO,56784,22287521,664,619056
5929,2022-01-09,BR,Brazil,AMRO,162701,22450222,766,619822
5930,2022-01-16,BR,Brazil,AMRO,476981,22927203,974,620796
5931,2022-01-23,BR,Brazil,AMRO,824579,23751782,1767,622563
5932,2022-01-30,BR,Brazil,AMRO,1283024,25034806,3321,625884
5933,2022-02-06,BR,Brazil,AMRO,1241025,26275831,4610,630494
5934,2022-02-13,BR,Brazil,AMRO,1009678,27285509,6658,637152
5935,2022-02-20,BR,Brazil,AMRO,773353,28058862,5877,643029
5936,2022-02-27,BR,Brazil,AMRO,519785,28578647,4361,647390
5937,2022-03-06,BR,Brazil,AMRO,395152,28973799,3865,651255
5938,2022-03-13,BR,Brazil,AMRO,331315,29305114,3301,654556
5939,2022-03-20,BR,Brazil,AMRO,267998,29573112,2242,656798
5940,2022-03-27,BR,Brazil,AMRO,229145,29802257,1768,658566
5941,2022-04-03,BR,Brazil,AMRO,172908,29975165,1436,660002
5942,2022-04-10,BR,Brazil,AMRO,148798,30123963,1120,661122
5943,2022-04-17,BR,Brazil,AMRO,123339,30247302,785,661907
5944,2022-04-24,BR,Brazil,AMRO,91395,30338697,650,662557
5945,2022-05-01,BR,Brazil,AMRO,94345,30433042,853,663410
5946,2022-05-08,BR,Brazil,AMRO,110866,30543908,681,664091
5947,2022-05-15,BR,Brazil,AMRO,120831,30664739,689,664780
5948,2022-05-22,BR,Brazil,AMRO,97674,30762413,713,665493
5949,2022-05-29,BR,Brazil,AMRO,158732,30921145,826,666319
5950,2022-06-05,BR,Brazil,AMRO,216334,31137479,652,666971
5951,2022-06-12,BR,Brazil,AMRO,279862,31417341,989,667960
5952,2022-06-19,BR,Brazil,AMRO,256034,31673375,956,668916
5953,2022-06-26,BR,Brazil,AMRO,349791,32023166,1313,670229
5954,2022-07-03,BR,Brazil,AMRO,410897,32434063,1471,671700
5955,2022-07-10,BR,Brazil,AMRO,396781,32830844,1639,673339
5956,2022-07-17,BR,Brazil,AMRO,419273,33250117,1751,675090
5957,2022-07-24,BR,Brazil,AMRO,255610,33505727,1396,676486
5958,2022-07-31,BR,Brazil,AMRO,284971,33790698,1827,678313
5959,2022-08-07,BR,Brazil,AMRO,203772,33994470,1445,679758
5960,2022-08-14,BR,Brazil,AMRO,153661,34148131,1495,681253
5961,2022-08-21,BR,Brazil,AMRO,116106,34264237,1105,682358
5962,2022-08-28,BR,Brazil,AMRO,104672,34368909,1039,683397
5963,2022-09-04,BR,Brazil,AMRO,87236,34456145,865,684262
5964,2022-09-11,BR,Brazil,AMRO,60594,34516739,551,684813
5965,2022-09-18,BR,Brazil,AMRO,62346,34579085,487,685300
5966,2022-09-25,BR,Brazil,AMRO,45342,34624427,450,685750
5967,2022-10-02,BR,Brazil,AMRO,48097,34672524,286,686036
5968,2022-10-09,BR,Brazil,AMRO,42613,34715137,767,686803
5969,2022-10-16,BR,Brazil,AMRO,31325,34746462,341,687144
5970,2022-10-23,BR,Brazil,AMRO,34180,34780642,383,687527
5971,2022-10-30,BR,Brazil,AMRO,41585,34822227,553,688080
5972,2022-11-06,BR,Brazil,AMRO,26836,34849063,252,688332
5973,2022-11-13,BR,Brazil,AMRO,59135,34908198,324,688656
5974,2022-11-20,BR,Brazil,AMRO,91297,34999495,251,688907
5975,2022-11-27,BR,Brazil,AMRO,150008,35149503,535,689442
5976,2022-12-04,BR,Brazil,AMRO,188043,35337546,632,690074
5977,2022-12-11,BR,Brazil,AMRO,194170,35531716,603,690677
5978,2022-12-18,BR,Brazil,AMRO,337810,35869526,1133,691810
5979,2022-12-25,BR,Brazil,AMRO,254811,36124337,933,692743
5980,2023-01-01,BR,Brazil,AMRO,206944,36331281,1110,693853
5981,2023-01-08,BR,Brazil,AMRO,145933,36477214,926,694779
5982,2023-01-15,BR,Brazil,AMRO,120721,36597935,457,695236
5983,2023-01-22,BR,Brazil,AMRO,114916,36712851,952,696188
5984,2023-01-29,BR,Brazil,AMRO,78416,36791267,554,696742
5985,2023-02-05,BR,Brazil,AMRO,75391,36866658,603,697345
5986,2023-02-12,BR,Brazil,AMRO,63681,36930339,317,697662
5987,2023-02-19,BR,Brazil,AMRO,57343,36987682,385,698047
5988,2023-02-26,BR,Brazil,AMRO,32849,37020531,881,698928
5989,2023-03-05,BR,Brazil,AMRO,55522,37076053,348,699276
5990,2023-03-12,BR,Brazil,AMRO,9467,37085520,34,699310
5991,2023-03-19,BR,Brazil,AMRO,59994,37145514,324,699634
5992,2023-03-26,BR,Brazil,AMRO,59163,37204677,283,699917
5993,2023-04-02,BR,Brazil,AMRO,53986,37258663,322,700239
5994,2023-04-09,BR,Brazil,AMRO,60591,37319254,317,700556
5995,2023-04-16,BR,Brazil,AMRO,38838,37358092,255,700811
5996,2023-04-23,BR,Brazil,AMRO,49140,37407232,404,701215
5997,2023-04-30,BR,Brazil,AMRO,42186,37449418,279,701494
5998,2023-05-07,BR,Brazil,AMRO,38553,37487971,339,701833
5999,2023-05-14,BR,Brazil,AMRO,23950,37511921,283,702116
6000,2023-05-21,BR,Brazil,AMRO,0,37511921,0,702116
6001,2023-05-28,BR,Brazil,AMRO,603,37512524,0,702116
6002,2023-06-04,BR,Brazil,AMRO,461,37512985,0,702116
6003,2023-06-11,BR,Brazil,AMRO,318,37513303,0,702116
6004,2023-06-18,BR,Brazil,AMRO,346,37513649,0,702116
6005,2023-06-25,BR,Brazil,AMRO,346,37513995,0,702116
6006,2023-07-02,BR,Brazil,AMRO,280,37514275,0,702116
6007,2023-07-09,BR,Brazil,AMRO,262,37514537,0,702116
6008,2023-07-16,BR,Brazil,AMRO,204,37514741,0,702116
6009,2023-07-23,BR,Brazil,AMRO,164,37514905,0,702116
6010,2023-07-30,BR,Brazil,AMRO,161,37515066,0,702116
6011,2023-08-06,BR,Brazil,AMRO,207,37515273,0,702116
6012,2023-08-13,BR,Brazil,AMRO,236,37515509,0,702116
6013,2023-08-20,BR,Brazil,AMRO,384,37515893,0,702116
6014,2023-08-27,BR,Brazil,AMRO,486,37516379,0,702116
6015,2023-09-03,BR,Brazil,AMRO,558,37516937,0,702116
6016,2023-09-10,BR,Brazil,AMRO,646,37517583,0,702116
6017,2023-09-17,BR,Brazil,AMRO,1147,37518730,0,702116
6018,2023-09-24,BR,Brazil,AMRO,1022,37519752,0,702116
6019,2023-10-01,BR,Brazil,AMRO,208,37519960,0,702116
6020,2023-10-08,BR,Brazil,AMRO,0,37519960,0,702116
6021,2023-10-15,BR,Brazil,AMRO,0,37519960,0,702116
6022,2023-10-22,BR,Brazil,AMRO,0,37519960,0,702116
6023,2023-10-29,BR,Brazil,AMRO,0,37519960,0,702116
6024,2023-11-05,BR,Brazil,AMRO,0,37519960,0,702116
6025,2023-11-12,BR,Brazil,AMRO,0,37519960,0,702116
6026,2023-11-19,BR,Brazil,AMRO,0,37519960,0,702116
6027,2023-11-26,BR,Brazil,AMRO,0,37519960,0,702116
6028,2023-12-03,BR,Brazil,AMRO,0,37519960,0,702116
6029,2023-12-10,BR,Brazil,AMRO,0,37519960,0,702116
6030,2023-12-17,BR,Brazil,AMRO,0,37519960,0,702116
6031,2023-12-24,BR,Brazil,AMRO,0,37519960,0,702116
6032,2020-01-05,VG,British Virgin Islands,AMRO,0,0,0,0
6033,2020-01-12,VG,British Virgin Islands,AMRO,0,0,0,0
6034,2020-01-19,VG,British Virgin Islands,AMRO,0,0,0,0
6035,2020-01-26,VG,British Virgin Islands,AMRO,0,0,0,0
6036,2020-02-02,VG,British Virgin Islands,AMRO,0,0,0,0
6037,2020-02-09,VG,British Virgin Islands,AMRO,0,0,0,0
6038,2020-02-16,VG,British Virgin Islands,AMRO,0,0,0,0
6039,2020-02-23,VG,British Virgin Islands,AMRO,0,0,0,0
6040,2020-03-01,VG,British Virgin Islands,AMRO,0,0,0,0
6041,2020-03-08,VG,British Virgin Islands,AMRO,0,0,0,0
6042,2020-03-15,VG,British Virgin Islands,AMRO,0,0,0,0
6043,2020-03-22,VG,British Virgin Islands,AMRO,0,0,0,0
6044,2020-03-29,VG,British Virgin Islands,AMRO,2,2,0,0
6045,2020-04-05,VG,British Virgin Islands,AMRO,1,3,0,0
6046,2020-04-12,VG,British Virgin Islands,AMRO,0,3,0,0
6047,2020-04-19,VG,British Virgin Islands,AMRO,0,3,0,0
6048,2020-04-26,VG,British Virgin Islands,AMRO,3,6,1,1
6049,2020-05-03,VG,British Virgin Islands,AMRO,0,6,0,1
6050,2020-05-10,VG,British Virgin Islands,AMRO,1,7,0,1
6051,2020-05-17,VG,British Virgin Islands,AMRO,1,8,0,1
6052,2020-05-24,VG,British Virgin Islands,AMRO,0,8,0,1
6053,2020-05-31,VG,British Virgin Islands,AMRO,0,8,0,1
6054,2020-06-07,VG,British Virgin Islands,AMRO,0,8,0,1
6055,2020-06-14,VG,British Virgin Islands,AMRO,0,8,0,1
6056,2020-06-21,VG,British Virgin Islands,AMRO,0,8,0,1
6057,2020-06-28,VG,British Virgin Islands,AMRO,0,8,0,1
6058,2020-07-05,VG,British Virgin Islands,AMRO,0,8,0,1
6059,2020-07-12,VG,British Virgin Islands,AMRO,0,8,0,1
6060,2020-07-19,VG,British Virgin Islands,AMRO,0,8,0,1
6061,2020-07-26,VG,British Virgin Islands,AMRO,0,8,0,1
6062,2020-08-02,VG,British Virgin Islands,AMRO,0,8,0,1
6063,2020-08-09,VG,British Virgin Islands,AMRO,1,9,0,1
6064,2020-08-16,VG,British Virgin Islands,AMRO,0,9,0,1
6065,2020-08-23,VG,British Virgin Islands,AMRO,12,21,0,1
6066,2020-08-30,VG,British Virgin Islands,AMRO,14,35,0,1
6067,2020-09-06,VG,British Virgin Islands,AMRO,28,63,0,1
6068,2020-09-13,VG,British Virgin Islands,AMRO,3,66,0,1
6069,2020-09-20,VG,British Virgin Islands,AMRO,5,71,0,1
6070,2020-09-27,VG,British Virgin Islands,AMRO,0,71,0,1
6071,2020-10-04,VG,British Virgin Islands,AMRO,0,71,0,1
6072,2020-10-11,VG,British Virgin Islands,AMRO,0,71,0,1
6073,2020-10-18,VG,British Virgin Islands,AMRO,1,72,0,1
6074,2020-10-25,VG,British Virgin Islands,AMRO,0,72,0,1
6075,2020-11-01,VG,British Virgin Islands,AMRO,0,72,0,1
6076,2020-11-08,VG,British Virgin Islands,AMRO,0,72,0,1
6077,2020-11-15,VG,British Virgin Islands,AMRO,0,72,0,1
6078,2020-11-22,VG,British Virgin Islands,AMRO,0,72,0,1
6079,2020-11-29,VG,British Virgin Islands,AMRO,0,72,0,1
6080,2020-12-06,VG,British Virgin Islands,AMRO,1,73,0,1
6081,2020-12-13,VG,British Virgin Islands,AMRO,3,76,0,1
6082,2020-12-20,VG,British Virgin Islands,AMRO,10,86,0,1
6083,2020-12-27,VG,British Virgin Islands,AMRO,7,93,0,1
6084,2021-01-03,VG,British Virgin Islands,AMRO,0,93,0,1
6085,2021-01-10,VG,British Virgin Islands,AMRO,21,114,0,1
6086,2021-01-17,VG,British Virgin Islands,AMRO,7,121,0,1
6087,2021-01-24,VG,British Virgin Islands,AMRO,16,137,0,1
6088,2021-01-31,VG,British Virgin Islands,AMRO,4,141,0,1
6089,2021-02-07,VG,British Virgin Islands,AMRO,0,141,0,1
6090,2021-02-14,VG,British Virgin Islands,AMRO,10,151,0,1
6091,2021-02-21,VG,British Virgin Islands,AMRO,2,153,0,1
6092,2021-02-28,VG,British Virgin Islands,AMRO,0,153,0,1
6093,2021-03-07,VG,British Virgin Islands,AMRO,1,154,0,1
6094,2021-03-14,VG,British Virgin Islands,AMRO,0,154,0,1
6095,2021-03-21,VG,British Virgin Islands,AMRO,0,154,0,1
6096,2021-03-28,VG,British Virgin Islands,AMRO,0,154,0,1
6097,2021-04-04,VG,British Virgin Islands,AMRO,0,154,0,1
6098,2021-04-11,VG,British Virgin Islands,AMRO,24,178,0,1
6099,2021-04-18,VG,British Virgin Islands,AMRO,9,187,0,1
6100,2021-04-25,VG,British Virgin Islands,AMRO,7,194,0,1
6101,2021-05-02,VG,British Virgin Islands,AMRO,0,194,0,1
6102,2021-05-09,VG,British Virgin Islands,AMRO,25,219,0,1
6103,2021-05-16,VG,British Virgin Islands,AMRO,29,248,0,1
6104,2021-05-23,VG,British Virgin Islands,AMRO,0,248,0,1
6105,2021-05-30,VG,British Virgin Islands,AMRO,41,289,0,1
6106,2021-06-06,VG,British Virgin Islands,AMRO,0,289,0,1
6107,2021-06-13,VG,British Virgin Islands,AMRO,6,295,0,1
6108,2021-06-20,VG,British Virgin Islands,AMRO,0,295,0,1
6109,2021-06-27,VG,British Virgin Islands,AMRO,3,298,0,1
6110,2021-07-04,VG,British Virgin Islands,AMRO,158,456,0,1
6111,2021-07-11,VG,British Virgin Islands,AMRO,691,1147,2,3
6112,2021-07-18,VG,British Virgin Islands,AMRO,877,2024,9,12
6113,2021-07-25,VG,British Virgin Islands,AMRO,365,2389,13,25
6114,2021-08-01,VG,British Virgin Islands,AMRO,111,2500,6,31
6115,2021-08-08,VG,British Virgin Islands,AMRO,32,2532,6,37
6116,2021-08-15,VG,British Virgin Islands,AMRO,20,2552,0,37
6117,2021-08-22,VG,British Virgin Islands,AMRO,16,2568,0,37
6118,2021-08-29,VG,British Virgin Islands,AMRO,0,2568,0,37
6119,2021-09-05,VG,British Virgin Islands,AMRO,72,2640,0,37
6120,2021-09-12,VG,British Virgin Islands,AMRO,2,2642,0,37
6121,2021-09-19,VG,British Virgin Islands,AMRO,0,2642,0,37
6122,2021-09-26,VG,British Virgin Islands,AMRO,34,2676,0,37
6123,2021-10-03,VG,British Virgin Islands,AMRO,42,2718,0,37
6124,2021-10-10,VG,British Virgin Islands,AMRO,7,2725,0,37
6125,2021-10-17,VG,British Virgin Islands,AMRO,0,2725,0,37
6126,2021-10-24,VG,British Virgin Islands,AMRO,0,2725,0,37
6127,2021-10-31,VG,British Virgin Islands,AMRO,0,2725,0,37
6128,2021-11-07,VG,British Virgin Islands,AMRO,0,2725,0,37
6129,2021-11-14,VG,British Virgin Islands,AMRO,20,2745,1,38
6130,2021-11-21,VG,British Virgin Islands,AMRO,20,2765,0,38
6131,2021-11-28,VG,British Virgin Islands,AMRO,8,2773,0,38
6132,2021-12-05,VG,British Virgin Islands,AMRO,43,2816,0,38
6133,2021-12-12,VG,British Virgin Islands,AMRO,26,2842,1,39
6134,2021-12-19,VG,British Virgin Islands,AMRO,44,2886,0,39
6135,2021-12-26,VG,British Virgin Islands,AMRO,185,3071,0,39
6136,2022-01-02,VG,British Virgin Islands,AMRO,421,3492,0,39
6137,2022-01-09,VG,British Virgin Islands,AMRO,715,4207,1,40
6138,2022-01-16,VG,British Virgin Islands,AMRO,1048,5255,2,42
6139,2022-01-23,VG,British Virgin Islands,AMRO,394,5649,5,47
6140,2022-01-30,VG,British Virgin Islands,AMRO,226,5875,2,49
6141,2022-02-06,VG,British Virgin Islands,AMRO,53,5928,2,51
6142,2022-02-13,VG,British Virgin Islands,AMRO,69,5997,10,61
6143,2022-02-20,VG,British Virgin Islands,AMRO,53,6050,1,62
6144,2022-02-27,VG,British Virgin Islands,AMRO,35,6085,0,62
6145,2022-03-06,VG,British Virgin Islands,AMRO,6,6091,0,62
6146,2022-03-13,VG,British Virgin Islands,AMRO,0,6091,0,62
6147,2022-03-20,VG,British Virgin Islands,AMRO,13,6104,0,62
6148,2022-03-27,VG,British Virgin Islands,AMRO,0,6104,0,62
6149,2022-04-03,VG,British Virgin Islands,AMRO,37,6141,0,62
6150,2022-04-10,VG,British Virgin Islands,AMRO,21,6162,0,62
6151,2022-04-17,VG,British Virgin Islands,AMRO,0,6162,0,62
6152,2022-04-24,VG,British Virgin Islands,AMRO,134,6296,0,62
6153,2022-05-01,VG,British Virgin Islands,AMRO,59,6355,0,62
6154,2022-05-08,VG,British Virgin Islands,AMRO,0,6355,0,62
6155,2022-05-15,VG,British Virgin Islands,AMRO,218,6573,0,62
6156,2022-05-22,VG,British Virgin Islands,AMRO,117,6690,0,62
6157,2022-05-29,VG,British Virgin Islands,AMRO,0,6690,0,62
6158,2022-06-05,VG,British Virgin Islands,AMRO,75,6765,0,62
6159,2022-06-12,VG,British Virgin Islands,AMRO,137,6902,1,63
6160,2022-06-19,VG,British Virgin Islands,AMRO,0,6902,0,63
6161,2022-06-26,VG,British Virgin Islands,AMRO,39,6941,0,63
6162,2022-07-03,VG,British Virgin Islands,AMRO,0,6941,0,63
6163,2022-07-10,VG,British Virgin Islands,AMRO,0,6941,0,63
6164,2022-07-17,VG,British Virgin Islands,AMRO,190,7131,0,63
6165,2022-07-24,VG,British Virgin Islands,AMRO,0,7131,0,63
6166,2022-07-31,VG,British Virgin Islands,AMRO,0,7131,0,63
6167,2022-08-07,VG,British Virgin Islands,AMRO,0,7131,0,63
6168,2022-08-14,VG,British Virgin Islands,AMRO,0,7131,0,63
6169,2022-08-21,VG,British Virgin Islands,AMRO,0,7131,0,63
6170,2022-08-28,VG,British Virgin Islands,AMRO,0,7131,0,63
6171,2022-09-04,VG,British Virgin Islands,AMRO,160,7291,1,64
6172,2022-09-11,VG,British Virgin Islands,AMRO,14,7305,0,64
6173,2022-09-18,VG,British Virgin Islands,AMRO,0,7305,0,64
6174,2022-09-25,VG,British Virgin Islands,AMRO,0,7305,0,64
6175,2022-10-02,VG,British Virgin Islands,AMRO,0,7305,0,64
6176,2022-10-09,VG,British Virgin Islands,AMRO,0,7305,0,64
6177,2022-10-16,VG,British Virgin Islands,AMRO,0,7305,0,64
6178,2022-10-23,VG,British Virgin Islands,AMRO,0,7305,0,64
6179,2022-10-30,VG,British Virgin Islands,AMRO,0,7305,0,64
6180,2022-11-06,VG,British Virgin Islands,AMRO,0,7305,0,64
6181,2022-11-13,VG,British Virgin Islands,AMRO,0,7305,0,64
6182,2022-11-20,VG,British Virgin Islands,AMRO,0,7305,0,64
6183,2022-11-27,VG,British Virgin Islands,AMRO,0,7305,0,64
6184,2022-12-04,VG,British Virgin Islands,AMRO,0,7305,0,64
6185,2022-12-11,VG,British Virgin Islands,AMRO,0,7305,0,64
6186,2022-12-18,VG,British Virgin Islands,AMRO,0,7305,0,64
6187,2022-12-25,VG,British Virgin Islands,AMRO,0,7305,0,64
6188,2023-01-01,VG,British Virgin Islands,AMRO,0,7305,0,64
6189,2023-01-08,VG,British Virgin Islands,AMRO,0,7305,0,64
6190,2023-01-15,VG,British Virgin Islands,AMRO,0,7305,0,64
6191,2023-01-22,VG,British Virgin Islands,AMRO,0,7305,0,64
6192,2023-01-29,VG,British Virgin Islands,AMRO,0,7305,0,64
6193,2023-02-05,VG,British Virgin Islands,AMRO,0,7305,0,64
6194,2023-02-12,VG,British Virgin Islands,AMRO,0,7305,0,64
6195,2023-02-19,VG,British Virgin Islands,AMRO,0,7305,0,64
6196,2023-02-26,VG,British Virgin Islands,AMRO,0,7305,0,64
6197,2023-03-05,VG,British Virgin Islands,AMRO,0,7305,0,64
6198,2023-03-12,VG,British Virgin Islands,AMRO,0,7305,0,64
6199,2023-03-19,VG,British Virgin Islands,AMRO,0,7305,0,64
6200,2023-03-26,VG,British Virgin Islands,AMRO,0,7305,0,64
6201,2023-04-02,VG,British Virgin Islands,AMRO,0,7305,0,64
6202,2023-04-09,VG,British Virgin Islands,AMRO,0,7305,0,64
6203,2023-04-16,VG,British Virgin Islands,AMRO,0,7305,0,64
6204,2023-04-23,VG,British Virgin Islands,AMRO,0,7305,0,64
6205,2023-04-30,VG,British Virgin Islands,AMRO,0,7305,0,64
6206,2023-05-07,VG,British Virgin Islands,AMRO,0,7305,0,64
6207,2023-05-14,VG,British Virgin Islands,AMRO,0,7305,0,64
6208,2023-05-21,VG,British Virgin Islands,AMRO,1,7306,0,64
6209,2023-05-28,VG,British Virgin Islands,AMRO,0,7306,0,64
6210,2023-06-04,VG,British Virgin Islands,AMRO,0,7306,0,64
6211,2023-06-11,VG,British Virgin Islands,AMRO,13,7319,0,64
6212,2023-06-18,VG,British Virgin Islands,AMRO,4,7323,0,64
6213,2023-06-25,VG,British Virgin Islands,AMRO,7,7330,0,64
6214,2023-07-02,VG,British Virgin Islands,AMRO,2,7332,0,64
6215,2023-07-09,VG,British Virgin Islands,AMRO,0,7332,0,64
6216,2023-07-16,VG,British Virgin Islands,AMRO,8,7340,0,64
6217,2023-07-23,VG,British Virgin Islands,AMRO,5,7345,0,64
6218,2023-07-30,VG,British Virgin Islands,AMRO,2,7347,0,64
6219,2023-08-06,VG,British Virgin Islands,AMRO,3,7350,0,64
6220,2023-08-13,VG,British Virgin Islands,AMRO,0,7350,0,64
6221,2023-08-20,VG,British Virgin Islands,AMRO,12,7362,0,64
6222,2023-08-27,VG,British Virgin Islands,AMRO,1,7363,0,64
6223,2023-09-03,VG,British Virgin Islands,AMRO,9,7372,0,64
6224,2023-09-10,VG,British Virgin Islands,AMRO,1,7373,0,64
6225,2023-09-17,VG,British Virgin Islands,AMRO,8,7381,0,64
6226,2023-09-24,VG,British Virgin Islands,AMRO,6,7387,0,64
6227,2023-10-01,VG,British Virgin Islands,AMRO,3,7390,0,64
6228,2023-10-08,VG,British Virgin Islands,AMRO,1,7391,0,64
6229,2023-10-15,VG,British Virgin Islands,AMRO,1,7392,0,64
6230,2023-10-22,VG,British Virgin Islands,AMRO,0,7392,0,64
6231,2023-10-29,VG,British Virgin Islands,AMRO,0,7392,0,64
6232,2023-11-05,VG,British Virgin Islands,AMRO,0,7392,0,64
6233,2023-11-12,VG,British Virgin Islands,AMRO,0,7392,0,64
6234,2023-11-19,VG,British Virgin Islands,AMRO,0,7392,0,64
6235,2023-11-26,VG,British Virgin Islands,AMRO,0,7392,0,64
6236,2023-12-03,VG,British Virgin Islands,AMRO,0,7392,0,64
6237,2023-12-10,VG,British Virgin Islands,AMRO,0,7392,0,64
6238,2023-12-17,VG,British Virgin Islands,AMRO,0,7392,0,64
6239,2023-12-24,VG,British Virgin Islands,AMRO,0,7392,0,64
6240,2020-01-05,BN,Brunei Darussalam,WPRO,0,0,0,0
6241,2020-01-12,BN,Brunei Darussalam,WPRO,0,0,0,0
6242,2020-01-19,BN,Brunei Darussalam,WPRO,0,0,0,0
6243,2020-01-26,BN,Brunei Darussalam,WPRO,0,0,0,0
6244,2020-02-02,BN,Brunei Darussalam,WPRO,0,0,0,0
6245,2020-02-09,BN,Brunei Darussalam,WPRO,0,0,0,0
6246,2020-02-16,BN,Brunei Darussalam,WPRO,0,0,0,0
6247,2020-02-23,BN,Brunei Darussalam,WPRO,0,0,0,0
6248,2020-03-01,BN,Brunei Darussalam,WPRO,0,0,0,0
6249,2020-03-08,BN,Brunei Darussalam,WPRO,0,0,0,0
6250,2020-03-15,BN,Brunei Darussalam,WPRO,40,40,0,0
6251,2020-03-22,BN,Brunei Darussalam,WPRO,43,83,0,0
6252,2020-03-29,BN,Brunei Darussalam,WPRO,37,120,1,1
6253,2020-04-05,BN,Brunei Darussalam,WPRO,15,135,0,1
6254,2020-04-12,BN,Brunei Darussalam,WPRO,1,136,0,1
6255,2020-04-19,BN,Brunei Darussalam,WPRO,1,137,0,1
6256,2020-04-26,BN,Brunei Darussalam,WPRO,1,138,0,1
6257,2020-05-03,BN,Brunei Darussalam,WPRO,0,138,0,1
6258,2020-05-10,BN,Brunei Darussalam,WPRO,3,141,0,1
6259,2020-05-17,BN,Brunei Darussalam,WPRO,0,141,0,1
6260,2020-05-24,BN,Brunei Darussalam,WPRO,0,141,0,1
6261,2020-05-31,BN,Brunei Darussalam,WPRO,0,141,1,2
6262,2020-06-07,BN,Brunei Darussalam,WPRO,0,141,0,2
6263,2020-06-14,BN,Brunei Darussalam,WPRO,0,141,0,2
6264,2020-06-21,BN,Brunei Darussalam,WPRO,0,141,1,3
6265,2020-06-28,BN,Brunei Darussalam,WPRO,0,141,0,3
6266,2020-07-05,BN,Brunei Darussalam,WPRO,0,141,0,3
6267,2020-07-12,BN,Brunei Darussalam,WPRO,0,141,0,3
6268,2020-07-19,BN,Brunei Darussalam,WPRO,0,141,0,3
6269,2020-07-26,BN,Brunei Darussalam,WPRO,0,141,0,3
6270,2020-08-02,BN,Brunei Darussalam,WPRO,0,141,0,3
6271,2020-08-09,BN,Brunei Darussalam,WPRO,1,142,0,3
6272,2020-08-16,BN,Brunei Darussalam,WPRO,0,142,0,3
6273,2020-08-23,BN,Brunei Darussalam,WPRO,1,143,0,3
6274,2020-08-30,BN,Brunei Darussalam,WPRO,1,144,0,3
6275,2020-09-06,BN,Brunei Darussalam,WPRO,1,145,0,3
6276,2020-09-13,BN,Brunei Darussalam,WPRO,0,145,0,3
6277,2020-09-20,BN,Brunei Darussalam,WPRO,0,145,0,3
6278,2020-09-27,BN,Brunei Darussalam,WPRO,1,146,0,3
6279,2020-10-04,BN,Brunei Darussalam,WPRO,0,146,0,3
6280,2020-10-11,BN,Brunei Darussalam,WPRO,0,146,0,3
6281,2020-10-18,BN,Brunei Darussalam,WPRO,1,147,0,3
6282,2020-10-25,BN,Brunei Darussalam,WPRO,1,148,0,3
6283,2020-11-01,BN,Brunei Darussalam,WPRO,0,148,0,3
6284,2020-11-08,BN,Brunei Darussalam,WPRO,0,148,0,3
6285,2020-11-15,BN,Brunei Darussalam,WPRO,0,148,0,3
6286,2020-11-22,BN,Brunei Darussalam,WPRO,0,148,0,3
6287,2020-11-29,BN,Brunei Darussalam,WPRO,2,150,0,3
6288,2020-12-06,BN,Brunei Darussalam,WPRO,1,151,0,3
6289,2020-12-13,BN,Brunei Darussalam,WPRO,1,152,0,3
6290,2020-12-20,BN,Brunei Darussalam,WPRO,0,152,0,3
6291,2020-12-27,BN,Brunei Darussalam,WPRO,0,152,0,3
6292,2021-01-03,BN,Brunei Darussalam,WPRO,20,172,0,3
6293,2021-01-10,BN,Brunei Darussalam,WPRO,1,173,0,3
6294,2021-01-17,BN,Brunei Darussalam,WPRO,1,174,0,3
6295,2021-01-24,BN,Brunei Darussalam,WPRO,1,175,0,3
6296,2021-01-31,BN,Brunei Darussalam,WPRO,5,180,0,3
6297,2021-02-07,BN,Brunei Darussalam,WPRO,1,181,0,3
6298,2021-02-14,BN,Brunei Darussalam,WPRO,3,184,0,3
6299,2021-02-21,BN,Brunei Darussalam,WPRO,1,185,0,3
6300,2021-02-28,BN,Brunei Darussalam,WPRO,1,186,0,3
6301,2021-03-07,BN,Brunei Darussalam,WPRO,4,190,0,3
6302,2021-03-14,BN,Brunei Darussalam,WPRO,9,199,0,3
6303,2021-03-21,BN,Brunei Darussalam,WPRO,7,206,0,3
6304,2021-03-28,BN,Brunei Darussalam,WPRO,1,207,0,3
6305,2021-04-04,BN,Brunei Darussalam,WPRO,7,214,0,3
6306,2021-04-11,BN,Brunei Darussalam,WPRO,5,219,0,3
6307,2021-04-18,BN,Brunei Darussalam,WPRO,2,221,0,3
6308,2021-04-25,BN,Brunei Darussalam,WPRO,2,223,0,3
6309,2021-05-02,BN,Brunei Darussalam,WPRO,4,227,0,3
6310,2021-05-09,BN,Brunei Darussalam,WPRO,3,230,0,3
6311,2021-05-16,BN,Brunei Darussalam,WPRO,2,232,0,3
6312,2021-05-23,BN,Brunei Darussalam,WPRO,4,236,0,3
6313,2021-05-30,BN,Brunei Darussalam,WPRO,6,242,0,3
6314,2021-06-06,BN,Brunei Darussalam,WPRO,2,244,0,3
6315,2021-06-13,BN,Brunei Darussalam,WPRO,6,250,0,3
6316,2021-06-20,BN,Brunei Darussalam,WPRO,5,255,0,3
6317,2021-06-27,BN,Brunei Darussalam,WPRO,4,259,0,3
6318,2021-07-04,BN,Brunei Darussalam,WPRO,3,262,0,3
6319,2021-07-11,BN,Brunei Darussalam,WPRO,13,275,0,3
6320,2021-07-18,BN,Brunei Darussalam,WPRO,16,291,0,3
6321,2021-07-25,BN,Brunei Darussalam,WPRO,30,321,0,3
6322,2021-08-01,BN,Brunei Darussalam,WPRO,17,338,0,3
6323,2021-08-08,BN,Brunei Darussalam,WPRO,26,364,0,3
6324,2021-08-15,BN,Brunei Darussalam,WPRO,359,723,1,4
6325,2021-08-22,BN,Brunei Darussalam,WPRO,1046,1769,7,11
6326,2021-08-29,BN,Brunei Darussalam,WPRO,796,2565,5,16
6327,2021-09-05,BN,Brunei Darussalam,WPRO,764,3329,4,20
6328,2021-09-12,BN,Brunei Darussalam,WPRO,834,4163,5,25
6329,2021-09-19,BN,Brunei Darussalam,WPRO,884,5047,7,32
6330,2021-09-26,BN,Brunei Darussalam,WPRO,1493,6540,6,38
6331,2021-10-03,BN,Brunei Darussalam,WPRO,1176,7716,6,44
6332,2021-10-10,BN,Brunei Darussalam,WPRO,1264,8980,5,49
6333,2021-10-17,BN,Brunei Darussalam,WPRO,1880,10860,7,56
6334,2021-10-24,BN,Brunei Darussalam,WPRO,1253,12113,1,57
6335,2021-10-31,BN,Brunei Darussalam,WPRO,1017,13130,1,58
6336,2021-11-07,BN,Brunei Darussalam,WPRO,652,13782,3,61
6337,2021-11-14,BN,Brunei Darussalam,WPRO,433,14215,0,61
6338,2021-11-21,BN,Brunei Darussalam,WPRO,376,14591,0,61
6339,2021-11-28,BN,Brunei Darussalam,WPRO,445,15036,0,61
6340,2021-12-05,BN,Brunei Darussalam,WPRO,150,15186,0,61
6341,2021-12-12,BN,Brunei Darussalam,WPRO,162,15348,0,61
6342,2021-12-19,BN,Brunei Darussalam,WPRO,54,15402,0,61
6343,2021-12-26,BN,Brunei Darussalam,WPRO,45,15447,0,61
6344,2022-01-02,BN,Brunei Darussalam,WPRO,52,15499,1,62
6345,2022-01-09,BN,Brunei Darussalam,WPRO,135,15634,0,62
6346,2022-01-16,BN,Brunei Darussalam,WPRO,247,15881,0,62
6347,2022-01-23,BN,Brunei Darussalam,WPRO,251,16132,0,62
6348,2022-01-30,BN,Brunei Darussalam,WPRO,281,16413,0,62
6349,2022-02-06,BN,Brunei Darussalam,WPRO,1371,17784,0,62
6350,2022-02-13,BN,Brunei Darussalam,WPRO,4731,22515,2,64
6351,2022-02-20,BN,Brunei Darussalam,WPRO,12464,34979,3,67
6352,2022-02-27,BN,Brunei Darussalam,WPRO,24468,59447,6,73
6353,2022-03-06,BN,Brunei Darussalam,WPRO,29402,88849,11,84
6354,2022-03-13,BN,Brunei Darussalam,WPRO,23244,112093,8,92
6355,2022-03-20,BN,Brunei Darussalam,WPRO,12623,124716,2,94
6356,2022-03-27,BN,Brunei Darussalam,WPRO,6687,131403,6,100
6357,2022-04-03,BN,Brunei Darussalam,WPRO,4571,135974,0,100
6358,2022-04-10,BN,Brunei Darussalam,WPRO,2556,138530,1,101
6359,2022-04-17,BN,Brunei Darussalam,WPRO,1493,140023,0,101
6360,2022-04-24,BN,Brunei Darussalam,WPRO,1096,141119,0,101
6361,2022-05-01,BN,Brunei Darussalam,WPRO,792,141911,0,101
6362,2022-05-08,BN,Brunei Darussalam,WPRO,947,142858,0,101
6363,2022-05-15,BN,Brunei Darussalam,WPRO,1801,144659,0,101
6364,2022-05-22,BN,Brunei Darussalam,WPRO,1827,146486,0,101
6365,2022-05-29,BN,Brunei Darussalam,WPRO,1603,148089,0,101
6366,2022-06-05,BN,Brunei Darussalam,WPRO,2313,150402,0,101
6367,2022-06-12,BN,Brunei Darussalam,WPRO,2691,153093,0,101
6368,2022-06-19,BN,Brunei Darussalam,WPRO,3930,157023,0,101
6369,2022-06-26,BN,Brunei Darussalam,WPRO,0,157023,1,102
6370,2022-07-03,BN,Brunei Darussalam,WPRO,6504,163527,5,107
6371,2022-07-10,BN,Brunei Darussalam,WPRO,9610,173137,10,117
6372,2022-07-17,BN,Brunei Darussalam,WPRO,11858,184995,4,121
6373,2022-07-24,BN,Brunei Darussalam,WPRO,12420,197415,1,122
6374,2022-07-31,BN,Brunei Darussalam,WPRO,8745,206160,0,122
6375,2022-08-07,BN,Brunei Darussalam,WPRO,9123,215283,6,128
6376,2022-08-14,BN,Brunei Darussalam,WPRO,2976,218259,0,128
6377,2022-08-21,BN,Brunei Darussalam,WPRO,1986,220245,0,128
6378,2022-08-28,BN,Brunei Darussalam,WPRO,1454,221699,1,129
6379,2022-09-04,BN,Brunei Darussalam,WPRO,1360,223059,1,130
6380,2022-09-11,BN,Brunei Darussalam,WPRO,1551,224610,1,131
6381,2022-09-18,BN,Brunei Darussalam,WPRO,1627,226237,0,131
6382,2022-09-25,BN,Brunei Darussalam,WPRO,1519,227756,0,131
6383,2022-10-02,BN,Brunei Darussalam,WPRO,1909,229665,2,133
6384,2022-10-09,BN,Brunei Darussalam,WPRO,2168,231833,1,134
6385,2022-10-16,BN,Brunei Darussalam,WPRO,2749,234582,1,135
6386,2022-10-23,BN,Brunei Darussalam,WPRO,3074,237656,1,136
6387,2022-10-30,BN,Brunei Darussalam,WPRO,3388,241044,0,136
6388,2022-11-06,BN,Brunei Darussalam,WPRO,3555,244599,1,137
6389,2022-11-13,BN,Brunei Darussalam,WPRO,4262,248861,0,137
6390,2022-11-20,BN,Brunei Darussalam,WPRO,4545,253406,6,143
6391,2022-11-27,BN,Brunei Darussalam,WPRO,4515,257921,1,144
6392,2022-12-04,BN,Brunei Darussalam,WPRO,3519,261440,1,145
6393,2022-12-11,BN,Brunei Darussalam,WPRO,3050,264490,1,146
6394,2022-12-18,BN,Brunei Darussalam,WPRO,2329,266819,1,147
6395,2022-12-25,BN,Brunei Darussalam,WPRO,1796,268615,1,148
6396,2023-01-01,BN,Brunei Darussalam,WPRO,1584,270199,0,148
6397,2023-01-08,BN,Brunei Darussalam,WPRO,2447,272646,0,148
6398,2023-01-15,BN,Brunei Darussalam,WPRO,0,272646,0,148
6399,2023-01-22,BN,Brunei Darussalam,WPRO,1571,274217,0,148
6400,2023-01-29,BN,Brunei Darussalam,WPRO,1003,275220,0,148
6401,2023-02-05,BN,Brunei Darussalam,WPRO,847,276067,0,148
6402,2023-02-12,BN,Brunei Darussalam,WPRO,758,276825,1,149
6403,2023-02-19,BN,Brunei Darussalam,WPRO,616,277441,1,150
6404,2023-02-26,BN,Brunei Darussalam,WPRO,551,277992,0,150
6405,2023-03-05,BN,Brunei Darussalam,WPRO,706,278698,0,150
6406,2023-03-12,BN,Brunei Darussalam,WPRO,963,279661,0,150
6407,2023-03-19,BN,Brunei Darussalam,WPRO,1129,280790,1,151
6408,2023-03-26,BN,Brunei Darussalam,WPRO,1166,281956,2,153
6409,2023-04-02,BN,Brunei Darussalam,WPRO,1389,283345,0,153
6410,2023-04-09,BN,Brunei Darussalam,WPRO,1287,284632,0,153
6411,2023-04-16,BN,Brunei Darussalam,WPRO,1108,285740,2,155
6412,2023-04-23,BN,Brunei Darussalam,WPRO,1070,286810,0,155
6413,2023-04-30,BN,Brunei Darussalam,WPRO,1241,288051,2,157
6414,2023-05-07,BN,Brunei Darussalam,WPRO,4593,292644,3,160
6415,2023-05-14,BN,Brunei Darussalam,WPRO,6861,299505,0,160
6416,2023-05-21,BN,Brunei Darussalam,WPRO,4214,303719,1,161
6417,2023-05-28,BN,Brunei Darussalam,WPRO,2614,306333,0,161
6418,2023-06-04,BN,Brunei Darussalam,WPRO,1353,307686,0,161
6419,2023-06-11,BN,Brunei Darussalam,WPRO,1091,308777,0,161
6420,2023-06-18,BN,Brunei Darussalam,WPRO,338,309115,0,161
6421,2023-06-25,BN,Brunei Darussalam,WPRO,275,309390,0,161
6422,2023-07-02,BN,Brunei Darussalam,WPRO,171,309561,1,162
6423,2023-07-09,BN,Brunei Darussalam,WPRO,252,309813,0,162
6424,2023-07-16,BN,Brunei Darussalam,WPRO,117,309930,0,162
6425,2023-07-23,BN,Brunei Darussalam,WPRO,89,310019,1,163
6426,2023-07-30,BN,Brunei Darussalam,WPRO,87,310106,0,163
6427,2023-08-06,BN,Brunei Darussalam,WPRO,119,310225,0,163
6428,2023-08-13,BN,Brunei Darussalam,WPRO,154,310379,0,163
6429,2023-08-20,BN,Brunei Darussalam,WPRO,0,310379,0,163
6430,2023-08-27,BN,Brunei Darussalam,WPRO,173,310552,0,163
6431,2023-09-03,BN,Brunei Darussalam,WPRO,78,310630,0,163
6432,2023-09-10,BN,Brunei Darussalam,WPRO,146,310776,0,163
6433,2023-09-17,BN,Brunei Darussalam,WPRO,244,311020,0,163
6434,2023-09-24,BN,Brunei Darussalam,WPRO,216,311236,0,163
6435,2023-10-01,BN,Brunei Darussalam,WPRO,213,311449,0,163
6436,2023-10-08,BN,Brunei Darussalam,WPRO,165,311614,0,163
6437,2023-10-15,BN,Brunei Darussalam,WPRO,291,311905,0,163
6438,2023-10-22,BN,Brunei Darussalam,WPRO,289,312194,0,163
6439,2023-10-29,BN,Brunei Darussalam,WPRO,330,312524,0,163
6440,2023-11-05,BN,Brunei Darussalam,WPRO,368,312892,0,163
6441,2023-11-12,BN,Brunei Darussalam,WPRO,488,313380,0,163
6442,2023-11-19,BN,Brunei Darussalam,WPRO,539,313919,0,163
6443,2023-11-26,BN,Brunei Darussalam,WPRO,691,314610,0,163
6444,2023-12-03,BN,Brunei Darussalam,WPRO,1123,315733,1,164
6445,2023-12-10,BN,Brunei Darussalam,WPRO,1854,317587,2,166
6446,2023-12-17,BN,Brunei Darussalam,WPRO,3648,321235,2,168
6447,2023-12-24,BN,Brunei Darussalam,WPRO,5040,326275,2,170
6448,2020-01-05,BG,Bulgaria,EURO,0,0,0,0
6449,2020-01-12,BG,Bulgaria,EURO,0,0,0,0
6450,2020-01-19,BG,Bulgaria,EURO,0,0,0,0
6451,2020-01-26,BG,Bulgaria,EURO,0,0,0,0
6452,2020-02-02,BG,Bulgaria,EURO,0,0,0,0
6453,2020-02-09,BG,Bulgaria,EURO,0,0,0,0
6454,2020-02-16,BG,Bulgaria,EURO,0,0,0,0
6455,2020-02-23,BG,Bulgaria,EURO,0,0,0,0
6456,2020-03-01,BG,Bulgaria,EURO,0,0,0,0
6457,2020-03-08,BG,Bulgaria,EURO,4,4,0,0
6458,2020-03-15,BG,Bulgaria,EURO,47,51,2,2
6459,2020-03-22,BG,Bulgaria,EURO,134,185,1,3
6460,2020-03-29,BG,Bulgaria,EURO,161,346,5,8
6461,2020-04-05,BG,Bulgaria,EURO,185,531,12,20
6462,2020-04-12,BG,Bulgaria,EURO,144,675,9,29
6463,2020-04-19,BG,Bulgaria,EURO,219,894,13,42
6464,2020-04-26,BG,Bulgaria,EURO,406,1300,14,56
6465,2020-05-03,BG,Bulgaria,EURO,318,1618,17,73
6466,2020-05-10,BG,Bulgaria,EURO,347,1965,18,91
6467,2020-05-17,BG,Bulgaria,EURO,246,2211,17,108
6468,2020-05-24,BG,Bulgaria,EURO,216,2427,22,130
6469,2020-05-31,BG,Bulgaria,EURO,86,2513,10,140
6470,2020-06-07,BG,Bulgaria,EURO,198,2711,20,160
6471,2020-06-14,BG,Bulgaria,EURO,555,3266,12,172
6472,2020-06-21,BG,Bulgaria,EURO,606,3872,27,199
6473,2020-06-28,BG,Bulgaria,EURO,753,4625,17,216
6474,2020-07-05,BG,Bulgaria,EURO,1052,5677,25,241
6475,2020-07-12,BG,Bulgaria,EURO,1498,7175,26,267
6476,2020-07-19,BG,Bulgaria,EURO,1463,8638,32,299
6477,2020-07-26,BG,Bulgaria,EURO,1674,10312,39,338
6478,2020-08-02,BG,Bulgaria,EURO,1524,11836,47,385
6479,2020-08-09,BG,Bulgaria,EURO,1507,13343,60,445
6480,2020-08-16,BG,Bulgaria,EURO,990,14333,50,495
6481,2020-08-23,BG,Bulgaria,EURO,894,15227,50,545
6482,2020-08-30,BG,Bulgaria,EURO,937,16164,60,605
6483,2020-09-06,BG,Bulgaria,EURO,886,17050,66,671
6484,2020-09-13,BG,Bulgaria,EURO,841,17891,46,717
6485,2020-09-20,BG,Bulgaria,EURO,928,18819,38,755
6486,2020-09-27,BG,Bulgaria,EURO,1178,19997,34,789
6487,2020-10-04,BG,Bulgaria,EURO,1521,21518,52,841
6488,2020-10-11,BG,Bulgaria,EURO,2801,24319,50,891
6489,2020-10-18,BG,Bulgaria,EURO,4789,29108,77,968
6490,2020-10-25,BG,Bulgaria,EURO,8454,37562,116,1084
6491,2020-11-01,BG,Bulgaria,EURO,15282,52844,195,1279
6492,2020-11-08,BG,Bulgaria,EURO,21641,74485,353,1632
6493,2020-11-15,BG,Bulgaria,EURO,22950,97435,459,2091
6494,2020-11-22,BG,Bulgaria,EURO,23262,120697,729,2820
6495,2020-11-29,BG,Bulgaria,EURO,21050,141747,929,3749
6496,2020-12-06,BG,Bulgaria,EURO,19097,160844,980,4729
6497,2020-12-13,BG,Bulgaria,EURO,18108,178952,897,5626
6498,2020-12-20,BG,Bulgaria,EURO,12077,191029,925,6551
6499,2020-12-27,BG,Bulgaria,EURO,6355,197384,572,7123
6500,2021-01-03,BG,Bulgaria,EURO,5496,202880,521,7644
6501,2021-01-10,BG,Bulgaria,EURO,5526,208406,453,8097
6502,2021-01-17,BG,Bulgaria,EURO,3330,211736,377,8474
6503,2021-01-24,BG,Bulgaria,EURO,2960,214696,337,8811
6504,2021-01-31,BG,Bulgaria,EURO,3922,218618,217,9028
6505,2021-02-07,BG,Bulgaria,EURO,4934,223552,283,9311
6506,2021-02-14,BG,Bulgaria,EURO,5964,229516,297,9608
6507,2021-02-21,BG,Bulgaria,EURO,6923,236439,231,9839
6508,2021-02-28,BG,Bulgaria,EURO,10267,246706,328,10167
6509,2021-03-07,BG,Bulgaria,EURO,13105,259811,426,10593
6510,2021-03-14,BG,Bulgaria,EURO,18067,277878,641,11234
6511,2021-03-21,BG,Bulgaria,EURO,24602,302480,732,11966
6512,2021-03-28,BG,Bulgaria,EURO,25290,327770,684,12650
6513,2021-04-04,BG,Bulgaria,EURO,24489,352259,857,13507
6514,2021-04-11,BG,Bulgaria,EURO,19272,371531,844,14351
6515,2021-04-18,BG,Bulgaria,EURO,14432,385963,787,15138
6516,2021-04-25,BG,Bulgaria,EURO,11137,397100,721,15859
6517,2021-05-02,BG,Bulgaria,EURO,7746,404846,585,16444
6518,2021-05-09,BG,Bulgaria,EURO,5115,409961,458,16902
6519,2021-05-16,BG,Bulgaria,EURO,4080,414041,348,17250
6520,2021-05-23,BG,Bulgaria,EURO,2524,416565,237,17487
6521,2021-05-30,BG,Bulgaria,EURO,1656,418221,170,17657
6522,2021-06-06,BG,Bulgaria,EURO,1205,419426,156,17813
6523,2021-06-13,BG,Bulgaria,EURO,868,420294,85,17898
6524,2021-06-20,BG,Bulgaria,EURO,711,421005,91,17989
6525,2021-06-27,BG,Bulgaria,EURO,510,421515,38,18027
6526,2021-07-04,BG,Bulgaria,EURO,519,422034,57,18084
6527,2021-07-11,BG,Bulgaria,EURO,412,422446,56,18140
6528,2021-07-18,BG,Bulgaria,EURO,484,422930,29,18169
6529,2021-07-25,BG,Bulgaria,EURO,699,423629,24,18193
6530,2021-08-01,BG,Bulgaria,EURO,1425,425054,20,18213
6531,2021-08-08,BG,Bulgaria,EURO,2819,427873,39,18252
6532,2021-08-15,BG,Bulgaria,EURO,5089,432962,87,18339
6533,2021-08-22,BG,Bulgaria,EURO,7949,440911,128,18467
6534,2021-08-29,BG,Bulgaria,EURO,10237,451148,238,18705
6535,2021-09-05,BG,Bulgaria,EURO,10397,461545,378,19083
6536,2021-09-12,BG,Bulgaria,EURO,9290,470835,386,19469
6537,2021-09-19,BG,Bulgaria,EURO,10893,481728,516,19985
6538,2021-09-26,BG,Bulgaria,EURO,10637,492365,464,20449
6539,2021-10-03,BG,Bulgaria,EURO,13116,505481,546,20995
6540,2021-10-10,BG,Bulgaria,EURO,14760,520241,621,21616
6541,2021-10-17,BG,Bulgaria,EURO,19378,539619,615,22231
6542,2021-10-24,BG,Bulgaria,EURO,28454,568073,802,23033
6543,2021-10-31,BG,Bulgaria,EURO,32962,601035,885,23918
6544,2021-11-07,BG,Bulgaria,EURO,30471,631506,1087,25005
6545,2021-11-14,BG,Bulgaria,EURO,23313,654819,1186,26191
6546,2021-11-21,BG,Bulgaria,EURO,17736,672555,989,27180
6547,2021-11-28,BG,Bulgaria,EURO,16073,688628,863,28043
6548,2021-12-05,BG,Bulgaria,EURO,13826,702454,762,28805
6549,2021-12-12,BG,Bulgaria,EURO,11702,714156,681,29486
6550,2021-12-19,BG,Bulgaria,EURO,10181,724337,561,30047
6551,2021-12-26,BG,Bulgaria,EURO,9545,733882,481,30528
6552,2022-01-02,BG,Bulgaria,EURO,14302,748184,455,30983
6553,2022-01-09,BG,Bulgaria,EURO,30517,778701,533,31516
6554,2022-01-16,BG,Bulgaria,EURO,39528,818229,526,32042
6555,2022-01-23,BG,Bulgaria,EURO,59152,877381,594,32636
6556,2022-01-30,BG,Bulgaria,EURO,61831,939212,485,33121
6557,2022-02-06,BG,Bulgaria,EURO,54043,993255,607,33728
6558,2022-02-13,BG,Bulgaria,EURO,42030,1035285,631,34359
6559,2022-02-20,BG,Bulgaria,EURO,31128,1066413,639,34998
6560,2022-02-27,BG,Bulgaria,EURO,21383,1087796,460,35458
6561,2022-03-06,BG,Bulgaria,EURO,13015,1100811,353,35811
6562,2022-03-13,BG,Bulgaria,EURO,11365,1112176,273,36084
6563,2022-03-20,BG,Bulgaria,EURO,11538,1123714,188,36272
6564,2022-03-27,BG,Bulgaria,EURO,9388,1133102,157,36429
6565,2022-04-03,BG,Bulgaria,EURO,7351,1140453,136,36565
6566,2022-04-10,BG,Bulgaria,EURO,4690,1145143,127,36692
6567,2022-04-17,BG,Bulgaria,EURO,4082,1149225,90,36782
6568,2022-04-24,BG,Bulgaria,EURO,3667,1152892,67,36849
6569,2022-05-01,BG,Bulgaria,EURO,3837,1156729,64,36913
6570,2022-05-08,BG,Bulgaria,EURO,2421,1159150,53,36966
6571,2022-05-15,BG,Bulgaria,EURO,2354,1161504,79,37045
6572,2022-05-22,BG,Bulgaria,EURO,1813,1163317,45,37090
6573,2022-05-29,BG,Bulgaria,EURO,1342,1164659,43,37133
6574,2022-06-05,BG,Bulgaria,EURO,1148,1165807,30,37163
6575,2022-06-12,BG,Bulgaria,EURO,1052,1166859,33,37196
6576,2022-06-19,BG,Bulgaria,EURO,1179,1168038,28,37224
6577,2022-06-26,BG,Bulgaria,EURO,1933,1169971,22,37246
6578,2022-07-03,BG,Bulgaria,EURO,3123,1173094,11,37257
6579,2022-07-10,BG,Bulgaria,EURO,4842,1177936,9,37266
6580,2022-07-17,BG,Bulgaria,EURO,6496,1184432,25,37291
6581,2022-07-24,BG,Bulgaria,EURO,10454,1194886,38,37329
6582,2022-07-31,BG,Bulgaria,EURO,11805,1206691,48,37377
6583,2022-08-07,BG,Bulgaria,EURO,6211,1212902,44,37421
6584,2022-08-14,BG,Bulgaria,EURO,8910,1221812,55,37476
6585,2022-08-21,BG,Bulgaria,EURO,7406,1229218,55,37531
6586,2022-08-28,BG,Bulgaria,EURO,0,1229218,0,37531
6587,2022-09-04,BG,Bulgaria,EURO,4874,1234092,26,37557
6588,2022-09-11,BG,Bulgaria,EURO,3480,1237572,35,37592
6589,2022-09-18,BG,Bulgaria,EURO,3494,1241066,30,37622
6590,2022-09-25,BG,Bulgaria,EURO,3422,1244488,21,37643
6591,2022-10-02,BG,Bulgaria,EURO,4818,1249306,21,37664
6592,2022-10-09,BG,Bulgaria,EURO,4846,1254152,28,37692
6593,2022-10-16,BG,Bulgaria,EURO,5177,1259329,38,37730
6594,2022-10-23,BG,Bulgaria,EURO,4377,1263706,37,37767
6595,2022-10-30,BG,Bulgaria,EURO,3946,1267652,39,37806
6596,2022-11-06,BG,Bulgaria,EURO,2893,1270545,56,37862
6597,2022-11-13,BG,Bulgaria,EURO,2340,1272885,37,37899
6598,2022-11-20,BG,Bulgaria,EURO,1702,1274587,44,37943
6599,2022-11-27,BG,Bulgaria,EURO,1341,1275928,30,37973
6600,2022-12-04,BG,Bulgaria,EURO,1114,1277042,22,37995
6601,2022-12-11,BG,Bulgaria,EURO,1201,1278243,12,38007
6602,2022-12-18,BG,Bulgaria,EURO,1287,1279530,20,38027
6603,2022-12-25,BG,Bulgaria,EURO,1087,1280617,9,38036
6604,2023-01-01,BG,Bulgaria,EURO,877,1281494,18,38054
6605,2023-01-08,BG,Bulgaria,EURO,1112,1282606,14,38068
6606,2023-01-15,BG,Bulgaria,EURO,900,1283506,16,38084
6607,2023-01-22,BG,Bulgaria,EURO,732,1284238,22,38106
6608,2023-01-29,BG,Bulgaria,EURO,407,1284645,14,38120
6609,2023-02-05,BG,Bulgaria,EURO,330,1284975,10,38130
6610,2023-02-12,BG,Bulgaria,EURO,269,1285244,10,38140
6611,2023-02-19,BG,Bulgaria,EURO,335,1285579,10,38150
6612,2023-02-26,BG,Bulgaria,EURO,453,1286032,7,38157
6613,2023-03-05,BG,Bulgaria,EURO,395,1286427,8,38165
6614,2023-03-12,BG,Bulgaria,EURO,627,1287054,12,38177
6615,2023-03-19,BG,Bulgaria,EURO,713,1287767,5,38182
6616,2023-03-26,BG,Bulgaria,EURO,885,1288652,12,38194
6617,2023-04-02,BG,Bulgaria,EURO,906,1289558,12,38206
6618,2023-04-09,BG,Bulgaria,EURO,1015,1290573,16,38222
6619,2023-04-16,BG,Bulgaria,EURO,963,1291536,12,38234
6620,2023-04-23,BG,Bulgaria,EURO,1150,1292686,18,38252
6621,2023-04-30,BG,Bulgaria,EURO,1024,1293710,21,38273
6622,2023-05-07,BG,Bulgaria,EURO,884,1294594,14,38287
6623,2023-05-14,BG,Bulgaria,EURO,718,1295312,12,38299
6624,2023-05-21,BG,Bulgaria,EURO,740,1296052,15,38314
6625,2023-05-28,BG,Bulgaria,EURO,589,1296641,10,38324
6626,2023-06-04,BG,Bulgaria,EURO,542,1297183,13,38337
6627,2023-06-11,BG,Bulgaria,EURO,422,1297605,12,38349
6628,2023-06-18,BG,Bulgaria,EURO,389,1297994,5,38354
6629,2023-06-25,BG,Bulgaria,EURO,276,1298270,12,38366
6630,2023-07-02,BG,Bulgaria,EURO,205,1298475,5,38371
6631,2023-07-09,BG,Bulgaria,EURO,172,1298647,17,38388
6632,2023-07-16,BG,Bulgaria,EURO,139,1298786,5,38393
6633,2023-07-23,BG,Bulgaria,EURO,123,1298909,3,38396
6634,2023-07-30,BG,Bulgaria,EURO,115,1299024,1,38397
6635,2023-08-06,BG,Bulgaria,EURO,177,1299201,0,38397
6636,2023-08-13,BG,Bulgaria,EURO,203,1299404,1,38398
6637,2023-08-20,BG,Bulgaria,EURO,221,1299625,2,38400
6638,2023-08-27,BG,Bulgaria,EURO,305,1299930,3,38403
6639,2023-09-03,BG,Bulgaria,EURO,356,1300286,3,38406
6640,2023-09-10,BG,Bulgaria,EURO,434,1300720,4,38410
6641,2023-09-17,BG,Bulgaria,EURO,620,1301340,3,38413
6642,2023-09-24,BG,Bulgaria,EURO,848,1302188,1,38414
6643,2023-10-01,BG,Bulgaria,EURO,1593,1303781,6,38420
6644,2023-10-08,BG,Bulgaria,EURO,1698,1305479,12,38432
6645,2023-10-15,BG,Bulgaria,EURO,2209,1307688,24,38456
6646,2023-10-22,BG,Bulgaria,EURO,2137,1309825,16,38472
6647,2023-10-29,BG,Bulgaria,EURO,2277,1312102,22,38494
6648,2023-11-05,BG,Bulgaria,EURO,0,1312102,0,38494
6649,2023-11-12,BG,Bulgaria,EURO,0,1312102,0,38494
6650,2023-11-19,BG,Bulgaria,EURO,0,1312102,0,38494
6651,2023-11-26,BG,Bulgaria,EURO,0,1312102,0,38494
6652,2023-12-03,BG,Bulgaria,EURO,0,1312102,0,38494
6653,2023-12-10,BG,Bulgaria,EURO,2191,1314293,29,38523
6654,2023-12-17,BG,Bulgaria,EURO,1128,1315421,16,38539
6655,2023-12-24,BG,Bulgaria,EURO,1330,1316751,9,38548
6656,2020-01-05,BF,Burkina Faso,AFRO,0,0,0,0
6657,2020-01-12,BF,Burkina Faso,AFRO,0,0,0,0
6658,2020-01-19,BF,Burkina Faso,AFRO,0,0,0,0
6659,2020-01-26,BF,Burkina Faso,AFRO,0,0,0,0
6660,2020-02-02,BF,Burkina Faso,AFRO,0,0,0,0
6661,2020-02-09,BF,Burkina Faso,AFRO,0,0,0,0
6662,2020-02-16,BF,Burkina Faso,AFRO,0,0,0,0
6663,2020-02-23,BF,Burkina Faso,AFRO,0,0,0,0
6664,2020-03-01,BF,Burkina Faso,AFRO,0,0,0,0
6665,2020-03-08,BF,Burkina Faso,AFRO,0,0,0,0
6666,2020-03-15,BF,Burkina Faso,AFRO,7,7,0,0
6667,2020-03-22,BF,Burkina Faso,AFRO,68,75,6,6
6668,2020-03-29,BF,Burkina Faso,AFRO,147,222,9,15
6669,2020-04-05,BF,Burkina Faso,AFRO,142,364,2,17
6670,2020-04-12,BF,Burkina Faso,AFRO,120,484,1,18
6671,2020-04-19,BF,Burkina Faso,AFRO,92,576,18,36
6672,2020-04-26,BF,Burkina Faso,AFRO,56,632,6,42
6673,2020-05-03,BF,Burkina Faso,AFRO,20,652,3,45
6674,2020-05-10,BF,Burkina Faso,AFRO,96,748,3,48
6675,2020-05-17,BF,Burkina Faso,AFRO,34,782,3,51
6676,2020-05-24,BF,Burkina Faso,AFRO,59,841,1,52
6677,2020-05-31,BF,Burkina Faso,AFRO,14,855,1,53
6678,2020-06-07,BF,Burkina Faso,AFRO,34,889,0,53
6679,2020-06-14,BF,Burkina Faso,AFRO,5,894,0,53
6680,2020-06-21,BF,Burkina Faso,AFRO,7,901,0,53
6681,2020-06-28,BF,Burkina Faso,AFRO,58,959,0,53
6682,2020-07-05,BF,Burkina Faso,AFRO,41,1000,0,53
6683,2020-07-12,BF,Burkina Faso,AFRO,36,1036,0,53
6684,2020-07-19,BF,Burkina Faso,AFRO,29,1065,0,53
6685,2020-07-26,BF,Burkina Faso,AFRO,35,1100,0,53
6686,2020-08-02,BF,Burkina Faso,AFRO,50,1150,0,53
6687,2020-08-09,BF,Burkina Faso,AFRO,54,1204,1,54
6688,2020-08-16,BF,Burkina Faso,AFRO,63,1267,1,55
6689,2020-08-23,BF,Burkina Faso,AFRO,61,1328,0,55
6690,2020-08-30,BF,Burkina Faso,AFRO,40,1368,0,55
6691,2020-09-06,BF,Burkina Faso,AFRO,84,1452,0,55
6692,2020-09-13,BF,Burkina Faso,AFRO,255,1707,1,56
6693,2020-09-20,BF,Burkina Faso,AFRO,139,1846,0,56
6694,2020-09-27,BF,Burkina Faso,AFRO,162,2008,0,56
6695,2020-10-04,BF,Burkina Faso,AFRO,159,2167,3,59
6696,2020-10-11,BF,Burkina Faso,AFRO,113,2280,4,63
6697,2020-10-18,BF,Burkina Faso,AFRO,101,2381,2,65
6698,2020-10-25,BF,Burkina Faso,AFRO,70,2451,0,65
6699,2020-11-01,BF,Burkina Faso,AFRO,57,2508,2,67
6700,2020-11-08,BF,Burkina Faso,AFRO,61,2569,0,67
6701,2020-11-15,BF,Burkina Faso,AFRO,72,2641,1,68
6702,2020-11-22,BF,Burkina Faso,AFRO,94,2735,0,68
6703,2020-11-29,BF,Burkina Faso,AFRO,121,2856,0,68
6704,2020-12-06,BF,Burkina Faso,AFRO,356,3212,0,68
6705,2020-12-13,BF,Burkina Faso,AFRO,818,4030,3,71
6706,2020-12-20,BF,Burkina Faso,AFRO,1130,5160,5,76
6707,2020-12-27,BF,Burkina Faso,AFRO,1184,6344,2,78
6708,2021-01-03,BF,Burkina Faso,AFRO,707,7051,8,86
6709,2021-01-10,BF,Burkina Faso,AFRO,1031,8082,3,89
6710,2021-01-17,BF,Burkina Faso,AFRO,1106,9188,13,102
6711,2021-01-24,BF,Burkina Faso,AFRO,850,10038,10,112
6712,2021-01-31,BF,Burkina Faso,AFRO,644,10682,8,120
6713,2021-02-07,BF,Burkina Faso,AFRO,603,11285,14,134
6714,2021-02-14,BF,Burkina Faso,AFRO,329,11614,4,138
6715,2021-02-21,BF,Burkina Faso,AFRO,183,11797,1,139
6716,2021-02-28,BF,Burkina Faso,AFRO,227,12024,3,142
6717,2021-03-07,BF,Burkina Faso,AFRO,157,12181,1,143
6718,2021-03-14,BF,Burkina Faso,AFRO,191,12372,1,144
6719,2021-03-21,BF,Burkina Faso,AFRO,163,12535,1,145
6720,2021-03-28,BF,Burkina Faso,AFRO,157,12692,0,145
6721,2021-04-04,BF,Burkina Faso,AFRO,125,12817,5,150
6722,2021-04-11,BF,Burkina Faso,AFRO,162,12979,2,152
6723,2021-04-18,BF,Burkina Faso,AFRO,150,13129,2,154
6724,2021-04-25,BF,Burkina Faso,AFRO,134,13263,2,156
6725,2021-05-02,BF,Burkina Faso,AFRO,61,13324,1,157
6726,2021-05-09,BF,Burkina Faso,AFRO,55,13379,5,162
6727,2021-05-16,BF,Burkina Faso,AFRO,18,13397,2,164
6728,2021-05-23,BF,Burkina Faso,AFRO,18,13415,1,165
6729,2021-05-30,BF,Burkina Faso,AFRO,16,13431,1,166
6730,2021-06-06,BF,Burkina Faso,AFRO,22,13453,1,167
6731,2021-06-13,BF,Burkina Faso,AFRO,6,13459,0,167
6732,2021-06-20,BF,Burkina Faso,AFRO,10,13469,0,167
6733,2021-06-27,BF,Burkina Faso,AFRO,9,13478,1,168
6734,2021-07-04,BF,Burkina Faso,AFRO,16,13494,0,168
6735,2021-07-11,BF,Burkina Faso,AFRO,23,13517,0,168
6736,2021-07-18,BF,Burkina Faso,AFRO,19,13536,1,169
6737,2021-07-25,BF,Burkina Faso,AFRO,7,13543,0,169
6738,2021-08-01,BF,Burkina Faso,AFRO,45,13588,0,169
6739,2021-08-08,BF,Burkina Faso,AFRO,37,13625,0,169
6740,2021-08-15,BF,Burkina Faso,AFRO,52,13677,1,170
6741,2021-08-22,BF,Burkina Faso,AFRO,38,13715,1,171
6742,2021-08-29,BF,Burkina Faso,AFRO,47,13762,0,171
6743,2021-09-05,BF,Burkina Faso,AFRO,89,13851,0,171
6744,2021-09-12,BF,Burkina Faso,AFRO,99,13950,0,171
6745,2021-09-19,BF,Burkina Faso,AFRO,102,14052,1,172
6746,2021-09-26,BF,Burkina Faso,AFRO,131,14183,9,181
6747,2021-10-03,BF,Burkina Faso,AFRO,158,14341,6,187
6748,2021-10-10,BF,Burkina Faso,AFRO,175,14516,8,195
6749,2021-10-17,BF,Burkina Faso,AFRO,236,14752,8,203
6750,2021-10-24,BF,Burkina Faso,AFRO,41,14793,11,214
6751,2021-10-31,BF,Burkina Faso,AFRO,108,14901,2,216
6752,2021-11-07,BF,Burkina Faso,AFRO,202,15103,5,221
6753,2021-11-14,BF,Burkina Faso,AFRO,178,15281,13,234
6754,2021-11-21,BF,Burkina Faso,AFRO,233,15514,31,265
6755,2021-11-28,BF,Burkina Faso,AFRO,197,15711,16,281
6756,2021-12-05,BF,Burkina Faso,AFRO,289,16000,5,286
6757,2021-12-12,BF,Burkina Faso,AFRO,334,16334,4,290
6758,2021-12-19,BF,Burkina Faso,AFRO,338,16672,6,296
6759,2021-12-26,BF,Burkina Faso,AFRO,368,17040,21,317
6760,2022-01-02,BF,Burkina Faso,AFRO,592,17632,1,318
6761,2022-01-09,BF,Burkina Faso,AFRO,2004,19636,15,333
6762,2022-01-16,BF,Burkina Faso,AFRO,613,20249,6,339
6763,2022-01-23,BF,Burkina Faso,AFRO,265,20514,14,353
6764,2022-01-30,BF,Burkina Faso,AFRO,110,20624,13,366
6765,2022-02-06,BF,Burkina Faso,AFRO,59,20683,6,372
6766,2022-02-13,BF,Burkina Faso,AFRO,38,20721,3,375
6767,2022-02-20,BF,Burkina Faso,AFRO,30,20751,0,375
6768,2022-02-27,BF,Burkina Faso,AFRO,0,20751,0,375
6769,2022-03-06,BF,Burkina Faso,AFRO,40,20791,3,378
6770,2022-03-13,BF,Burkina Faso,AFRO,15,20806,1,379
6771,2022-03-20,BF,Burkina Faso,AFRO,7,20813,0,379
6772,2022-03-27,BF,Burkina Faso,AFRO,0,20813,0,379
6773,2022-04-03,BF,Burkina Faso,AFRO,45,20858,3,382
6774,2022-04-10,BF,Burkina Faso,AFRO,7,20865,1,383
6775,2022-04-17,BF,Burkina Faso,AFRO,0,20865,0,383
6776,2022-04-24,BF,Burkina Faso,AFRO,0,20865,0,383
6777,2022-05-01,BF,Burkina Faso,AFRO,20,20885,1,384
6778,2022-05-08,BF,Burkina Faso,AFRO,14,20899,0,384
6779,2022-05-15,BF,Burkina Faso,AFRO,0,20899,0,384
6780,2022-05-22,BF,Burkina Faso,AFRO,0,20899,0,384
6781,2022-05-29,BF,Burkina Faso,AFRO,0,20899,0,384
6782,2022-06-05,BF,Burkina Faso,AFRO,0,20899,0,384
6783,2022-06-12,BF,Burkina Faso,AFRO,0,20899,0,384
6784,2022-06-19,BF,Burkina Faso,AFRO,145,21044,3,387
6785,2022-06-26,BF,Burkina Faso,AFRO,0,21044,0,387
6786,2022-07-03,BF,Burkina Faso,AFRO,84,21128,0,387
6787,2022-07-10,BF,Burkina Faso,AFRO,0,21128,0,387
6788,2022-07-17,BF,Burkina Faso,AFRO,0,21128,0,387
6789,2022-07-24,BF,Burkina Faso,AFRO,0,21128,0,387
6790,2022-07-31,BF,Burkina Faso,AFRO,0,21128,0,387
6791,2022-08-07,BF,Burkina Faso,AFRO,0,21128,0,387
6792,2022-08-14,BF,Burkina Faso,AFRO,0,21128,0,387
6793,2022-08-21,BF,Burkina Faso,AFRO,0,21128,0,387
6794,2022-08-28,BF,Burkina Faso,AFRO,0,21128,0,387
6795,2022-09-04,BF,Burkina Faso,AFRO,0,21128,0,387
6796,2022-09-11,BF,Burkina Faso,AFRO,351,21479,0,387
6797,2022-09-18,BF,Burkina Faso,AFRO,83,21562,0,387
6798,2022-09-25,BF,Burkina Faso,AFRO,69,21631,0,387
6799,2022-10-02,BF,Burkina Faso,AFRO,0,21631,0,387
6800,2022-10-09,BF,Burkina Faso,AFRO,0,21631,0,387
6801,2022-10-16,BF,Burkina Faso,AFRO,0,21631,0,387
6802,2022-10-23,BF,Burkina Faso,AFRO,0,21631,0,387
6803,2022-10-30,BF,Burkina Faso,AFRO,0,21631,0,387
6804,2022-11-06,BF,Burkina Faso,AFRO,0,21631,0,387
6805,2022-11-13,BF,Burkina Faso,AFRO,0,21631,0,387
6806,2022-11-20,BF,Burkina Faso,AFRO,0,21631,0,387
6807,2022-11-27,BF,Burkina Faso,AFRO,0,21631,0,387
6808,2022-12-04,BF,Burkina Faso,AFRO,0,21631,0,387
6809,2022-12-11,BF,Burkina Faso,AFRO,375,22006,8,395
6810,2022-12-18,BF,Burkina Faso,AFRO,0,22006,0,395
6811,2022-12-25,BF,Burkina Faso,AFRO,0,22006,0,395
6812,2023-01-01,BF,Burkina Faso,AFRO,17,22023,0,395
6813,2023-01-08,BF,Burkina Faso,AFRO,2,22025,1,396
6814,2023-01-15,BF,Burkina Faso,AFRO,6,22031,0,396
6815,2023-01-22,BF,Burkina Faso,AFRO,3,22034,0,396
6816,2023-01-29,BF,Burkina Faso,AFRO,6,22040,0,396
6817,2023-02-05,BF,Burkina Faso,AFRO,7,22047,0,396
6818,2023-02-12,BF,Burkina Faso,AFRO,9,22056,0,396
6819,2023-02-19,BF,Burkina Faso,AFRO,0,22056,0,396
6820,2023-02-26,BF,Burkina Faso,AFRO,0,22056,0,396
6821,2023-03-05,BF,Burkina Faso,AFRO,0,22056,0,396
6822,2023-03-12,BF,Burkina Faso,AFRO,0,22056,0,396
6823,2023-03-19,BF,Burkina Faso,AFRO,0,22056,0,396
6824,2023-03-26,BF,Burkina Faso,AFRO,0,22056,0,396
6825,2023-04-02,BF,Burkina Faso,AFRO,0,22056,0,396
6826,2023-04-09,BF,Burkina Faso,AFRO,0,22056,0,396
6827,2023-04-16,BF,Burkina Faso,AFRO,0,22056,0,396
6828,2023-04-23,BF,Burkina Faso,AFRO,0,22056,0,396
6829,2023-04-30,BF,Burkina Faso,AFRO,0,22056,0,396
6830,2023-05-07,BF,Burkina Faso,AFRO,0,22056,0,396
6831,2023-05-14,BF,Burkina Faso,AFRO,0,22056,0,396
6832,2023-05-21,BF,Burkina Faso,AFRO,0,22056,0,396
6833,2023-05-28,BF,Burkina Faso,AFRO,0,22056,0,396
6834,2023-06-04,BF,Burkina Faso,AFRO,0,22056,0,396
6835,2023-06-11,BF,Burkina Faso,AFRO,0,22056,0,396
6836,2023-06-18,BF,Burkina Faso,AFRO,0,22056,0,396
6837,2023-06-25,BF,Burkina Faso,AFRO,0,22056,0,396
6838,2023-07-02,BF,Burkina Faso,AFRO,0,22056,0,396
6839,2023-07-09,BF,Burkina Faso,AFRO,0,22056,0,396
6840,2023-07-16,BF,Burkina Faso,AFRO,0,22056,0,396
6841,2023-07-23,BF,Burkina Faso,AFRO,0,22056,0,396
6842,2023-07-30,BF,Burkina Faso,AFRO,0,22056,0,396
6843,2023-08-06,BF,Burkina Faso,AFRO,0,22056,0,396
6844,2023-08-13,BF,Burkina Faso,AFRO,0,22056,0,396
6845,2023-08-20,BF,Burkina Faso,AFRO,0,22056,0,396
6846,2023-08-27,BF,Burkina Faso,AFRO,0,22056,0,396
6847,2023-09-03,BF,Burkina Faso,AFRO,0,22056,0,396
6848,2023-09-10,BF,Burkina Faso,AFRO,0,22056,0,396
6849,2023-09-17,BF,Burkina Faso,AFRO,0,22056,0,396
6850,2023-09-24,BF,Burkina Faso,AFRO,0,22056,0,396
6851,2023-10-01,BF,Burkina Faso,AFRO,0,22056,0,396
6852,2023-10-08,BF,Burkina Faso,AFRO,2,22058,0,396
6853,2023-10-15,BF,Burkina Faso,AFRO,3,22061,0,396
6854,2023-10-22,BF,Burkina Faso,AFRO,4,22065,0,396
6855,2023-10-29,BF,Burkina Faso,AFRO,2,22067,0,396
6856,2023-11-05,BF,Burkina Faso,AFRO,6,22073,0,396
6857,2023-11-12,BF,Burkina Faso,AFRO,8,22081,0,396
6858,2023-11-19,BF,Burkina Faso,AFRO,17,22098,2,398
6859,2023-11-26,BF,Burkina Faso,AFRO,7,22105,1,399
6860,2023-12-03,BF,Burkina Faso,AFRO,1,22106,0,399
6861,2023-12-10,BF,Burkina Faso,AFRO,1,22107,1,400
6862,2023-12-17,BF,Burkina Faso,AFRO,0,22107,0,400
6863,2023-12-24,BF,Burkina Faso,AFRO,0,22107,0,400
6864,2020-01-05,BI,Burundi,AFRO,0,0,0,0
6865,2020-01-12,BI,Burundi,AFRO,0,0,0,0
6866,2020-01-19,BI,Burundi,AFRO,0,0,0,0
6867,2020-01-26,BI,Burundi,AFRO,0,0,0,0
6868,2020-02-02,BI,Burundi,AFRO,0,0,0,0
6869,2020-02-09,BI,Burundi,AFRO,0,0,0,0
6870,2020-02-16,BI,Burundi,AFRO,0,0,0,0
6871,2020-02-23,BI,Burundi,AFRO,0,0,0,0
6872,2020-03-01,BI,Burundi,AFRO,0,0,0,0
6873,2020-03-08,BI,Burundi,AFRO,0,0,0,0
6874,2020-03-15,BI,Burundi,AFRO,0,0,0,0
6875,2020-03-22,BI,Burundi,AFRO,0,0,0,0
6876,2020-03-29,BI,Burundi,AFRO,0,0,0,0
6877,2020-04-05,BI,Burundi,AFRO,3,3,0,0
6878,2020-04-12,BI,Burundi,AFRO,2,5,0,0
6879,2020-04-19,BI,Burundi,AFRO,0,5,1,1
6880,2020-04-26,BI,Burundi,AFRO,10,15,0,1
6881,2020-05-03,BI,Burundi,AFRO,4,19,0,1
6882,2020-05-10,BI,Burundi,AFRO,8,27,0,1
6883,2020-05-17,BI,Burundi,AFRO,15,42,0,1
6884,2020-05-24,BI,Burundi,AFRO,0,42,0,1
6885,2020-05-31,BI,Burundi,AFRO,21,63,0,1
6886,2020-06-07,BI,Burundi,AFRO,20,83,0,1
6887,2020-06-14,BI,Burundi,AFRO,11,94,0,1
6888,2020-06-21,BI,Burundi,AFRO,50,144,0,1
6889,2020-06-28,BI,Burundi,AFRO,26,170,0,1
6890,2020-07-05,BI,Burundi,AFRO,21,191,0,1
6891,2020-07-12,BI,Burundi,AFRO,66,257,0,1
6892,2020-07-19,BI,Burundi,AFRO,65,322,0,1
6893,2020-07-26,BI,Burundi,AFRO,23,345,0,1
6894,2020-08-02,BI,Burundi,AFRO,42,387,0,1
6895,2020-08-09,BI,Burundi,AFRO,18,405,0,1
6896,2020-08-16,BI,Burundi,AFRO,8,413,0,1
6897,2020-08-23,BI,Burundi,AFRO,17,430,0,1
6898,2020-08-30,BI,Burundi,AFRO,15,445,0,1
6899,2020-09-06,BI,Burundi,AFRO,17,462,0,1
6900,2020-09-13,BI,Burundi,AFRO,10,472,0,1
6901,2020-09-20,BI,Burundi,AFRO,1,473,0,1
6902,2020-09-27,BI,Burundi,AFRO,11,484,0,1
6903,2020-10-04,BI,Burundi,AFRO,29,513,0,1
6904,2020-10-11,BI,Burundi,AFRO,12,525,0,1
6905,2020-10-18,BI,Burundi,AFRO,17,542,0,1
6906,2020-10-25,BI,Burundi,AFRO,14,556,0,1
6907,2020-11-01,BI,Burundi,AFRO,33,589,0,1
6908,2020-11-08,BI,Burundi,AFRO,25,614,0,1
6909,2020-11-15,BI,Burundi,AFRO,14,628,0,1
6910,2020-11-22,BI,Burundi,AFRO,34,662,0,1
6911,2020-11-29,BI,Burundi,AFRO,26,688,0,1
6912,2020-12-06,BI,Burundi,AFRO,6,694,0,1
6913,2020-12-13,BI,Burundi,AFRO,35,729,0,1
6914,2020-12-20,BI,Burundi,AFRO,32,761,1,2
6915,2020-12-27,BI,Burundi,AFRO,48,809,0,2
6916,2021-01-03,BI,Burundi,AFRO,24,833,0,2
6917,2021-01-10,BI,Burundi,AFRO,153,986,0,2
6918,2021-01-17,BI,Burundi,AFRO,250,1236,0,2
6919,2021-01-24,BI,Burundi,AFRO,236,1472,0,2
6920,2021-01-31,BI,Burundi,AFRO,163,1635,0,2
6921,2021-02-07,BI,Burundi,AFRO,93,1728,1,3
6922,2021-02-14,BI,Burundi,AFRO,121,1849,0,3
6923,2021-02-21,BI,Burundi,AFRO,185,2034,0,3
6924,2021-02-28,BI,Burundi,AFRO,183,2217,0,3
6925,2021-03-07,BI,Burundi,AFRO,117,2334,0,3
6926,2021-03-14,BI,Burundi,AFRO,147,2481,0,3
6927,2021-03-21,BI,Burundi,AFRO,137,2618,3,6
6928,2021-03-28,BI,Burundi,AFRO,149,2767,0,6
6929,2021-04-04,BI,Burundi,AFRO,197,2964,0,6
6930,2021-04-11,BI,Burundi,AFRO,223,3187,0,6
6931,2021-04-18,BI,Burundi,AFRO,444,3631,0,6
6932,2021-04-25,BI,Burundi,AFRO,243,3874,0,6
6933,2021-05-02,BI,Burundi,AFRO,172,4046,0,6
6934,2021-05-09,BI,Burundi,AFRO,154,4200,0,6
6935,2021-05-16,BI,Burundi,AFRO,147,4347,0,6
6936,2021-05-23,BI,Burundi,AFRO,199,4546,0,6
6937,2021-05-30,BI,Burundi,AFRO,244,4790,0,6
6938,2021-06-06,BI,Burundi,AFRO,135,4925,2,8
6939,2021-06-13,BI,Burundi,AFRO,101,5026,0,8
6940,2021-06-20,BI,Burundi,AFRO,216,5242,0,8
6941,2021-06-27,BI,Burundi,AFRO,181,5423,0,8
6942,2021-07-04,BI,Burundi,AFRO,98,5521,0,8
6943,2021-07-11,BI,Burundi,AFRO,165,5686,0,8
6944,2021-07-18,BI,Burundi,AFRO,208,5894,0,8
6945,2021-07-25,BI,Burundi,AFRO,679,6573,0,8
6946,2021-08-01,BI,Burundi,AFRO,932,7505,1,9
6947,2021-08-08,BI,Burundi,AFRO,1295,8800,1,10
6948,2021-08-15,BI,Burundi,AFRO,1303,10103,0,10
6949,2021-08-22,BI,Burundi,AFRO,1230,11333,0,10
6950,2021-08-29,BI,Burundi,AFRO,1196,12529,0,10
6951,2021-09-05,BI,Burundi,AFRO,1047,13576,2,12
6952,2021-09-12,BI,Burundi,AFRO,1801,15377,0,12
6953,2021-09-19,BI,Burundi,AFRO,1355,16732,2,14
6954,2021-09-26,BI,Burundi,AFRO,773,17505,0,14
6955,2021-10-03,BI,Burundi,AFRO,1095,18600,0,14
6956,2021-10-10,BI,Burundi,AFRO,657,19257,0,14
6957,2021-10-17,BI,Burundi,AFRO,473,19730,0,14
6958,2021-10-24,BI,Burundi,AFRO,215,19945,0,14
6959,2021-10-31,BI,Burundi,AFRO,142,20087,0,14
6960,2021-11-07,BI,Burundi,AFRO,78,20165,0,14
6961,2021-11-14,BI,Burundi,AFRO,111,20276,0,14
6962,2021-11-21,BI,Burundi,AFRO,62,20338,0,14
6963,2021-11-28,BI,Burundi,AFRO,64,20402,0,14
6964,2021-12-05,BI,Burundi,AFRO,89,20491,0,14
6965,2021-12-12,BI,Burundi,AFRO,355,20846,0,14
6966,2021-12-19,BI,Burundi,AFRO,1793,22639,0,14
6967,2021-12-26,BI,Burundi,AFRO,4360,26999,0,14
6968,2022-01-02,BI,Burundi,AFRO,5077,32076,0,14
6969,2022-01-09,BI,Burundi,AFRO,3424,35500,0,14
6970,2022-01-16,BI,Burundi,AFRO,1236,36736,0,14
6971,2022-01-23,BI,Burundi,AFRO,306,37042,0,14
6972,2022-01-30,BI,Burundi,AFRO,337,37379,0,14
6973,2022-02-06,BI,Burundi,AFRO,377,37756,1,15
6974,2022-02-13,BI,Burundi,AFRO,146,37902,0,15
6975,2022-02-20,BI,Burundi,AFRO,109,38011,0,15
6976,2022-02-27,BI,Burundi,AFRO,91,38102,0,15
6977,2022-03-06,BI,Burundi,AFRO,107,38209,0,15
6978,2022-03-13,BI,Burundi,AFRO,65,38274,0,15
6979,2022-03-20,BI,Burundi,AFRO,98,38372,0,15
6980,2022-03-27,BI,Burundi,AFRO,91,38463,0,15
6981,2022-04-03,BI,Burundi,AFRO,125,38588,0,15
6982,2022-04-10,BI,Burundi,AFRO,110,38698,0,15
6983,2022-04-17,BI,Burundi,AFRO,103,38801,0,15
6984,2022-04-24,BI,Burundi,AFRO,343,39144,0,15
6985,2022-05-01,BI,Burundi,AFRO,1253,40397,0,15
6986,2022-05-08,BI,Burundi,AFRO,676,41073,0,15
6987,2022-05-15,BI,Burundi,AFRO,268,41341,0,15
6988,2022-05-22,BI,Burundi,AFRO,509,41850,0,15
6989,2022-05-29,BI,Burundi,AFRO,184,42034,0,15
6990,2022-06-05,BI,Burundi,AFRO,171,42205,0,15
6991,2022-06-12,BI,Burundi,AFRO,125,42330,0,15
6992,2022-06-19,BI,Burundi,AFRO,142,42472,0,15
6993,2022-06-26,BI,Burundi,AFRO,121,42593,0,15
6994,2022-07-03,BI,Burundi,AFRO,201,42794,0,15
6995,2022-07-10,BI,Burundi,AFRO,169,42963,0,15
6996,2022-07-17,BI,Burundi,AFRO,451,43414,0,15
6997,2022-07-24,BI,Burundi,AFRO,1023,44437,0,15
6998,2022-07-31,BI,Burundi,AFRO,1714,46151,0,15
6999,2022-08-07,BI,Burundi,AFRO,1096,47247,0,15
7000,2022-08-14,BI,Burundi,AFRO,755,48002,0,15
7001,2022-08-21,BI,Burundi,AFRO,973,48975,0,15
7002,2022-08-28,BI,Burundi,AFRO,283,49258,0,15
7003,2022-09-04,BI,Burundi,AFRO,112,49370,0,15
7004,2022-09-11,BI,Burundi,AFRO,229,49599,0,15
7005,2022-09-18,BI,Burundi,AFRO,427,50026,0,15
7006,2022-09-25,BI,Burundi,AFRO,103,50129,0,15
7007,2022-10-02,BI,Burundi,AFRO,96,50225,0,15
7008,2022-10-09,BI,Burundi,AFRO,0,50225,0,15
7009,2022-10-16,BI,Burundi,AFRO,147,50372,0,15
7010,2022-10-23,BI,Burundi,AFRO,80,50452,0,15
7011,2022-10-30,BI,Burundi,AFRO,18,50470,0,15
7012,2022-11-06,BI,Burundi,AFRO,47,50517,0,15
7013,2022-11-13,BI,Burundi,AFRO,122,50639,0,15
7014,2022-11-20,BI,Burundi,AFRO,139,50778,0,15
7015,2022-11-27,BI,Burundi,AFRO,240,51018,0,15
7016,2022-12-04,BI,Burundi,AFRO,258,51276,0,15
7017,2022-12-11,BI,Burundi,AFRO,205,51481,0,15
7018,2022-12-18,BI,Burundi,AFRO,241,51722,0,15
7019,2022-12-25,BI,Burundi,AFRO,329,52051,0,15
7020,2023-01-01,BI,Burundi,AFRO,111,52162,0,15
7021,2023-01-08,BI,Burundi,AFRO,218,52380,0,15
7022,2023-01-15,BI,Burundi,AFRO,49,52429,0,15
7023,2023-01-22,BI,Burundi,AFRO,0,52429,0,15
7024,2023-01-29,BI,Burundi,AFRO,1063,53492,0,15
7025,2023-02-05,BI,Burundi,AFRO,82,53574,0,15
7026,2023-02-12,BI,Burundi,AFRO,35,53609,0,15
7027,2023-02-19,BI,Burundi,AFRO,0,53609,0,15
7028,2023-02-26,BI,Burundi,AFRO,37,53646,0,15
7029,2023-03-05,BI,Burundi,AFRO,15,53661,0,15
7030,2023-03-12,BI,Burundi,AFRO,0,53661,0,15
7031,2023-03-19,BI,Burundi,AFRO,13,53674,0,15
7032,2023-03-26,BI,Burundi,AFRO,12,53686,0,15
7033,2023-04-02,BI,Burundi,AFRO,20,53706,0,15
7034,2023-04-09,BI,Burundi,AFRO,13,53719,0,15
7035,2023-04-16,BI,Burundi,AFRO,7,53726,0,15
7036,2023-04-23,BI,Burundi,AFRO,0,53726,0,15
7037,2023-04-30,BI,Burundi,AFRO,5,53731,0,15
7038,2023-05-07,BI,Burundi,AFRO,9,53740,0,15
7039,2023-05-14,BI,Burundi,AFRO,9,53749,0,15
7040,2023-05-21,BI,Burundi,AFRO,13,53762,0,15
7041,2023-05-28,BI,Burundi,AFRO,0,53762,0,15
7042,2023-06-04,BI,Burundi,AFRO,74,53836,0,15
7043,2023-06-11,BI,Burundi,AFRO,118,53954,0,15
7044,2023-06-18,BI,Burundi,AFRO,82,54036,0,15
7045,2023-06-25,BI,Burundi,AFRO,106,54142,0,15
7046,2023-07-02,BI,Burundi,AFRO,16,54158,0,15
7047,2023-07-09,BI,Burundi,AFRO,163,54321,0,15
7048,2023-07-16,BI,Burundi,AFRO,-105,54216,0,15
7049,2023-07-23,BI,Burundi,AFRO,13,54229,0,15
7050,2023-07-30,BI,Burundi,AFRO,5,54234,0,15
7051,2023-08-06,BI,Burundi,AFRO,4,54238,0,15
7052,2023-08-13,BI,Burundi,AFRO,1,54239,0,15
7053,2023-08-20,BI,Burundi,AFRO,0,54239,0,15
7054,2023-08-27,BI,Burundi,AFRO,0,54239,0,15
7055,2023-09-03,BI,Burundi,AFRO,2,54241,0,15
7056,2023-09-10,BI,Burundi,AFRO,125,54366,0,15
7057,2023-09-17,BI,Burundi,AFRO,0,54366,0,15
7058,2023-09-24,BI,Burundi,AFRO,0,54366,0,15
7059,2023-10-01,BI,Burundi,AFRO,0,54366,0,15
7060,2023-10-08,BI,Burundi,AFRO,0,54366,0,15
7061,2023-10-15,BI,Burundi,AFRO,0,54366,0,15
7062,2023-10-22,BI,Burundi,AFRO,0,54366,0,15
7063,2023-10-29,BI,Burundi,AFRO,0,54366,0,15
7064,2023-11-05,BI,Burundi,AFRO,1,54367,0,15
7065,2023-11-12,BI,Burundi,AFRO,1,54368,0,15
7066,2023-11-19,BI,Burundi,AFRO,0,54368,0,15
7067,2023-11-26,BI,Burundi,AFRO,14,54382,0,15
7068,2023-12-03,BI,Burundi,AFRO,12,54394,0,15
7069,2023-12-10,BI,Burundi,AFRO,25,54419,0,15
7070,2023-12-17,BI,Burundi,AFRO,0,54419,0,15
7071,2023-12-24,BI,Burundi,AFRO,0,54419,0,15
7072,2020-01-05,CV,Cabo Verde,AFRO,0,0,0,0
7073,2020-01-12,CV,Cabo Verde,AFRO,0,0,0,0
7074,2020-01-19,CV,Cabo Verde,AFRO,0,0,0,0
7075,2020-01-26,CV,Cabo Verde,AFRO,0,0,0,0
7076,2020-02-02,CV,Cabo Verde,AFRO,0,0,0,0
7077,2020-02-09,CV,Cabo Verde,AFRO,0,0,0,0
7078,2020-02-16,CV,Cabo Verde,AFRO,0,0,0,0
7079,2020-02-23,CV,Cabo Verde,AFRO,0,0,0,0
7080,2020-03-01,CV,Cabo Verde,AFRO,0,0,0,0
7081,2020-03-08,CV,Cabo Verde,AFRO,0,0,0,0
7082,2020-03-15,CV,Cabo Verde,AFRO,0,0,0,0
7083,2020-03-22,CV,Cabo Verde,AFRO,3,3,0,0
7084,2020-03-29,CV,Cabo Verde,AFRO,2,5,0,0
7085,2020-04-05,CV,Cabo Verde,AFRO,0,5,0,0
7086,2020-04-12,CV,Cabo Verde,AFRO,2,7,0,0
7087,2020-04-19,CV,Cabo Verde,AFRO,48,55,0,0
7088,2020-04-26,CV,Cabo Verde,AFRO,35,90,0,0
7089,2020-05-03,CV,Cabo Verde,AFRO,62,152,2,2
7090,2020-05-10,CV,Cabo Verde,AFRO,84,236,0,2
7091,2020-05-17,CV,Cabo Verde,AFRO,92,328,1,3
7092,2020-05-24,CV,Cabo Verde,AFRO,43,371,0,3
7093,2020-05-31,CV,Cabo Verde,AFRO,50,421,1,4
7094,2020-06-07,CV,Cabo Verde,AFRO,121,542,1,5
7095,2020-06-14,CV,Cabo Verde,AFRO,184,726,1,6
7096,2020-06-21,CV,Cabo Verde,AFRO,137,863,2,8
7097,2020-06-28,CV,Cabo Verde,AFRO,228,1091,4,12
7098,2020-07-05,CV,Cabo Verde,AFRO,329,1420,4,16
7099,2020-07-12,CV,Cabo Verde,AFRO,203,1623,3,19
7100,2020-07-19,CV,Cabo Verde,AFRO,391,2014,2,21
7101,2020-07-26,CV,Cabo Verde,AFRO,244,2258,1,22
7102,2020-08-02,CV,Cabo Verde,AFRO,222,2480,2,24
7103,2020-08-09,CV,Cabo Verde,AFRO,355,2835,8,32
7104,2020-08-16,CV,Cabo Verde,AFRO,328,3163,2,34
7105,2020-08-23,CV,Cabo Verde,AFRO,292,3455,3,37
7106,2020-08-30,CV,Cabo Verde,AFRO,323,3778,2,39
7107,2020-09-06,CV,Cabo Verde,AFRO,497,4275,3,42
7108,2020-09-13,CV,Cabo Verde,AFRO,436,4711,2,44
7109,2020-09-20,CV,Cabo Verde,AFRO,475,5186,6,50
7110,2020-09-27,CV,Cabo Verde,AFRO,515,5701,6,56
7111,2020-10-04,CV,Cabo Verde,AFRO,595,6296,6,62
7112,2020-10-11,CV,Cabo Verde,AFRO,617,6913,12,74
7113,2020-10-18,CV,Cabo Verde,AFRO,725,7638,11,85
7114,2020-10-25,CV,Cabo Verde,AFRO,684,8322,9,94
7115,2020-11-01,CV,Cabo Verde,AFRO,471,8793,1,95
7116,2020-11-08,CV,Cabo Verde,AFRO,498,9291,5,100
7117,2020-11-15,CV,Cabo Verde,AFRO,489,9780,2,102
7118,2020-11-22,CV,Cabo Verde,AFRO,454,10234,2,104
7119,2020-11-29,CV,Cabo Verde,AFRO,466,10700,0,104
7120,2020-12-06,CV,Cabo Verde,AFRO,336,11036,1,105
7121,2020-12-13,CV,Cabo Verde,AFRO,266,11302,5,110
7122,2020-12-20,CV,Cabo Verde,AFRO,265,11567,1,111
7123,2020-12-27,CV,Cabo Verde,AFRO,131,11698,1,112
7124,2021-01-03,CV,Cabo Verde,AFRO,185,11883,1,113
7125,2021-01-10,CV,Cabo Verde,AFRO,433,12316,1,114
7126,2021-01-17,CV,Cabo Verde,AFRO,585,12901,5,119
7127,2021-01-24,CV,Cabo Verde,AFRO,513,13414,5,124
7128,2021-01-31,CV,Cabo Verde,AFRO,567,13981,9,133
7129,2021-02-07,CV,Cabo Verde,AFRO,399,14380,2,135
7130,2021-02-14,CV,Cabo Verde,AFRO,320,14700,4,139
7131,2021-02-21,CV,Cabo Verde,AFRO,299,14999,4,143
7132,2021-02-28,CV,Cabo Verde,AFRO,325,15324,4,147
7133,2021-03-07,CV,Cabo Verde,AFRO,400,15724,5,152
7134,2021-03-14,CV,Cabo Verde,AFRO,311,16035,4,156
7135,2021-03-21,CV,Cabo Verde,AFRO,405,16440,3,159
7136,2021-03-28,CV,Cabo Verde,AFRO,578,17018,6,165
7137,2021-04-04,CV,Cabo Verde,AFRO,803,17821,6,171
7138,2021-04-11,CV,Cabo Verde,AFRO,1015,18836,10,181
7139,2021-04-18,CV,Cabo Verde,AFRO,1418,20254,9,190
7140,2021-04-25,CV,Cabo Verde,AFRO,1840,22094,11,201
7141,2021-05-02,CV,Cabo Verde,AFRO,2033,24127,19,220
7142,2021-05-09,CV,Cabo Verde,AFRO,1984,26111,12,232
7143,2021-05-16,CV,Cabo Verde,AFRO,1840,27951,14,246
7144,2021-05-23,CV,Cabo Verde,AFRO,1247,29198,10,256
7145,2021-05-30,CV,Cabo Verde,AFRO,1075,30273,7,263
7146,2021-06-06,CV,Cabo Verde,AFRO,730,31003,4,267
7147,2021-06-13,CV,Cabo Verde,AFRO,568,31571,6,273
7148,2021-06-20,CV,Cabo Verde,AFRO,393,31964,8,281
7149,2021-06-27,CV,Cabo Verde,AFRO,380,32344,5,286
7150,2021-07-04,CV,Cabo Verde,AFRO,361,32705,1,287
7151,2021-07-11,CV,Cabo Verde,AFRO,264,32969,2,289
7152,2021-07-18,CV,Cabo Verde,AFRO,301,33270,6,295
7153,2021-07-25,CV,Cabo Verde,AFRO,271,33541,2,297
7154,2021-08-01,CV,Cabo Verde,AFRO,250,33791,1,298
7155,2021-08-08,CV,Cabo Verde,AFRO,219,34010,0,298
7156,2021-08-15,CV,Cabo Verde,AFRO,334,34344,1,299
7157,2021-08-22,CV,Cabo Verde,AFRO,342,34686,3,302
7158,2021-08-29,CV,Cabo Verde,AFRO,461,35147,6,308
7159,2021-09-05,CV,Cabo Verde,AFRO,709,35856,7,315
7160,2021-09-12,CV,Cabo Verde,AFRO,663,36519,5,320
7161,2021-09-19,CV,Cabo Verde,AFRO,533,37052,9,329
7162,2021-09-26,CV,Cabo Verde,AFRO,348,37400,5,334
7163,2021-10-03,CV,Cabo Verde,AFRO,235,37635,6,340
7164,2021-10-10,CV,Cabo Verde,AFRO,235,37870,6,346
7165,2021-10-17,CV,Cabo Verde,AFRO,165,38035,1,347
7166,2021-10-24,CV,Cabo Verde,AFRO,95,38130,2,349
7167,2021-10-31,CV,Cabo Verde,AFRO,77,38207,0,349
7168,2021-11-07,CV,Cabo Verde,AFRO,46,38253,0,349
7169,2021-11-14,CV,Cabo Verde,AFRO,40,38293,0,349
7170,2021-11-21,CV,Cabo Verde,AFRO,31,38324,0,349
7171,2021-11-28,CV,Cabo Verde,AFRO,34,38358,0,349
7172,2021-12-05,CV,Cabo Verde,AFRO,81,38439,2,351
7173,2021-12-12,CV,Cabo Verde,AFRO,57,38496,0,351
7174,2021-12-19,CV,Cabo Verde,AFRO,77,38573,1,352
7175,2021-12-26,CV,Cabo Verde,AFRO,440,39013,0,352
7176,2022-01-02,CV,Cabo Verde,AFRO,3450,42463,1,353
7177,2022-01-09,CV,Cabo Verde,AFRO,7387,49850,10,363
7178,2022-01-16,CV,Cabo Verde,AFRO,4137,53987,13,376
7179,2022-01-23,CV,Cabo Verde,AFRO,1269,55256,11,387
7180,2022-01-30,CV,Cabo Verde,AFRO,402,55658,8,395
7181,2022-02-06,CV,Cabo Verde,AFRO,114,55772,1,396
7182,2022-02-13,CV,Cabo Verde,AFRO,70,55842,4,400
7183,2022-02-20,CV,Cabo Verde,AFRO,18,55860,0,400
7184,2022-02-27,CV,Cabo Verde,AFRO,22,55882,1,401
7185,2022-03-06,CV,Cabo Verde,AFRO,13,55895,0,401
7186,2022-03-13,CV,Cabo Verde,AFRO,11,55906,0,401
7187,2022-03-20,CV,Cabo Verde,AFRO,19,55925,0,401
7188,2022-03-27,CV,Cabo Verde,AFRO,23,55948,0,401
7189,2022-04-03,CV,Cabo Verde,AFRO,12,55960,0,401
7190,2022-04-10,CV,Cabo Verde,AFRO,12,55972,0,401
7191,2022-04-17,CV,Cabo Verde,AFRO,18,55990,0,401
7192,2022-04-24,CV,Cabo Verde,AFRO,14,56004,0,401
7193,2022-05-01,CV,Cabo Verde,AFRO,21,56025,0,401
7194,2022-05-08,CV,Cabo Verde,AFRO,40,56065,0,401
7195,2022-05-15,CV,Cabo Verde,AFRO,50,56115,0,401
7196,2022-05-22,CV,Cabo Verde,AFRO,57,56172,0,401
7197,2022-05-29,CV,Cabo Verde,AFRO,118,56290,0,401
7198,2022-06-05,CV,Cabo Verde,AFRO,266,56556,1,402
7199,2022-06-12,CV,Cabo Verde,AFRO,540,57096,0,402
7200,2022-06-19,CV,Cabo Verde,AFRO,1080,58176,0,402
7201,2022-06-26,CV,Cabo Verde,AFRO,1357,59533,1,403
7202,2022-07-03,CV,Cabo Verde,AFRO,1469,61002,2,405
7203,2022-07-10,CV,Cabo Verde,AFRO,621,61623,4,409
7204,2022-07-17,CV,Cabo Verde,AFRO,299,61922,0,409
7205,2022-07-24,CV,Cabo Verde,AFRO,150,62072,0,409
7206,2022-07-31,CV,Cabo Verde,AFRO,87,62159,1,410
7207,2022-08-07,CV,Cabo Verde,AFRO,48,62207,0,410
7208,2022-08-14,CV,Cabo Verde,AFRO,46,62253,0,410
7209,2022-08-21,CV,Cabo Verde,AFRO,35,62288,0,410
7210,2022-08-28,CV,Cabo Verde,AFRO,22,62310,0,410
7211,2022-09-04,CV,Cabo Verde,AFRO,18,62328,0,410
7212,2022-09-11,CV,Cabo Verde,AFRO,13,62341,0,410
7213,2022-09-18,CV,Cabo Verde,AFRO,11,62352,0,410
7214,2022-09-25,CV,Cabo Verde,AFRO,7,62359,0,410
7215,2022-10-02,CV,Cabo Verde,AFRO,17,62376,0,410
7216,2022-10-09,CV,Cabo Verde,AFRO,13,62389,0,410
7217,2022-10-16,CV,Cabo Verde,AFRO,8,62397,0,410
7218,2022-10-23,CV,Cabo Verde,AFRO,0,62397,0,410
7219,2022-10-30,CV,Cabo Verde,AFRO,0,62397,0,410
7220,2022-11-06,CV,Cabo Verde,AFRO,164,62561,0,410
7221,2022-11-13,CV,Cabo Verde,AFRO,119,62680,0,410
7222,2022-11-20,CV,Cabo Verde,AFRO,139,62819,1,411
7223,2022-11-27,CV,Cabo Verde,AFRO,150,62969,1,412
7224,2022-12-04,CV,Cabo Verde,AFRO,111,63080,0,412
7225,2022-12-11,CV,Cabo Verde,AFRO,49,63129,0,412
7226,2022-12-18,CV,Cabo Verde,AFRO,35,63164,0,412
7227,2022-12-25,CV,Cabo Verde,AFRO,26,63190,0,412
7228,2023-01-01,CV,Cabo Verde,AFRO,10,63200,0,412
7229,2023-01-08,CV,Cabo Verde,AFRO,7,63207,0,412
7230,2023-01-15,CV,Cabo Verde,AFRO,14,63221,0,412
7231,2023-01-22,CV,Cabo Verde,AFRO,3,63224,0,412
7232,2023-01-29,CV,Cabo Verde,AFRO,3,63227,1,413
7233,2023-02-05,CV,Cabo Verde,AFRO,2,63229,0,413
7234,2023-02-12,CV,Cabo Verde,AFRO,6,63235,0,413
7235,2023-02-19,CV,Cabo Verde,AFRO,4,63239,0,413
7236,2023-02-26,CV,Cabo Verde,AFRO,2,63241,0,413
7237,2023-03-05,CV,Cabo Verde,AFRO,4,63245,0,413
7238,2023-03-12,CV,Cabo Verde,AFRO,0,63245,0,413
7239,2023-03-19,CV,Cabo Verde,AFRO,7,63252,0,413
7240,2023-03-26,CV,Cabo Verde,AFRO,5,63257,0,413
7241,2023-04-02,CV,Cabo Verde,AFRO,3,63260,0,413
7242,2023-04-09,CV,Cabo Verde,AFRO,18,63278,0,413
7243,2023-04-16,CV,Cabo Verde,AFRO,3,63281,0,413
7244,2023-04-23,CV,Cabo Verde,AFRO,72,63353,0,413
7245,2023-04-30,CV,Cabo Verde,AFRO,114,63467,0,413
7246,2023-05-07,CV,Cabo Verde,AFRO,146,63613,0,413
7247,2023-05-14,CV,Cabo Verde,AFRO,128,63741,1,414
7248,2023-05-21,CV,Cabo Verde,AFRO,106,63847,0,414
7249,2023-05-28,CV,Cabo Verde,AFRO,64,63911,0,414
7250,2023-06-04,CV,Cabo Verde,AFRO,43,63954,0,414
7251,2023-06-11,CV,Cabo Verde,AFRO,24,63978,0,414
7252,2023-06-18,CV,Cabo Verde,AFRO,7,63985,0,414
7253,2023-06-25,CV,Cabo Verde,AFRO,45,64030,0,414
7254,2023-07-02,CV,Cabo Verde,AFRO,50,64080,0,414
7255,2023-07-09,CV,Cabo Verde,AFRO,45,64125,0,414
7256,2023-07-16,CV,Cabo Verde,AFRO,36,64161,0,414
7257,2023-07-23,CV,Cabo Verde,AFRO,11,64172,0,414
7258,2023-07-30,CV,Cabo Verde,AFRO,10,64182,0,414
7259,2023-08-06,CV,Cabo Verde,AFRO,7,64189,0,414
7260,2023-08-13,CV,Cabo Verde,AFRO,37,64226,0,414
7261,2023-08-20,CV,Cabo Verde,AFRO,12,64238,1,415
7262,2023-08-27,CV,Cabo Verde,AFRO,34,64272,0,415
7263,2023-09-03,CV,Cabo Verde,AFRO,34,64306,0,415
7264,2023-09-10,CV,Cabo Verde,AFRO,49,64355,0,415
7265,2023-09-17,CV,Cabo Verde,AFRO,49,64404,0,415
7266,2023-09-24,CV,Cabo Verde,AFRO,26,64430,0,415
7267,2023-10-01,CV,Cabo Verde,AFRO,21,64451,1,416
7268,2023-10-08,CV,Cabo Verde,AFRO,5,64456,0,416
7269,2023-10-15,CV,Cabo Verde,AFRO,14,64470,0,416
7270,2023-10-22,CV,Cabo Verde,AFRO,1,64471,0,416
7271,2023-10-29,CV,Cabo Verde,AFRO,3,64474,0,416
7272,2023-11-05,CV,Cabo Verde,AFRO,0,64474,0,416
7273,2023-11-12,CV,Cabo Verde,AFRO,0,64474,0,416
7274,2023-11-19,CV,Cabo Verde,AFRO,0,64474,0,416
7275,2023-11-26,CV,Cabo Verde,AFRO,0,64474,0,416
7276,2023-12-03,CV,Cabo Verde,AFRO,0,64474,0,416
7277,2023-12-10,CV,Cabo Verde,AFRO,0,64474,0,416
7278,2023-12-17,CV,Cabo Verde,AFRO,0,64474,0,416
7279,2023-12-24,CV,Cabo Verde,AFRO,0,64474,0,416
7280,2020-01-05,KH,Cambodia,WPRO,0,0,0,0
7281,2020-01-12,KH,Cambodia,WPRO,0,0,0,0
7282,2020-01-19,KH,Cambodia,WPRO,0,0,0,0
7283,2020-01-26,KH,Cambodia,WPRO,0,0,0,0
7284,2020-02-02,KH,Cambodia,WPRO,1,1,0,0
7285,2020-02-09,KH,Cambodia,WPRO,0,1,0,0
7286,2020-02-16,KH,Cambodia,WPRO,0,1,0,0
7287,2020-02-23,KH,Cambodia,WPRO,0,1,0,0
7288,2020-03-01,KH,Cambodia,WPRO,0,1,0,0
7289,2020-03-08,KH,Cambodia,WPRO,1,2,0,0
7290,2020-03-15,KH,Cambodia,WPRO,5,7,0,0
7291,2020-03-22,KH,Cambodia,WPRO,46,53,0,0
7292,2020-03-29,KH,Cambodia,WPRO,49,102,0,0
7293,2020-04-05,KH,Cambodia,WPRO,12,114,0,0
7294,2020-04-12,KH,Cambodia,WPRO,8,122,0,0
7295,2020-04-19,KH,Cambodia,WPRO,0,122,0,0
7296,2020-04-26,KH,Cambodia,WPRO,0,122,0,0
7297,2020-05-03,KH,Cambodia,WPRO,0,122,0,0
7298,2020-05-10,KH,Cambodia,WPRO,0,122,0,0
7299,2020-05-17,KH,Cambodia,WPRO,0,122,0,0
7300,2020-05-24,KH,Cambodia,WPRO,2,124,0,0
7301,2020-05-31,KH,Cambodia,WPRO,1,125,0,0
7302,2020-06-07,KH,Cambodia,WPRO,1,126,0,0
7303,2020-06-14,KH,Cambodia,WPRO,0,126,0,0
7304,2020-06-21,KH,Cambodia,WPRO,3,129,0,0
7305,2020-06-28,KH,Cambodia,WPRO,10,139,0,0
7306,2020-07-05,KH,Cambodia,WPRO,2,141,0,0
7307,2020-07-12,KH,Cambodia,WPRO,15,156,0,0
7308,2020-07-19,KH,Cambodia,WPRO,15,171,0,0
7309,2020-07-26,KH,Cambodia,WPRO,54,225,0,0
7310,2020-08-02,KH,Cambodia,WPRO,15,240,0,0
7311,2020-08-09,KH,Cambodia,WPRO,8,248,0,0
7312,2020-08-16,KH,Cambodia,WPRO,25,273,0,0
7313,2020-08-23,KH,Cambodia,WPRO,0,273,0,0
7314,2020-08-30,KH,Cambodia,WPRO,0,273,0,0
7315,2020-09-06,KH,Cambodia,WPRO,1,274,0,0
7316,2020-09-13,KH,Cambodia,WPRO,1,275,0,0
7317,2020-09-20,KH,Cambodia,WPRO,0,275,0,0
7318,2020-09-27,KH,Cambodia,WPRO,1,276,0,0
7319,2020-10-04,KH,Cambodia,WPRO,2,278,0,0
7320,2020-10-11,KH,Cambodia,WPRO,5,283,0,0
7321,2020-10-18,KH,Cambodia,WPRO,0,283,0,0
7322,2020-10-25,KH,Cambodia,WPRO,4,287,0,0
7323,2020-11-01,KH,Cambodia,WPRO,4,291,0,0
7324,2020-11-08,KH,Cambodia,WPRO,4,295,0,0
7325,2020-11-15,KH,Cambodia,WPRO,7,302,0,0
7326,2020-11-22,KH,Cambodia,WPRO,4,306,0,0
7327,2020-11-29,KH,Cambodia,WPRO,9,315,0,0
7328,2020-12-06,KH,Cambodia,WPRO,31,346,0,0
7329,2020-12-13,KH,Cambodia,WPRO,13,359,0,0
7330,2020-12-20,KH,Cambodia,WPRO,3,362,0,0
7331,2020-12-27,KH,Cambodia,WPRO,2,364,0,0
7332,2021-01-03,KH,Cambodia,WPRO,18,382,0,0
7333,2021-01-10,KH,Cambodia,WPRO,10,392,0,0
7334,2021-01-17,KH,Cambodia,WPRO,47,439,0,0
7335,2021-01-24,KH,Cambodia,WPRO,19,458,0,0
7336,2021-01-31,KH,Cambodia,WPRO,8,466,0,0
7337,2021-02-07,KH,Cambodia,WPRO,8,474,0,0
7338,2021-02-14,KH,Cambodia,WPRO,5,479,0,0
7339,2021-02-21,KH,Cambodia,WPRO,89,568,0,0
7340,2021-02-28,KH,Cambodia,WPRO,252,820,0,0
7341,2021-03-07,KH,Cambodia,WPRO,191,1011,0,0
7342,2021-03-14,KH,Cambodia,WPRO,314,1325,1,1
7343,2021-03-21,KH,Cambodia,WPRO,428,1753,2,3
7344,2021-03-28,KH,Cambodia,WPRO,520,2273,7,10
7345,2021-04-04,KH,Cambodia,WPRO,479,2752,9,19
7346,2021-04-11,KH,Cambodia,WPRO,1763,4515,10,29
7347,2021-04-18,KH,Cambodia,WPRO,2498,7013,14,43
7348,2021-04-25,KH,Cambodia,WPRO,3542,10555,31,74
7349,2021-05-02,KH,Cambodia,WPRO,4806,15361,32,106
7350,2021-05-09,KH,Cambodia,WPRO,4382,19743,20,126
7351,2021-05-16,KH,Cambodia,WPRO,2801,22544,28,154
7352,2021-05-23,KH,Cambodia,WPRO,3217,25761,25,179
7353,2021-05-30,KH,Cambodia,WPRO,4333,30094,35,214
7354,2021-06-06,KH,Cambodia,WPRO,4150,34244,49,263
7355,2021-06-13,KH,Cambodia,WPRO,4183,38427,72,335
7356,2021-06-20,KH,Cambodia,WPRO,4284,42711,96,431
7357,2021-06-27,KH,Cambodia,WPRO,4938,47649,109,540
7358,2021-07-04,KH,Cambodia,WPRO,6642,54291,180,720
7359,2021-07-11,KH,Cambodia,WPRO,6668,60959,182,902
7360,2021-07-18,KH,Cambodia,WPRO,6222,67181,204,1106
7361,2021-07-25,KH,Cambodia,WPRO,5742,72923,177,1283
7362,2021-08-01,KH,Cambodia,WPRO,4991,77914,137,1420
7363,2021-08-08,KH,Cambodia,WPRO,3977,81891,142,1562
7364,2021-08-15,KH,Cambodia,WPRO,3557,85448,121,1683
7365,2021-08-22,KH,Cambodia,WPRO,3783,89231,109,1792
7366,2021-08-29,KH,Cambodia,WPRO,2977,92208,89,1881
7367,2021-09-05,KH,Cambodia,WPRO,3092,95300,76,1957
7368,2021-09-12,KH,Cambodia,WPRO,4204,99504,83,2040
7369,2021-09-19,KH,Cambodia,WPRO,4590,104094,69,2109
7370,2021-09-26,KH,Cambodia,WPRO,4993,109087,134,2243
7371,2021-10-03,KH,Cambodia,WPRO,4169,113256,140,2383
7372,2021-10-10,KH,Cambodia,WPRO,1554,114810,123,2506
7373,2021-10-17,KH,Cambodia,WPRO,1855,116665,152,2658
7374,2021-10-24,KH,Cambodia,WPRO,1107,117772,76,2734
7375,2021-10-31,KH,Cambodia,WPRO,750,118522,54,2788
7376,2021-11-07,KH,Cambodia,WPRO,570,119092,41,2829
7377,2021-11-14,KH,Cambodia,WPRO,444,119536,38,2867
7378,2021-11-21,KH,Cambodia,WPRO,331,119867,33,2900
7379,2021-11-28,KH,Cambodia,WPRO,220,120087,31,2931
7380,2021-12-05,KH,Cambodia,WPRO,169,120256,29,2960
7381,2021-12-12,KH,Cambodia,WPRO,99,120355,25,2985
7382,2021-12-19,KH,Cambodia,WPRO,61,120416,20,3005
7383,2021-12-26,KH,Cambodia,WPRO,33,120449,3,3008
7384,2022-01-02,KH,Cambodia,WPRO,61,120510,5,3013
7385,2022-01-09,KH,Cambodia,WPRO,111,120621,2,3015
7386,2022-01-16,KH,Cambodia,WPRO,175,120796,0,3015
7387,2022-01-23,KH,Cambodia,WPRO,230,121026,0,3015
7388,2022-01-30,KH,Cambodia,WPRO,273,121299,0,3015
7389,2022-02-06,KH,Cambodia,WPRO,474,121773,0,3015
7390,2022-02-13,KH,Cambodia,WPRO,1670,123443,0,3015
7391,2022-02-20,KH,Cambodia,WPRO,3046,126489,2,3017
7392,2022-02-27,KH,Cambodia,WPRO,3431,129920,15,3032
7393,2022-03-06,KH,Cambodia,WPRO,2482,132402,9,3041
7394,2022-03-13,KH,Cambodia,WPRO,1666,134068,6,3047
7395,2022-03-20,KH,Cambodia,WPRO,918,134986,4,3051
7396,2022-03-27,KH,Cambodia,WPRO,475,135461,3,3054
7397,2022-04-03,KH,Cambodia,WPRO,286,135747,0,3054
7398,2022-04-10,KH,Cambodia,WPRO,200,135947,1,3055
7399,2022-04-17,KH,Cambodia,WPRO,113,136060,0,3055
7400,2022-04-24,KH,Cambodia,WPRO,156,136216,1,3056
7401,2022-05-01,KH,Cambodia,WPRO,36,136252,0,3056
7402,2022-05-08,KH,Cambodia,WPRO,10,136262,0,3056
7403,2022-05-15,KH,Cambodia,WPRO,0,136262,0,3056
7404,2022-05-22,KH,Cambodia,WPRO,0,136262,0,3056
7405,2022-05-29,KH,Cambodia,WPRO,0,136262,0,3056
7406,2022-06-05,KH,Cambodia,WPRO,0,136262,0,3056
7407,2022-06-12,KH,Cambodia,WPRO,0,136262,0,3056
7408,2022-06-19,KH,Cambodia,WPRO,0,136262,0,3056
7409,2022-06-26,KH,Cambodia,WPRO,0,136262,0,3056
7410,2022-07-03,KH,Cambodia,WPRO,28,136290,0,3056
7411,2022-07-10,KH,Cambodia,WPRO,53,136343,0,3056
7412,2022-07-17,KH,Cambodia,WPRO,94,136437,0,3056
7413,2022-07-24,KH,Cambodia,WPRO,128,136565,0,3056
7414,2022-07-31,KH,Cambodia,WPRO,188,136753,0,3056
7415,2022-08-07,KH,Cambodia,WPRO,224,136977,0,3056
7416,2022-08-14,KH,Cambodia,WPRO,230,137207,0,3056
7417,2022-08-21,KH,Cambodia,WPRO,187,137394,0,3056
7418,2022-08-28,KH,Cambodia,WPRO,144,137538,0,3056
7419,2022-09-04,KH,Cambodia,WPRO,112,137650,0,3056
7420,2022-09-11,KH,Cambodia,WPRO,55,137705,0,3056
7421,2022-09-18,KH,Cambodia,WPRO,50,137755,0,3056
7422,2022-09-25,KH,Cambodia,WPRO,78,137833,0,3056
7423,2022-10-02,KH,Cambodia,WPRO,48,137881,0,3056
7424,2022-10-09,KH,Cambodia,WPRO,40,137921,0,3056
7425,2022-10-16,KH,Cambodia,WPRO,42,137963,0,3056
7426,2022-10-23,KH,Cambodia,WPRO,16,137979,0,3056
7427,2022-10-30,KH,Cambodia,WPRO,6,137985,0,3056
7428,2022-11-06,KH,Cambodia,WPRO,11,137996,0,3056
7429,2022-11-13,KH,Cambodia,WPRO,0,137996,0,3056
7430,2022-11-20,KH,Cambodia,WPRO,28,138024,0,3056
7431,2022-11-27,KH,Cambodia,WPRO,35,138059,0,3056
7432,2022-12-04,KH,Cambodia,WPRO,72,138131,0,3056
7433,2022-12-11,KH,Cambodia,WPRO,107,138238,0,3056
7434,2022-12-18,KH,Cambodia,WPRO,141,138379,0,3056
7435,2022-12-25,KH,Cambodia,WPRO,116,138495,0,3056
7436,2023-01-01,KH,Cambodia,WPRO,89,138584,0,3056
7437,2023-01-08,KH,Cambodia,WPRO,38,138622,0,3056
7438,2023-01-15,KH,Cambodia,WPRO,37,138659,0,3056
7439,2023-01-22,KH,Cambodia,WPRO,17,138676,0,3056
7440,2023-01-29,KH,Cambodia,WPRO,9,138685,0,3056
7441,2023-02-05,KH,Cambodia,WPRO,12,138697,0,3056
7442,2023-02-12,KH,Cambodia,WPRO,6,138703,0,3056
7443,2023-02-19,KH,Cambodia,WPRO,3,138706,0,3056
7444,2023-02-26,KH,Cambodia,WPRO,8,138714,0,3056
7445,2023-03-05,KH,Cambodia,WPRO,5,138719,0,3056
7446,2023-03-12,KH,Cambodia,WPRO,0,138719,0,3056
7447,2023-03-19,KH,Cambodia,WPRO,2,138721,0,3056
7448,2023-03-26,KH,Cambodia,WPRO,2,138723,0,3056
7449,2023-04-02,KH,Cambodia,WPRO,2,138725,0,3056
7450,2023-04-09,KH,Cambodia,WPRO,1,138726,0,3056
7451,2023-04-16,KH,Cambodia,WPRO,0,138726,0,3056
7452,2023-04-23,KH,Cambodia,WPRO,5,138731,0,3056
7453,2023-04-30,KH,Cambodia,WPRO,2,138733,0,3056
7454,2023-05-07,KH,Cambodia,WPRO,2,138735,0,3056
7455,2023-05-14,KH,Cambodia,WPRO,1,138736,0,3056
7456,2023-05-21,KH,Cambodia,WPRO,3,138739,0,3056
7457,2023-05-28,KH,Cambodia,WPRO,28,138767,0,3056
7458,2023-06-04,KH,Cambodia,WPRO,36,138803,0,3056
7459,2023-06-11,KH,Cambodia,WPRO,39,138842,0,3056
7460,2023-06-18,KH,Cambodia,WPRO,40,138882,0,3056
7461,2023-06-25,KH,Cambodia,WPRO,13,138895,0,3056
7462,2023-07-02,KH,Cambodia,WPRO,23,138918,0,3056
7463,2023-07-09,KH,Cambodia,WPRO,13,138931,0,3056
7464,2023-07-16,KH,Cambodia,WPRO,4,138935,0,3056
7465,2023-07-23,KH,Cambodia,WPRO,2,138937,0,3056
7466,2023-07-30,KH,Cambodia,WPRO,0,138937,0,3056
7467,2023-08-06,KH,Cambodia,WPRO,3,138940,0,3056
7468,2023-08-13,KH,Cambodia,WPRO,0,138940,0,3056
7469,2023-08-20,KH,Cambodia,WPRO,0,138940,0,3056
7470,2023-08-27,KH,Cambodia,WPRO,0,138940,0,3056
7471,2023-09-03,KH,Cambodia,WPRO,0,138940,0,3056
7472,2023-09-10,KH,Cambodia,WPRO,0,138940,0,3056
7473,2023-09-17,KH,Cambodia,WPRO,1,138941,0,3056
7474,2023-09-24,KH,Cambodia,WPRO,0,138941,0,3056
7475,2023-10-01,KH,Cambodia,WPRO,0,138941,0,3056
7476,2023-10-08,KH,Cambodia,WPRO,0,138941,0,3056
7477,2023-10-15,KH,Cambodia,WPRO,0,138941,0,3056
7478,2023-10-22,KH,Cambodia,WPRO,0,138941,0,3056
7479,2023-10-29,KH,Cambodia,WPRO,2,138943,0,3056
7480,2023-11-05,KH,Cambodia,WPRO,2,138945,0,3056
7481,2023-11-12,KH,Cambodia,WPRO,2,138947,0,3056
7482,2023-11-19,KH,Cambodia,WPRO,3,138950,0,3056
7483,2023-11-26,KH,Cambodia,WPRO,4,138954,0,3056
7484,2023-12-03,KH,Cambodia,WPRO,2,138956,0,3056
7485,2023-12-10,KH,Cambodia,WPRO,7,138963,0,3056
7486,2023-12-17,KH,Cambodia,WPRO,15,138978,0,3056
7487,2023-12-24,KH,Cambodia,WPRO,0,138978,0,3056
7488,2020-01-05,CM,Cameroon,AFRO,0,0,0,0
7489,2020-01-12,CM,Cameroon,AFRO,0,0,0,0
7490,2020-01-19,CM,Cameroon,AFRO,0,0,0,0
7491,2020-01-26,CM,Cameroon,AFRO,0,0,0,0
7492,2020-02-02,CM,Cameroon,AFRO,0,0,0,0
7493,2020-02-09,CM,Cameroon,AFRO,0,0,0,0
7494,2020-02-16,CM,Cameroon,AFRO,0,0,0,0
7495,2020-02-23,CM,Cameroon,AFRO,0,0,0,0
7496,2020-03-01,CM,Cameroon,AFRO,0,0,0,0
7497,2020-03-08,CM,Cameroon,AFRO,2,2,0,0
7498,2020-03-15,CM,Cameroon,AFRO,1,3,0,0
7499,2020-03-22,CM,Cameroon,AFRO,23,26,0,0
7500,2020-03-29,CM,Cameroon,AFRO,64,90,6,6
7501,2020-04-05,CM,Cameroon,AFRO,465,555,7,13
7502,2020-04-12,CM,Cameroon,AFRO,267,822,2,15
7503,2020-04-19,CM,Cameroon,AFRO,194,1016,30,45
7504,2020-04-26,CM,Cameroon,AFRO,605,1621,13,58
7505,2020-05-03,CM,Cameroon,AFRO,456,2077,8,66
7506,2020-05-10,CM,Cameroon,AFRO,258,2335,46,112
7507,2020-05-17,CM,Cameroon,AFRO,712,3047,30,142
7508,2020-05-24,CM,Cameroon,AFRO,1353,4400,20,162
7509,2020-05-31,CM,Cameroon,AFRO,1504,5904,32,194
7510,2020-06-07,CM,Cameroon,AFRO,2054,7958,21,215
7511,2020-06-14,CM,Cameroon,AFRO,1614,9572,61,276
7512,2020-06-21,CM,Cameroon,AFRO,2170,11742,24,300
7513,2020-06-28,CM,Cameroon,AFRO,1603,13345,25,325
7514,2020-07-05,CM,Cameroon,AFRO,1179,14524,15,340
7515,2020-07-12,CM,Cameroon,AFRO,649,15173,17,357
7516,2020-07-19,CM,Cameroon,AFRO,1349,16522,23,380
7517,2020-07-26,CM,Cameroon,AFRO,186,16708,3,383
7518,2020-08-02,CM,Cameroon,AFRO,547,17255,6,389
7519,2020-08-09,CM,Cameroon,AFRO,958,18213,7,396
7520,2020-08-16,CM,Cameroon,AFRO,369,18582,3,399
7521,2020-08-23,CM,Cameroon,AFRO,180,18762,9,408
7522,2020-08-30,CM,Cameroon,AFRO,380,19142,3,411
7523,2020-09-06,CM,Cameroon,AFRO,462,19604,4,415
7524,2020-09-13,CM,Cameroon,AFRO,624,20228,0,415
7525,2020-09-20,CM,Cameroon,AFRO,370,20598,1,416
7526,2020-09-27,CM,Cameroon,AFRO,240,20838,2,418
7527,2020-10-04,CM,Cameroon,AFRO,299,21137,2,420
7528,2020-10-11,CM,Cameroon,AFRO,196,21333,3,423
7529,2020-10-18,CM,Cameroon,AFRO,210,21543,2,425
7530,2020-10-25,CM,Cameroon,AFRO,250,21793,1,426
7531,2020-11-01,CM,Cameroon,AFRO,296,22089,3,429
7532,2020-11-08,CM,Cameroon,AFRO,291,22380,2,431
7533,2020-11-15,CM,Cameroon,AFRO,470,22850,2,433
7534,2020-11-22,CM,Cameroon,AFRO,992,23842,2,435
7535,2020-11-29,CM,Cameroon,AFRO,603,24445,6,441
7536,2020-12-06,CM,Cameroon,AFRO,307,24752,2,443
7537,2020-12-13,CM,Cameroon,AFRO,590,25342,4,447
7538,2020-12-20,CM,Cameroon,AFRO,507,25849,1,448
7539,2020-12-27,CM,Cameroon,AFRO,428,26277,0,448
7540,2021-01-03,CM,Cameroon,AFRO,571,26848,0,448
7541,2021-01-10,CM,Cameroon,AFRO,488,27336,3,451
7542,2021-01-17,CM,Cameroon,AFRO,674,28010,4,455
7543,2021-01-24,CM,Cameroon,AFRO,1607,29617,7,462
7544,2021-01-31,CM,Cameroon,AFRO,696,30313,12,474
7545,2021-02-07,CM,Cameroon,AFRO,1081,31394,0,474
7546,2021-02-14,CM,Cameroon,AFRO,1287,32681,26,500
7547,2021-02-21,CM,Cameroon,AFRO,1068,33749,23,523
7548,2021-02-28,CM,Cameroon,AFRO,1965,35714,28,551
7549,2021-03-07,CM,Cameroon,AFRO,3274,38988,37,588
7550,2021-03-14,CM,Cameroon,AFRO,0,38988,0,588
7551,2021-03-21,CM,Cameroon,AFRO,8681,47669,133,721
7552,2021-03-28,CM,Cameroon,AFRO,6251,53920,58,779
7553,2021-04-04,CM,Cameroon,AFRO,3417,57337,72,851
7554,2021-04-11,CM,Cameroon,AFRO,4394,61731,68,919
7555,2021-04-18,CM,Cameroon,AFRO,4267,65998,72,991
7556,2021-04-25,CM,Cameroon,AFRO,4609,70607,73,1064
7557,2021-05-02,CM,Cameroon,AFRO,4126,74733,80,1144
7558,2021-05-09,CM,Cameroon,AFRO,213,74946,8,1152
7559,2021-05-16,CM,Cameroon,AFRO,1810,76756,78,1230
7560,2021-05-23,CM,Cameroon,AFRO,1226,77982,40,1270
7561,2021-05-30,CM,Cameroon,AFRO,947,78929,5,1275
7562,2021-06-06,CM,Cameroon,AFRO,975,79904,27,1302
7563,2021-06-13,CM,Cameroon,AFRO,186,80090,8,1310
7564,2021-06-20,CM,Cameroon,AFRO,397,80487,10,1320
7565,2021-06-27,CM,Cameroon,AFRO,371,80858,4,1324
7566,2021-07-04,CM,Cameroon,AFRO,0,80858,0,1324
7567,2021-07-11,CM,Cameroon,AFRO,609,81467,6,1330
7568,2021-07-18,CM,Cameroon,AFRO,404,81871,2,1332
7569,2021-07-25,CM,Cameroon,AFRO,193,82064,2,1334
7570,2021-08-01,CM,Cameroon,AFRO,0,82064,0,1334
7571,2021-08-08,CM,Cameroon,AFRO,390,82454,4,1338
7572,2021-08-15,CM,Cameroon,AFRO,359,82813,4,1342
7573,2021-08-22,CM,Cameroon,AFRO,612,83425,8,1350
7574,2021-08-29,CM,Cameroon,AFRO,785,84210,7,1357
7575,2021-09-05,CM,Cameroon,AFRO,710,84920,7,1364
7576,2021-09-12,CM,Cameroon,AFRO,494,85414,4,1368
7577,2021-09-19,CM,Cameroon,AFRO,2769,88183,43,1411
7578,2021-09-26,CM,Cameroon,AFRO,4120,92303,48,1459
7579,2021-10-03,CM,Cameroon,AFRO,3096,95399,58,1517
7580,2021-10-10,CM,Cameroon,AFRO,3003,98402,33,1550
7581,2021-10-17,CM,Cameroon,AFRO,1887,100289,50,1600
7582,2021-10-24,CM,Cameroon,AFRO,2210,102499,86,1686
7583,2021-10-31,CM,Cameroon,AFRO,1849,104348,45,1731
7584,2021-11-07,CM,Cameroon,AFRO,1371,105719,27,1758
7585,2021-11-14,CM,Cameroon,AFRO,471,106190,12,1770
7586,2021-11-21,CM,Cameroon,AFRO,604,106794,21,1791
7587,2021-11-28,CM,Cameroon,AFRO,354,107148,13,1804
7588,2021-12-05,CM,Cameroon,AFRO,401,107549,19,1823
7589,2021-12-12,CM,Cameroon,AFRO,113,107662,13,1836
7590,2021-12-19,CM,Cameroon,AFRO,364,108026,5,1841
7591,2021-12-26,CM,Cameroon,AFRO,650,108676,10,1851
7592,2022-01-02,CM,Cameroon,AFRO,990,109666,2,1853
7593,2022-01-09,CM,Cameroon,AFRO,1766,111432,4,1857
7594,2022-01-16,CM,Cameroon,AFRO,2681,114113,10,1867
7595,2022-01-23,CM,Cameroon,AFRO,2605,116718,13,1880
7596,2022-01-30,CM,Cameroon,AFRO,958,117676,27,1907
7597,2022-02-06,CM,Cameroon,AFRO,999,118675,8,1915
7598,2022-02-13,CM,Cameroon,AFRO,258,118933,3,1918
7599,2022-02-20,CM,Cameroon,AFRO,174,119107,2,1920
7600,2022-02-27,CM,Cameroon,AFRO,133,119240,3,1923
7601,2022-03-06,CM,Cameroon,AFRO,82,119322,3,1926
7602,2022-03-13,CM,Cameroon,AFRO,92,119414,0,1926
7603,2022-03-20,CM,Cameroon,AFRO,130,119544,1,1927
7604,2022-03-27,CM,Cameroon,AFRO,93,119637,0,1927
7605,2022-04-03,CM,Cameroon,AFRO,88,119725,0,1927
7606,2022-04-10,CM,Cameroon,AFRO,55,119780,0,1927
7607,2022-04-17,CM,Cameroon,AFRO,33,119813,0,1927
7608,2022-04-24,CM,Cameroon,AFRO,37,119850,0,1927
7609,2022-05-01,CM,Cameroon,AFRO,40,119890,2,1929
7610,2022-05-08,CM,Cameroon,AFRO,34,119924,1,1930
7611,2022-05-15,CM,Cameroon,AFRO,23,119947,0,1930
7612,2022-05-22,CM,Cameroon,AFRO,26,119973,0,1930
7613,2022-05-29,CM,Cameroon,AFRO,29,120002,0,1930
7614,2022-06-05,CM,Cameroon,AFRO,26,120028,1,1931
7615,2022-06-12,CM,Cameroon,AFRO,40,120068,0,1931
7616,2022-06-19,CM,Cameroon,AFRO,53,120121,0,1931
7617,2022-06-26,CM,Cameroon,AFRO,33,120154,0,1931
7618,2022-07-03,CM,Cameroon,AFRO,43,120197,0,1931
7619,2022-07-10,CM,Cameroon,AFRO,18,120215,0,1931
7620,2022-07-17,CM,Cameroon,AFRO,52,120267,0,1931
7621,2022-07-24,CM,Cameroon,AFRO,95,120362,1,1932
7622,2022-07-31,CM,Cameroon,AFRO,162,120524,1,1933
7623,2022-08-07,CM,Cameroon,AFRO,443,120967,0,1933
7624,2022-08-14,CM,Cameroon,AFRO,685,121652,2,1935
7625,2022-08-21,CM,Cameroon,AFRO,0,121652,0,1935
7626,2022-08-28,CM,Cameroon,AFRO,1337,122989,14,1949
7627,2022-09-04,CM,Cameroon,AFRO,319,123308,3,1952
7628,2022-09-11,CM,Cameroon,AFRO,172,123480,5,1957
7629,2022-09-18,CM,Cameroon,AFRO,149,123629,3,1960
7630,2022-09-25,CM,Cameroon,AFRO,72,123701,0,1960
7631,2022-10-02,CM,Cameroon,AFRO,84,123785,0,1960
7632,2022-10-09,CM,Cameroon,AFRO,80,123865,4,1964
7633,2022-10-16,CM,Cameroon,AFRO,62,123927,0,1964
7634,2022-10-23,CM,Cameroon,AFRO,66,123993,1,1965
7635,2022-10-30,CM,Cameroon,AFRO,0,123993,0,1965
7636,2022-11-06,CM,Cameroon,AFRO,0,123993,0,1965
7637,2022-11-13,CM,Cameroon,AFRO,0,123993,0,1965
7638,2022-11-20,CM,Cameroon,AFRO,0,123993,0,1965
7639,2022-11-27,CM,Cameroon,AFRO,0,123993,0,1965
7640,2022-12-04,CM,Cameroon,AFRO,0,123993,0,1965
7641,2022-12-11,CM,Cameroon,AFRO,0,123993,0,1965
7642,2022-12-18,CM,Cameroon,AFRO,0,123993,0,1965
7643,2022-12-25,CM,Cameroon,AFRO,0,123993,0,1965
7644,2023-01-01,CM,Cameroon,AFRO,0,123993,0,1965
7645,2023-01-08,CM,Cameroon,AFRO,0,123993,0,1965
7646,2023-01-15,CM,Cameroon,AFRO,0,123993,0,1965
7647,2023-01-22,CM,Cameroon,AFRO,296,124289,0,1965
7648,2023-01-29,CM,Cameroon,AFRO,6,124295,0,1965
7649,2023-02-05,CM,Cameroon,AFRO,14,124309,0,1965
7650,2023-02-12,CM,Cameroon,AFRO,19,124328,0,1965
7651,2023-02-19,CM,Cameroon,AFRO,64,124392,0,1965
7652,2023-02-26,CM,Cameroon,AFRO,93,124485,0,1965
7653,2023-03-05,CM,Cameroon,AFRO,120,124605,1,1966
7654,2023-03-12,CM,Cameroon,AFRO,74,124679,2,1968
7655,2023-03-19,CM,Cameroon,AFRO,62,124741,0,1968
7656,2023-03-26,CM,Cameroon,AFRO,44,124785,1,1969
7657,2023-04-02,CM,Cameroon,AFRO,49,124834,1,1970
7658,2023-04-09,CM,Cameroon,AFRO,49,124883,0,1970
7659,2023-04-16,CM,Cameroon,AFRO,12,124895,1,1971
7660,2023-04-23,CM,Cameroon,AFRO,88,124983,0,1971
7661,2023-04-30,CM,Cameroon,AFRO,28,125011,1,1972
7662,2023-05-07,CM,Cameroon,AFRO,25,125036,0,1972
7663,2023-05-14,CM,Cameroon,AFRO,0,125036,0,1972
7664,2023-05-21,CM,Cameroon,AFRO,22,125058,0,1972
7665,2023-05-28,CM,Cameroon,AFRO,7,125065,0,1972
7666,2023-06-04,CM,Cameroon,AFRO,16,125081,0,1972
7667,2023-06-11,CM,Cameroon,AFRO,9,125090,2,1974
7668,2023-06-18,CM,Cameroon,AFRO,0,125090,0,1974
7669,2023-06-25,CM,Cameroon,AFRO,0,125090,0,1974
7670,2023-07-02,CM,Cameroon,AFRO,0,125090,0,1974
7671,2023-07-09,CM,Cameroon,AFRO,0,125090,0,1974
7672,2023-07-16,CM,Cameroon,AFRO,0,125090,0,1974
7673,2023-07-23,CM,Cameroon,AFRO,0,125090,0,1974
7674,2023-07-30,CM,Cameroon,AFRO,0,125090,0,1974
7675,2023-08-06,CM,Cameroon,AFRO,0,125090,0,1974
7676,2023-08-13,CM,Cameroon,AFRO,0,125090,0,1974
7677,2023-08-20,CM,Cameroon,AFRO,0,125090,0,1974
7678,2023-08-27,CM,Cameroon,AFRO,0,125090,0,1974
7679,2023-09-03,CM,Cameroon,AFRO,0,125090,0,1974
7680,2023-09-10,CM,Cameroon,AFRO,0,125090,0,1974
7681,2023-09-17,CM,Cameroon,AFRO,0,125090,0,1974
7682,2023-09-24,CM,Cameroon,AFRO,0,125090,0,1974
7683,2023-10-01,CM,Cameroon,AFRO,0,125090,0,1974
7684,2023-10-08,CM,Cameroon,AFRO,4,125094,0,1974
7685,2023-10-15,CM,Cameroon,AFRO,12,125106,0,1974
7686,2023-10-22,CM,Cameroon,AFRO,3,125109,0,1974
7687,2023-10-29,CM,Cameroon,AFRO,0,125109,0,1974
7688,2023-11-05,CM,Cameroon,AFRO,8,125117,0,1974
7689,2023-11-12,CM,Cameroon,AFRO,10,125127,0,1974
7690,2023-11-19,CM,Cameroon,AFRO,5,125132,0,1974
7691,2023-11-26,CM,Cameroon,AFRO,3,125135,0,1974
7692,2023-12-03,CM,Cameroon,AFRO,1,125136,0,1974
7693,2023-12-10,CM,Cameroon,AFRO,1,125137,0,1974
7694,2023-12-17,CM,Cameroon,AFRO,0,125137,0,1974
7695,2023-12-24,CM,Cameroon,AFRO,0,125137,0,1974
7696,2020-01-05,CA,Canada,AMRO,0,0,0,0
7697,2020-01-12,CA,Canada,AMRO,0,0,0,0
7698,2020-01-19,CA,Canada,AMRO,0,0,0,0
7699,2020-01-26,CA,Canada,AMRO,1,1,0,0
7700,2020-02-02,CA,Canada,AMRO,3,4,0,0
7701,2020-02-09,CA,Canada,AMRO,3,7,0,0
7702,2020-02-16,CA,Canada,AMRO,0,7,0,0
7703,2020-02-23,CA,Canada,AMRO,2,9,0,0
7704,2020-03-01,CA,Canada,AMRO,6,15,0,0
7705,2020-03-08,CA,Canada,AMRO,36,51,0,0
7706,2020-03-15,CA,Canada,AMRO,125,176,1,1
7707,2020-03-22,CA,Canada,AMRO,795,971,10,11
7708,2020-03-29,CA,Canada,AMRO,3704,4675,24,35
7709,2020-04-05,CA,Canada,AMRO,7844,12519,152,187
7710,2020-04-12,CA,Canada,AMRO,9614,22133,381,568
7711,2020-04-19,CA,Canada,AMRO,9739,31872,738,1306
7712,2020-04-26,CA,Canada,AMRO,12005,43877,993,2299
7713,2020-05-03,CA,Canada,AMRO,11173,55050,1083,3382
7714,2020-05-10,CA,Canada,AMRO,11372,66422,1174,4556
7715,2020-05-17,CA,Canada,AMRO,8180,74602,990,5546
7716,2020-05-24,CA,Canada,AMRO,7867,82469,686,6232
7717,2020-05-31,CA,Canada,AMRO,6938,89407,727,6959
7718,2020-06-07,CA,Canada,AMRO,4917,94324,724,7683
7719,2020-06-14,CA,Canada,AMRO,3608,97932,338,8021
7720,2020-06-21,CA,Canada,AMRO,2686,100618,297,8318
7721,2020-06-28,CA,Canada,AMRO,2165,102783,157,8475
7722,2020-07-05,CA,Canada,AMRO,2296,105079,152,8627
7723,2020-07-12,CA,Canada,AMRO,2035,107114,96,8723
7724,2020-07-19,CA,Canada,AMRO,2544,109658,79,8802
7725,2020-07-26,CA,Canada,AMRO,3535,113193,42,8844
7726,2020-08-02,CA,Canada,AMRO,3105,116298,53,8897
7727,2020-08-09,CA,Canada,AMRO,2672,118970,35,8932
7728,2020-08-16,CA,Canada,AMRO,2682,121652,50,8982
7729,2020-08-23,CA,Canada,AMRO,2720,124372,44,9026
7730,2020-08-30,CA,Canada,AMRO,2938,127310,49,9075
7731,2020-09-06,CA,Canada,AMRO,3814,131124,29,9104
7732,2020-09-13,CA,Canada,AMRO,4502,135626,22,9126
7733,2020-09-20,CA,Canada,AMRO,6285,141911,41,9167
7734,2020-09-27,CA,Canada,AMRO,8545,150456,50,9217
7735,2020-10-04,CA,Canada,AMRO,12203,162659,153,9370
7736,2020-10-11,CA,Canada,AMRO,15458,178117,175,9545
7737,2020-10-18,CA,Canada,AMRO,15989,194106,136,9681
7738,2020-10-25,CA,Canada,AMRO,17626,211732,163,9844
7739,2020-11-01,CA,Canada,AMRO,20267,231999,216,10060
7740,2020-11-08,CA,Canada,AMRO,23810,255809,320,10380
7741,2020-11-15,CA,Canada,AMRO,31509,287318,391,10771
7742,2020-11-22,CA,Canada,AMRO,33401,320719,500,11271
7743,2020-11-29,CA,Canada,AMRO,38345,359064,551,11822
7744,2020-12-06,CA,Canada,AMRO,43504,402568,596,12418
7745,2020-12-13,CA,Canada,AMRO,46271,448839,748,13166
7746,2020-12-20,CA,Canada,AMRO,46504,495343,781,13947
7747,2020-12-27,CA,Canada,AMRO,43898,539241,787,14734
7748,2021-01-03,CA,Canada,AMRO,49698,588939,898,15632
7749,2021-01-10,CA,Canada,AMRO,55410,644349,958,16590
7750,2021-01-17,CA,Canada,AMRO,51355,695704,1016,17606
7751,2021-01-24,CA,Canada,AMRO,41703,737407,1091,18697
7752,2021-01-31,CA,Canada,AMRO,33386,770793,965,19662
7753,2021-02-07,CA,Canada,AMRO,26963,797756,797,20459
7754,2021-02-14,CA,Canada,AMRO,22550,820306,542,21001
7755,2021-02-21,CA,Canada,AMRO,20280,840586,406,21407
7756,2021-02-28,CA,Canada,AMRO,20961,861547,331,21738
7757,2021-03-07,CA,Canada,AMRO,20207,881754,272,22010
7758,2021-03-14,CA,Canada,AMRO,21462,903216,207,22217
7759,2021-03-21,CA,Canada,AMRO,23846,927062,205,22422
7760,2021-03-28,CA,Canada,AMRO,29593,956655,207,22629
7761,2021-04-04,CA,Canada,AMRO,38181,994836,199,22828
7762,2021-04-11,CA,Canada,AMRO,50441,1045277,209,23037
7763,2021-04-18,CA,Canada,AMRO,60788,1106065,285,23322
7764,2021-04-25,CA,Canada,AMRO,58515,1164580,333,23655
7765,2021-05-02,CA,Canada,AMRO,54838,1219418,339,23994
7766,2021-05-09,CA,Canada,AMRO,53748,1273166,303,24297
7767,2021-05-16,CA,Canada,AMRO,45246,1318412,335,24632
7768,2021-05-23,CA,Canada,AMRO,33709,1352121,290,24922
7769,2021-05-30,CA,Canada,AMRO,22152,1374273,270,25192
7770,2021-06-06,CA,Canada,AMRO,15229,1389502,235,25427
7771,2021-06-13,CA,Canada,AMRO,10215,1399717,205,25632
7772,2021-06-20,CA,Canada,AMRO,7541,1407258,135,25767
7773,2021-06-27,CA,Canada,AMRO,5043,1412301,176,25943
7774,2021-07-04,CA,Canada,AMRO,4015,1416316,138,26081
7775,2021-07-11,CA,Canada,AMRO,3648,1419964,78,26159
7776,2021-07-18,CA,Canada,AMRO,2677,1422641,66,26225
7777,2021-07-25,CA,Canada,AMRO,3070,1425711,49,26274
7778,2021-08-01,CA,Canada,AMRO,4772,1430483,47,26321
7779,2021-08-08,CA,Canada,AMRO,7218,1437701,65,26386
7780,2021-08-15,CA,Canada,AMRO,12150,1449851,42,26428
7781,2021-08-22,CA,Canada,AMRO,16015,1465866,93,26521
7782,2021-08-29,CA,Canada,AMRO,20570,1486436,100,26621
7783,2021-09-05,CA,Canada,AMRO,24776,1511212,115,26736
7784,2021-09-12,CA,Canada,AMRO,26881,1538093,162,26898
7785,2021-09-19,CA,Canada,AMRO,31093,1569186,198,27096
7786,2021-09-26,CA,Canada,AMRO,29621,1598807,248,27344
7787,2021-10-03,CA,Canada,AMRO,30335,1629142,298,27642
7788,2021-10-10,CA,Canada,AMRO,26222,1655364,262,27904
7789,2021-10-17,CA,Canada,AMRO,21482,1676846,282,28186
7790,2021-10-24,CA,Canada,AMRO,19068,1695914,261,28447
7791,2021-10-31,CA,Canada,AMRO,16214,1712128,222,28669
7792,2021-11-07,CA,Canada,AMRO,15555,1727683,178,28847
7793,2021-11-14,CA,Canada,AMRO,17666,1745349,175,29022
7794,2021-11-21,CA,Canada,AMRO,17085,1762434,171,29193
7795,2021-11-28,CA,Canada,AMRO,19737,1782171,137,29330
7796,2021-12-05,CA,Canada,AMRO,20188,1802359,138,29468
7797,2021-12-12,CA,Canada,AMRO,25396,1827755,142,29610
7798,2021-12-19,CA,Canada,AMRO,39945,1867700,132,29742
7799,2021-12-26,CA,Canada,AMRO,94023,1961723,109,29851
7800,2022-01-02,CA,Canada,AMRO,226586,2188309,173,30024
7801,2022-01-09,CA,Canada,AMRO,293833,2482142,339,30363
7802,2022-01-16,CA,Canada,AMRO,238269,2720411,623,30986
7803,2022-01-23,CA,Canada,AMRO,171610,2892021,1015,32001
7804,2022-01-30,CA,Canada,AMRO,124003,3016024,1118,33119
7805,2022-02-06,CA,Canada,AMRO,94313,3110337,980,34099
7806,2022-02-13,CA,Canada,AMRO,70502,3180839,817,34916
7807,2022-02-20,CA,Canada,AMRO,53473,3234312,613,35529
7808,2022-02-27,CA,Canada,AMRO,42675,3276987,465,35994
7809,2022-03-06,CA,Canada,AMRO,40513,3317500,435,36429
7810,2022-03-13,CA,Canada,AMRO,38996,3356496,420,36849
7811,2022-03-20,CA,Canada,AMRO,37339,3393835,301,37150
7812,2022-03-27,CA,Canada,AMRO,42171,3436006,261,37411
7813,2022-04-03,CA,Canada,AMRO,56397,3492403,260,37671
7814,2022-04-10,CA,Canada,AMRO,68656,3561059,306,37977
7815,2022-04-17,CA,Canada,AMRO,66946,3628005,324,38301
7816,2022-04-24,CA,Canada,AMRO,63247,3691252,452,38753
7817,2022-05-01,CA,Canada,AMRO,54519,3745771,477,39230
7818,2022-05-08,CA,Canada,AMRO,41069,3786840,486,39716
7819,2022-05-15,CA,Canada,AMRO,32418,3819258,501,40217
7820,2022-05-22,CA,Canada,AMRO,25055,3844313,447,40664
7821,2022-05-29,CA,Canada,AMRO,18400,3862713,303,40967
7822,2022-06-05,CA,Canada,AMRO,17026,3879739,304,41271
7823,2022-06-12,CA,Canada,AMRO,12670,3892409,77,41348
7824,2022-06-19,CA,Canada,AMRO,23312,3915721,-331,41017
7825,2022-06-26,CA,Canada,AMRO,15463,3931184,143,41160
7826,2022-07-03,CA,Canada,AMRO,17752,3948936,140,41300
7827,2022-07-10,CA,Canada,AMRO,22662,3971598,152,41452
7828,2022-07-17,CA,Canada,AMRO,27557,3999155,174,41626
7829,2022-07-24,CA,Canada,AMRO,32435,4031590,242,41868
7830,2022-07-31,CA,Canada,AMRO,33319,4064909,291,42159
7831,2022-08-07,CA,Canada,AMRO,28849,4093758,263,42422
7832,2022-08-14,CA,Canada,AMRO,25692,4119450,346,42768
7833,2022-08-21,CA,Canada,AMRO,23906,4143356,259,43027
7834,2022-08-28,CA,Canada,AMRO,23082,4166438,300,43327
7835,2022-09-04,CA,Canada,AMRO,21086,4187524,302,43629
7836,2022-09-11,CA,Canada,AMRO,18478,4206002,253,43882
7837,2022-09-18,CA,Canada,AMRO,16726,4222728,227,44109
7838,2022-09-25,CA,Canada,AMRO,17558,4240286,224,44333
7839,2022-10-02,CA,Canada,AMRO,18643,4258929,210,44543
7840,2022-10-09,CA,Canada,AMRO,19634,4278563,231,44774
7841,2022-10-16,CA,Canada,AMRO,20412,4298975,287,45061
7842,2022-10-23,CA,Canada,AMRO,21454,4320429,379,45440
7843,2022-10-30,CA,Canada,AMRO,21359,4341788,380,45820
7844,2022-11-06,CA,Canada,AMRO,20964,4362752,376,46196
7845,2022-11-13,CA,Canada,AMRO,18396,4381148,344,46540
7846,2022-11-20,CA,Canada,AMRO,15289,4396437,304,46844
7847,2022-11-27,CA,Canada,AMRO,14582,4411019,322,47166
7848,2022-12-04,CA,Canada,AMRO,15134,4426153,308,47474
7849,2022-12-11,CA,Canada,AMRO,16209,4442362,285,47759
7850,2022-12-18,CA,Canada,AMRO,16625,4458987,280,48039
7851,2022-12-25,CA,Canada,AMRO,17398,4476385,382,48421
7852,2023-01-01,CA,Canada,AMRO,16395,4492780,350,48771
7853,2023-01-08,CA,Canada,AMRO,16691,4509471,258,49029
7854,2023-01-15,CA,Canada,AMRO,16796,4526267,332,49361
7855,2023-01-22,CA,Canada,AMRO,13674,4539941,302,49663
7856,2023-01-29,CA,Canada,AMRO,11455,4551396,278,49941
7857,2023-02-05,CA,Canada,AMRO,10337,4561733,252,50193
7858,2023-02-12,CA,Canada,AMRO,10333,4572066,226,50419
7859,2023-02-19,CA,Canada,AMRO,10322,4582388,212,50631
7860,2023-02-26,CA,Canada,AMRO,9670,4592058,168,50799
7861,2023-03-05,CA,Canada,AMRO,9161,4601219,165,50964
7862,2023-03-12,CA,Canada,AMRO,8947,4610166,161,51125
7863,2023-03-19,CA,Canada,AMRO,8585,4618751,181,51306
7864,2023-03-26,CA,Canada,AMRO,8346,4627097,151,51457
7865,2023-04-02,CA,Canada,AMRO,7850,4634947,131,51588
7866,2023-04-09,CA,Canada,AMRO,7085,4642032,147,51735
7867,2023-04-16,CA,Canada,AMRO,6293,4648325,146,51881
7868,2023-04-23,CA,Canada,AMRO,6605,4654930,119,52000
7869,2023-04-30,CA,Canada,AMRO,5770,4660700,150,52150
7870,2023-05-07,CA,Canada,AMRO,5230,4665930,141,52291
7871,2023-05-14,CA,Canada,AMRO,4633,4670563,120,52411
7872,2023-05-21,CA,Canada,AMRO,0,4670563,0,52411
7873,2023-05-28,CA,Canada,AMRO,0,4670563,0,52411
7874,2023-06-04,CA,Canada,AMRO,0,4670563,0,52411
7875,2023-06-11,CA,Canada,AMRO,0,4670563,0,52411
7876,2023-06-18,CA,Canada,AMRO,0,4670563,0,52411
7877,2023-06-25,CA,Canada,AMRO,0,4670563,0,52411
7878,2023-07-02,CA,Canada,AMRO,0,4670563,0,52411
7879,2023-07-09,CA,Canada,AMRO,0,4670563,0,52411
7880,2023-07-16,CA,Canada,AMRO,0,4670563,0,52411
7881,2023-07-23,CA,Canada,AMRO,0,4670563,0,52411
7882,2023-07-30,CA,Canada,AMRO,0,4670563,0,52411
7883,2023-08-06,CA,Canada,AMRO,0,4670563,0,52411
7884,2023-08-13,CA,Canada,AMRO,1077,4671640,21,52432
7885,2023-08-20,CA,Canada,AMRO,1603,4673243,20,52452
7886,2023-08-27,CA,Canada,AMRO,2092,4675335,25,52477
7887,2023-09-03,CA,Canada,AMRO,2315,4677650,50,52527
7888,2023-09-10,CA,Canada,AMRO,2673,4680323,59,52586
7889,2023-09-17,CA,Canada,AMRO,3236,4683559,55,52641
7890,2023-09-24,CA,Canada,AMRO,4001,4687560,65,52706
7891,2023-10-01,CA,Canada,AMRO,4752,4692312,76,52782
7892,2023-10-08,CA,Canada,AMRO,4662,4696974,99,52881
7893,2023-10-15,CA,Canada,AMRO,4263,4701237,75,52956
7894,2023-10-22,CA,Canada,AMRO,4861,4706098,93,53049
7895,2023-10-29,CA,Canada,AMRO,4938,4711036,92,53141
7896,2023-11-05,CA,Canada,AMRO,4957,4715993,73,53214
7897,2023-11-12,CA,Canada,AMRO,5076,4721069,74,53288
7898,2023-11-19,CA,Canada,AMRO,5947,4727016,76,53364
7899,2023-11-26,CA,Canada,AMRO,6156,4733172,70,53434
7900,2023-12-03,CA,Canada,AMRO,5625,4738797,61,53495
7901,2023-12-10,CA,Canada,AMRO,4874,4743671,28,53523
7902,2023-12-17,CA,Canada,AMRO,4456,4748127,9,53532
7903,2023-12-24,CA,Canada,AMRO,824,4748951,0,53532
7904,2020-01-05,KY,Cayman Islands,AMRO,0,0,0,0
7905,2020-01-12,KY,Cayman Islands,AMRO,0,0,0,0
7906,2020-01-19,KY,Cayman Islands,AMRO,0,0,0,0
7907,2020-01-26,KY,Cayman Islands,AMRO,0,0,0,0
7908,2020-02-02,KY,Cayman Islands,AMRO,0,0,0,0
7909,2020-02-09,KY,Cayman Islands,AMRO,0,0,0,0
7910,2020-02-16,KY,Cayman Islands,AMRO,0,0,0,0
7911,2020-02-23,KY,Cayman Islands,AMRO,0,0,0,0
7912,2020-03-01,KY,Cayman Islands,AMRO,0,0,0,0
7913,2020-03-08,KY,Cayman Islands,AMRO,0,0,0,0
7914,2020-03-15,KY,Cayman Islands,AMRO,1,1,1,1
7915,2020-03-22,KY,Cayman Islands,AMRO,2,3,0,1
7916,2020-03-29,KY,Cayman Islands,AMRO,5,8,0,1
7917,2020-04-05,KY,Cayman Islands,AMRO,20,28,0,1
7918,2020-04-12,KY,Cayman Islands,AMRO,17,45,0,1
7919,2020-04-19,KY,Cayman Islands,AMRO,16,61,0,1
7920,2020-04-26,KY,Cayman Islands,AMRO,9,70,0,1
7921,2020-05-03,KY,Cayman Islands,AMRO,4,74,0,1
7922,2020-05-10,KY,Cayman Islands,AMRO,7,81,0,1
7923,2020-05-17,KY,Cayman Islands,AMRO,13,94,0,1
7924,2020-05-24,KY,Cayman Islands,AMRO,35,129,0,1
7925,2020-05-31,KY,Cayman Islands,AMRO,12,141,0,1
7926,2020-06-07,KY,Cayman Islands,AMRO,23,164,0,1
7927,2020-06-14,KY,Cayman Islands,AMRO,23,187,0,1
7928,2020-06-21,KY,Cayman Islands,AMRO,8,195,0,1
7929,2020-06-28,KY,Cayman Islands,AMRO,1,196,0,1
7930,2020-07-05,KY,Cayman Islands,AMRO,5,201,0,1
7931,2020-07-12,KY,Cayman Islands,AMRO,0,201,0,1
7932,2020-07-19,KY,Cayman Islands,AMRO,2,203,0,1
7933,2020-07-26,KY,Cayman Islands,AMRO,0,203,0,1
7934,2020-08-02,KY,Cayman Islands,AMRO,0,203,0,1
7935,2020-08-09,KY,Cayman Islands,AMRO,0,203,0,1
7936,2020-08-16,KY,Cayman Islands,AMRO,0,203,0,1
7937,2020-08-23,KY,Cayman Islands,AMRO,2,205,0,1
7938,2020-08-30,KY,Cayman Islands,AMRO,0,205,0,1
7939,2020-09-06,KY,Cayman Islands,AMRO,0,205,0,1
7940,2020-09-13,KY,Cayman Islands,AMRO,3,208,0,1
7941,2020-09-20,KY,Cayman Islands,AMRO,0,208,0,1
7942,2020-09-27,KY,Cayman Islands,AMRO,2,210,0,1
7943,2020-10-04,KY,Cayman Islands,AMRO,3,213,0,1
7944,2020-10-11,KY,Cayman Islands,AMRO,7,220,0,1
7945,2020-10-18,KY,Cayman Islands,AMRO,13,233,0,1
7946,2020-10-25,KY,Cayman Islands,AMRO,6,239,0,1
7947,2020-11-01,KY,Cayman Islands,AMRO,1,240,0,1
7948,2020-11-08,KY,Cayman Islands,AMRO,10,250,0,1
7949,2020-11-15,KY,Cayman Islands,AMRO,4,254,0,1
7950,2020-11-22,KY,Cayman Islands,AMRO,7,261,1,2
7951,2020-11-29,KY,Cayman Islands,AMRO,13,274,0,2
7952,2020-12-06,KY,Cayman Islands,AMRO,14,288,0,2
7953,2020-12-13,KY,Cayman Islands,AMRO,10,298,0,2
7954,2020-12-20,KY,Cayman Islands,AMRO,13,311,0,2
7955,2020-12-27,KY,Cayman Islands,AMRO,7,318,0,2
7956,2021-01-03,KY,Cayman Islands,AMRO,20,338,0,2
7957,2021-01-10,KY,Cayman Islands,AMRO,21,359,0,2
7958,2021-01-17,KY,Cayman Islands,AMRO,15,374,0,2
7959,2021-01-24,KY,Cayman Islands,AMRO,9,383,0,2
7960,2021-01-31,KY,Cayman Islands,AMRO,7,390,0,2
7961,2021-02-07,KY,Cayman Islands,AMRO,15,405,0,2
7962,2021-02-14,KY,Cayman Islands,AMRO,11,416,0,2
7963,2021-02-21,KY,Cayman Islands,AMRO,12,428,0,2
7964,2021-02-28,KY,Cayman Islands,AMRO,10,438,0,2
7965,2021-03-07,KY,Cayman Islands,AMRO,13,451,0,2
7966,2021-03-14,KY,Cayman Islands,AMRO,17,468,0,2
7967,2021-03-21,KY,Cayman Islands,AMRO,7,475,0,2
7968,2021-03-28,KY,Cayman Islands,AMRO,12,487,0,2
7969,2021-04-04,KY,Cayman Islands,AMRO,14,501,0,2
7970,2021-04-11,KY,Cayman Islands,AMRO,15,516,0,2
7971,2021-04-18,KY,Cayman Islands,AMRO,9,525,0,2
7972,2021-04-25,KY,Cayman Islands,AMRO,9,534,0,2
7973,2021-05-02,KY,Cayman Islands,AMRO,9,543,0,2
7974,2021-05-09,KY,Cayman Islands,AMRO,5,548,0,2
7975,2021-05-16,KY,Cayman Islands,AMRO,17,565,0,2
7976,2021-05-23,KY,Cayman Islands,AMRO,9,574,0,2
7977,2021-05-30,KY,Cayman Islands,AMRO,7,581,0,2
7978,2021-06-06,KY,Cayman Islands,AMRO,6,587,0,2
7979,2021-06-13,KY,Cayman Islands,AMRO,5,592,0,2
7980,2021-06-20,KY,Cayman Islands,AMRO,16,608,0,2
7981,2021-06-27,KY,Cayman Islands,AMRO,1,609,0,2
7982,2021-07-04,KY,Cayman Islands,AMRO,5,614,0,2
7983,2021-07-11,KY,Cayman Islands,AMRO,2,616,0,2
7984,2021-07-18,KY,Cayman Islands,AMRO,6,622,0,2
7985,2021-07-25,KY,Cayman Islands,AMRO,14,636,0,2
7986,2021-08-01,KY,Cayman Islands,AMRO,7,643,0,2
7987,2021-08-08,KY,Cayman Islands,AMRO,3,646,0,2
7988,2021-08-15,KY,Cayman Islands,AMRO,5,651,0,2
7989,2021-08-22,KY,Cayman Islands,AMRO,12,663,0,2
7990,2021-08-29,KY,Cayman Islands,AMRO,17,680,0,2
7991,2021-09-05,KY,Cayman Islands,AMRO,11,691,0,2
7992,2021-09-12,KY,Cayman Islands,AMRO,38,729,0,2
7993,2021-09-19,KY,Cayman Islands,AMRO,45,774,0,2
7994,2021-09-26,KY,Cayman Islands,AMRO,21,795,0,2
7995,2021-10-03,KY,Cayman Islands,AMRO,58,853,0,2
7996,2021-10-10,KY,Cayman Islands,AMRO,86,939,0,2
7997,2021-10-17,KY,Cayman Islands,AMRO,72,1011,0,2
7998,2021-10-24,KY,Cayman Islands,AMRO,185,1196,0,2
7999,2021-10-31,KY,Cayman Islands,AMRO,454,1650,0,2
8000,2021-11-07,KY,Cayman Islands,AMRO,1026,2676,0,2
8001,2021-11-14,KY,Cayman Islands,AMRO,751,3427,0,2
8002,2021-11-21,KY,Cayman Islands,AMRO,2105,5532,2,4
8003,2021-11-28,KY,Cayman Islands,AMRO,1206,6738,0,4
8004,2021-12-05,KY,Cayman Islands,AMRO,791,7529,3,7
8005,2021-12-12,KY,Cayman Islands,AMRO,342,7871,2,9
8006,2021-12-19,KY,Cayman Islands,AMRO,226,8097,0,9
8007,2021-12-26,KY,Cayman Islands,AMRO,289,8386,2,11
8008,2022-01-02,KY,Cayman Islands,AMRO,694,9080,1,12
8009,2022-01-09,KY,Cayman Islands,AMRO,1538,10618,0,12
8010,2022-01-16,KY,Cayman Islands,AMRO,1405,12023,2,14
8011,2022-01-23,KY,Cayman Islands,AMRO,1711,13734,1,15
8012,2022-01-30,KY,Cayman Islands,AMRO,54,13788,0,15
8013,2022-02-06,KY,Cayman Islands,AMRO,2146,15934,1,16
8014,2022-02-13,KY,Cayman Islands,AMRO,1753,17687,0,16
8015,2022-02-20,KY,Cayman Islands,AMRO,1041,18728,1,17
8016,2022-02-27,KY,Cayman Islands,AMRO,645,19373,0,17
8017,2022-03-06,KY,Cayman Islands,AMRO,0,19373,0,17
8018,2022-03-13,KY,Cayman Islands,AMRO,700,20073,4,21
8019,2022-03-20,KY,Cayman Islands,AMRO,263,20336,2,23
8020,2022-03-27,KY,Cayman Islands,AMRO,270,20606,1,24
8021,2022-04-03,KY,Cayman Islands,AMRO,0,20606,1,25
8022,2022-04-10,KY,Cayman Islands,AMRO,515,21121,0,25
8023,2022-04-17,KY,Cayman Islands,AMRO,285,21406,2,27
8024,2022-04-24,KY,Cayman Islands,AMRO,349,21755,0,27
8025,2022-05-01,KY,Cayman Islands,AMRO,468,22223,0,27
8026,2022-05-08,KY,Cayman Islands,AMRO,605,22828,1,28
8027,2022-05-15,KY,Cayman Islands,AMRO,750,23578,0,28
8028,2022-05-22,KY,Cayman Islands,AMRO,899,24477,0,28
8029,2022-05-29,KY,Cayman Islands,AMRO,0,24477,0,28
8030,2022-06-05,KY,Cayman Islands,AMRO,1409,25886,0,28
8031,2022-06-12,KY,Cayman Islands,AMRO,439,26325,0,28
8032,2022-06-19,KY,Cayman Islands,AMRO,472,26797,0,28
8033,2022-06-26,KY,Cayman Islands,AMRO,374,27171,0,28
8034,2022-07-03,KY,Cayman Islands,AMRO,423,27594,1,29
8035,2022-07-10,KY,Cayman Islands,AMRO,372,27966,0,29
8036,2022-07-17,KY,Cayman Islands,AMRO,423,28389,0,29
8037,2022-07-24,KY,Cayman Islands,AMRO,395,28784,0,29
8038,2022-07-31,KY,Cayman Islands,AMRO,325,29109,0,29
8039,2022-08-07,KY,Cayman Islands,AMRO,310,29419,0,29
8040,2022-08-14,KY,Cayman Islands,AMRO,234,29653,0,29
8041,2022-08-21,KY,Cayman Islands,AMRO,254,29907,0,29
8042,2022-08-28,KY,Cayman Islands,AMRO,150,30057,0,29
8043,2022-09-04,KY,Cayman Islands,AMRO,157,30214,0,29
8044,2022-09-11,KY,Cayman Islands,AMRO,166,30380,0,29
8045,2022-09-18,KY,Cayman Islands,AMRO,165,30545,2,31
8046,2022-09-25,KY,Cayman Islands,AMRO,0,30545,0,31
8047,2022-10-02,KY,Cayman Islands,AMRO,116,30661,1,32
8048,2022-10-09,KY,Cayman Islands,AMRO,148,30809,2,34
8049,2022-10-16,KY,Cayman Islands,AMRO,0,30809,0,34
8050,2022-10-23,KY,Cayman Islands,AMRO,117,30926,0,34
8051,2022-10-30,KY,Cayman Islands,AMRO,80,31006,0,34
8052,2022-11-06,KY,Cayman Islands,AMRO,90,31096,1,35
8053,2022-11-13,KY,Cayman Islands,AMRO,98,31194,1,36
8054,2022-11-20,KY,Cayman Islands,AMRO,0,31194,0,36
8055,2022-11-27,KY,Cayman Islands,AMRO,0,31194,0,36
8056,2022-12-04,KY,Cayman Islands,AMRO,165,31359,0,36
8057,2022-12-11,KY,Cayman Islands,AMRO,0,31359,0,36
8058,2022-12-18,KY,Cayman Islands,AMRO,113,31472,1,37
8059,2022-12-25,KY,Cayman Islands,AMRO,0,31472,0,37
8060,2023-01-01,KY,Cayman Islands,AMRO,0,31472,0,37
8061,2023-01-08,KY,Cayman Islands,AMRO,0,31472,0,37
8062,2023-01-15,KY,Cayman Islands,AMRO,0,31472,0,37
8063,2023-01-22,KY,Cayman Islands,AMRO,0,31472,0,37
8064,2023-01-29,KY,Cayman Islands,AMRO,0,31472,0,37
8065,2023-02-05,KY,Cayman Islands,AMRO,0,31472,0,37
8066,2023-02-12,KY,Cayman Islands,AMRO,0,31472,0,37
8067,2023-02-19,KY,Cayman Islands,AMRO,0,31472,0,37
8068,2023-02-26,KY,Cayman Islands,AMRO,0,31472,0,37
8069,2023-03-05,KY,Cayman Islands,AMRO,0,31472,0,37
8070,2023-03-12,KY,Cayman Islands,AMRO,0,31472,0,37
8071,2023-03-19,KY,Cayman Islands,AMRO,0,31472,0,37
8072,2023-03-26,KY,Cayman Islands,AMRO,0,31472,0,37
8073,2023-04-02,KY,Cayman Islands,AMRO,0,31472,0,37
8074,2023-04-09,KY,Cayman Islands,AMRO,0,31472,0,37
8075,2023-04-16,KY,Cayman Islands,AMRO,0,31472,0,37
8076,2023-04-23,KY,Cayman Islands,AMRO,0,31472,0,37
8077,2023-04-30,KY,Cayman Islands,AMRO,0,31472,0,37
8078,2023-05-07,KY,Cayman Islands,AMRO,0,31472,0,37
8079,2023-05-14,KY,Cayman Islands,AMRO,0,31472,0,37
8080,2023-05-21,KY,Cayman Islands,AMRO,0,31472,0,37
8081,2023-05-28,KY,Cayman Islands,AMRO,0,31472,0,37
8082,2023-06-04,KY,Cayman Islands,AMRO,0,31472,0,37
8083,2023-06-11,KY,Cayman Islands,AMRO,0,31472,0,37
8084,2023-06-18,KY,Cayman Islands,AMRO,0,31472,0,37
8085,2023-06-25,KY,Cayman Islands,AMRO,0,31472,0,37
8086,2023-07-02,KY,Cayman Islands,AMRO,0,31472,0,37
8087,2023-07-09,KY,Cayman Islands,AMRO,0,31472,0,37
8088,2023-07-16,KY,Cayman Islands,AMRO,0,31472,0,37
8089,2023-07-23,KY,Cayman Islands,AMRO,0,31472,0,37
8090,2023-07-30,KY,Cayman Islands,AMRO,0,31472,0,37
8091,2023-08-06,KY,Cayman Islands,AMRO,0,31472,0,37
8092,2023-08-13,KY,Cayman Islands,AMRO,0,31472,0,37
8093,2023-08-20,KY,Cayman Islands,AMRO,0,31472,0,37
8094,2023-08-27,KY,Cayman Islands,AMRO,0,31472,0,37
8095,2023-09-03,KY,Cayman Islands,AMRO,0,31472,0,37
8096,2023-09-10,KY,Cayman Islands,AMRO,0,31472,0,37
8097,2023-09-17,KY,Cayman Islands,AMRO,0,31472,0,37
8098,2023-09-24,KY,Cayman Islands,AMRO,0,31472,0,37
8099,2023-10-01,KY,Cayman Islands,AMRO,0,31472,0,37
8100,2023-10-08,KY,Cayman Islands,AMRO,0,31472,0,37
8101,2023-10-15,KY,Cayman Islands,AMRO,0,31472,0,37
8102,2023-10-22,KY,Cayman Islands,AMRO,0,31472,0,37
8103,2023-10-29,KY,Cayman Islands,AMRO,0,31472,0,37
8104,2023-11-05,KY,Cayman Islands,AMRO,0,31472,0,37
8105,2023-11-12,KY,Cayman Islands,AMRO,0,31472,0,37
8106,2023-11-19,KY,Cayman Islands,AMRO,0,31472,0,37
8107,2023-11-26,KY,Cayman Islands,AMRO,0,31472,0,37
8108,2023-12-03,KY,Cayman Islands,AMRO,0,31472,0,37
8109,2023-12-10,KY,Cayman Islands,AMRO,0,31472,0,37
8110,2023-12-17,KY,Cayman Islands,AMRO,0,31472,0,37
8111,2023-12-24,KY,Cayman Islands,AMRO,0,31472,0,37
8112,2020-01-05,CF,Central African Republic,AFRO,0,0,0,0
8113,2020-01-12,CF,Central African Republic,AFRO,0,0,0,0
8114,2020-01-19,CF,Central African Republic,AFRO,0,0,0,0
8115,2020-01-26,CF,Central African Republic,AFRO,0,0,0,0
8116,2020-02-02,CF,Central African Republic,AFRO,0,0,0,0
8117,2020-02-09,CF,Central African Republic,AFRO,0,0,0,0
8118,2020-02-16,CF,Central African Republic,AFRO,0,0,0,0
8119,2020-02-23,CF,Central African Republic,AFRO,0,0,0,0
8120,2020-03-01,CF,Central African Republic,AFRO,0,0,0,0
8121,2020-03-08,CF,Central African Republic,AFRO,0,0,0,0
8122,2020-03-15,CF,Central African Republic,AFRO,3,3,0,0
8123,2020-03-22,CF,Central African Republic,AFRO,4,7,0,0
8124,2020-03-29,CF,Central African Republic,AFRO,6,13,0,0
8125,2020-04-05,CF,Central African Republic,AFRO,5,18,0,0
8126,2020-04-12,CF,Central African Republic,AFRO,2,20,0,0
8127,2020-04-19,CF,Central African Republic,AFRO,1,21,0,0
8128,2020-04-26,CF,Central African Republic,AFRO,9,30,0,0
8129,2020-05-03,CF,Central African Republic,AFRO,58,88,0,0
8130,2020-05-10,CF,Central African Republic,AFRO,82,170,0,0
8131,2020-05-17,CF,Central African Republic,AFRO,197,367,0,0
8132,2020-05-24,CF,Central African Republic,AFRO,237,604,1,1
8133,2020-05-31,CF,Central African Republic,AFRO,448,1052,1,2
8134,2020-06-07,CF,Central African Republic,AFRO,690,1742,3,5
8135,2020-06-14,CF,Central African Republic,AFRO,715,2457,2,7
8136,2020-06-21,CF,Central African Republic,AFRO,707,3164,16,23
8137,2020-06-28,CF,Central African Republic,AFRO,872,4036,22,45
8138,2020-07-05,CF,Central African Republic,AFRO,609,4645,6,51
8139,2020-07-12,CF,Central African Republic,AFRO,346,4991,2,53
8140,2020-07-19,CF,Central African Republic,AFRO,229,5220,2,55
8141,2020-07-26,CF,Central African Republic,AFRO,141,5361,4,59
8142,2020-08-02,CF,Central African Republic,AFRO,24,5385,0,59
8143,2020-08-09,CF,Central African Republic,AFRO,50,5435,2,61
8144,2020-08-16,CF,Central African Republic,AFRO,38,5473,0,61
8145,2020-08-23,CF,Central African Republic,AFRO,26,5499,0,61
8146,2020-08-30,CF,Central African Republic,AFRO,17,5516,0,61
8147,2020-09-06,CF,Central African Republic,AFRO,35,5551,1,62
8148,2020-09-13,CF,Central African Republic,AFRO,54,5605,0,62
8149,2020-09-20,CF,Central African Republic,AFRO,32,5637,0,62
8150,2020-09-27,CF,Central African Republic,AFRO,8,5645,0,62
8151,2020-10-04,CF,Central African Republic,AFRO,44,5689,0,62
8152,2020-10-11,CF,Central African Republic,AFRO,3,5692,0,62
8153,2020-10-18,CF,Central African Republic,AFRO,5,5697,0,62
8154,2020-10-25,CF,Central African Republic,AFRO,6,5703,0,62
8155,2020-11-01,CF,Central African Republic,AFRO,11,5714,0,62
8156,2020-11-08,CF,Central African Republic,AFRO,10,5724,0,62
8157,2020-11-15,CF,Central African Republic,AFRO,19,5743,1,63
8158,2020-11-22,CF,Central African Republic,AFRO,8,5751,0,63
8159,2020-11-29,CF,Central African Republic,AFRO,8,5759,0,63
8160,2020-12-06,CF,Central African Republic,AFRO,15,5774,0,63
8161,2020-12-13,CF,Central African Republic,AFRO,10,5784,0,63
8162,2020-12-20,CF,Central African Republic,AFRO,12,5796,0,63
8163,2020-12-27,CF,Central African Republic,AFRO,18,5814,0,63
8164,2021-01-03,CF,Central African Republic,AFRO,30,5844,0,63
8165,2021-01-10,CF,Central African Republic,AFRO,0,5844,0,63
8166,2021-01-17,CF,Central African Republic,AFRO,2,5846,0,63
8167,2021-01-24,CF,Central African Republic,AFRO,15,5861,0,63
8168,2021-01-31,CF,Central African Republic,AFRO,3,5864,0,63
8169,2021-02-07,CF,Central African Republic,AFRO,13,5877,0,63
8170,2021-02-14,CF,Central African Republic,AFRO,1,5878,0,63
8171,2021-02-21,CF,Central African Republic,AFRO,12,5890,0,63
8172,2021-02-28,CF,Central African Republic,AFRO,8,5898,0,63
8173,2021-03-07,CF,Central African Republic,AFRO,35,5933,0,63
8174,2021-03-14,CF,Central African Republic,AFRO,65,5998,1,64
8175,2021-03-21,CF,Central African Republic,AFRO,107,6105,2,66
8176,2021-03-28,CF,Central African Republic,AFRO,180,6285,6,72
8177,2021-04-04,CF,Central African Republic,AFRO,295,6580,1,73
8178,2021-04-11,CF,Central African Republic,AFRO,487,7067,2,75
8179,2021-04-18,CF,Central African Republic,AFRO,1227,8294,4,79
8180,2021-04-25,CF,Central African Republic,AFRO,874,9168,8,87
8181,2021-05-02,CF,Central African Republic,AFRO,702,9870,4,91
8182,2021-05-09,CF,Central African Republic,AFRO,511,10381,4,95
8183,2021-05-16,CF,Central African Republic,AFRO,335,10716,1,96
8184,2021-05-23,CF,Central African Republic,AFRO,164,10880,1,97
8185,2021-05-30,CF,Central African Republic,AFRO,46,10926,1,98
8186,2021-06-06,CF,Central African Republic,AFRO,58,10984,0,98
8187,2021-06-13,CF,Central African Republic,AFRO,44,11028,0,98
8188,2021-06-20,CF,Central African Republic,AFRO,14,11042,0,98
8189,2021-06-27,CF,Central African Republic,AFRO,16,11058,0,98
8190,2021-07-04,CF,Central African Republic,AFRO,7,11065,0,98
8191,2021-07-11,CF,Central African Republic,AFRO,10,11075,0,98
8192,2021-07-18,CF,Central African Republic,AFRO,27,11102,0,98
8193,2021-07-25,CF,Central African Republic,AFRO,43,11145,0,98
8194,2021-08-01,CF,Central African Republic,AFRO,28,11173,0,98
8195,2021-08-08,CF,Central African Republic,AFRO,53,11226,1,99
8196,2021-08-15,CF,Central African Republic,AFRO,36,11262,0,99
8197,2021-08-22,CF,Central African Republic,AFRO,9,11271,0,99
8198,2021-08-29,CF,Central African Republic,AFRO,35,11306,1,100
8199,2021-09-05,CF,Central African Republic,AFRO,3,11309,0,100
8200,2021-09-12,CF,Central African Republic,AFRO,22,11331,0,100
8201,2021-09-19,CF,Central African Republic,AFRO,28,11359,0,100
8202,2021-09-26,CF,Central African Republic,AFRO,16,11375,0,100
8203,2021-10-03,CF,Central African Republic,AFRO,26,11401,0,100
8204,2021-10-10,CF,Central African Republic,AFRO,67,11468,0,100
8205,2021-10-17,CF,Central African Republic,AFRO,20,11488,0,100
8206,2021-10-24,CF,Central African Republic,AFRO,49,11537,0,100
8207,2021-10-31,CF,Central African Republic,AFRO,55,11592,0,100
8208,2021-11-07,CF,Central African Republic,AFRO,31,11623,0,100
8209,2021-11-14,CF,Central African Republic,AFRO,43,11666,1,101
8210,2021-11-21,CF,Central African Republic,AFRO,42,11708,0,101
8211,2021-11-28,CF,Central African Republic,AFRO,34,11742,0,101
8212,2021-12-05,CF,Central African Republic,AFRO,129,11871,0,101
8213,2021-12-12,CF,Central African Republic,AFRO,90,11961,0,101
8214,2021-12-19,CF,Central African Republic,AFRO,202,12163,0,101
8215,2021-12-26,CF,Central African Republic,AFRO,105,12268,0,101
8216,2022-01-02,CF,Central African Republic,AFRO,248,12516,5,106
8217,2022-01-09,CF,Central African Republic,AFRO,803,13319,2,108
8218,2022-01-16,CF,Central African Republic,AFRO,435,13754,1,109
8219,2022-01-23,CF,Central African Republic,AFRO,144,13898,1,110
8220,2022-01-30,CF,Central African Republic,AFRO,125,14023,0,110
8221,2022-02-06,CF,Central African Republic,AFRO,131,14154,1,111
8222,2022-02-13,CF,Central African Republic,AFRO,53,14207,2,113
8223,2022-02-20,CF,Central African Republic,AFRO,18,14225,0,113
8224,2022-02-27,CF,Central African Republic,AFRO,95,14320,0,113
8225,2022-03-06,CF,Central African Republic,AFRO,6,14326,0,113
8226,2022-03-13,CF,Central African Republic,AFRO,8,14334,0,113
8227,2022-03-20,CF,Central African Republic,AFRO,5,14339,0,113
8228,2022-03-27,CF,Central African Republic,AFRO,12,14351,0,113
8229,2022-04-03,CF,Central African Republic,AFRO,1,14352,0,113
8230,2022-04-10,CF,Central African Republic,AFRO,2,14354,0,113
8231,2022-04-17,CF,Central African Republic,AFRO,0,14354,0,113
8232,2022-04-24,CF,Central African Republic,AFRO,0,14354,0,113
8233,2022-05-01,CF,Central African Republic,AFRO,4,14358,0,113
8234,2022-05-08,CF,Central African Republic,AFRO,0,14358,0,113
8235,2022-05-15,CF,Central African Republic,AFRO,11,14369,0,113
8236,2022-05-22,CF,Central African Republic,AFRO,2,14371,0,113
8237,2022-05-29,CF,Central African Republic,AFRO,0,14371,0,113
8238,2022-06-05,CF,Central African Republic,AFRO,0,14371,0,113
8239,2022-06-12,CF,Central African Republic,AFRO,0,14371,0,113
8240,2022-06-19,CF,Central African Republic,AFRO,215,14586,0,113
8241,2022-06-26,CF,Central African Republic,AFRO,76,14662,0,113
8242,2022-07-03,CF,Central African Republic,AFRO,38,14700,0,113
8243,2022-07-10,CF,Central African Republic,AFRO,33,14733,0,113
8244,2022-07-17,CF,Central African Republic,AFRO,16,14749,0,113
8245,2022-07-24,CF,Central African Republic,AFRO,21,14770,0,113
8246,2022-07-31,CF,Central African Republic,AFRO,11,14781,0,113
8247,2022-08-07,CF,Central African Republic,AFRO,21,14802,0,113
8248,2022-08-14,CF,Central African Republic,AFRO,33,14835,0,113
8249,2022-08-21,CF,Central African Republic,AFRO,35,14870,0,113
8250,2022-08-28,CF,Central African Republic,AFRO,12,14882,0,113
8251,2022-09-04,CF,Central African Republic,AFRO,6,14888,0,113
8252,2022-09-11,CF,Central African Republic,AFRO,21,14909,0,113
8253,2022-09-18,CF,Central African Republic,AFRO,3,14912,0,113
8254,2022-09-25,CF,Central African Republic,AFRO,23,14935,0,113
8255,2022-10-02,CF,Central African Republic,AFRO,21,14956,0,113
8256,2022-10-09,CF,Central African Republic,AFRO,124,15080,0,113
8257,2022-10-16,CF,Central African Republic,AFRO,96,15176,0,113
8258,2022-10-23,CF,Central African Republic,AFRO,83,15259,0,113
8259,2022-10-30,CF,Central African Republic,AFRO,32,15291,0,113
8260,2022-11-06,CF,Central African Republic,AFRO,5,15296,0,113
8261,2022-11-13,CF,Central African Republic,AFRO,22,15318,0,113
8262,2022-11-20,CF,Central African Republic,AFRO,6,15324,0,113
8263,2022-11-27,CF,Central African Republic,AFRO,4,15328,0,113
8264,2022-12-04,CF,Central African Republic,AFRO,2,15330,0,113
8265,2022-12-11,CF,Central African Republic,AFRO,15,15345,0,113
8266,2022-12-18,CF,Central African Republic,AFRO,11,15356,0,113
8267,2022-12-25,CF,Central African Republic,AFRO,4,15360,0,113
8268,2023-01-01,CF,Central African Republic,AFRO,0,15360,0,113
8269,2023-01-08,CF,Central African Republic,AFRO,4,15364,0,113
8270,2023-01-15,CF,Central African Republic,AFRO,2,15366,0,113
8271,2023-01-22,CF,Central African Republic,AFRO,1,15367,0,113
8272,2023-01-29,CF,Central African Republic,AFRO,0,15367,0,113
8273,2023-02-05,CF,Central African Republic,AFRO,0,15367,0,113
8274,2023-02-12,CF,Central African Republic,AFRO,0,15367,0,113
8275,2023-02-19,CF,Central African Republic,AFRO,0,15367,0,113
8276,2023-02-26,CF,Central African Republic,AFRO,0,15367,0,113
8277,2023-03-05,CF,Central African Republic,AFRO,0,15367,0,113
8278,2023-03-12,CF,Central African Republic,AFRO,0,15367,0,113
8279,2023-03-19,CF,Central African Republic,AFRO,0,15367,0,113
8280,2023-03-26,CF,Central African Republic,AFRO,0,15367,0,113
8281,2023-04-02,CF,Central African Republic,AFRO,0,15367,0,113
8282,2023-04-09,CF,Central African Republic,AFRO,0,15367,0,113
8283,2023-04-16,CF,Central African Republic,AFRO,0,15367,0,113
8284,2023-04-23,CF,Central African Republic,AFRO,0,15367,0,113
8285,2023-04-30,CF,Central African Republic,AFRO,0,15367,0,113
8286,2023-05-07,CF,Central African Republic,AFRO,0,15367,0,113
8287,2023-05-14,CF,Central African Republic,AFRO,0,15367,0,113
8288,2023-05-21,CF,Central African Republic,AFRO,0,15367,0,113
8289,2023-05-28,CF,Central African Republic,AFRO,0,15367,0,113
8290,2023-06-04,CF,Central African Republic,AFRO,0,15367,0,113
8291,2023-06-11,CF,Central African Republic,AFRO,0,15367,0,113
8292,2023-06-18,CF,Central African Republic,AFRO,0,15367,0,113
8293,2023-06-25,CF,Central African Republic,AFRO,0,15367,0,113
8294,2023-07-02,CF,Central African Republic,AFRO,0,15367,0,113
8295,2023-07-09,CF,Central African Republic,AFRO,0,15367,0,113
8296,2023-07-16,CF,Central African Republic,AFRO,0,15367,0,113
8297,2023-07-23,CF,Central African Republic,AFRO,0,15367,0,113
8298,2023-07-30,CF,Central African Republic,AFRO,0,15367,0,113
8299,2023-08-06,CF,Central African Republic,AFRO,0,15367,0,113
8300,2023-08-13,CF,Central African Republic,AFRO,0,15367,0,113
8301,2023-08-20,CF,Central African Republic,AFRO,0,15367,0,113
8302,2023-08-27,CF,Central African Republic,AFRO,0,15367,0,113
8303,2023-09-03,CF,Central African Republic,AFRO,0,15367,0,113
8304,2023-09-10,CF,Central African Republic,AFRO,0,15367,0,113
8305,2023-09-17,CF,Central African Republic,AFRO,0,15367,0,113
8306,2023-09-24,CF,Central African Republic,AFRO,0,15367,0,113
8307,2023-10-01,CF,Central African Republic,AFRO,0,15367,0,113
8308,2023-10-08,CF,Central African Republic,AFRO,0,15367,0,113
8309,2023-10-15,CF,Central African Republic,AFRO,0,15367,0,113
8310,2023-10-22,CF,Central African Republic,AFRO,0,15367,0,113
8311,2023-10-29,CF,Central African Republic,AFRO,0,15367,0,113
8312,2023-11-05,CF,Central African Republic,AFRO,0,15367,0,113
8313,2023-11-12,CF,Central African Republic,AFRO,0,15367,0,113
8314,2023-11-19,CF,Central African Republic,AFRO,0,15367,0,113
8315,2023-11-26,CF,Central African Republic,AFRO,43,15410,0,113
8316,2023-12-03,CF,Central African Republic,AFRO,30,15440,0,113
8317,2023-12-10,CF,Central African Republic,AFRO,0,15440,0,113
8318,2023-12-17,CF,Central African Republic,AFRO,0,15440,0,113
8319,2023-12-24,CF,Central African Republic,AFRO,0,15440,0,113
8320,2020-01-05,TD,Chad,AFRO,0,0,0,0
8321,2020-01-12,TD,Chad,AFRO,0,0,0,0
8322,2020-01-19,TD,Chad,AFRO,0,0,0,0
8323,2020-01-26,TD,Chad,AFRO,0,0,0,0
8324,2020-02-02,TD,Chad,AFRO,0,0,0,0
8325,2020-02-09,TD,Chad,AFRO,0,0,0,0
8326,2020-02-16,TD,Chad,AFRO,0,0,0,0
8327,2020-02-23,TD,Chad,AFRO,0,0,0,0
8328,2020-03-01,TD,Chad,AFRO,0,0,0,0
8329,2020-03-08,TD,Chad,AFRO,0,0,0,0
8330,2020-03-15,TD,Chad,AFRO,0,0,0,0
8331,2020-03-22,TD,Chad,AFRO,1,1,0,0
8332,2020-03-29,TD,Chad,AFRO,4,5,0,0
8333,2020-04-05,TD,Chad,AFRO,4,9,0,0
8334,2020-04-12,TD,Chad,AFRO,9,18,0,0
8335,2020-04-19,TD,Chad,AFRO,15,33,0,0
8336,2020-04-26,TD,Chad,AFRO,13,46,0,0
8337,2020-05-03,TD,Chad,AFRO,71,117,20,20
8338,2020-05-10,TD,Chad,AFRO,205,322,21,41
8339,2020-05-17,TD,Chad,AFRO,181,503,14,55
8340,2020-05-24,TD,Chad,AFRO,172,675,7,62
8341,2020-05-31,TD,Chad,AFRO,103,778,5,67
8342,2020-06-07,TD,Chad,AFRO,59,837,4,71
8343,2020-06-14,TD,Chad,AFRO,11,848,3,74
8344,2020-06-21,TD,Chad,AFRO,10,858,2,76
8345,2020-06-28,TD,Chad,AFRO,7,865,0,76
8346,2020-07-05,TD,Chad,AFRO,6,871,0,76
8347,2020-07-12,TD,Chad,AFRO,3,874,0,76
8348,2020-07-19,TD,Chad,AFRO,15,889,1,77
8349,2020-07-26,TD,Chad,AFRO,26,915,0,77
8350,2020-08-02,TD,Chad,AFRO,21,936,0,77
8351,2020-08-09,TD,Chad,AFRO,6,942,1,78
8352,2020-08-16,TD,Chad,AFRO,10,952,0,78
8353,2020-08-23,TD,Chad,AFRO,30,982,0,78
8354,2020-08-30,TD,Chad,AFRO,26,1008,1,79
8355,2020-09-06,TD,Chad,AFRO,26,1034,0,79
8356,2020-09-13,TD,Chad,AFRO,49,1083,3,82
8357,2020-09-20,TD,Chad,AFRO,66,1149,1,83
8358,2020-09-27,TD,Chad,AFRO,28,1177,2,85
8359,2020-10-04,TD,Chad,AFRO,37,1214,2,87
8360,2020-10-11,TD,Chad,AFRO,77,1291,6,93
8361,2020-10-18,TD,Chad,AFRO,74,1365,1,94
8362,2020-10-25,TD,Chad,AFRO,69,1434,3,97
8363,2020-11-01,TD,Chad,AFRO,64,1498,2,99
8364,2020-11-08,TD,Chad,AFRO,45,1543,1,100
8365,2020-11-15,TD,Chad,AFRO,48,1591,1,101
8366,2020-11-22,TD,Chad,AFRO,42,1633,1,102
8367,2020-11-29,TD,Chad,AFRO,30,1663,0,102
8368,2020-12-06,TD,Chad,AFRO,59,1722,1,103
8369,2020-12-13,TD,Chad,AFRO,29,1751,0,103
8370,2020-12-20,TD,Chad,AFRO,116,1867,0,103
8371,2020-12-27,TD,Chad,AFRO,119,1986,1,104
8372,2021-01-03,TD,Chad,AFRO,183,2169,1,105
8373,2021-01-10,TD,Chad,AFRO,341,2510,3,108
8374,2021-01-17,TD,Chad,AFRO,345,2855,4,112
8375,2021-01-24,TD,Chad,AFRO,282,3137,4,116
8376,2021-01-31,TD,Chad,AFRO,210,3347,3,119
8377,2021-02-07,TD,Chad,AFRO,126,3473,7,126
8378,2021-02-14,TD,Chad,AFRO,149,3622,2,128
8379,2021-02-21,TD,Chad,AFRO,172,3794,5,133
8380,2021-02-28,TD,Chad,AFRO,179,3973,7,140
8381,2021-03-07,TD,Chad,AFRO,188,4161,0,140
8382,2021-03-14,TD,Chad,AFRO,127,4288,13,153
8383,2021-03-21,TD,Chad,AFRO,122,4410,4,157
8384,2021-03-28,TD,Chad,AFRO,91,4501,3,160
8385,2021-04-04,TD,Chad,AFRO,88,4589,4,164
8386,2021-04-11,TD,Chad,AFRO,36,4625,3,167
8387,2021-04-18,TD,Chad,AFRO,66,4691,1,168
8388,2021-04-25,TD,Chad,AFRO,61,4752,1,169
8389,2021-05-02,TD,Chad,AFRO,72,4824,1,170
8390,2021-05-09,TD,Chad,AFRO,50,4874,1,171
8391,2021-05-16,TD,Chad,AFRO,27,4901,2,173
8392,2021-05-23,TD,Chad,AFRO,22,4923,0,173
8393,2021-05-30,TD,Chad,AFRO,5,4928,0,173
8394,2021-06-06,TD,Chad,AFRO,11,4939,1,174
8395,2021-06-13,TD,Chad,AFRO,3,4942,0,174
8396,2021-06-20,TD,Chad,AFRO,4,4946,0,174
8397,2021-06-27,TD,Chad,AFRO,5,4951,0,174
8398,2021-07-04,TD,Chad,AFRO,0,4951,0,174
8399,2021-07-11,TD,Chad,AFRO,3,4954,0,174
8400,2021-07-18,TD,Chad,AFRO,10,4964,0,174
8401,2021-07-25,TD,Chad,AFRO,5,4969,0,174
8402,2021-08-01,TD,Chad,AFRO,4,4973,0,174
8403,2021-08-08,TD,Chad,AFRO,4,4977,0,174
8404,2021-08-15,TD,Chad,AFRO,5,4982,0,174
8405,2021-08-22,TD,Chad,AFRO,3,4985,0,174
8406,2021-08-29,TD,Chad,AFRO,5,4990,0,174
8407,2021-09-05,TD,Chad,AFRO,5,4995,0,174
8408,2021-09-12,TD,Chad,AFRO,19,5014,0,174
8409,2021-09-19,TD,Chad,AFRO,12,5026,0,174
8410,2021-09-26,TD,Chad,AFRO,5,5031,0,174
8411,2021-10-03,TD,Chad,AFRO,11,5042,0,174
8412,2021-10-10,TD,Chad,AFRO,17,5059,0,174
8413,2021-10-17,TD,Chad,AFRO,8,5067,0,174
8414,2021-10-24,TD,Chad,AFRO,0,5067,0,174
8415,2021-10-31,TD,Chad,AFRO,0,5067,0,174
8416,2021-11-07,TD,Chad,AFRO,38,5105,1,175
8417,2021-11-14,TD,Chad,AFRO,0,5105,0,175
8418,2021-11-21,TD,Chad,AFRO,0,5105,0,175
8419,2021-11-28,TD,Chad,AFRO,0,5105,0,175
8420,2021-12-05,TD,Chad,AFRO,596,5701,6,181
8421,2021-12-12,TD,Chad,AFRO,0,5701,0,181
8422,2021-12-19,TD,Chad,AFRO,0,5701,0,181
8423,2021-12-26,TD,Chad,AFRO,0,5701,0,181
8424,2022-01-02,TD,Chad,AFRO,482,6183,3,184
8425,2022-01-09,TD,Chad,AFRO,0,6183,0,184
8426,2022-01-16,TD,Chad,AFRO,373,6556,1,185
8427,2022-01-23,TD,Chad,AFRO,331,6887,0,185
8428,2022-01-30,TD,Chad,AFRO,186,7073,5,190
8429,2022-02-06,TD,Chad,AFRO,82,7155,0,190
8430,2022-02-13,TD,Chad,AFRO,59,7214,0,190
8431,2022-02-20,TD,Chad,AFRO,0,7214,0,190
8432,2022-02-27,TD,Chad,AFRO,32,7246,0,190
8433,2022-03-06,TD,Chad,AFRO,9,7255,0,190
8434,2022-03-13,TD,Chad,AFRO,3,7258,0,190
8435,2022-03-20,TD,Chad,AFRO,9,7267,0,190
8436,2022-03-27,TD,Chad,AFRO,19,7286,0,190
8437,2022-04-03,TD,Chad,AFRO,22,7308,1,191
8438,2022-04-10,TD,Chad,AFRO,39,7347,1,192
8439,2022-04-17,TD,Chad,AFRO,31,7378,0,192
8440,2022-04-24,TD,Chad,AFRO,18,7396,1,193
8441,2022-05-01,TD,Chad,AFRO,15,7411,0,193
8442,2022-05-08,TD,Chad,AFRO,1,7412,0,193
8443,2022-05-15,TD,Chad,AFRO,2,7414,0,193
8444,2022-05-22,TD,Chad,AFRO,1,7415,0,193
8445,2022-05-29,TD,Chad,AFRO,2,7417,0,193
8446,2022-06-05,TD,Chad,AFRO,0,7417,0,193
8447,2022-06-12,TD,Chad,AFRO,1,7418,0,193
8448,2022-06-19,TD,Chad,AFRO,2,7420,0,193
8449,2022-06-26,TD,Chad,AFRO,4,7424,0,193
8450,2022-07-03,TD,Chad,AFRO,1,7425,0,193
8451,2022-07-10,TD,Chad,AFRO,1,7426,0,193
8452,2022-07-17,TD,Chad,AFRO,1,7427,0,193
8453,2022-07-24,TD,Chad,AFRO,3,7430,0,193
8454,2022-07-31,TD,Chad,AFRO,2,7432,0,193
8455,2022-08-07,TD,Chad,AFRO,5,7437,0,193
8456,2022-08-14,TD,Chad,AFRO,5,7442,0,193
8457,2022-08-21,TD,Chad,AFRO,14,7456,0,193
8458,2022-08-28,TD,Chad,AFRO,33,7489,0,193
8459,2022-09-04,TD,Chad,AFRO,47,7536,0,193
8460,2022-09-11,TD,Chad,AFRO,11,7547,0,193
8461,2022-09-18,TD,Chad,AFRO,11,7558,0,193
8462,2022-09-25,TD,Chad,AFRO,13,7571,0,193
8463,2022-10-02,TD,Chad,AFRO,10,7581,0,193
8464,2022-10-09,TD,Chad,AFRO,9,7590,0,193
8465,2022-10-16,TD,Chad,AFRO,15,7605,0,193
8466,2022-10-23,TD,Chad,AFRO,8,7613,0,193
8467,2022-10-30,TD,Chad,AFRO,7,7620,1,194
8468,2022-11-06,TD,Chad,AFRO,7,7627,0,194
8469,2022-11-13,TD,Chad,AFRO,4,7631,0,194
8470,2022-11-20,TD,Chad,AFRO,6,7637,0,194
8471,2022-11-27,TD,Chad,AFRO,4,7641,0,194
8472,2022-12-04,TD,Chad,AFRO,5,7646,0,194
8473,2022-12-11,TD,Chad,AFRO,1,7647,0,194
8474,2022-12-18,TD,Chad,AFRO,1,7648,0,194
8475,2022-12-25,TD,Chad,AFRO,1,7649,0,194
8476,2023-01-01,TD,Chad,AFRO,1,7650,0,194
8477,2023-01-08,TD,Chad,AFRO,1,7651,0,194
8478,2023-01-15,TD,Chad,AFRO,0,7651,0,194
8479,2023-01-22,TD,Chad,AFRO,0,7651,0,194
8480,2023-01-29,TD,Chad,AFRO,1,7652,0,194
8481,2023-02-05,TD,Chad,AFRO,0,7652,0,194
8482,2023-02-12,TD,Chad,AFRO,0,7652,0,194
8483,2023-02-19,TD,Chad,AFRO,9,7661,0,194
8484,2023-02-26,TD,Chad,AFRO,14,7675,0,194
8485,2023-03-05,TD,Chad,AFRO,3,7678,0,194
8486,2023-03-12,TD,Chad,AFRO,1,7679,0,194
8487,2023-03-19,TD,Chad,AFRO,3,7682,0,194
8488,2023-03-26,TD,Chad,AFRO,3,7685,0,194
8489,2023-04-02,TD,Chad,AFRO,3,7688,0,194
8490,2023-04-09,TD,Chad,AFRO,7,7695,0,194
8491,2023-04-16,TD,Chad,AFRO,1,7696,0,194
8492,2023-04-23,TD,Chad,AFRO,1,7697,0,194
8493,2023-04-30,TD,Chad,AFRO,1,7698,0,194
8494,2023-05-07,TD,Chad,AFRO,0,7698,0,194
8495,2023-05-14,TD,Chad,AFRO,0,7698,0,194
8496,2023-05-21,TD,Chad,AFRO,0,7698,0,194
8497,2023-05-28,TD,Chad,AFRO,0,7698,0,194
8498,2023-06-04,TD,Chad,AFRO,0,7698,0,194
8499,2023-06-11,TD,Chad,AFRO,0,7698,0,194
8500,2023-06-18,TD,Chad,AFRO,0,7698,0,194
8501,2023-06-25,TD,Chad,AFRO,0,7698,0,194
8502,2023-07-02,TD,Chad,AFRO,0,7698,0,194
8503,2023-07-09,TD,Chad,AFRO,0,7698,0,194
8504,2023-07-16,TD,Chad,AFRO,0,7698,0,194
8505,2023-07-23,TD,Chad,AFRO,0,7698,0,194
8506,2023-07-30,TD,Chad,AFRO,0,7698,0,194
8507,2023-08-06,TD,Chad,AFRO,0,7698,0,194
8508,2023-08-13,TD,Chad,AFRO,0,7698,0,194
8509,2023-08-20,TD,Chad,AFRO,0,7698,0,194
8510,2023-08-27,TD,Chad,AFRO,0,7698,0,194
8511,2023-09-03,TD,Chad,AFRO,0,7698,0,194
8512,2023-09-10,TD,Chad,AFRO,0,7698,0,194
8513,2023-09-17,TD,Chad,AFRO,0,7698,0,194
8514,2023-09-24,TD,Chad,AFRO,0,7698,0,194
8515,2023-10-01,TD,Chad,AFRO,0,7698,0,194
8516,2023-10-08,TD,Chad,AFRO,0,7698,0,194
8517,2023-10-15,TD,Chad,AFRO,0,7698,0,194
8518,2023-10-22,TD,Chad,AFRO,0,7698,0,194
8519,2023-10-29,TD,Chad,AFRO,0,7698,0,194
8520,2023-11-05,TD,Chad,AFRO,0,7698,0,194
8521,2023-11-12,TD,Chad,AFRO,0,7698,0,194
8522,2023-11-19,TD,Chad,AFRO,0,7698,0,194
8523,2023-11-26,TD,Chad,AFRO,0,7698,0,194
8524,2023-12-03,TD,Chad,AFRO,0,7698,0,194
8525,2023-12-10,TD,Chad,AFRO,0,7698,0,194
8526,2023-12-17,TD,Chad,AFRO,0,7698,0,194
8527,2023-12-24,TD,Chad,AFRO,0,7698,0,194
8528,2020-01-05,,,,0,0,0,0
8529,2020-01-12,,,,0,0,0,0
8530,2020-01-19,,,,0,0,0,0
8531,2020-01-26,,,,0,0,0,0
8532,2020-02-02,,,,0,0,0,0
8533,2020-02-09,,,,0,0,0,0
8534,2020-02-16,,,,0,0,0,0
8535,2020-02-23,,,,0,0,0,0
8536,2020-03-01,,,,0,0,0,0
8537,2020-03-08,,,,0,0,0,0
8538,2020-03-15,,,,0,0,0,0
8539,2020-03-22,,,,0,0,0,0
8540,2020-03-29,,,,0,0,0,0
8541,2020-04-05,,,,0,0,0,0
8542,2020-04-12,,,,0,0,0,0
8543,2020-04-19,,,,0,0,0,0
8544,2020-04-26,,,,0,0,0,0
8545,2020-05-03,,,,0,0,0,0
8546,2020-05-10,,,,0,0,0,0
8547,2020-05-17,,,,0,0,0,0
8548,2020-05-24,,,,29,29,0,0
8549,2020-05-31,,,,0,29,0,0
8550,2020-06-07,,,,0,29,0,0
8551,2020-06-14,,,,0,29,0,0
8552,2020-06-21,,,,0,29,0,0
8553,2020-06-28,,,,0,29,0,0
8554,2020-07-05,,,,0,29,0,0
8555,2020-07-12,,,,0,29,0,0
8556,2020-07-19,,,,0,29,0,0
8557,2020-07-26,,,,0,29,0,0
8558,2020-08-02,,,,0,29,0,0
8559,2020-08-09,,,,0,29,0,0
8560,2020-08-16,,,,0,29,0,0
8561,2020-08-23,,,,0,29,0,0
8562,2020-08-30,,,,0,29,0,0
8563,2020-09-06,,,,0,29,0,0
8564,2020-09-13,,,,0,29,0,0
8565,2020-09-20,,,,0,29,0,0
8566,2020-09-27,,,,0,29,0,0
8567,2020-10-04,,,,0,29,0,0
8568,2020-10-11,,,,0,29,0,0
8569,2020-10-18,,,,0,29,0,0
8570,2020-10-25,,,,0,29,0,0
8571,2020-11-01,,,,0,29,0,0
8572,2020-11-08,,,,0,29,0,0
8573,2020-11-15,,,,0,29,0,0
8574,2020-11-22,,,,0,29,0,0
8575,2020-11-29,,,,0,29,0,0
8576,2020-12-06,,,,0,29,0,0
8577,2020-12-13,,,,0,29,0,0
8578,2020-12-20,,,,0,29,0,0
8579,2020-12-27,,,,0,29,0,0
8580,2021-01-03,,,,0,29,0,0
8581,2021-01-10,,,,0,29,0,0
8582,2021-01-17,,,,0,29,0,0
8583,2021-01-24,,,,0,29,0,0
8584,2021-01-31,,,,0,29,0,0
8585,2021-02-07,,,,0,29,0,0
8586,2021-02-14,,,,0,29,0,0
8587,2021-02-21,,,,0,29,0,0
8588,2021-02-28,,,,0,29,0,0
8589,2021-03-07,,,,0,29,0,0
8590,2021-03-14,,,,0,29,0,0
8591,2021-03-21,,,,0,29,0,0
8592,2021-03-28,,,,0,29,0,0
8593,2021-04-04,,,,0,29,0,0
8594,2021-04-11,,,,0,29,0,0
8595,2021-04-18,,,,0,29,0,0
8596,2021-04-25,,,,0,29,0,0
8597,2021-05-02,,,,0,29,0,0
8598,2021-05-09,,,,0,29,0,0
8599,2021-05-16,,,,0,29,0,0
8600,2021-05-23,,,,0,29,0,0
8601,2021-05-30,,,,0,29,0,0
8602,2021-06-06,,,,0,29,0,0
8603,2021-06-13,,,,0,29,0,0
8604,2021-06-20,,,,0,29,0,0
8605,2021-06-27,,,,0,29,0,0
8606,2021-07-04,,,,0,29,0,0
8607,2021-07-11,,,,0,29,0,0
8608,2021-07-18,,,,0,29,0,0
8609,2021-07-25,,,,0,29,0,0
8610,2021-08-01,,,,0,29,0,0
8611,2021-08-08,,,,0,29,0,0
8612,2021-08-15,,,,0,29,0,0
8613,2021-08-22,,,,0,29,0,0
8614,2021-08-29,,,,0,29,0,0
8615,2021-09-05,,,,0,29,0,0
8616,2021-09-12,,,,0,29,0,0
8617,2021-09-19,,,,0,29,0,0
8618,2021-09-26,,,,0,29,0,0
8619,2021-10-03,,,,0,29,0,0
8620,2021-10-10,,,,0,29,0,0
8621,2021-10-17,,,,0,29,0,0
8622,2021-10-24,,,,0,29,0,0
8623,2021-10-31,,,,0,29,0,0
8624,2021-11-07,,,,0,29,0,0
8625,2021-11-14,,,,0,29,0,0
8626,2021-11-21,,,,0,29,0,0
8627,2021-11-28,,,,0,29,0,0
8628,2021-12-05,,,,0,29,0,0
8629,2021-12-12,,,,0,29,0,0
8630,2021-12-19,,,,0,29,0,0
8631,2021-12-26,,,,0,29,0,0
8632,2022-01-02,,,,0,29,0,0
8633,2022-01-09,,,,0,29,0,0
8634,2022-01-16,,,,0,29,0,0
8635,2022-01-23,,,,0,29,0,0
8636,2022-01-30,,,,0,29,0,0
8637,2022-02-06,,,,0,29,0,0
8638,2022-02-13,,,,0,29,0,0
8639,2022-02-20,,,,0,29,0,0
8640,2022-02-27,,,,0,29,0,0
8641,2022-03-06,,,,0,29,0,0
8642,2022-03-13,,,,0,29,0,0
8643,2022-03-20,,,,0,29,0,0
8644,2022-03-27,,,,0,29,0,0
8645,2022-04-03,,,,0,29,0,0
8646,2022-04-10,,,,0,29,0,0
8647,2022-04-17,,,,0,29,0,0
8648,2022-04-24,,,,0,29,0,0
8649,2022-05-01,,,,0,29,0,0
8650,2022-05-08,,,,0,29,0,0
8651,2022-05-15,,,,0,29,0,0
8652,2022-05-22,,,,0,29,0,0
8653,2022-05-29,,,,0,29,0,0
8654,2022-06-05,,,,0,29,0,0
8655,2022-06-12,,,,0,29,0,0
8656,2022-06-19,,,,0,29,0,0
8657,2022-06-26,,,,0,29,0,0
8658,2022-07-03,,,,0,29,0,0
8659,2022-07-10,,,,0,29,0,0
8660,2022-07-17,,,,0,29,0,0
8661,2022-07-24,,,,0,29,0,0
8662,2022-07-31,,,,0,29,0,0
8663,2022-08-07,,,,0,29,0,0
8664,2022-08-14,,,,0,29,0,0
8665,2022-08-21,,,,0,29,0,0
8666,2022-08-28,,,,0,29,0,0
8667,2022-09-04,,,,0,29,0,0
8668,2022-09-11,,,,0,29,0,0
8669,2022-09-18,,,,0,29,0,0
8670,2022-09-25,,,,0,29,0,0
8671,2022-10-02,,,,0,29,0,0
8672,2022-10-09,,,,0,29,0,0
8673,2022-10-16,,,,0,29,0,0
8674,2022-10-23,,,,0,29,0,0
8675,2022-10-30,,,,0,29,0,0
8676,2022-11-06,,,,0,29,0,0
8677,2022-11-13,,,,0,29,0,0
8678,2022-11-20,,,,0,29,0,0
8679,2022-11-27,,,,0,29,0,0
8680,2022-12-04,,,,0,29,0,0
8681,2022-12-11,,,,0,29,0,0
8682,2022-12-18,,,,0,29,0,0
8683,2022-12-25,,,,0,29,0,0
8684,2023-01-01,,,,0,29,0,0
8685,2023-01-08,,,,0,29,0,0
8686,2023-01-15,,,,0,29,0,0
8687,2023-01-22,,,,0,29,0,0
8688,2023-01-29,,,,0,29,0,0
8689,2023-02-05,,,,0,29,0,0
8690,2023-02-12,,,,0,29,0,0
8691,2023-02-19,,,,0,29,0,0
8692,2023-02-26,,,,0,29,0,0
8693,2023-03-05,,,,0,29,0,0
8694,2023-03-12,,,,0,29,0,0
8695,2023-03-19,,,,0,29,0,0
8696,2023-03-26,,,,0,29,0,0
8697,2023-04-02,,,,0,29,0,0
8698,2023-04-09,,,,0,29,0,0
8699,2023-04-16,,,,0,29,0,0
8700,2023-04-23,,,,0,29,0,0
8701,2023-04-30,,,,0,29,0,0
8702,2023-05-07,,,,0,29,0,0
8703,2023-05-14,,,,0,29,0,0
8704,2023-05-21,,,,0,29,0,0
8705,2023-05-28,,,,0,29,0,0
8706,2023-06-04,,,,0,29,0,0
8707,2023-06-11,,,,0,29,0,0
8708,2023-06-18,,,,0,29,0,0
8709,2023-06-25,,,,0,29,0,0
8710,2023-07-02,,,,0,29,0,0
8711,2023-07-09,,,,0,29,0,0
8712,2023-07-16,,,,0,29,0,0
8713,2023-07-23,,,,0,29,0,0
8714,2023-07-30,,,,0,29,0,0
8715,2023-08-06,,,,0,29,0,0
8716,2023-08-13,,,,0,29,0,0
8717,2023-08-20,,,,0,29,0,0
8718,2023-08-27,,,,0,29,0,0
8719,2023-09-03,,,,0,29,0,0
8720,2023-09-10,,,,0,29,0,0
8721,2023-09-17,,,,0,29,0,0
8722,2023-09-24,,,,0,29,0,0
8723,2023-10-01,,,,0,29,0,0
8724,2023-10-08,,,,0,29,0,0
8725,2023-10-15,,,,0,29,0,0
8726,2023-10-22,,,,0,29,0,0
8727,2023-10-29,,,,0,29,0,0
8728,2023-11-05,,,,0,29,0,0
8729,2023-11-12,,,,0,29,0,0
8730,2023-11-19,,,,0,29,0,0
8731,2023-11-26,,,,0,29,0,0
8732,2023-12-03,,,,0,29,0,0
8733,2023-12-10,,,,0,29,0,0
8734,2023-12-17,,,,0,29,0,0
8735,2023-12-24,,,,0,29,0,0
8736,2020-01-05,,,,0,0,0,0
8737,2020-01-12,,,,0,0,0,0
8738,2020-01-19,,,,0,0,0,0
8739,2020-01-26,,,,0,0,0,0
8740,2020-02-02,,,,0,0,0,0
8741,2020-02-09,,,,0,0,0,0
8742,2020-02-16,,,,0,0,0,0
8743,2020-02-23,,,,0,0,0,0
8744,2020-03-01,,,,0,0,0,0
8745,2020-03-08,,,,0,0,0,0
8746,2020-03-15,,,,0,0,0,0
8747,2020-03-22,,,,0,0,0,0
8748,2020-03-29,,,,0,0,0,0
8749,2020-04-05,,,,0,0,0,0
8750,2020-04-12,,,,0,0,0,0
8751,2020-04-19,,,,0,0,0,0
8752,2020-04-26,,,,0,0,0,0
8753,2020-05-03,,,,0,0,0,0
8754,2020-05-10,,,,0,0,0,0
8755,2020-05-17,,,,0,0,0,0
8756,2020-05-24,,,,0,0,0,0
8757,2020-05-31,,,,0,0,0,0
8758,2020-06-07,,,,0,0,0,0
8759,2020-06-14,,,,0,0,0,0
8760,2020-06-21,,,,0,0,0,0
8761,2020-06-28,,,,0,0,0,0
8762,2020-07-05,,,,0,0,0,0
8763,2020-07-12,,,,0,0,0,0
8764,2020-07-19,,,,0,0,0,0
8765,2020-07-26,,,,0,0,0,0
8766,2020-08-02,,,,0,0,0,0
8767,2020-08-09,,,,0,0,0,0
8768,2020-08-16,,,,0,0,0,0
8769,2020-08-23,,,,0,0,0,0
8770,2020-08-30,,,,0,0,0,0
8771,2020-09-06,,,,0,0,0,0
8772,2020-09-13,,,,0,0,0,0
8773,2020-09-20,,,,0,0,0,0
8774,2020-09-27,,,,0,0,0,0
8775,2020-10-04,,,,0,0,0,0
8776,2020-10-11,,,,0,0,0,0
8777,2020-10-18,,,,0,0,0,0
8778,2020-10-25,,,,0,0,0,0
8779,2020-11-01,,,,0,0,0,0
8780,2020-11-08,,,,0,0,0,0
8781,2020-11-15,,,,0,0,0,0
8782,2020-11-22,,,,0,0,0,0
8783,2020-11-29,,,,0,0,0,0
8784,2020-12-06,,,,0,0,0,0
8785,2020-12-13,,,,0,0,0,0
8786,2020-12-20,,,,0,0,0,0
8787,2020-12-27,,,,0,0,0,0
8788,2021-01-03,,,,0,0,0,0
8789,2021-01-10,,,,0,0,0,0
8790,2021-01-17,,,,0,0,0,0
8791,2021-01-24,,,,0,0,0,0
8792,2021-01-31,,,,0,0,0,0
8793,2021-02-07,,,,0,0,0,0
8794,2021-02-14,,,,0,0,0,0
8795,2021-02-21,,,,0,0,0,0
8796,2021-02-28,,,,0,0,0,0
8797,2021-03-07,,,,0,0,0,0
8798,2021-03-14,,,,0,0,0,0
8799,2021-03-21,,,,0,0,0,0
8800,2021-03-28,,,,0,0,0,0
8801,2021-04-04,,,,0,0,0,0
8802,2021-04-11,,,,0,0,0,0
8803,2021-04-18,,,,0,0,0,0
8804,2021-04-25,,,,1,1,0,0
8805,2021-05-02,,,,0,1,0,0
8806,2021-05-09,,,,0,1,0,0
8807,2021-05-16,,,,0,1,0,0
8808,2021-05-23,,,,4,5,0,0
8809,2021-05-30,,,,0,5,0,0
8810,2021-06-06,,,,0,5,0,0
8811,2021-06-13,,,,0,5,0,0
8812,2021-06-20,,,,0,5,0,0
8813,2021-06-27,,,,0,5,0,0
8814,2021-07-04,,,,0,5,0,0
8815,2021-07-11,,,,0,5,0,0
8816,2021-07-18,,,,0,5,0,0
8817,2021-07-25,,,,0,5,0,0
8818,2021-08-01,,,,0,5,0,0
8819,2021-08-08,,,,0,5,0,0
8820,2021-08-15,,,,0,5,0,0
8821,2021-08-22,,,,0,5,0,0
8822,2021-08-29,,,,0,5,0,0
8823,2021-09-05,,,,0,5,0,0
8824,2021-09-12,,,,0,5,0,0
8825,2021-09-19,,,,0,5,0,0
8826,2021-09-26,,,,0,5,0,0
8827,2021-10-03,,,,0,5,0,0
8828,2021-10-10,,,,0,5,0,0
8829,2021-10-17,,,,0,5,0,0
8830,2021-10-24,,,,0,5,0,0
8831,2021-10-31,,,,0,5,0,0
8832,2021-11-07,,,,0,5,0,0
8833,2021-11-14,,,,0,5,0,0
8834,2021-11-21,,,,0,5,0,0
8835,2021-11-28,,,,0,5,0,0
8836,2021-12-05,,,,0,5,0,0
8837,2021-12-12,,,,0,5,0,0
8838,2021-12-19,,,,0,5,0,0
8839,2021-12-26,,,,0,5,0,0
8840,2022-01-02,,,,0,5,0,0
8841,2022-01-09,,,,0,5,0,0
8842,2022-01-16,,,,0,5,0,0
8843,2022-01-23,,,,0,5,0,0
8844,2022-01-30,,,,0,5,0,0
8845,2022-02-06,,,,0,5,0,0
8846,2022-02-13,,,,0,5,0,0
8847,2022-02-20,,,,0,5,0,0
8848,2022-02-27,,,,0,5,0,0
8849,2022-03-06,,,,0,5,0,0
8850,2022-03-13,,,,0,5,0,0
8851,2022-03-20,,,,0,5,0,0
8852,2022-03-27,,,,0,5,0,0
8853,2022-04-03,,,,0,5,0,0
8854,2022-04-10,,,,0,5,0,0
8855,2022-04-17,,,,0,5,0,0
8856,2022-04-24,,,,0,5,0,0
8857,2022-05-01,,,,0,5,0,0
8858,2022-05-08,,,,0,5,0,0
8859,2022-05-15,,,,0,5,0,0
8860,2022-05-22,,,,0,5,0,0
8861,2022-05-29,,,,0,5,0,0
8862,2022-06-05,,,,0,5,0,0
8863,2022-06-12,,,,0,5,0,0
8864,2022-06-19,,,,0,5,0,0
8865,2022-06-26,,,,0,5,0,0
8866,2022-07-03,,,,0,5,0,0
8867,2022-07-10,,,,0,5,0,0
8868,2022-07-17,,,,0,5,0,0
8869,2022-07-24,,,,0,5,0,0
8870,2022-07-31,,,,0,5,0,0
8871,2022-08-07,,,,0,5,0,0
8872,2022-08-14,,,,0,5,0,0
8873,2022-08-21,,,,0,5,0,0
8874,2022-08-28,,,,0,5,0,0
8875,2022-09-04,,,,0,5,0,0
8876,2022-09-11,,,,0,5,0,0
8877,2022-09-18,,,,0,5,0,0
8878,2022-09-25,,,,0,5,0,0
8879,2022-10-02,,,,0,5,0,0
8880,2022-10-09,,,,0,5,0,0
8881,2022-10-16,,,,0,5,0,0
8882,2022-10-23,,,,0,5,0,0
8883,2022-10-30,,,,0,5,0,0
8884,2022-11-06,,,,0,5,0,0
8885,2022-11-13,,,,0,5,0,0
8886,2022-11-20,,,,0,5,0,0
8887,2022-11-27,,,,0,5,0,0
8888,2022-12-04,,,,0,5,0,0
8889,2022-12-11,,,,0,5,0,0
8890,2022-12-18,,,,0,5,0,0
8891,2022-12-25,,,,0,5,0,0
8892,2023-01-01,,,,0,5,0,0
8893,2023-01-08,,,,0,5,0,0
8894,2023-01-15,,,,0,5,0,0
8895,2023-01-22,,,,0,5,0,0
8896,2023-01-29,,,,0,5,0,0
8897,2023-02-05,,,,0,5,0,0
8898,2023-02-12,,,,0,5,0,0
8899,2023-02-19,,,,0,5,0,0
8900,2023-02-26,,,,0,5,0,0
8901,2023-03-05,,,,0,5,0,0
8902,2023-03-12,,,,0,5,0,0
8903,2023-03-19,,,,0,5,0,0
8904,2023-03-26,,,,0,5,0,0
8905,2023-04-02,,,,0,5,0,0
8906,2023-04-09,,,,0,5,0,0
8907,2023-04-16,,,,0,5,0,0
8908,2023-04-23,,,,0,5,0,0
8909,2023-04-30,,,,0,5,0,0
8910,2023-05-07,,,,0,5,0,0
8911,2023-05-14,,,,0,5,0,0
8912,2023-05-21,,,,0,5,0,0
8913,2023-05-28,,,,0,5,0,0
8914,2023-06-04,,,,0,5,0,0
8915,2023-06-11,,,,0,5,0,0
8916,2023-06-18,,,,0,5,0,0
8917,2023-06-25,,,,0,5,0,0
8918,2023-07-02,,,,0,5,0,0
8919,2023-07-09,,,,0,5,0,0
8920,2023-07-16,,,,0,5,0,0
8921,2023-07-23,,,,0,5,0,0
8922,2023-07-30,,,,0,5,0,0
8923,2023-08-06,,,,0,5,0,0
8924,2023-08-13,,,,0,5,0,0
8925,2023-08-20,,,,0,5,0,0
8926,2023-08-27,,,,0,5,0,0
8927,2023-09-03,,,,0,5,0,0
8928,2023-09-10,,,,0,5,0,0
8929,2023-09-17,,,,0,5,0,0
8930,2023-09-24,,,,0,5,0,0
8931,2023-10-01,,,,0,5,0,0
8932,2023-10-08,,,,0,5,0,0
8933,2023-10-15,,,,0,5,0,0
8934,2023-10-22,,,,0,5,0,0
8935,2023-10-29,,,,0,5,0,0
8936,2023-11-05,,,,0,5,0,0
8937,2023-11-12,,,,0,5,0,0
8938,2023-11-19,,,,0,5,0,0
8939,2023-11-26,,,,0,5,0,0
8940,2023-12-03,,,,0,5,0,0
8941,2023-12-10,,,,0,5,0,0
8942,2023-12-17,,,,0,5,0,0
8943,2023-12-24,,,,0,5,0,0
8944,2020-01-05,CL,Chile,AMRO,0,0,0,0
8945,2020-01-12,CL,Chile,AMRO,0,0,0,0
8946,2020-01-19,CL,Chile,AMRO,0,0,0,0
8947,2020-01-26,CL,Chile,AMRO,0,0,0,0
8948,2020-02-02,CL,Chile,AMRO,0,0,0,0
8949,2020-02-09,CL,Chile,AMRO,0,0,0,0
8950,2020-02-16,CL,Chile,AMRO,0,0,0,0
8951,2020-02-23,CL,Chile,AMRO,0,0,0,0
8952,2020-03-01,CL,Chile,AMRO,1,1,0,0
8953,2020-03-08,CL,Chile,AMRO,6,7,0,0
8954,2020-03-15,CL,Chile,AMRO,54,61,0,0
8955,2020-03-22,CL,Chile,AMRO,476,537,0,0
8956,2020-03-29,CL,Chile,AMRO,1372,1909,6,6
8957,2020-04-05,CL,Chile,AMRO,2252,4161,21,27
8958,2020-04-12,CL,Chile,AMRO,2766,6927,46,73
8959,2020-04-19,CL,Chile,AMRO,2803,9730,53,126
8960,2020-04-26,CL,Chile,AMRO,3128,12858,55,181
8961,2020-05-03,CL,Chile,AMRO,5577,18435,66,247
8962,2020-05-10,CL,Chile,AMRO,8784,27219,57,304
8963,2020-05-17,CL,Chile,AMRO,14209,41428,117,421
8964,2020-05-24,CL,Chile,AMRO,23965,65393,252,673
8965,2020-05-31,CL,Chile,AMRO,29465,94858,324,997
8966,2020-06-07,CL,Chile,AMRO,32887,127745,544,1541
8967,2020-06-14,CL,Chile,AMRO,39610,167355,1560,3101
8968,2020-06-21,CL,Chile,AMRO,69393,236748,1194,4295
8969,2020-06-28,CL,Chile,AMRO,31018,267766,1052,5347
8970,2020-07-05,CL,Chile,AMRO,24081,291847,845,6192
8971,2020-07-12,CL,Chile,AMRO,20182,312029,689,6881
8972,2020-07-19,CL,Chile,AMRO,16817,328846,1564,8445
8973,2020-07-26,CL,Chile,AMRO,14746,343592,575,9020
8974,2020-08-02,CL,Chile,AMRO,14066,357658,513,9533
8975,2020-08-09,CL,Chile,AMRO,13365,371023,478,10011
8976,2020-08-16,CL,Chile,AMRO,12879,383902,384,10395
8977,2020-08-23,CL,Chile,AMRO,11806,395708,397,10792
8978,2020-08-30,CL,Chile,AMRO,12301,408009,389,11181
8979,2020-09-06,CL,Chile,AMRO,12425,420434,370,11551
8980,2020-09-13,CL,Chile,AMRO,12232,432666,344,11895
8981,2020-09-20,CL,Chile,AMRO,12008,444674,359,12254
8982,2020-09-27,CL,Chile,AMRO,11305,455979,337,12591
8983,2020-10-04,CL,Chile,AMRO,12492,468471,328,12919
8984,2020-10-11,CL,Chile,AMRO,11124,479595,353,13272
8985,2020-10-18,CL,Chile,AMRO,10408,490003,316,13588
8986,2020-10-25,CL,Chile,AMRO,10539,500542,304,13892
8987,2020-11-01,CL,Chile,AMRO,9714,510256,315,14207
8988,2020-11-08,CL,Chile,AMRO,9721,519977,292,14499
8989,2020-11-15,CL,Chile,AMRO,9699,529676,278,14777
8990,2020-11-22,CL,Chile,AMRO,9467,539143,253,15030
8991,2020-11-29,CL,Chile,AMRO,9798,548941,292,15322
8992,2020-12-06,CL,Chile,AMRO,9727,558668,270,15592
8993,2020-12-13,CL,Chile,AMRO,11113,569781,254,15846
8994,2020-12-20,CL,Chile,AMRO,13573,583354,255,16101
8995,2020-12-27,CL,Chile,AMRO,15040,598394,303,16404
8996,2021-01-03,CL,Chile,AMRO,17508,615902,320,16724
8997,2021-01-10,CL,Chile,AMRO,21840,637742,313,17037
8998,2021-01-17,CL,Chile,AMRO,27751,665493,398,17435
8999,2021-01-24,CL,Chile,AMRO,29154,694647,419,17854
9000,2021-01-31,CL,Chile,AMRO,28253,722900,485,18339
9001,2021-02-07,CL,Chile,AMRO,25182,748082,556,18895
9002,2021-02-14,CL,Chile,AMRO,24313,772395,548,19443
9003,2021-02-21,CL,Chile,AMRO,23450,795845,531,19974
9004,2021-02-28,CL,Chile,AMRO,25573,821418,502,20476
9005,2021-03-07,CL,Chile,AMRO,29065,850483,532,21008
9006,2021-03-14,CL,Chile,AMRO,34896,885379,566,21574
9007,2021-03-21,CL,Chile,AMRO,39710,925089,606,22180
9008,2021-03-28,CL,Chile,AMRO,44824,969913,473,22653
9009,2021-04-04,CL,Chile,AMRO,49565,1019478,871,23524
9010,2021-04-11,CL,Chile,AMRO,49044,1068522,689,24213
9011,2021-04-18,CL,Chile,AMRO,48826,1117348,842,25055
9012,2021-04-25,CL,Chile,AMRO,45463,1162811,687,25742
9013,2021-05-02,CL,Chile,AMRO,41944,1204755,715,26457
9014,2021-05-09,CL,Chile,AMRO,37221,1241976,644,27101
9015,2021-05-16,CL,Chile,AMRO,38276,1280252,633,27734
9016,2021-05-23,CL,Chile,AMRO,43161,1323413,652,28386
9017,2021-05-30,CL,Chile,AMRO,46343,1369756,661,29047
9018,2021-06-06,CL,Chile,AMRO,50510,1420266,769,29816
9019,2021-06-13,CL,Chile,AMRO,48726,1468992,763,30579
9020,2021-06-20,CL,Chile,AMRO,42283,1511275,813,31392
9021,2021-06-27,CL,Chile,AMRO,31367,1542642,771,32163
9022,2021-07-04,CL,Chile,AMRO,23819,1566461,810,32973
9023,2021-07-11,CL,Chile,AMRO,18699,1585160,794,33767
9024,2021-07-18,CL,Chile,AMRO,13321,1598481,636,34403
9025,2021-07-25,CL,Chile,AMRO,9268,1607749,555,34958
9026,2021-08-01,CL,Chile,AMRO,8022,1615771,490,35448
9027,2021-08-08,CL,Chile,AMRO,6738,1622509,503,35951
9028,2021-08-15,CL,Chile,AMRO,5784,1628293,380,36331
9029,2021-08-22,CL,Chile,AMRO,4860,1633153,274,36605
9030,2021-08-29,CL,Chile,AMRO,4081,1637234,236,36841
9031,2021-09-05,CL,Chile,AMRO,3432,1640666,226,37067
9032,2021-09-12,CL,Chile,AMRO,2964,1643630,134,37201
9033,2021-09-19,CL,Chile,AMRO,3364,1646994,138,37339
9034,2021-09-26,CL,Chile,AMRO,3991,1650985,93,37432
9035,2021-10-03,CL,Chile,AMRO,4899,1655884,52,37484
9036,2021-10-10,CL,Chile,AMRO,5486,1661370,70,37554
9037,2021-10-17,CL,Chile,AMRO,7866,1669236,43,37597
9038,2021-10-24,CL,Chile,AMRO,10781,1680017,65,37662
9039,2021-10-31,CL,Chile,AMRO,12860,1692877,81,37743
9040,2021-11-07,CL,Chile,AMRO,13745,1706622,98,37841
9041,2021-11-14,CL,Chile,AMRO,17106,1723728,110,37951
9042,2021-11-21,CL,Chile,AMRO,16768,1740496,143,38094
9043,2021-11-28,CL,Chile,AMRO,16581,1757077,188,38282
9044,2021-12-05,CL,Chile,AMRO,13543,1770620,183,38465
9045,2021-12-12,CL,Chile,AMRO,10607,1781227,181,38646
9046,2021-12-19,CL,Chile,AMRO,9297,1790524,194,38840
9047,2021-12-26,CL,Chile,AMRO,8601,1799125,173,39013
9048,2022-01-02,CL,Chile,AMRO,9273,1808398,127,39140
9049,2022-01-09,CL,Chile,AMRO,17019,1825417,111,39251
9050,2022-01-16,CL,Chile,AMRO,41684,1867101,125,39376
9051,2022-01-23,CL,Chile,AMRO,82574,1949675,121,39497
9052,2022-01-30,CL,Chile,AMRO,157937,2107612,156,39653
9053,2022-02-06,CL,Chile,AMRO,227422,2335034,277,39930
9054,2022-02-13,CL,Chile,AMRO,247900,2582934,534,40464
9055,2022-02-20,CL,Chile,AMRO,236312,2819246,732,41196
9056,2022-02-27,CL,Chile,AMRO,196384,3015630,874,42070
9057,2022-03-06,CL,Chile,AMRO,152705,3168335,885,42955
9058,2022-03-13,CL,Chile,AMRO,118141,3286476,830,43785
9059,2022-03-20,CL,Chile,AMRO,95205,3381681,655,44440
9060,2022-03-27,CL,Chile,AMRO,61337,3443018,11858,56298
9061,2022-04-03,CL,Chile,AMRO,39157,3482175,391,56689
9062,2022-04-10,CL,Chile,AMRO,26381,3508556,308,56997
9063,2022-04-17,CL,Chile,AMRO,20070,3528626,234,57231
9064,2022-04-24,CL,Chile,AMRO,15837,3544463,144,57375
9065,2022-05-01,CL,Chile,AMRO,14168,3558631,152,57527
9066,2022-05-08,CL,Chile,AMRO,17508,3576139,102,57629
9067,2022-05-15,CL,Chile,AMRO,24757,3600896,85,57714
9068,2022-05-22,CL,Chile,AMRO,36097,3636993,80,57794
9069,2022-05-29,CL,Chile,AMRO,47592,3684585,83,57877
9070,2022-06-05,CL,Chile,AMRO,55211,3739796,78,57955
9071,2022-06-12,CL,Chile,AMRO,69174,3808970,121,58076
9072,2022-06-19,CL,Chile,AMRO,73455,3882425,150,58226
9073,2022-06-26,CL,Chile,AMRO,65587,3948012,159,58385
9074,2022-07-03,CL,Chile,AMRO,65891,4013903,178,58563
9075,2022-07-10,CL,Chile,AMRO,61630,4075533,224,58787
9076,2022-07-17,CL,Chile,AMRO,54699,4130232,252,59039
9077,2022-07-24,CL,Chile,AMRO,47285,4177517,264,59303
9078,2022-07-31,CL,Chile,AMRO,56032,4233549,249,59552
9079,2022-08-07,CL,Chile,AMRO,63595,4297144,221,59773
9080,2022-08-14,CL,Chile,AMRO,72562,4369706,188,59961
9081,2022-08-21,CL,Chile,AMRO,62880,4432586,213,60174
9082,2022-08-28,CL,Chile,AMRO,54867,4487453,208,60382
9083,2022-09-04,CL,Chile,AMRO,40080,4527533,189,60571
9084,2022-09-11,CL,Chile,AMRO,32268,4559801,178,60749
9085,2022-09-18,CL,Chile,AMRO,23853,4583654,174,60923
9086,2022-09-25,CL,Chile,AMRO,19860,4603514,123,61046
9087,2022-10-02,CL,Chile,AMRO,24409,4627923,132,61178
9088,2022-10-09,CL,Chile,AMRO,21425,4649348,128,61306
9089,2022-10-16,CL,Chile,AMRO,25025,4674373,106,61412
9090,2022-10-23,CL,Chile,AMRO,34497,4708870,123,61535
9091,2022-10-30,CL,Chile,AMRO,41905,4750775,117,61652
9092,2022-11-06,CL,Chile,AMRO,35423,4786198,137,61789
9093,2022-11-13,CL,Chile,AMRO,46640,4832838,194,61983
9094,2022-11-20,CL,Chile,AMRO,39013,4871851,182,62165
9095,2022-11-27,CL,Chile,AMRO,33684,4905535,192,62357
9096,2022-12-04,CL,Chile,AMRO,27990,4933525,186,62543
9097,2022-12-11,CL,Chile,AMRO,22011,4955536,165,62708
9098,2022-12-18,CL,Chile,AMRO,24097,4979633,142,62850
9099,2022-12-25,CL,Chile,AMRO,26526,5006159,162,63012
9100,2023-01-01,CL,Chile,AMRO,31368,5037527,160,63172
9101,2023-01-08,CL,Chile,AMRO,25207,5062734,158,63330
9102,2023-01-15,CL,Chile,AMRO,22244,5084978,166,63496
9103,2023-01-22,CL,Chile,AMRO,16859,5101837,144,63640
9104,2023-01-29,CL,Chile,AMRO,13293,5115130,124,63764
9105,2023-02-05,CL,Chile,AMRO,11527,5126657,111,63875
9106,2023-02-12,CL,Chile,AMRO,10648,5137305,110,63985
9107,2023-02-19,CL,Chile,AMRO,10378,5147683,82,64067
9108,2023-02-26,CL,Chile,AMRO,13526,5161209,91,64158
9109,2023-03-05,CL,Chile,AMRO,16561,5177770,64,64222
9110,2023-03-12,CL,Chile,AMRO,22009,5199779,79,64301
9111,2023-03-19,CL,Chile,AMRO,27654,5227433,78,64379
9112,2023-03-26,CL,Chile,AMRO,22644,5250077,103,64482
9113,2023-04-02,CL,Chile,AMRO,14253,5264330,-3432,61050
9114,2023-04-09,CL,Chile,AMRO,8437,5272767,92,61142
9115,2023-04-16,CL,Chile,AMRO,5485,5278252,105,61247
9116,2023-04-23,CL,Chile,AMRO,3429,5281681,76,61323
9117,2023-04-30,CL,Chile,AMRO,2227,5283908,61,61384
9118,2023-05-07,CL,Chile,AMRO,1238,5285146,50,61434
9119,2023-05-14,CL,Chile,AMRO,952,5286098,24,61458
9120,2023-05-21,CL,Chile,AMRO,0,5286098,0,61458
9121,2023-05-28,CL,Chile,AMRO,426,5286524,17,61475
9122,2023-06-04,CL,Chile,AMRO,272,5286796,17,61492
9123,2023-06-11,CL,Chile,AMRO,183,5286979,15,61507
9124,2023-06-18,CL,Chile,AMRO,206,5287185,12,61519
9125,2023-06-25,CL,Chile,AMRO,147,5287332,10,61529
9126,2023-07-02,CL,Chile,AMRO,148,5287480,3,61532
9127,2023-07-09,CL,Chile,AMRO,115,5287595,5,61537
9128,2023-07-16,CL,Chile,AMRO,143,5287738,8,61545
9129,2023-07-23,CL,Chile,AMRO,164,5287902,11,61556
9130,2023-07-30,CL,Chile,AMRO,262,5288164,2,61558
9131,2023-08-06,CL,Chile,AMRO,326,5288490,4,61562
9132,2023-08-13,CL,Chile,AMRO,411,5288901,6,61568
9133,2023-08-20,CL,Chile,AMRO,420,5289321,6,61574
9134,2023-08-27,CL,Chile,AMRO,478,5289799,4,61578
9135,2023-09-03,CL,Chile,AMRO,614,5290413,7,61585
9136,2023-09-10,CL,Chile,AMRO,651,5291064,10,61595
9137,2023-09-17,CL,Chile,AMRO,802,5291866,8,61603
9138,2023-09-24,CL,Chile,AMRO,856,5292722,16,61619
9139,2023-10-01,CL,Chile,AMRO,1421,5294143,25,61644
9140,2023-10-08,CL,Chile,AMRO,1803,5295946,27,61671
9141,2023-10-15,CL,Chile,AMRO,2083,5298029,34,61705
9142,2023-10-22,CL,Chile,AMRO,3054,5301083,52,61757
9143,2023-10-29,CL,Chile,AMRO,3433,5304516,37,61794
9144,2023-11-05,CL,Chile,AMRO,3500,5308016,56,61850
9145,2023-11-12,CL,Chile,AMRO,4087,5312103,46,61896
9146,2023-11-19,CL,Chile,AMRO,3860,5315963,57,61953
9147,2023-11-26,CL,Chile,AMRO,3776,5319739,57,62010
9148,2023-12-03,CL,Chile,AMRO,3162,5322901,47,62057
9149,2023-12-10,CL,Chile,AMRO,2179,5325080,48,62105
9150,2023-12-17,CL,Chile,AMRO,1966,5327046,31,62136
9151,2023-12-24,CL,Chile,AMRO,0,5327046,0,62136
9152,2020-01-05,CN,China,WPRO,1,1,0,0
9153,2020-01-12,CN,China,WPRO,44,45,1,1
9154,2020-01-19,CN,China,WPRO,80,125,2,3
9155,2020-01-26,CN,China,WPRO,1860,1985,53,56
9156,2020-02-02,CN,China,WPRO,12426,14411,305,361
9157,2020-02-09,CN,China,WPRO,22840,37251,544,905
9158,2020-02-16,CN,China,WPRO,31333,68584,862,1767
9159,2020-02-23,CN,China,WPRO,8458,77042,679,2446
9160,2020-03-01,CN,China,WPRO,2926,79968,427,2873
9161,2020-03-08,CN,China,WPRO,891,80859,228,3101
9162,2020-03-15,CN,China,WPRO,189,81048,103,3204
9163,2020-03-22,CN,China,WPRO,450,81498,63,3267
9164,2020-03-29,CN,China,WPRO,843,82341,39,3306
9165,2020-04-05,CN,China,WPRO,589,82930,32,3338
9166,2020-04-12,CN,China,WPRO,552,83482,11,3349
9167,2020-04-19,CN,China,WPRO,719,84201,1293,4642
9168,2020-04-26,CN,China,WPRO,137,84338,0,4642
9169,2020-05-03,CN,China,WPRO,55,84393,1,4643
9170,2020-05-10,CN,China,WPRO,37,84430,0,4643
9171,2020-05-17,CN,China,WPRO,54,84484,2,4645
9172,2020-05-24,CN,China,WPRO,41,84525,0,4645
9173,2020-05-31,CN,China,WPRO,45,84570,0,4645
9174,2020-06-07,CN,China,WPRO,59,84629,0,4645
9175,2020-06-14,CN,China,WPRO,100,84729,0,4645
9176,2020-06-21,CN,China,WPRO,268,84997,1,4646
9177,2020-06-28,CN,China,WPRO,193,85190,2,4648
9178,2020-07-05,CN,China,WPRO,116,85306,0,4648
9179,2020-07-12,CN,China,WPRO,216,85522,0,4648
9180,2020-07-19,CN,China,WPRO,415,85937,5,4653
9181,2020-07-26,CN,China,WPRO,902,86839,6,4659
9182,2020-08-02,CN,China,WPRO,1463,88302,15,4674
9183,2020-08-09,CN,China,WPRO,847,89149,14,4688
9184,2020-08-16,CN,China,WPRO,612,89761,22,4710
9185,2020-08-23,CN,China,WPRO,380,90141,7,4717
9186,2020-08-30,CN,China,WPRO,210,90351,11,4728
9187,2020-09-06,CN,China,WPRO,166,90517,7,4735
9188,2020-09-13,CN,China,WPRO,149,90666,6,4741
9189,2020-09-20,CN,China,WPRO,174,90840,3,4744
9190,2020-09-27,CN,China,WPRO,126,90966,2,4746
9191,2020-10-04,CN,China,WPRO,155,91121,0,4746
9192,2020-10-11,CN,China,WPRO,184,91305,0,4746
9193,2020-10-18,CN,China,WPRO,184,91489,0,4746
9194,2020-10-25,CN,China,WPRO,185,91674,0,4746
9195,2020-11-01,CN,China,WPRO,247,91921,0,4746
9196,2020-11-08,CN,China,WPRO,274,92195,2,4748
9197,2020-11-15,CN,China,WPRO,233,92428,1,4749
9198,2020-11-22,CN,China,WPRO,220,92648,0,4749
9199,2020-11-29,CN,China,WPRO,681,93329,1,4750
9200,2020-12-06,CN,China,WPRO,831,94160,3,4753
9201,2020-12-13,CN,China,WPRO,790,94950,3,4756
9202,2020-12-20,CN,China,WPRO,766,95716,14,4770
9203,2020-12-27,CN,China,WPRO,608,96324,7,4777
9204,2021-01-03,CN,China,WPRO,648,96972,14,4791
9205,2021-01-10,CN,China,WPRO,680,97652,7,4798
9206,2021-01-17,CN,China,WPRO,1142,98794,6,4804
9207,2021-01-24,CN,China,WPRO,1342,100136,6,4810
9208,2021-01-31,CN,China,WPRO,838,100974,13,4823
9209,2021-02-07,CN,China,WPRO,342,101316,8,4831
9210,2021-02-14,CN,China,WPRO,220,101536,7,4838
9211,2021-02-21,CN,China,WPRO,164,101700,4,4842
9212,2021-02-28,CN,China,WPRO,220,101920,1,4843
9213,2021-03-07,CN,China,WPRO,181,102101,5,4848
9214,2021-03-14,CN,China,WPRO,262,102363,1,4849
9215,2021-03-21,CN,China,WPRO,176,102539,0,4849
9216,2021-03-28,CN,China,WPRO,159,102698,2,4851
9217,2021-04-04,CN,China,WPRO,210,102908,0,4851
9218,2021-04-11,CN,China,WPRO,205,103113,2,4853
9219,2021-04-18,CN,China,WPRO,202,103315,3,4856
9220,2021-04-25,CN,China,WPRO,169,103484,0,4856
9221,2021-05-02,CN,China,WPRO,183,103667,2,4858
9222,2021-05-09,CN,China,WPRO,141,103808,0,4858
9223,2021-05-16,CN,China,WPRO,617,104425,0,4858
9224,2021-05-23,CN,China,WPRO,2762,107187,11,4869
9225,2021-05-30,CN,China,WPRO,3959,111146,86,4955
9226,2021-06-06,CN,China,WPRO,3521,114667,151,5106
9227,2021-06-13,CN,China,WPRO,1634,116301,177,5283
9228,2021-06-20,CN,China,WPRO,1247,117548,112,5395
9229,2021-06-27,CN,China,WPRO,810,118358,83,5478
9230,2021-07-04,CN,China,WPRO,538,118896,57,5535
9231,2021-07-11,CN,China,WPRO,425,119321,53,5588
9232,2021-07-18,CN,China,WPRO,377,119698,28,5616
9233,2021-07-25,CN,China,WPRO,515,120213,18,5634
9234,2021-08-01,CN,China,WPRO,624,120837,3,5637
9235,2021-08-08,CN,China,WPRO,847,121684,20,5657
9236,2021-08-15,CN,China,WPRO,694,122378,12,5669
9237,2021-08-22,CN,China,WPRO,320,122698,7,5676
9238,2021-08-29,CN,China,WPRO,297,122995,6,5682
9239,2021-09-05,CN,China,WPRO,236,123231,3,5685
9240,2021-09-12,CN,China,WPRO,313,123544,2,5687
9241,2021-09-19,CN,China,WPRO,558,124102,2,5689
9242,2021-09-26,CN,China,WPRO,393,124495,1,5690
9243,2021-10-03,CN,China,WPRO,310,124805,2,5692
9244,2021-10-10,CN,China,WPRO,250,125055,3,5695
9245,2021-10-17,CN,China,WPRO,199,125254,0,5695
9246,2021-10-24,CN,China,WPRO,311,125565,0,5695
9247,2021-10-31,CN,China,WPRO,513,126078,1,5696
9248,2021-11-07,CN,China,WPRO,632,126710,0,5696
9249,2021-11-14,CN,China,WPRO,550,127260,1,5697
9250,2021-11-21,CN,China,WPRO,252,127512,0,5697
9251,2021-11-28,CN,China,WPRO,252,127764,0,5697
9252,2021-12-05,CN,China,WPRO,629,128393,0,5697
9253,2021-12-12,CN,China,WPRO,689,129082,0,5697
9254,2021-12-19,CN,China,WPRO,712,129794,2,5699
9255,2021-12-26,CN,China,WPRO,1064,130858,0,5699
9256,2022-01-02,CN,China,WPRO,1650,132508,0,5699
9257,2022-01-09,CN,China,WPRO,1643,134151,0,5699
9258,2022-01-16,CN,China,WPRO,1876,136027,1,5700
9259,2022-01-23,CN,China,WPRO,1323,137350,0,5700
9260,2022-01-30,CN,China,WPRO,1642,138992,0,5700
9261,2022-02-06,CN,China,WPRO,2057,141049,0,5700
9262,2022-02-13,CN,China,WPRO,8591,149640,6,5706
9263,2022-02-20,CN,China,WPRO,31127,180767,70,5776
9264,2022-02-27,CN,China,WPRO,120387,301154,372,6148
9265,2022-03-06,CN,China,WPRO,302580,603734,1348,7496
9266,2022-03-13,CN,China,WPRO,158173,761907,1986,9482
9267,2022-03-20,CN,China,WPRO,84389,846296,1905,11387
9268,2022-03-27,CN,China,WPRO,43971,890267,1356,12743
9269,2022-04-03,CN,China,WPRO,32276,922543,920,13663
9270,2022-04-10,CN,China,WPRO,21648,944191,599,14262
9271,2022-04-17,CN,China,WPRO,30667,974858,372,14634
9272,2022-04-24,CN,China,WPRO,42303,1017161,247,14881
9273,2022-05-01,CN,China,WPRO,91983,1109144,392,15273
9274,2022-05-08,CN,China,WPRO,227721,1336865,177,15450
9275,2022-05-15,CN,China,WPRO,414077,1750942,192,15642
9276,2022-05-22,CN,China,WPRO,554051,2304993,347,15989
9277,2022-05-29,CN,China,WPRO,573340,2878333,669,16658
9278,2022-06-05,CN,China,WPRO,513969,3392302,1044,17702
9279,2022-06-12,CN,China,WPRO,489982,3882284,1194,18896
9280,2022-06-19,CN,China,WPRO,406469,4288753,1091,19987
9281,2022-06-26,CN,China,WPRO,323183,4611936,982,20969
9282,2022-07-03,CN,China,WPRO,230021,4841957,689,21658
9283,2022-07-10,CN,China,WPRO,223915,5065872,709,22367
9284,2022-07-17,CN,China,WPRO,197555,5263427,528,22895
9285,2022-07-24,CN,China,WPRO,180690,5444117,458,23353
9286,2022-07-31,CN,China,WPRO,172003,5616120,351,23704
9287,2022-08-07,CN,China,WPRO,163340,5779460,330,24034
9288,2022-08-14,CN,China,WPRO,166696,5946156,224,24258
9289,2022-08-21,CN,China,WPRO,172424,6118580,241,24499
9290,2022-08-28,CN,China,WPRO,194464,6313044,267,24766
9291,2022-09-04,CN,China,WPRO,238044,6551088,292,25058
9292,2022-09-11,CN,China,WPRO,263288,6814376,296,25354
9293,2022-09-18,CN,China,WPRO,297693,7112069,358,25712
9294,2022-09-25,CN,China,WPRO,292476,7404545,532,26244
9295,2022-10-02,CN,China,WPRO,303092,7707637,365,26609
9296,2022-10-09,CN,China,WPRO,333830,8041467,435,27044
9297,2022-10-16,CN,China,WPRO,328910,8370377,427,27471
9298,2022-10-23,CN,China,WPRO,285348,8655725,479,27950
9299,2022-10-30,CN,China,WPRO,257994,8913719,510,28460
9300,2022-11-06,CN,China,WPRO,219102,9132821,479,28939
9301,2022-11-13,CN,China,WPRO,171745,9304566,431,29370
9302,2022-11-20,CN,China,WPRO,158813,9463379,468,29838
9303,2022-11-27,CN,China,WPRO,144205,9607584,354,30192
9304,2022-12-04,CN,China,WPRO,146141,9753725,375,30567
9305,2022-12-11,CN,China,WPRO,1117898,10871623,871,31438
9306,2022-12-18,CN,China,WPRO,11098550,21970173,1708,33146
9307,2022-12-25,CN,China,WPRO,40475477,62445650,5849,38995
9308,2023-01-01,CN,China,WPRO,24644876,87090526,17893,56888
9309,2023-01-08,CN,China,WPRO,8061762,95152288,12991,69879
9310,2023-01-15,CN,China,WPRO,2361571,97513859,0,69879
9311,2023-01-22,CN,China,WPRO,755183,98269042,0,69879
9312,2023-01-29,CN,China,WPRO,175542,98444584,0,69879
9313,2023-02-05,CN,China,WPRO,192969,98637553,47687,117566
9314,2023-02-12,CN,China,WPRO,148174,98785727,1360,118926
9315,2023-02-19,CN,China,WPRO,118748,98904475,537,119463
9316,2023-02-26,CN,China,WPRO,77670,98982145,358,119821
9317,2023-03-05,CN,China,WPRO,84790,99066935,360,120181
9318,2023-03-12,CN,China,WPRO,92268,99159203,329,120510
9319,2023-03-19,CN,China,WPRO,65301,99224504,265,120775
9320,2023-03-26,CN,China,WPRO,13602,99238106,119,120894
9321,2023-04-02,CN,China,WPRO,1060,99239166,3,120897
9322,2023-04-09,CN,China,WPRO,1228,99240394,8,120905
9323,2023-04-16,CN,China,WPRO,1699,99242093,7,120912
9324,2023-04-23,CN,China,WPRO,2206,99244299,11,120923
9325,2023-04-30,CN,China,WPRO,3082,99247381,38,120961
9326,2023-05-07,CN,China,WPRO,3736,99251117,54,121015
9327,2023-05-14,CN,China,WPRO,4440,99255557,58,121073
9328,2023-05-21,CN,China,WPRO,4437,99259994,71,121144
9329,2023-05-28,CN,China,WPRO,6466,99266460,91,121235
9330,2023-06-04,CN,China,WPRO,5030,99271490,1,121236
9331,2023-06-11,CN,China,WPRO,6956,99278446,154,121390
9332,2023-06-18,CN,China,WPRO,4555,99283001,0,121390
9333,2023-06-25,CN,China,WPRO,2437,99285438,75,121465
9334,2023-07-02,CN,China,WPRO,3878,99289316,25,121490
9335,2023-07-09,CN,China,WPRO,2733,99292049,25,121515
9336,2023-07-16,CN,China,WPRO,2666,99294715,21,121536
9337,2023-07-23,CN,China,WPRO,2445,99297160,0,121536
9338,2023-07-30,CN,China,WPRO,2541,99299701,27,121563
9339,2023-08-06,CN,China,WPRO,1954,99301655,84,121647
9340,2023-08-13,CN,China,WPRO,964,99302619,24,121671
9341,2023-08-20,CN,China,WPRO,1463,99304082,0,121671
9342,2023-08-27,CN,China,WPRO,1587,99305669,0,121671
9343,2023-09-03,CN,China,WPRO,1647,99307316,8,121679
9344,2023-09-10,CN,China,WPRO,1527,99308843,0,121679
9345,2023-09-17,CN,China,WPRO,1025,99309868,0,121679
9346,2023-09-24,CN,China,WPRO,1152,99311020,35,121714
9347,2023-10-01,CN,China,WPRO,1880,99312900,0,121714
9348,2023-10-08,CN,China,WPRO,1327,99314227,53,121767
9349,2023-10-15,CN,China,WPRO,1302,99315529,20,121787
9350,2023-10-22,CN,China,WPRO,1340,99316869,22,121809
9351,2023-10-29,CN,China,WPRO,1072,99317941,0,121809
9352,2023-11-05,CN,China,WPRO,739,99318680,58,121867
9353,2023-11-12,CN,China,WPRO,634,99319314,6,121873
9354,2023-11-19,CN,China,WPRO,530,99319844,1,121874
9355,2023-11-26,CN,China,WPRO,560,99320404,3,121877
9356,2023-12-03,CN,China,WPRO,405,99320809,0,121877
9357,2023-12-10,CN,China,WPRO,451,99321260,1,121878
9358,2023-12-17,CN,China,WPRO,377,99321637,2,121880
9359,2023-12-24,CN,China,WPRO,261,99321898,0,121880
9360,2020-01-05,CO,Colombia,AMRO,0,0,0,0
9361,2020-01-12,CO,Colombia,AMRO,0,0,0,0
9362,2020-01-19,CO,Colombia,AMRO,0,0,0,0
9363,2020-01-26,CO,Colombia,AMRO,0,0,0,0
9364,2020-02-02,CO,Colombia,AMRO,0,0,0,0
9365,2020-02-09,CO,Colombia,AMRO,0,0,0,0
9366,2020-02-16,CO,Colombia,AMRO,0,0,0,0
9367,2020-02-23,CO,Colombia,AMRO,0,0,0,0
9368,2020-03-01,CO,Colombia,AMRO,0,0,0,0
9369,2020-03-08,CO,Colombia,AMRO,1,1,0,0
9370,2020-03-15,CO,Colombia,AMRO,15,16,0,0
9371,2020-03-22,CO,Colombia,AMRO,180,196,0,0
9372,2020-03-29,CO,Colombia,AMRO,527,723,6,6
9373,2020-04-05,CO,Colombia,AMRO,544,1267,19,25
9374,2020-04-12,CO,Colombia,AMRO,1206,2473,55,80
9375,2020-04-19,CO,Colombia,AMRO,966,3439,73,153
9376,2020-04-26,CO,Colombia,AMRO,1442,4881,72,225
9377,2020-05-03,CO,Colombia,AMRO,2125,7006,89,314
9378,2020-05-10,CO,Colombia,AMRO,3045,10051,114,428
9379,2020-05-17,CO,Colombia,AMRO,4165,14216,118,546
9380,2020-05-24,CO,Colombia,AMRO,4915,19131,136,682
9381,2020-05-31,CO,Colombia,AMRO,7557,26688,171,853
9382,2020-06-07,CO,Colombia,AMRO,9947,36635,292,1145
9383,2020-06-14,CO,Colombia,AMRO,10223,46858,400,1545
9384,2020-06-21,CO,Colombia,AMRO,16418,63276,500,2045
9385,2020-06-28,CO,Colombia,AMRO,21166,84442,766,2811
9386,2020-07-05,CO,Colombia,AMRO,25063,109505,966,3777
9387,2020-07-12,CO,Colombia,AMRO,31271,140776,1148,4925
9388,2020-07-19,CO,Colombia,AMRO,41364,182140,1363,6288
9389,2020-07-26,CO,Colombia,AMRO,51401,233541,1687,7975
9390,2020-08-02,CO,Colombia,AMRO,61967,295508,2130,10105
9391,2020-08-09,CO,Colombia,AMRO,71688,367196,2145,12250
9392,2020-08-16,CO,Colombia,AMRO,77915,445111,2242,14492
9393,2020-08-23,CO,Colombia,AMRO,77027,522138,2076,16568
9394,2020-08-30,CO,Colombia,AMRO,68382,590520,2199,18767
9395,2020-09-06,CO,Colombia,AMRO,59542,650062,2121,20888
9396,2020-09-13,CO,Colombia,AMRO,52026,702088,1630,22518
9397,2020-09-20,CO,Colombia,AMRO,48383,750471,1332,23850
9398,2020-09-27,CO,Colombia,AMRO,47846,798317,1253,25103
9399,2020-10-04,CO,Colombia,AMRO,43214,841531,1294,26397
9400,2020-10-11,CO,Colombia,AMRO,52769,894300,1098,27495
9401,2020-10-18,CO,Colombia,AMRO,51054,945354,1121,28616
9402,2020-10-25,CO,Colombia,AMRO,53588,998942,1186,29802
9403,2020-11-01,CO,Colombia,AMRO,64209,1063151,1333,31135
9404,2020-11-08,CO,Colombia,AMRO,64582,1127733,1270,32405
9405,2020-11-15,CO,Colombia,AMRO,54964,1182697,1264,33669
9406,2020-11-22,CO,Colombia,AMRO,50747,1233444,1260,34929
9407,2020-11-29,CO,Colombia,AMRO,57066,1290510,1285,36214
9408,2020-12-06,CO,Colombia,AMRO,62097,1352607,1253,37467
9409,2020-12-13,CO,Colombia,AMRO,56302,1408909,1202,38669
9410,2020-12-20,CO,Colombia,AMRO,73163,1482072,1350,40019
9411,2020-12-27,CO,Colombia,AMRO,92635,1574707,1671,41690
9412,2021-01-03,CO,Colombia,AMRO,80173,1654880,1805,43495
9413,2021-01-10,CO,Colombia,AMRO,100688,1755568,1936,45431
9414,2021-01-17,CO,Colombia,AMRO,114611,1870179,2437,47868
9415,2021-01-24,CO,Colombia,AMRO,117239,1987418,2718,50586
9416,2021-01-31,CO,Colombia,AMRO,90215,2077633,2698,53284
9417,2021-02-07,CO,Colombia,AMRO,65027,2142660,2119,55403
9418,2021-02-14,CO,Colombia,AMRO,42509,2185169,1793,57196
9419,2021-02-21,CO,Colombia,AMRO,31832,2217001,1315,58511
9420,2021-02-28,CO,Colombia,AMRO,27791,2244792,1007,59518
9421,2021-03-07,CO,Colombia,AMRO,24790,2269582,782,60300
9422,2021-03-14,CO,Colombia,AMRO,25035,2294617,650,60950
9423,2021-03-21,CO,Colombia,AMRO,29809,2324426,821,61771
9424,2021-03-28,CO,Colombia,AMRO,42911,2367337,874,62645
9425,2021-04-04,CO,Colombia,AMRO,60711,2428048,1132,63777
9426,2021-04-11,CO,Colombia,AMRO,76158,2504206,1506,65283
9427,2021-04-18,CO,Colombia,AMRO,115216,2619422,2281,67564
9428,2021-04-25,CO,Colombia,AMRO,121122,2740544,2882,70446
9429,2021-05-02,CO,Colombia,AMRO,119180,2859724,3274,73720
9430,2021-05-09,CO,Colombia,AMRO,108902,2968626,3147,76867
9431,2021-05-16,CO,Colombia,AMRO,115834,3084460,3383,80250
9432,2021-05-23,CO,Colombia,AMRO,107590,3192050,3469,83719
9433,2021-05-30,CO,Colombia,AMRO,150517,3342567,3488,87207
9434,2021-06-06,CO,Colombia,AMRO,175479,3518046,3683,90890
9435,2021-06-13,CO,Colombia,AMRO,176661,3694707,3725,94615
9436,2021-06-20,CO,Colombia,AMRO,193907,3888614,4131,98746
9437,2021-06-27,CO,Colombia,AMRO,204132,4092746,4575,103321
9438,2021-07-04,CO,Colombia,AMRO,204556,4297302,4402,107723
9439,2021-07-11,CO,Colombia,AMRO,174320,4471622,4008,111731
9440,2021-07-18,CO,Colombia,AMRO,129713,4601335,3602,115333
9441,2021-07-25,CO,Colombia,AMRO,104399,4705734,2855,118188
9442,2021-08-01,CO,Colombia,AMRO,70557,4776291,2244,120432
9443,2021-08-08,CO,Colombia,AMRO,52292,4828583,1655,122087
9444,2021-08-15,CO,Colombia,AMRO,32039,4860622,1134,123221
9445,2021-08-22,CO,Colombia,AMRO,23310,4883932,802,124023
9446,2021-08-29,CO,Colombia,AMRO,17231,4901163,625,124648
9447,2021-09-05,CO,Colombia,AMRO,13718,4914881,510,125158
9448,2021-09-12,CO,Colombia,AMRO,11891,4926772,371,125529
9449,2021-09-19,CO,Colombia,AMRO,10824,4937596,297,125826
9450,2021-09-26,CO,Colombia,AMRO,10917,4948513,242,126068
9451,2021-10-03,CO,Colombia,AMRO,10631,4959144,268,126336
9452,2021-10-10,CO,Colombia,AMRO,9987,4969131,216,126552
9453,2021-10-17,CO,Colombia,AMRO,9558,4978689,244,126796
9454,2021-10-24,CO,Colombia,AMRO,9332,4988021,198,126994
9455,2021-10-31,CO,Colombia,AMRO,11027,4999048,231,127225
9456,2021-11-07,CO,Colombia,AMRO,11934,5010982,231,127456
9457,2021-11-14,CO,Colombia,AMRO,15840,5026822,265,127721
9458,2021-11-21,CO,Colombia,AMRO,16000,5042822,292,128013
9459,2021-11-28,CO,Colombia,AMRO,17735,5060557,330,128343
9460,2021-12-05,CO,Colombia,AMRO,15821,5076378,342,128685
9461,2021-12-12,CO,Colombia,AMRO,13317,5089695,326,129011
9462,2021-12-19,CO,Colombia,AMRO,13574,5103269,334,129345
9463,2021-12-26,CO,Colombia,AMRO,14985,5118254,341,129686
9464,2022-01-02,CO,Colombia,AMRO,39186,5157440,256,129942
9465,2022-01-09,CO,Colombia,AMRO,111422,5268862,308,130250
9466,2022-01-16,CO,Colombia,AMRO,207042,5475904,481,130731
9467,2022-01-23,CO,Colombia,AMRO,210161,5686065,1093,131824
9468,2022-01-30,CO,Colombia,AMRO,151343,5837408,1736,133560
9469,2022-02-06,CO,Colombia,AMRO,106375,5943783,1722,135282
9470,2022-02-13,CO,Colombia,AMRO,64208,6007991,1482,136764
9471,2022-02-20,CO,Colombia,AMRO,31172,6039163,1105,137869
9472,2022-02-27,CO,Colombia,AMRO,19552,6058715,632,138501
9473,2022-03-06,CO,Colombia,AMRO,10710,6069425,483,138984
9474,2022-03-13,CO,Colombia,AMRO,6231,6075656,271,139255
9475,2022-03-20,CO,Colombia,AMRO,4240,6079896,160,139415
9476,2022-03-27,CO,Colombia,AMRO,3047,6082943,129,139544
9477,2022-04-03,CO,Colombia,AMRO,2327,6085270,92,139636
9478,2022-04-10,CO,Colombia,AMRO,2173,6087443,67,139703
9479,2022-04-17,CO,Colombia,AMRO,1938,6089381,38,139741
9480,2022-04-24,CO,Colombia,AMRO,1422,6090803,24,139765
9481,2022-05-01,CO,Colombia,AMRO,1600,6092403,28,139793
9482,2022-05-08,CO,Colombia,AMRO,1242,6093645,16,139809
9483,2022-05-15,CO,Colombia,AMRO,1671,6095316,12,139821
9484,2022-05-22,CO,Colombia,AMRO,3795,6099111,12,139833
9485,2022-05-29,CO,Colombia,AMRO,4344,6103455,21,139854
9486,2022-06-05,CO,Colombia,AMRO,5650,6109105,13,139867
9487,2022-06-12,CO,Colombia,AMRO,8742,6117847,27,139894
9488,2022-06-19,CO,Colombia,AMRO,13810,6131657,24,139918
9489,2022-06-26,CO,Colombia,AMRO,19697,6151354,52,139970
9490,2022-07-03,CO,Colombia,AMRO,23827,6175181,100,140070
9491,2022-07-10,CO,Colombia,AMRO,23667,6198848,132,140202
9492,2022-07-17,CO,Colombia,AMRO,24649,6223497,163,140365
9493,2022-07-24,CO,Colombia,AMRO,24137,6247634,238,140603
9494,2022-07-31,CO,Colombia,AMRO,18164,6265798,242,140845
9495,2022-08-07,CO,Colombia,AMRO,13200,6278998,230,141075
9496,2022-08-14,CO,Colombia,AMRO,7394,6286392,212,141287
9497,2022-08-21,CO,Colombia,AMRO,6738,6293130,119,141406
9498,2022-08-28,CO,Colombia,AMRO,6465,6299595,113,141519
9499,2022-09-04,CO,Colombia,AMRO,3214,6302809,127,141646
9500,2022-09-11,CO,Colombia,AMRO,1508,6304317,62,141708
9501,2022-09-18,CO,Colombia,AMRO,1245,6305562,38,141746
9502,2022-09-25,CO,Colombia,AMRO,990,6306552,23,141769
9503,2022-10-02,CO,Colombia,AMRO,820,6307372,25,141794
9504,2022-10-09,CO,Colombia,AMRO,715,6308087,13,141807
9505,2022-10-16,CO,Colombia,AMRO,471,6308558,13,141820
9506,2022-10-23,CO,Colombia,AMRO,610,6309168,7,141827
9507,2022-10-30,CO,Colombia,AMRO,548,6309716,10,141837
9508,2022-11-06,CO,Colombia,AMRO,616,6310332,13,141850
9509,2022-11-13,CO,Colombia,AMRO,1027,6311359,12,141862
9510,2022-11-20,CO,Colombia,AMRO,1298,6312657,19,141881
9511,2022-11-27,CO,Colombia,AMRO,2112,6314769,14,141895
9512,2022-12-04,CO,Colombia,AMRO,3252,6318021,16,141911
9513,2022-12-11,CO,Colombia,AMRO,5336,6323357,32,141943
9514,2022-12-18,CO,Colombia,AMRO,7052,6330409,53,141996
9515,2022-12-25,CO,Colombia,AMRO,7930,6338339,80,142076
9516,2023-01-01,CO,Colombia,AMRO,6776,6345115,103,142179
9517,2023-01-08,CO,Colombia,AMRO,4856,6349971,80,142259
9518,2023-01-15,CO,Colombia,AMRO,0,6349971,0,142259
9519,2023-01-22,CO,Colombia,AMRO,4820,6354791,126,142385
9520,2023-01-29,CO,Colombia,AMRO,1518,6356309,101,142486
9521,2023-02-05,CO,Colombia,AMRO,891,6357200,58,142544
9522,2023-02-12,CO,Colombia,AMRO,868,6358068,32,142576
9523,2023-02-19,CO,Colombia,AMRO,707,6358775,20,142596
9524,2023-02-26,CO,Colombia,AMRO,689,6359464,19,142615
9525,2023-03-05,CO,Colombia,AMRO,625,6360089,14,142629
9526,2023-03-12,CO,Colombia,AMRO,691,6360780,10,142639
9527,2023-03-19,CO,Colombia,AMRO,513,6361293,13,142652
9528,2023-03-26,CO,Colombia,AMRO,517,6361810,13,142665
9529,2023-04-02,CO,Colombia,AMRO,502,6362312,13,142678
9530,2023-04-09,CO,Colombia,AMRO,746,6363058,12,142690
9531,2023-04-16,CO,Colombia,AMRO,486,6363544,8,142698
9532,2023-04-23,CO,Colombia,AMRO,470,6364014,8,142706
9533,2023-04-30,CO,Colombia,AMRO,622,6364636,7,142713
9534,2023-05-07,CO,Colombia,AMRO,626,6365262,9,142722
9535,2023-05-14,CO,Colombia,AMRO,732,6365994,5,142727
9536,2023-05-21,CO,Colombia,AMRO,0,6365994,0,142727
9537,2023-05-28,CO,Colombia,AMRO,1334,6367328,0,142727
9538,2023-06-04,CO,Colombia,AMRO,982,6368310,0,142727
9539,2023-06-11,CO,Colombia,AMRO,1174,6369484,0,142727
9540,2023-06-18,CO,Colombia,AMRO,1302,6370786,0,142727
9541,2023-06-25,CO,Colombia,AMRO,1207,6371993,0,142727
9542,2023-07-02,CO,Colombia,AMRO,922,6372915,0,142727
9543,2023-07-09,CO,Colombia,AMRO,886,6373801,0,142727
9544,2023-07-16,CO,Colombia,AMRO,832,6374633,0,142727
9545,2023-07-23,CO,Colombia,AMRO,903,6375536,0,142727
9546,2023-07-30,CO,Colombia,AMRO,858,6376394,0,142727
9547,2023-08-06,CO,Colombia,AMRO,653,6377047,0,142727
9548,2023-08-13,CO,Colombia,AMRO,754,6377801,0,142727
9549,2023-08-20,CO,Colombia,AMRO,556,6378357,0,142727
9550,2023-08-27,CO,Colombia,AMRO,722,6379079,0,142727
9551,2023-09-03,CO,Colombia,AMRO,562,6379641,0,142727
9552,2023-09-10,CO,Colombia,AMRO,528,6380169,0,142727
9553,2023-09-17,CO,Colombia,AMRO,401,6380570,0,142727
9554,2023-09-24,CO,Colombia,AMRO,452,6381022,0,142727
9555,2023-10-01,CO,Colombia,AMRO,340,6381362,0,142727
9556,2023-10-08,CO,Colombia,AMRO,332,6381694,0,142727
9557,2023-10-15,CO,Colombia,AMRO,288,6381982,0,142727
9558,2023-10-22,CO,Colombia,AMRO,421,6382403,0,142727
9559,2023-10-29,CO,Colombia,AMRO,289,6382692,0,142727
9560,2023-11-05,CO,Colombia,AMRO,291,6382983,0,142727
9561,2023-11-12,CO,Colombia,AMRO,302,6383285,0,142727
9562,2023-11-19,CO,Colombia,AMRO,310,6383595,0,142727
9563,2023-11-26,CO,Colombia,AMRO,353,6383948,0,142727
9564,2023-12-03,CO,Colombia,AMRO,276,6384224,0,142727
9565,2023-12-10,CO,Colombia,AMRO,327,6384551,0,142727
9566,2023-12-17,CO,Colombia,AMRO,428,6384979,0,142727
9567,2023-12-24,CO,Colombia,AMRO,0,6384979,0,142727
9568,2020-01-05,KM,Comoros,AFRO,0,0,0,0
9569,2020-01-12,KM,Comoros,AFRO,0,0,0,0
9570,2020-01-19,KM,Comoros,AFRO,0,0,0,0
9571,2020-01-26,KM,Comoros,AFRO,0,0,0,0
9572,2020-02-02,KM,Comoros,AFRO,0,0,0,0
9573,2020-02-09,KM,Comoros,AFRO,0,0,0,0
9574,2020-02-16,KM,Comoros,AFRO,0,0,0,0
9575,2020-02-23,KM,Comoros,AFRO,0,0,0,0
9576,2020-03-01,KM,Comoros,AFRO,0,0,0,0
9577,2020-03-08,KM,Comoros,AFRO,0,0,0,0
9578,2020-03-15,KM,Comoros,AFRO,0,0,0,0
9579,2020-03-22,KM,Comoros,AFRO,0,0,0,0
9580,2020-03-29,KM,Comoros,AFRO,0,0,0,0
9581,2020-04-05,KM,Comoros,AFRO,0,0,0,0
9582,2020-04-12,KM,Comoros,AFRO,0,0,0,0
9583,2020-04-19,KM,Comoros,AFRO,0,0,0,0
9584,2020-04-26,KM,Comoros,AFRO,0,0,0,0
9585,2020-05-03,KM,Comoros,AFRO,3,3,0,0
9586,2020-05-10,KM,Comoros,AFRO,8,11,1,1
9587,2020-05-17,KM,Comoros,AFRO,0,11,0,1
9588,2020-05-24,KM,Comoros,AFRO,23,34,0,1
9589,2020-05-31,KM,Comoros,AFRO,28,62,1,2
9590,2020-06-07,KM,Comoros,AFRO,9,71,0,2
9591,2020-06-14,KM,Comoros,AFRO,35,106,0,2
9592,2020-06-21,KM,Comoros,AFRO,71,177,3,5
9593,2020-06-28,KM,Comoros,AFRO,46,223,2,7
9594,2020-07-05,KM,Comoros,AFRO,18,241,0,7
9595,2020-07-12,KM,Comoros,AFRO,6,247,0,7
9596,2020-07-19,KM,Comoros,AFRO,17,264,0,7
9597,2020-07-26,KM,Comoros,AFRO,20,284,0,7
9598,2020-08-02,KM,Comoros,AFRO,32,316,0,7
9599,2020-08-09,KM,Comoros,AFRO,13,329,0,7
9600,2020-08-16,KM,Comoros,AFRO,6,335,0,7
9601,2020-08-23,KM,Comoros,AFRO,12,347,0,7
9602,2020-08-30,KM,Comoros,AFRO,6,353,0,7
9603,2020-09-06,KM,Comoros,AFRO,25,378,0,7
9604,2020-09-13,KM,Comoros,AFRO,9,387,0,7
9605,2020-09-20,KM,Comoros,AFRO,13,400,0,7
9606,2020-09-27,KM,Comoros,AFRO,4,404,0,7
9607,2020-10-04,KM,Comoros,AFRO,10,414,0,7
9608,2020-10-11,KM,Comoros,AFRO,8,422,0,7
9609,2020-10-18,KM,Comoros,AFRO,12,434,0,7
9610,2020-10-25,KM,Comoros,AFRO,21,455,0,7
9611,2020-11-01,KM,Comoros,AFRO,20,475,0,7
9612,2020-11-08,KM,Comoros,AFRO,18,493,0,7
9613,2020-11-15,KM,Comoros,AFRO,16,509,0,7
9614,2020-11-22,KM,Comoros,AFRO,17,526,0,7
9615,2020-11-29,KM,Comoros,AFRO,15,541,0,7
9616,2020-12-06,KM,Comoros,AFRO,5,546,0,7
9617,2020-12-13,KM,Comoros,AFRO,12,558,0,7
9618,2020-12-20,KM,Comoros,AFRO,38,596,0,7
9619,2020-12-27,KM,Comoros,AFRO,65,661,0,7
9620,2021-01-03,KM,Comoros,AFRO,133,794,6,13
9621,2021-01-10,KM,Comoros,AFRO,286,1080,5,18
9622,2021-01-17,KM,Comoros,AFRO,427,1507,23,41
9623,2021-01-24,KM,Comoros,AFRO,683,2190,29,70
9624,2021-01-31,KM,Comoros,AFRO,458,2648,20,90
9625,2021-02-07,KM,Comoros,AFRO,368,3016,18,108
9626,2021-02-14,KM,Comoros,AFRO,246,3262,20,128
9627,2021-02-21,KM,Comoros,AFRO,158,3420,15,143
9628,2021-02-28,KM,Comoros,AFRO,81,3501,1,144
9629,2021-03-07,KM,Comoros,AFRO,25,3526,2,146
9630,2021-03-14,KM,Comoros,AFRO,30,3556,0,146
9631,2021-03-21,KM,Comoros,AFRO,40,3596,0,146
9632,2021-03-28,KM,Comoros,AFRO,24,3620,0,146
9633,2021-04-04,KM,Comoros,AFRO,99,3719,0,146
9634,2021-04-11,KM,Comoros,AFRO,70,3789,0,146
9635,2021-04-18,KM,Comoros,AFRO,30,3819,0,146
9636,2021-04-25,KM,Comoros,AFRO,10,3829,0,146
9637,2021-05-02,KM,Comoros,AFRO,10,3839,0,146
9638,2021-05-09,KM,Comoros,AFRO,15,3854,0,146
9639,2021-05-16,KM,Comoros,AFRO,9,3863,0,146
9640,2021-05-23,KM,Comoros,AFRO,9,3872,0,146
9641,2021-05-30,KM,Comoros,AFRO,9,3881,0,146
9642,2021-06-06,KM,Comoros,AFRO,7,3888,0,146
9643,2021-06-13,KM,Comoros,AFRO,11,3899,0,146
9644,2021-06-20,KM,Comoros,AFRO,9,3908,0,146
9645,2021-06-27,KM,Comoros,AFRO,16,3924,0,146
9646,2021-07-04,KM,Comoros,AFRO,34,3958,0,146
9647,2021-07-11,KM,Comoros,AFRO,38,3996,0,146
9648,2021-07-18,KM,Comoros,AFRO,15,4011,1,147
9649,2021-07-25,KM,Comoros,AFRO,10,4021,0,147
9650,2021-08-01,KM,Comoros,AFRO,7,4028,0,147
9651,2021-08-08,KM,Comoros,AFRO,3,4031,0,147
9652,2021-08-15,KM,Comoros,AFRO,7,4038,0,147
9653,2021-08-22,KM,Comoros,AFRO,10,4048,0,147
9654,2021-08-29,KM,Comoros,AFRO,14,4062,0,147
9655,2021-09-05,KM,Comoros,AFRO,22,4084,0,147
9656,2021-09-12,KM,Comoros,AFRO,10,4094,0,147
9657,2021-09-19,KM,Comoros,AFRO,12,4106,0,147
9658,2021-09-26,KM,Comoros,AFRO,11,4117,0,147
9659,2021-10-03,KM,Comoros,AFRO,38,4155,0,147
9660,2021-10-10,KM,Comoros,AFRO,10,4165,0,147
9661,2021-10-17,KM,Comoros,AFRO,21,4186,0,147
9662,2021-10-24,KM,Comoros,AFRO,19,4205,0,147
9663,2021-10-31,KM,Comoros,AFRO,54,4259,0,147
9664,2021-11-07,KM,Comoros,AFRO,56,4315,0,147
9665,2021-11-14,KM,Comoros,AFRO,73,4388,2,149
9666,2021-11-21,KM,Comoros,AFRO,62,4450,1,150
9667,2021-11-28,KM,Comoros,AFRO,48,4498,0,150
9668,2021-12-05,KM,Comoros,AFRO,44,4542,0,150
9669,2021-12-12,KM,Comoros,AFRO,25,4567,1,151
9670,2021-12-19,KM,Comoros,AFRO,100,4667,0,151
9671,2021-12-26,KM,Comoros,AFRO,936,5603,2,153
9672,2022-01-02,KM,Comoros,AFRO,1232,6835,5,158
9673,2022-01-09,KM,Comoros,AFRO,759,7594,0,158
9674,2022-01-16,KM,Comoros,AFRO,151,7745,1,159
9675,2022-01-23,KM,Comoros,AFRO,66,7811,0,159
9676,2022-01-30,KM,Comoros,AFRO,18,7829,1,160
9677,2022-02-06,KM,Comoros,AFRO,99,7928,0,160
9678,2022-02-13,KM,Comoros,AFRO,70,7998,0,160
9679,2022-02-20,KM,Comoros,AFRO,22,8020,0,160
9680,2022-02-27,KM,Comoros,AFRO,13,8033,0,160
9681,2022-03-06,KM,Comoros,AFRO,15,8048,0,160
9682,2022-03-13,KM,Comoros,AFRO,15,8063,0,160
9683,2022-03-20,KM,Comoros,AFRO,13,8076,0,160
9684,2022-03-27,KM,Comoros,AFRO,7,8083,0,160
9685,2022-04-03,KM,Comoros,AFRO,10,8093,0,160
9686,2022-04-10,KM,Comoros,AFRO,6,8099,0,160
9687,2022-04-17,KM,Comoros,AFRO,4,8103,0,160
9688,2022-04-24,KM,Comoros,AFRO,2,8105,0,160
9689,2022-05-01,KM,Comoros,AFRO,2,8107,0,160
9690,2022-05-08,KM,Comoros,AFRO,1,8108,0,160
9691,2022-05-15,KM,Comoros,AFRO,2,8110,0,160
9692,2022-05-22,KM,Comoros,AFRO,9,8119,0,160
9693,2022-05-29,KM,Comoros,AFRO,6,8125,0,160
9694,2022-06-05,KM,Comoros,AFRO,6,8131,0,160
9695,2022-06-12,KM,Comoros,AFRO,4,8135,0,160
9696,2022-06-19,KM,Comoros,AFRO,1,8136,0,160
9697,2022-06-26,KM,Comoros,AFRO,8,8144,0,160
9698,2022-07-03,KM,Comoros,AFRO,40,8184,0,160
9699,2022-07-10,KM,Comoros,AFRO,48,8232,0,160
9700,2022-07-17,KM,Comoros,AFRO,38,8270,0,160
9701,2022-07-24,KM,Comoros,AFRO,31,8301,0,160
9702,2022-07-31,KM,Comoros,AFRO,28,8329,0,160
9703,2022-08-07,KM,Comoros,AFRO,23,8352,0,160
9704,2022-08-14,KM,Comoros,AFRO,51,8403,0,160
9705,2022-08-21,KM,Comoros,AFRO,22,8425,0,160
9706,2022-08-28,KM,Comoros,AFRO,25,8450,0,160
9707,2022-09-04,KM,Comoros,AFRO,5,8455,0,160
9708,2022-09-11,KM,Comoros,AFRO,12,8467,0,160
9709,2022-09-18,KM,Comoros,AFRO,4,8471,0,160
9710,2022-09-25,KM,Comoros,AFRO,1,8472,0,160
9711,2022-10-02,KM,Comoros,AFRO,3,8475,0,160
9712,2022-10-09,KM,Comoros,AFRO,5,8480,0,160
9713,2022-10-16,KM,Comoros,AFRO,91,8571,0,160
9714,2022-10-23,KM,Comoros,AFRO,101,8672,0,160
9715,2022-10-30,KM,Comoros,AFRO,165,8837,0,160
9716,2022-11-06,KM,Comoros,AFRO,69,8906,0,160
9717,2022-11-13,KM,Comoros,AFRO,30,8936,0,160
9718,2022-11-20,KM,Comoros,AFRO,20,8956,0,160
9719,2022-11-27,KM,Comoros,AFRO,9,8965,0,160
9720,2022-12-04,KM,Comoros,AFRO,3,8968,0,160
9721,2022-12-11,KM,Comoros,AFRO,11,8979,0,160
9722,2022-12-18,KM,Comoros,AFRO,0,8979,0,160
9723,2022-12-25,KM,Comoros,AFRO,3,8982,0,160
9724,2023-01-01,KM,Comoros,AFRO,3,8985,0,160
9725,2023-01-08,KM,Comoros,AFRO,1,8986,0,160
9726,2023-01-15,KM,Comoros,AFRO,1,8987,0,160
9727,2023-01-22,KM,Comoros,AFRO,5,8992,0,160
9728,2023-01-29,KM,Comoros,AFRO,1,8993,0,160
9729,2023-02-05,KM,Comoros,AFRO,0,8993,0,160
9730,2023-02-12,KM,Comoros,AFRO,0,8993,0,160
9731,2023-02-19,KM,Comoros,AFRO,5,8998,0,160
9732,2023-02-26,KM,Comoros,AFRO,5,9003,0,160
9733,2023-03-05,KM,Comoros,AFRO,20,9023,0,160
9734,2023-03-12,KM,Comoros,AFRO,29,9052,0,160
9735,2023-03-19,KM,Comoros,AFRO,15,9067,0,160
9736,2023-03-26,KM,Comoros,AFRO,13,9080,0,160
9737,2023-04-02,KM,Comoros,AFRO,7,9087,0,160
9738,2023-04-09,KM,Comoros,AFRO,12,9099,0,160
9739,2023-04-16,KM,Comoros,AFRO,6,9105,0,160
9740,2023-04-23,KM,Comoros,AFRO,0,9105,0,160
9741,2023-04-30,KM,Comoros,AFRO,4,9109,0,160
9742,2023-05-07,KM,Comoros,AFRO,0,9109,0,160
9743,2023-05-14,KM,Comoros,AFRO,0,9109,0,160
9744,2023-05-21,KM,Comoros,AFRO,0,9109,0,160
9745,2023-05-28,KM,Comoros,AFRO,0,9109,0,160
9746,2023-06-04,KM,Comoros,AFRO,0,9109,0,160
9747,2023-06-11,KM,Comoros,AFRO,0,9109,0,160
9748,2023-06-18,KM,Comoros,AFRO,0,9109,0,160
9749,2023-06-25,KM,Comoros,AFRO,0,9109,0,160
9750,2023-07-02,KM,Comoros,AFRO,0,9109,0,160
9751,2023-07-09,KM,Comoros,AFRO,0,9109,0,160
9752,2023-07-16,KM,Comoros,AFRO,0,9109,0,160
9753,2023-07-23,KM,Comoros,AFRO,0,9109,0,160
9754,2023-07-30,KM,Comoros,AFRO,0,9109,0,160
9755,2023-08-06,KM,Comoros,AFRO,0,9109,0,160
9756,2023-08-13,KM,Comoros,AFRO,0,9109,0,160
9757,2023-08-20,KM,Comoros,AFRO,0,9109,0,160
9758,2023-08-27,KM,Comoros,AFRO,0,9109,0,160
9759,2023-09-03,KM,Comoros,AFRO,0,9109,0,160
9760,2023-09-10,KM,Comoros,AFRO,0,9109,0,160
9761,2023-09-17,KM,Comoros,AFRO,0,9109,0,160
9762,2023-09-24,KM,Comoros,AFRO,0,9109,0,160
9763,2023-10-01,KM,Comoros,AFRO,0,9109,0,160
9764,2023-10-08,KM,Comoros,AFRO,0,9109,0,160
9765,2023-10-15,KM,Comoros,AFRO,0,9109,0,160
9766,2023-10-22,KM,Comoros,AFRO,0,9109,0,160
9767,2023-10-29,KM,Comoros,AFRO,0,9109,0,160
9768,2023-11-05,KM,Comoros,AFRO,0,9109,0,160
9769,2023-11-12,KM,Comoros,AFRO,0,9109,0,160
9770,2023-11-19,KM,Comoros,AFRO,0,9109,0,160
9771,2023-11-26,KM,Comoros,AFRO,0,9109,0,160
9772,2023-12-03,KM,Comoros,AFRO,0,9109,0,160
9773,2023-12-10,KM,Comoros,AFRO,0,9109,0,160
9774,2023-12-17,KM,Comoros,AFRO,0,9109,0,160
9775,2023-12-24,KM,Comoros,AFRO,0,9109,0,160
9776,2020-01-05,CG,Congo,AFRO,0,0,0,0
9777,2020-01-12,CG,Congo,AFRO,0,0,0,0
9778,2020-01-19,CG,Congo,AFRO,0,0,0,0
9779,2020-01-26,CG,Congo,AFRO,0,0,0,0
9780,2020-02-02,CG,Congo,AFRO,0,0,0,0
9781,2020-02-09,CG,Congo,AFRO,0,0,0,0
9782,2020-02-16,CG,Congo,AFRO,0,0,0,0
9783,2020-02-23,CG,Congo,AFRO,0,0,0,0
9784,2020-03-01,CG,Congo,AFRO,0,0,0,0
9785,2020-03-08,CG,Congo,AFRO,0,0,0,0
9786,2020-03-15,CG,Congo,AFRO,1,1,0,0
9787,2020-03-22,CG,Congo,AFRO,2,3,0,0
9788,2020-03-29,CG,Congo,AFRO,16,19,0,0
9789,2020-04-05,CG,Congo,AFRO,30,49,4,4
9790,2020-04-12,CG,Congo,AFRO,21,70,0,4
9791,2020-04-19,CG,Congo,AFRO,73,143,1,5
9792,2020-04-26,CG,Congo,AFRO,57,200,2,7
9793,2020-05-03,CG,Congo,AFRO,29,229,2,9
9794,2020-05-10,CG,Congo,AFRO,58,287,0,9
9795,2020-05-17,CG,Congo,AFRO,123,410,5,14
9796,2020-05-24,CG,Congo,AFRO,77,487,1,15
9797,2020-05-31,CG,Congo,AFRO,117,604,4,19
9798,2020-06-07,CG,Congo,AFRO,79,683,2,21
9799,2020-06-14,CG,Congo,AFRO,96,779,4,25
9800,2020-06-21,CG,Congo,AFRO,104,883,2,27
9801,2020-06-28,CG,Congo,AFRO,446,1329,13,40
9802,2020-07-05,CG,Congo,AFRO,228,1557,4,44
9803,2020-07-12,CG,Congo,AFRO,665,2222,3,47
9804,2020-07-19,CG,Congo,AFRO,411,2633,2,49
9805,2020-07-26,CG,Congo,AFRO,526,3159,5,54
9806,2020-08-02,CG,Congo,AFRO,228,3387,2,56
9807,2020-08-09,CG,Congo,AFRO,277,3664,2,58
9808,2020-08-16,CG,Congo,AFRO,167,3831,9,67
9809,2020-08-23,CG,Congo,AFRO,19,3850,1,68
9810,2020-08-30,CG,Congo,AFRO,129,3979,1,69
9811,2020-09-06,CG,Congo,AFRO,888,4867,12,81
9812,2020-09-13,CG,Congo,AFRO,67,4934,7,88
9813,2020-09-20,CG,Congo,AFRO,68,5002,1,89
9814,2020-09-27,CG,Congo,AFRO,89,5091,0,89
9815,2020-10-04,CG,Congo,AFRO,20,5111,0,89
9816,2020-10-11,CG,Congo,AFRO,45,5156,3,92
9817,2020-10-18,CG,Congo,AFRO,0,5156,0,92
9818,2020-10-25,CG,Congo,AFRO,134,5290,0,92
9819,2020-11-01,CG,Congo,AFRO,58,5348,0,92
9820,2020-11-08,CG,Congo,AFRO,31,5379,0,92
9821,2020-11-15,CG,Congo,AFRO,136,5515,0,92
9822,2020-11-22,CG,Congo,AFRO,117,5632,1,93
9823,2020-11-29,CG,Congo,AFRO,142,5774,1,94
9824,2020-12-06,CG,Congo,AFRO,0,5774,0,94
9825,2020-12-13,CG,Congo,AFRO,275,6049,5,99
9826,2020-12-20,CG,Congo,AFRO,224,6273,1,100
9827,2020-12-27,CG,Congo,AFRO,116,6389,0,100
9828,2021-01-03,CG,Congo,AFRO,771,7160,12,112
9829,2021-01-10,CG,Congo,AFRO,441,7601,0,112
9830,2021-01-17,CG,Congo,AFRO,193,7794,5,117
9831,2021-01-24,CG,Congo,AFRO,93,7887,0,117
9832,2021-01-31,CG,Congo,AFRO,173,8060,5,122
9833,2021-02-07,CG,Congo,AFRO,294,8354,0,122
9834,2021-02-14,CG,Congo,AFRO,65,8419,1,123
9835,2021-02-21,CG,Congo,AFRO,206,8625,4,127
9836,2021-02-28,CG,Congo,AFRO,195,8820,1,128
9837,2021-03-07,CG,Congo,AFRO,359,9179,3,131
9838,2021-03-14,CG,Congo,AFRO,150,9329,0,131
9839,2021-03-21,CG,Congo,AFRO,352,9681,4,135
9840,2021-03-28,CG,Congo,AFRO,0,9681,0,135
9841,2021-04-04,CG,Congo,AFRO,403,10084,2,137
9842,2021-04-11,CG,Congo,AFRO,0,10084,0,137
9843,2021-04-18,CG,Congo,AFRO,0,10084,0,137
9844,2021-04-25,CG,Congo,AFRO,594,10678,7,144
9845,2021-05-02,CG,Congo,AFRO,338,11016,3,147
9846,2021-05-09,CG,Congo,AFRO,327,11343,1,148
9847,2021-05-16,CG,Congo,AFRO,133,11476,2,150
9848,2021-05-23,CG,Congo,AFRO,182,11658,3,153
9849,2021-05-30,CG,Congo,AFRO,187,11845,1,154
9850,2021-06-06,CG,Congo,AFRO,75,11920,1,155
9851,2021-06-13,CG,Congo,AFRO,0,11920,0,155
9852,2021-06-20,CG,Congo,AFRO,484,12404,9,164
9853,2021-06-27,CG,Congo,AFRO,192,12596,1,165
9854,2021-07-04,CG,Congo,AFRO,194,12790,2,167
9855,2021-07-11,CG,Congo,AFRO,143,12933,5,172
9856,2021-07-18,CG,Congo,AFRO,117,13050,4,176
9857,2021-07-25,CG,Congo,AFRO,106,13156,1,177
9858,2021-08-01,CG,Congo,AFRO,60,13216,1,178
9859,2021-08-08,CG,Congo,AFRO,77,13293,1,179
9860,2021-08-15,CG,Congo,AFRO,105,13398,0,179
9861,2021-08-22,CG,Congo,AFRO,95,13493,0,179
9862,2021-08-29,CG,Congo,AFRO,95,13588,4,183
9863,2021-09-05,CG,Congo,AFRO,113,13701,0,183
9864,2021-09-12,CG,Congo,AFRO,0,13701,0,183
9865,2021-09-19,CG,Congo,AFRO,313,14014,8,191
9866,2021-09-26,CG,Congo,AFRO,230,14244,2,193
9867,2021-10-03,CG,Congo,AFRO,317,14561,6,199
9868,2021-10-10,CG,Congo,AFRO,694,15255,20,219
9869,2021-10-17,CG,Congo,AFRO,707,15962,12,231
9870,2021-10-24,CG,Congo,AFRO,906,16868,18,249
9871,2021-10-31,CG,Congo,AFRO,802,17670,29,278
9872,2021-11-07,CG,Congo,AFRO,483,18153,31,309
9873,2021-11-14,CG,Congo,AFRO,386,18539,22,331
9874,2021-11-21,CG,Congo,AFRO,298,18837,18,349
9875,2021-11-28,CG,Congo,AFRO,133,18970,5,354
9876,2021-12-05,CG,Congo,AFRO,96,19066,5,359
9877,2021-12-12,CG,Congo,AFRO,0,19066,0,359
9878,2021-12-19,CG,Congo,AFRO,113,19179,6,365
9879,2021-12-26,CG,Congo,AFRO,910,20089,2,367
9880,2022-01-02,CG,Congo,AFRO,1188,21277,2,369
9881,2022-01-09,CG,Congo,AFRO,1141,22418,1,370
9882,2022-01-16,CG,Congo,AFRO,826,23244,1,371
9883,2022-01-23,CG,Congo,AFRO,241,23485,0,371
9884,2022-01-30,CG,Congo,AFRO,220,23705,0,371
9885,2022-02-06,CG,Congo,AFRO,87,23792,4,375
9886,2022-02-13,CG,Congo,AFRO,20,23812,0,375
9887,2022-02-20,CG,Congo,AFRO,51,23863,2,377
9888,2022-02-27,CG,Congo,AFRO,95,23958,1,378
9889,2022-03-06,CG,Congo,AFRO,21,23979,0,378
9890,2022-03-13,CG,Congo,AFRO,8,23987,0,378
9891,2022-03-20,CG,Congo,AFRO,13,24000,6,384
9892,2022-03-27,CG,Congo,AFRO,7,24007,0,384
9893,2022-04-03,CG,Congo,AFRO,10,24017,1,385
9894,2022-04-10,CG,Congo,AFRO,11,24028,0,385
9895,2022-04-17,CG,Congo,AFRO,1,24029,0,385
9896,2022-04-24,CG,Congo,AFRO,0,24029,0,385
9897,2022-05-01,CG,Congo,AFRO,12,24041,0,385
9898,2022-05-08,CG,Congo,AFRO,11,24052,0,385
9899,2022-05-15,CG,Congo,AFRO,0,24052,0,385
9900,2022-05-22,CG,Congo,AFRO,0,24052,0,385
9901,2022-05-29,CG,Congo,AFRO,0,24052,0,385
9902,2022-06-05,CG,Congo,AFRO,76,24128,0,385
9903,2022-06-12,CG,Congo,AFRO,0,24128,0,385
9904,2022-06-19,CG,Congo,AFRO,0,24128,0,385
9905,2022-06-26,CG,Congo,AFRO,0,24128,0,385
9906,2022-07-03,CG,Congo,AFRO,293,24421,1,386
9907,2022-07-10,CG,Congo,AFRO,0,24421,0,386
9908,2022-07-17,CG,Congo,AFRO,183,24604,0,386
9909,2022-07-24,CG,Congo,AFRO,86,24690,0,386
9910,2022-07-31,CG,Congo,AFRO,100,24790,0,386
9911,2022-08-07,CG,Congo,AFRO,16,24806,0,386
9912,2022-08-14,CG,Congo,AFRO,15,24821,0,386
9913,2022-08-21,CG,Congo,AFRO,19,24840,0,386
9914,2022-08-28,CG,Congo,AFRO,11,24851,0,386
9915,2022-09-04,CG,Congo,AFRO,20,24871,0,386
9916,2022-09-11,CG,Congo,AFRO,15,24886,0,386
9917,2022-09-18,CG,Congo,AFRO,8,24894,0,386
9918,2022-09-25,CG,Congo,AFRO,22,24916,0,386
9919,2022-10-02,CG,Congo,AFRO,32,24948,0,386
9920,2022-10-09,CG,Congo,AFRO,45,24993,0,386
9921,2022-10-16,CG,Congo,AFRO,23,25016,0,386
9922,2022-10-23,CG,Congo,AFRO,27,25043,0,386
9923,2022-10-30,CG,Congo,AFRO,3,25046,0,386
9924,2022-11-06,CG,Congo,AFRO,5,25051,0,386
9925,2022-11-13,CG,Congo,AFRO,5,25056,0,386
9926,2022-11-20,CG,Congo,AFRO,2,25058,0,386
9927,2022-11-27,CG,Congo,AFRO,3,25061,0,386
9928,2022-12-04,CG,Congo,AFRO,1,25062,0,386
9929,2022-12-11,CG,Congo,AFRO,0,25062,0,386
9930,2022-12-18,CG,Congo,AFRO,1,25063,0,386
9931,2022-12-25,CG,Congo,AFRO,0,25063,0,386
9932,2023-01-01,CG,Congo,AFRO,0,25063,0,386
9933,2023-01-08,CG,Congo,AFRO,1,25064,0,386
9934,2023-01-15,CG,Congo,AFRO,0,25064,0,386
9935,2023-01-22,CG,Congo,AFRO,3,25067,2,388
9936,2023-01-29,CG,Congo,AFRO,2,25069,0,388
9937,2023-02-05,CG,Congo,AFRO,1,25070,0,388
9938,2023-02-12,CG,Congo,AFRO,3,25073,0,388
9939,2023-02-19,CG,Congo,AFRO,4,25077,0,388
9940,2023-02-26,CG,Congo,AFRO,0,25077,0,388
9941,2023-03-05,CG,Congo,AFRO,10,25087,0,388
9942,2023-03-12,CG,Congo,AFRO,12,25099,0,388
9943,2023-03-19,CG,Congo,AFRO,11,25110,0,388
9944,2023-03-26,CG,Congo,AFRO,33,25143,1,389
9945,2023-04-02,CG,Congo,AFRO,0,25143,0,389
9946,2023-04-09,CG,Congo,AFRO,32,25175,0,389
9947,2023-04-16,CG,Congo,AFRO,10,25185,0,389
9948,2023-04-23,CG,Congo,AFRO,3,25188,0,389
9949,2023-04-30,CG,Congo,AFRO,4,25192,0,389
9950,2023-05-07,CG,Congo,AFRO,0,25192,0,389
9951,2023-05-14,CG,Congo,AFRO,2,25194,0,389
9952,2023-05-21,CG,Congo,AFRO,1,25195,0,389
9953,2023-05-28,CG,Congo,AFRO,1,25196,0,389
9954,2023-06-04,CG,Congo,AFRO,0,25196,0,389
9955,2023-06-11,CG,Congo,AFRO,0,25196,0,389
9956,2023-06-18,CG,Congo,AFRO,0,25196,0,389
9957,2023-06-25,CG,Congo,AFRO,0,25196,0,389
9958,2023-07-02,CG,Congo,AFRO,0,25196,0,389
9959,2023-07-09,CG,Congo,AFRO,0,25196,0,389
9960,2023-07-16,CG,Congo,AFRO,0,25196,0,389
9961,2023-07-23,CG,Congo,AFRO,0,25196,0,389
9962,2023-07-30,CG,Congo,AFRO,0,25196,0,389
9963,2023-08-06,CG,Congo,AFRO,0,25196,0,389
9964,2023-08-13,CG,Congo,AFRO,0,25196,0,389
9965,2023-08-20,CG,Congo,AFRO,0,25196,0,389
9966,2023-08-27,CG,Congo,AFRO,0,25196,0,389
9967,2023-09-03,CG,Congo,AFRO,0,25196,0,389
9968,2023-09-10,CG,Congo,AFRO,0,25196,0,389
9969,2023-09-17,CG,Congo,AFRO,0,25196,0,389
9970,2023-09-24,CG,Congo,AFRO,0,25196,0,389
9971,2023-10-01,CG,Congo,AFRO,0,25196,0,389
9972,2023-10-08,CG,Congo,AFRO,3,25199,0,389
9973,2023-10-15,CG,Congo,AFRO,4,25203,0,389
9974,2023-10-22,CG,Congo,AFRO,3,25206,0,389
9975,2023-10-29,CG,Congo,AFRO,3,25209,0,389
9976,2023-11-05,CG,Congo,AFRO,4,25213,0,389
9977,2023-11-12,CG,Congo,AFRO,0,25213,0,389
9978,2023-11-19,CG,Congo,AFRO,0,25213,0,389
9979,2023-11-26,CG,Congo,AFRO,0,25213,0,389
9980,2023-12-03,CG,Congo,AFRO,0,25213,0,389
9981,2023-12-10,CG,Congo,AFRO,0,25213,0,389
9982,2023-12-17,CG,Congo,AFRO,0,25213,0,389
9983,2023-12-24,CG,Congo,AFRO,0,25213,0,389
9984,2020-01-05,CK,Cook Islands,WPRO,0,0,0,0
9985,2020-01-12,CK,Cook Islands,WPRO,0,0,0,0
9986,2020-01-19,CK,Cook Islands,WPRO,0,0,0,0
9987,2020-01-26,CK,Cook Islands,WPRO,0,0,0,0
9988,2020-02-02,CK,Cook Islands,WPRO,0,0,0,0
9989,2020-02-09,CK,Cook Islands,WPRO,0,0,0,0
9990,2020-02-16,CK,Cook Islands,WPRO,0,0,0,0
9991,2020-02-23,CK,Cook Islands,WPRO,0,0,0,0
9992,2020-03-01,CK,Cook Islands,WPRO,0,0,0,0
9993,2020-03-08,CK,Cook Islands,WPRO,0,0,0,0
9994,2020-03-15,CK,Cook Islands,WPRO,0,0,0,0
9995,2020-03-22,CK,Cook Islands,WPRO,0,0,0,0
9996,2020-03-29,CK,Cook Islands,WPRO,0,0,0,0
9997,2020-04-05,CK,Cook Islands,WPRO,0,0,0,0
9998,2020-04-12,CK,Cook Islands,WPRO,0,0,0,0
9999,2020-04-19,CK,Cook Islands,WPRO,0,0,0,0
10000,2020-04-26,CK,Cook Islands,WPRO,0,0,0,0
10001,2020-05-03,CK,Cook Islands,WPRO,0,0,0,0
10002,2020-05-10,CK,Cook Islands,WPRO,0,0,0,0
10003,2020-05-17,CK,Cook Islands,WPRO,0,0,0,0
10004,2020-05-24,CK,Cook Islands,WPRO,0,0,0,0
10005,2020-05-31,CK,Cook Islands,WPRO,0,0,0,0
10006,2020-06-07,CK,Cook Islands,WPRO,0,0,0,0
10007,2020-06-14,CK,Cook Islands,WPRO,0,0,0,0
10008,2020-06-21,CK,Cook Islands,WPRO,0,0,0,0
10009,2020-06-28,CK,Cook Islands,WPRO,0,0,0,0
10010,2020-07-05,CK,Cook Islands,WPRO,0,0,0,0
10011,2020-07-12,CK,Cook Islands,WPRO,0,0,0,0
10012,2020-07-19,CK,Cook Islands,WPRO,0,0,0,0
10013,2020-07-26,CK,Cook Islands,WPRO,0,0,0,0
10014,2020-08-02,CK,Cook Islands,WPRO,0,0,0,0
10015,2020-08-09,CK,Cook Islands,WPRO,0,0,0,0
10016,2020-08-16,CK,Cook Islands,WPRO,0,0,0,0
10017,2020-08-23,CK,Cook Islands,WPRO,0,0,0,0
10018,2020-08-30,CK,Cook Islands,WPRO,0,0,0,0
10019,2020-09-06,CK,Cook Islands,WPRO,0,0,0,0
10020,2020-09-13,CK,Cook Islands,WPRO,0,0,0,0
10021,2020-09-20,CK,Cook Islands,WPRO,0,0,0,0
10022,2020-09-27,CK,Cook Islands,WPRO,0,0,0,0
10023,2020-10-04,CK,Cook Islands,WPRO,0,0,0,0
10024,2020-10-11,CK,Cook Islands,WPRO,0,0,0,0
10025,2020-10-18,CK,Cook Islands,WPRO,0,0,0,0
10026,2020-10-25,CK,Cook Islands,WPRO,0,0,0,0
10027,2020-11-01,CK,Cook Islands,WPRO,0,0,0,0
10028,2020-11-08,CK,Cook Islands,WPRO,0,0,0,0
10029,2020-11-15,CK,Cook Islands,WPRO,0,0,0,0
10030,2020-11-22,CK,Cook Islands,WPRO,0,0,0,0
10031,2020-11-29,CK,Cook Islands,WPRO,0,0,0,0
10032,2020-12-06,CK,Cook Islands,WPRO,0,0,0,0
10033,2020-12-13,CK,Cook Islands,WPRO,0,0,0,0
10034,2020-12-20,CK,Cook Islands,WPRO,0,0,0,0
10035,2020-12-27,CK,Cook Islands,WPRO,0,0,0,0
10036,2021-01-03,CK,Cook Islands,WPRO,0,0,0,0
10037,2021-01-10,CK,Cook Islands,WPRO,0,0,0,0
10038,2021-01-17,CK,Cook Islands,WPRO,0,0,0,0
10039,2021-01-24,CK,Cook Islands,WPRO,0,0,0,0
10040,2021-01-31,CK,Cook Islands,WPRO,0,0,0,0
10041,2021-02-07,CK,Cook Islands,WPRO,0,0,0,0
10042,2021-02-14,CK,Cook Islands,WPRO,0,0,0,0
10043,2021-02-21,CK,Cook Islands,WPRO,0,0,0,0
10044,2021-02-28,CK,Cook Islands,WPRO,0,0,0,0
10045,2021-03-07,CK,Cook Islands,WPRO,0,0,0,0
10046,2021-03-14,CK,Cook Islands,WPRO,0,0,0,0
10047,2021-03-21,CK,Cook Islands,WPRO,0,0,0,0
10048,2021-03-28,CK,Cook Islands,WPRO,0,0,0,0
10049,2021-04-04,CK,Cook Islands,WPRO,0,0,0,0
10050,2021-04-11,CK,Cook Islands,WPRO,0,0,0,0
10051,2021-04-18,CK,Cook Islands,WPRO,0,0,0,0
10052,2021-04-25,CK,Cook Islands,WPRO,0,0,0,0
10053,2021-05-02,CK,Cook Islands,WPRO,0,0,0,0
10054,2021-05-09,CK,Cook Islands,WPRO,0,0,0,0
10055,2021-05-16,CK,Cook Islands,WPRO,0,0,0,0
10056,2021-05-23,CK,Cook Islands,WPRO,0,0,0,0
10057,2021-05-30,CK,Cook Islands,WPRO,0,0,0,0
10058,2021-06-06,CK,Cook Islands,WPRO,0,0,0,0
10059,2021-06-13,CK,Cook Islands,WPRO,0,0,0,0
10060,2021-06-20,CK,Cook Islands,WPRO,0,0,0,0
10061,2021-06-27,CK,Cook Islands,WPRO,0,0,0,0
10062,2021-07-04,CK,Cook Islands,WPRO,0,0,0,0
10063,2021-07-11,CK,Cook Islands,WPRO,0,0,0,0
10064,2021-07-18,CK,Cook Islands,WPRO,0,0,0,0
10065,2021-07-25,CK,Cook Islands,WPRO,0,0,0,0
10066,2021-08-01,CK,Cook Islands,WPRO,0,0,0,0
10067,2021-08-08,CK,Cook Islands,WPRO,0,0,0,0
10068,2021-08-15,CK,Cook Islands,WPRO,0,0,0,0
10069,2021-08-22,CK,Cook Islands,WPRO,0,0,0,0
10070,2021-08-29,CK,Cook Islands,WPRO,0,0,0,0
10071,2021-09-05,CK,Cook Islands,WPRO,0,0,0,0
10072,2021-09-12,CK,Cook Islands,WPRO,0,0,0,0
10073,2021-09-19,CK,Cook Islands,WPRO,0,0,0,0
10074,2021-09-26,CK,Cook Islands,WPRO,0,0,0,0
10075,2021-10-03,CK,Cook Islands,WPRO,0,0,0,0
10076,2021-10-10,CK,Cook Islands,WPRO,0,0,0,0
10077,2021-10-17,CK,Cook Islands,WPRO,0,0,0,0
10078,2021-10-24,CK,Cook Islands,WPRO,0,0,0,0
10079,2021-10-31,CK,Cook Islands,WPRO,0,0,0,0
10080,2021-11-07,CK,Cook Islands,WPRO,0,0,0,0
10081,2021-11-14,CK,Cook Islands,WPRO,0,0,0,0
10082,2021-11-21,CK,Cook Islands,WPRO,0,0,0,0
10083,2021-11-28,CK,Cook Islands,WPRO,0,0,0,0
10084,2021-12-05,CK,Cook Islands,WPRO,0,0,0,0
10085,2021-12-12,CK,Cook Islands,WPRO,0,0,0,0
10086,2021-12-19,CK,Cook Islands,WPRO,0,0,0,0
10087,2021-12-26,CK,Cook Islands,WPRO,0,0,0,0
10088,2022-01-02,CK,Cook Islands,WPRO,0,0,0,0
10089,2022-01-09,CK,Cook Islands,WPRO,0,0,0,0
10090,2022-01-16,CK,Cook Islands,WPRO,0,0,0,0
10091,2022-01-23,CK,Cook Islands,WPRO,0,0,0,0
10092,2022-01-30,CK,Cook Islands,WPRO,0,0,0,0
10093,2022-02-06,CK,Cook Islands,WPRO,0,0,0,0
10094,2022-02-13,CK,Cook Islands,WPRO,0,0,0,0
10095,2022-02-20,CK,Cook Islands,WPRO,4,4,0,0
10096,2022-02-27,CK,Cook Islands,WPRO,6,10,0,0
10097,2022-03-06,CK,Cook Islands,WPRO,122,132,0,0
10098,2022-03-13,CK,Cook Islands,WPRO,206,338,0,0
10099,2022-03-20,CK,Cook Islands,WPRO,446,784,0,0
10100,2022-03-27,CK,Cook Islands,WPRO,611,1395,0,0
10101,2022-04-03,CK,Cook Islands,WPRO,1011,2406,0,0
10102,2022-04-10,CK,Cook Islands,WPRO,765,3171,0,0
10103,2022-04-17,CK,Cook Islands,WPRO,517,3688,0,0
10104,2022-04-24,CK,Cook Islands,WPRO,1039,4727,1,1
10105,2022-05-01,CK,Cook Islands,WPRO,343,5070,0,1
10106,2022-05-08,CK,Cook Islands,WPRO,197,5267,0,1
10107,2022-05-15,CK,Cook Islands,WPRO,148,5415,0,1
10108,2022-05-22,CK,Cook Islands,WPRO,128,5543,0,1
10109,2022-05-29,CK,Cook Islands,WPRO,93,5636,0,1
10110,2022-06-05,CK,Cook Islands,WPRO,61,5697,0,1
10111,2022-06-12,CK,Cook Islands,WPRO,20,5717,0,1
10112,2022-06-19,CK,Cook Islands,WPRO,10,5727,0,1
10113,2022-06-26,CK,Cook Islands,WPRO,41,5768,0,1
10114,2022-07-03,CK,Cook Islands,WPRO,6,5774,0,1
10115,2022-07-10,CK,Cook Islands,WPRO,20,5794,0,1
10116,2022-07-17,CK,Cook Islands,WPRO,20,5814,0,1
10117,2022-07-24,CK,Cook Islands,WPRO,33,5847,0,1
10118,2022-07-31,CK,Cook Islands,WPRO,195,6042,0,1
10119,2022-08-07,CK,Cook Islands,WPRO,87,6129,0,1
10120,2022-08-14,CK,Cook Islands,WPRO,80,6209,0,1
10121,2022-08-21,CK,Cook Islands,WPRO,56,6265,0,1
10122,2022-08-28,CK,Cook Islands,WPRO,0,6265,0,1
10123,2022-09-04,CK,Cook Islands,WPRO,108,6373,0,1
10124,2022-09-11,CK,Cook Islands,WPRO,13,6386,0,1
10125,2022-09-18,CK,Cook Islands,WPRO,3,6389,0,1
10126,2022-09-25,CK,Cook Islands,WPRO,0,6389,0,1
10127,2022-10-02,CK,Cook Islands,WPRO,0,6389,0,1
10128,2022-10-09,CK,Cook Islands,WPRO,0,6389,0,1
10129,2022-10-16,CK,Cook Islands,WPRO,0,6389,0,1
10130,2022-10-23,CK,Cook Islands,WPRO,0,6389,0,1
10131,2022-10-30,CK,Cook Islands,WPRO,0,6389,0,1
10132,2022-11-06,CK,Cook Islands,WPRO,0,6389,0,1
10133,2022-11-13,CK,Cook Islands,WPRO,0,6389,0,1
10134,2022-11-20,CK,Cook Islands,WPRO,0,6389,0,1
10135,2022-11-27,CK,Cook Islands,WPRO,0,6389,0,1
10136,2022-12-04,CK,Cook Islands,WPRO,0,6389,0,1
10137,2022-12-11,CK,Cook Islands,WPRO,0,6389,0,1
10138,2022-12-18,CK,Cook Islands,WPRO,0,6389,0,1
10139,2022-12-25,CK,Cook Islands,WPRO,236,6625,0,1
10140,2023-01-01,CK,Cook Islands,WPRO,85,6710,0,1
10141,2023-01-08,CK,Cook Islands,WPRO,134,6844,0,1
10142,2023-01-15,CK,Cook Islands,WPRO,108,6952,0,1
10143,2023-01-22,CK,Cook Islands,WPRO,36,6988,0,1
10144,2023-01-29,CK,Cook Islands,WPRO,11,6999,0,1
10145,2023-02-05,CK,Cook Islands,WPRO,20,7019,1,2
10146,2023-02-12,CK,Cook Islands,WPRO,3,7022,0,2
10147,2023-02-19,CK,Cook Islands,WPRO,4,7026,0,2
10148,2023-02-26,CK,Cook Islands,WPRO,2,7028,0,2
10149,2023-03-05,CK,Cook Islands,WPRO,1,7029,0,2
10150,2023-03-12,CK,Cook Islands,WPRO,3,7032,0,2
10151,2023-03-19,CK,Cook Islands,WPRO,1,7033,0,2
10152,2023-03-26,CK,Cook Islands,WPRO,4,7037,0,2
10153,2023-04-02,CK,Cook Islands,WPRO,5,7042,0,2
10154,2023-04-09,CK,Cook Islands,WPRO,8,7050,0,2
10155,2023-04-16,CK,Cook Islands,WPRO,5,7055,0,2
10156,2023-04-23,CK,Cook Islands,WPRO,4,7059,0,2
10157,2023-04-30,CK,Cook Islands,WPRO,3,7062,0,2
10158,2023-05-07,CK,Cook Islands,WPRO,5,7067,0,2
10159,2023-05-14,CK,Cook Islands,WPRO,12,7079,0,2
10160,2023-05-21,CK,Cook Islands,WPRO,27,7106,0,2
10161,2023-05-28,CK,Cook Islands,WPRO,14,7120,0,2
10162,2023-06-04,CK,Cook Islands,WPRO,8,7128,0,2
10163,2023-06-11,CK,Cook Islands,WPRO,9,7137,0,2
10164,2023-06-18,CK,Cook Islands,WPRO,5,7142,0,2
10165,2023-06-25,CK,Cook Islands,WPRO,1,7143,0,2
10166,2023-07-02,CK,Cook Islands,WPRO,1,7144,0,2
10167,2023-07-09,CK,Cook Islands,WPRO,0,7144,0,2
10168,2023-07-16,CK,Cook Islands,WPRO,3,7147,0,2
10169,2023-07-23,CK,Cook Islands,WPRO,2,7149,0,2
10170,2023-07-30,CK,Cook Islands,WPRO,2,7151,0,2
10171,2023-08-06,CK,Cook Islands,WPRO,1,7152,0,2
10172,2023-08-13,CK,Cook Islands,WPRO,0,7152,0,2
10173,2023-08-20,CK,Cook Islands,WPRO,0,7152,0,2
10174,2023-08-27,CK,Cook Islands,WPRO,0,7152,0,2
10175,2023-09-03,CK,Cook Islands,WPRO,0,7152,0,2
10176,2023-09-10,CK,Cook Islands,WPRO,0,7152,0,2
10177,2023-09-17,CK,Cook Islands,WPRO,6,7158,0,2
10178,2023-09-24,CK,Cook Islands,WPRO,0,7158,0,2
10179,2023-10-01,CK,Cook Islands,WPRO,0,7158,0,2
10180,2023-10-08,CK,Cook Islands,WPRO,0,7158,0,2
10181,2023-10-15,CK,Cook Islands,WPRO,10,7168,0,2
10182,2023-10-22,CK,Cook Islands,WPRO,0,7168,0,2
10183,2023-10-29,CK,Cook Islands,WPRO,0,7168,0,2
10184,2023-11-05,CK,Cook Islands,WPRO,0,7168,0,2
10185,2023-11-12,CK,Cook Islands,WPRO,0,7168,0,2
10186,2023-11-19,CK,Cook Islands,WPRO,4,7172,0,2
10187,2023-11-26,CK,Cook Islands,WPRO,2,7174,0,2
10188,2023-12-03,CK,Cook Islands,WPRO,0,7174,0,2
10189,2023-12-10,CK,Cook Islands,WPRO,0,7174,0,2
10190,2023-12-17,CK,Cook Islands,WPRO,0,7174,0,2
10191,2023-12-24,CK,Cook Islands,WPRO,0,7174,0,2
10192,2020-01-05,CR,Costa Rica,AMRO,0,0,0,0
10193,2020-01-12,CR,Costa Rica,AMRO,0,0,0,0
10194,2020-01-19,CR,Costa Rica,AMRO,0,0,0,0
10195,2020-01-26,CR,Costa Rica,AMRO,0,0,0,0
10196,2020-02-02,CR,Costa Rica,AMRO,0,0,0,0
10197,2020-02-09,CR,Costa Rica,AMRO,0,0,0,0
10198,2020-02-16,CR,Costa Rica,AMRO,0,0,0,0
10199,2020-02-23,CR,Costa Rica,AMRO,0,0,0,0
10200,2020-03-01,CR,Costa Rica,AMRO,0,0,0,0
10201,2020-03-08,CR,Costa Rica,AMRO,2,2,0,0
10202,2020-03-15,CR,Costa Rica,AMRO,24,26,0,0
10203,2020-03-22,CR,Costa Rica,AMRO,87,113,2,2
10204,2020-03-29,CR,Costa Rica,AMRO,150,263,0,2
10205,2020-04-05,CR,Costa Rica,AMRO,153,416,0,2
10206,2020-04-12,CR,Costa Rica,AMRO,142,558,1,3
10207,2020-04-19,CR,Costa Rica,AMRO,91,649,1,4
10208,2020-04-26,CR,Costa Rica,AMRO,38,687,2,6
10209,2020-05-03,CR,Costa Rica,AMRO,38,725,0,6
10210,2020-05-10,CR,Costa Rica,AMRO,48,773,0,6
10211,2020-05-17,CR,Costa Rica,AMRO,70,843,2,8
10212,2020-05-24,CR,Costa Rica,AMRO,68,911,2,10
10213,2020-05-31,CR,Costa Rica,AMRO,111,1022,0,10
10214,2020-06-07,CR,Costa Rica,AMRO,206,1228,0,10
10215,2020-06-14,CR,Costa Rica,AMRO,384,1612,2,12
10216,2020-06-21,CR,Costa Rica,AMRO,446,2058,0,12
10217,2020-06-28,CR,Costa Rica,AMRO,778,2836,0,12
10218,2020-07-05,CR,Costa Rica,AMRO,1475,4311,6,18
10219,2020-07-12,CR,Costa Rica,AMRO,2534,6845,8,26
10220,2020-07-19,CR,Costa Rica,AMRO,3124,9969,21,47
10221,2020-07-26,CR,Costa Rica,AMRO,3700,13669,40,87
10222,2020-08-02,CR,Costa Rica,AMRO,4151,17820,63,150
10223,2020-08-09,CR,Costa Rica,AMRO,4261,22081,68,218
10224,2020-08-16,CR,Costa Rica,AMRO,4850,26931,63,281
10225,2020-08-23,CR,Costa Rica,AMRO,5203,32134,59,340
10226,2020-08-30,CR,Costa Rica,AMRO,6351,38485,67,407
10227,2020-09-06,CR,Costa Rica,AMRO,7195,45680,62,469
10228,2020-09-13,CR,Costa Rica,AMRO,8289,53969,114,583
10229,2020-09-20,CR,Costa Rica,AMRO,8405,62374,103,686
10230,2020-09-27,CR,Costa Rica,AMRO,8442,70816,126,812
10231,2020-10-04,CR,Costa Rica,AMRO,7013,77829,118,930
10232,2020-10-11,CR,Costa Rica,AMRO,8224,86053,125,1055
10233,2020-10-18,CR,Costa Rica,AMRO,8295,94348,113,1168
10234,2020-10-25,CR,Costa Rica,AMRO,7478,101826,97,1265
10235,2020-11-01,CR,Costa Rica,AMRO,7040,108866,106,1371
10236,2020-11-08,CR,Costa Rica,AMRO,6551,115417,82,1453
10237,2020-11-15,CR,Costa Rica,AMRO,6706,122123,84,1537
10238,2020-11-22,CR,Costa Rica,AMRO,7295,129418,71,1608
10239,2020-11-29,CR,Costa Rica,AMRO,7675,137093,82,1690
10240,2020-12-06,CR,Costa Rica,AMRO,6592,143685,83,1773
10241,2020-12-13,CR,Costa Rica,AMRO,7262,150947,122,1895
10242,2020-12-20,CR,Costa Rica,AMRO,6525,157472,101,1996
10243,2020-12-27,CR,Costa Rica,AMRO,6590,164062,107,2103
10244,2021-01-03,CR,Costa Rica,AMRO,6529,170591,90,2193
10245,2021-01-10,CR,Costa Rica,AMRO,7023,177614,112,2305
10246,2021-01-17,CR,Costa Rica,AMRO,6573,184187,111,2416
10247,2021-01-24,CR,Costa Rica,AMRO,5121,189308,102,2518
10248,2021-01-31,CR,Costa Rica,AMRO,3968,193276,86,2604
10249,2021-02-07,CR,Costa Rica,AMRO,3162,196438,68,2672
10250,2021-02-14,CR,Costa Rica,AMRO,2749,199187,42,2714
10251,2021-02-21,CR,Costa Rica,AMRO,2491,201678,49,2763
10252,2021-02-28,CR,Costa Rica,AMRO,2663,204341,37,2800
10253,2021-03-07,CR,Costa Rica,AMRO,2299,206640,33,2833
10254,2021-03-14,CR,Costa Rica,AMRO,2453,209093,29,2862
10255,2021-03-21,CR,Costa Rica,AMRO,2810,211903,34,2896
10256,2021-03-28,CR,Costa Rica,AMRO,3275,215178,35,2931
10257,2021-04-04,CR,Costa Rica,AMRO,2978,218156,43,2974
10258,2021-04-11,CR,Costa Rica,AMRO,4388,222544,44,3018
10259,2021-04-18,CR,Costa Rica,AMRO,6033,228577,53,3071
10260,2021-04-25,CR,Costa Rica,AMRO,8353,236930,65,3136
10261,2021-05-02,CR,Costa Rica,AMRO,14061,250991,95,3231
10262,2021-05-09,CR,Costa Rica,AMRO,14495,265486,134,3365
10263,2021-05-16,CR,Costa Rica,AMRO,17255,282741,182,3547
10264,2021-05-23,CR,Costa Rica,AMRO,16478,299219,218,3765
10265,2021-05-30,CR,Costa Rica,AMRO,14883,314102,197,3962
10266,2021-06-06,CR,Costa Rica,AMRO,13877,327979,191,4153
10267,2021-06-13,CR,Costa Rica,AMRO,11921,339900,169,4322
10268,2021-06-20,CR,Costa Rica,AMRO,10730,350630,151,4473
10269,2021-06-27,CR,Costa Rica,AMRO,10375,361005,129,4602
10270,2021-07-04,CR,Costa Rica,AMRO,10201,371206,84,4686
10271,2021-07-11,CR,Costa Rica,AMRO,9276,380482,87,4773
10272,2021-07-18,CR,Costa Rica,AMRO,9316,389798,101,4874
10273,2021-07-25,CR,Costa Rica,AMRO,8810,398608,67,4941
10274,2021-08-01,CR,Costa Rica,AMRO,8206,406814,89,5030
10275,2021-08-08,CR,Costa Rica,AMRO,9863,416677,94,5124
10276,2021-08-15,CR,Costa Rica,AMRO,11618,428295,87,5211
10277,2021-08-22,CR,Costa Rica,AMRO,12352,440647,101,5312
10278,2021-08-29,CR,Costa Rica,AMRO,15137,455784,119,5431
10279,2021-09-05,CR,Costa Rica,AMRO,16531,472315,137,5568
10280,2021-09-12,CR,Costa Rica,AMRO,17469,489784,186,5754
10281,2021-09-19,CR,Costa Rica,AMRO,15379,505163,195,5949
10282,2021-09-26,CR,Costa Rica,AMRO,16019,521182,240,6189
10283,2021-10-03,CR,Costa Rica,AMRO,12691,533873,224,6413
10284,2021-10-10,CR,Costa Rica,AMRO,10148,544021,199,6612
10285,2021-10-17,CR,Costa Rica,AMRO,7123,551144,185,6797
10286,2021-10-24,CR,Costa Rica,AMRO,4826,555970,149,6946
10287,2021-10-31,CR,Costa Rica,AMRO,3728,559698,83,7029
10288,2021-11-07,CR,Costa Rica,AMRO,2618,562316,105,7134
10289,2021-11-14,CR,Costa Rica,AMRO,1843,564159,63,7197
10290,2021-11-21,CR,Costa Rica,AMRO,1389,565548,54,7251
10291,2021-11-28,CR,Costa Rica,AMRO,1012,566560,36,7287
10292,2021-12-05,CR,Costa Rica,AMRO,823,567383,25,7312
10293,2021-12-12,CR,Costa Rica,AMRO,612,567995,20,7332
10294,2021-12-19,CR,Costa Rica,AMRO,543,568538,8,7340
10295,2021-12-26,CR,Costa Rica,AMRO,985,569523,9,7349
10296,2022-01-02,CR,Costa Rica,AMRO,3025,572548,8,7357
10297,2022-01-09,CR,Costa Rica,AMRO,11999,584547,15,7372
10298,2022-01-16,CR,Costa Rica,AMRO,25335,609882,34,7406
10299,2022-01-23,CR,Costa Rica,AMRO,33614,643496,45,7451
10300,2022-01-30,CR,Costa Rica,AMRO,38984,682480,82,7533
10301,2022-02-06,CR,Costa Rica,AMRO,39491,721971,108,7641
10302,2022-02-13,CR,Costa Rica,AMRO,35122,757093,131,7772
10303,2022-02-20,CR,Costa Rica,AMRO,26344,783437,122,7894
10304,2022-02-27,CR,Costa Rica,AMRO,19035,802472,105,7999
10305,2022-03-06,CR,Costa Rica,AMRO,12111,814583,83,8082
10306,2022-03-13,CR,Costa Rica,AMRO,8352,822935,78,8160
10307,2022-03-20,CR,Costa Rica,AMRO,6465,829400,66,8226
10308,2022-03-27,CR,Costa Rica,AMRO,5326,834726,40,8266
10309,2022-04-03,CR,Costa Rica,AMRO,4642,839368,42,8308
10310,2022-04-10,CR,Costa Rica,AMRO,4116,843484,35,8343
10311,2022-04-17,CR,Costa Rica,AMRO,2658,846142,22,8365
10312,2022-04-24,CR,Costa Rica,AMRO,1642,847784,18,8383
10313,2022-05-01,CR,Costa Rica,AMRO,4290,852074,22,8405
10314,2022-05-08,CR,Costa Rica,AMRO,5216,857290,16,8421
10315,2022-05-15,CR,Costa Rica,AMRO,8874,866164,23,8444
10316,2022-05-22,CR,Costa Rica,AMRO,11369,877533,28,8472
10317,2022-05-29,CR,Costa Rica,AMRO,13505,891038,23,8495
10318,2022-06-05,CR,Costa Rica,AMRO,13896,904934,30,8525
10319,2022-06-12,CR,Costa Rica,AMRO,14938,919872,8,8533
10320,2022-06-19,CR,Costa Rica,AMRO,16554,936426,0,8533
10321,2022-06-26,CR,Costa Rica,AMRO,17324,953750,26,8559
10322,2022-07-03,CR,Costa Rica,AMRO,18010,971760,38,8597
10323,2022-07-10,CR,Costa Rica,AMRO,20357,992117,27,8624
10324,2022-07-17,CR,Costa Rica,AMRO,17220,1009337,29,8653
10325,2022-07-24,CR,Costa Rica,AMRO,19038,1028375,37,8690
10326,2022-07-31,CR,Costa Rica,AMRO,16010,1044385,50,8740
10327,2022-08-07,CR,Costa Rica,AMRO,13310,1057695,34,8774
10328,2022-08-14,CR,Costa Rica,AMRO,11467,1069162,26,8800
10329,2022-08-21,CR,Costa Rica,AMRO,10663,1079825,28,8828
10330,2022-08-28,CR,Costa Rica,AMRO,8891,1088716,28,8856
10331,2022-09-04,CR,Costa Rica,AMRO,8913,1097629,31,8887
10332,2022-09-11,CR,Costa Rica,AMRO,8163,1105792,26,8913
10333,2022-09-18,CR,Costa Rica,AMRO,6177,1111969,20,8933
10334,2022-09-25,CR,Costa Rica,AMRO,6020,1117989,20,8953
10335,2022-10-02,CR,Costa Rica,AMRO,5012,1123001,13,8966
10336,2022-10-09,CR,Costa Rica,AMRO,4601,1127602,8,8974
10337,2022-10-16,CR,Costa Rica,AMRO,2966,1130568,8,8982
10338,2022-10-23,CR,Costa Rica,AMRO,2528,1133096,8,8990
10339,2022-10-30,CR,Costa Rica,AMRO,2617,1135713,9,8999
10340,2022-11-06,CR,Costa Rica,AMRO,2703,1138416,10,9009
10341,2022-11-13,CR,Costa Rica,AMRO,2448,1140864,10,9019
10342,2022-11-20,CR,Costa Rica,AMRO,2733,1143597,12,9031
10343,2022-11-27,CR,Costa Rica,AMRO,2538,1146135,7,9038
10344,2022-12-04,CR,Costa Rica,AMRO,2779,1148914,8,9046
10345,2022-12-11,CR,Costa Rica,AMRO,3552,1152466,5,9051
10346,2022-12-18,CR,Costa Rica,AMRO,4031,1156497,8,9059
10347,2022-12-25,CR,Costa Rica,AMRO,5190,1161687,13,9072
10348,2023-01-01,CR,Costa Rica,AMRO,5155,1166842,13,9085
10349,2023-01-08,CR,Costa Rica,AMRO,4960,1171802,19,9104
10350,2023-01-15,CR,Costa Rica,AMRO,5712,1177514,19,9123
10351,2023-01-22,CR,Costa Rica,AMRO,4857,1182371,19,9142
10352,2023-01-29,CR,Costa Rica,AMRO,3805,1186176,16,9158
10353,2023-02-05,CR,Costa Rica,AMRO,4201,1190377,23,9181
10354,2023-02-12,CR,Costa Rica,AMRO,4207,1194584,14,9195
10355,2023-02-19,CR,Costa Rica,AMRO,4471,1199055,19,9214
10356,2023-02-26,CR,Costa Rica,AMRO,5109,1204164,16,9230
10357,2023-03-05,CR,Costa Rica,AMRO,5561,1209725,15,9245
10358,2023-03-12,CR,Costa Rica,AMRO,4926,1214651,21,9266
10359,2023-03-19,CR,Costa Rica,AMRO,4423,1219074,25,9291
10360,2023-03-26,CR,Costa Rica,AMRO,3587,1222661,18,9309
10361,2023-04-02,CR,Costa Rica,AMRO,3654,1226315,17,9326
10362,2023-04-09,CR,Costa Rica,AMRO,0,1226315,0,9326
10363,2023-04-16,CR,Costa Rica,AMRO,0,1226315,0,9326
10364,2023-04-23,CR,Costa Rica,AMRO,1231,1227546,13,9339
10365,2023-04-30,CR,Costa Rica,AMRO,1113,1228659,12,9351
10366,2023-05-07,CR,Costa Rica,AMRO,928,1229587,11,9362
10367,2023-05-14,CR,Costa Rica,AMRO,965,1230552,4,9366
10368,2023-05-21,CR,Costa Rica,AMRO,0,1230552,0,9366
10369,2023-05-28,CR,Costa Rica,AMRO,7,1230559,0,9366
10370,2023-06-04,CR,Costa Rica,AMRO,8,1230567,0,9366
10371,2023-06-11,CR,Costa Rica,AMRO,10,1230577,0,9366
10372,2023-06-18,CR,Costa Rica,AMRO,16,1230593,1,9367
10373,2023-06-25,CR,Costa Rica,AMRO,24,1230617,0,9367
10374,2023-07-02,CR,Costa Rica,AMRO,12,1230629,0,9367
10375,2023-07-09,CR,Costa Rica,AMRO,3,1230632,0,9367
10376,2023-07-16,CR,Costa Rica,AMRO,14,1230646,0,9367
10377,2023-07-23,CR,Costa Rica,AMRO,2,1230648,1,9368
10378,2023-07-30,CR,Costa Rica,AMRO,4,1230652,0,9368
10379,2023-08-06,CR,Costa Rica,AMRO,1,1230653,0,9368
10380,2023-08-13,CR,Costa Rica,AMRO,0,1230653,0,9368
10381,2023-08-20,CR,Costa Rica,AMRO,0,1230653,0,9368
10382,2023-08-27,CR,Costa Rica,AMRO,0,1230653,0,9368
10383,2023-09-03,CR,Costa Rica,AMRO,0,1230653,0,9368
10384,2023-09-10,CR,Costa Rica,AMRO,0,1230653,0,9368
10385,2023-09-17,CR,Costa Rica,AMRO,0,1230653,0,9368
10386,2023-09-24,CR,Costa Rica,AMRO,0,1230653,0,9368
10387,2023-10-01,CR,Costa Rica,AMRO,0,1230653,0,9368
10388,2023-10-08,CR,Costa Rica,AMRO,0,1230653,0,9368
10389,2023-10-15,CR,Costa Rica,AMRO,0,1230653,0,9368
10390,2023-10-22,CR,Costa Rica,AMRO,0,1230653,0,9368
10391,2023-10-29,CR,Costa Rica,AMRO,0,1230653,0,9368
10392,2023-11-05,CR,Costa Rica,AMRO,0,1230653,0,9368
10393,2023-11-12,CR,Costa Rica,AMRO,0,1230653,0,9368
10394,2023-11-19,CR,Costa Rica,AMRO,0,1230653,0,9368
10395,2023-11-26,CR,Costa Rica,AMRO,0,1230653,0,9368
10396,2023-12-03,CR,Costa Rica,AMRO,0,1230653,0,9368
10397,2023-12-10,CR,Costa Rica,AMRO,0,1230653,0,9368
10398,2023-12-17,CR,Costa Rica,AMRO,0,1230653,0,9368
10399,2023-12-24,CR,Costa Rica,AMRO,0,1230653,0,9368
10400,2020-01-05,CI,Côte d'Ivoire,AFRO,0,0,0,0
10401,2020-01-12,CI,Côte d'Ivoire,AFRO,0,0,0,0
10402,2020-01-19,CI,Côte d'Ivoire,AFRO,0,0,0,0
10403,2020-01-26,CI,Côte d'Ivoire,AFRO,0,0,0,0
10404,2020-02-02,CI,Côte d'Ivoire,AFRO,0,0,0,0
10405,2020-02-09,CI,Côte d'Ivoire,AFRO,0,0,0,0
10406,2020-02-16,CI,Côte d'Ivoire,AFRO,0,0,0,0
10407,2020-02-23,CI,Côte d'Ivoire,AFRO,0,0,0,0
10408,2020-03-01,CI,Côte d'Ivoire,AFRO,0,0,0,0
10409,2020-03-08,CI,Côte d'Ivoire,AFRO,0,0,0,0
10410,2020-03-15,CI,Côte d'Ivoire,AFRO,9,9,0,0
10411,2020-03-22,CI,Côte d'Ivoire,AFRO,53,62,0,0
10412,2020-03-29,CI,Côte d'Ivoire,AFRO,116,178,0,0
10413,2020-04-05,CI,Côte d'Ivoire,AFRO,160,338,4,4
10414,2020-04-12,CI,Côte d'Ivoire,AFRO,290,628,1,5
10415,2020-04-19,CI,Côte d'Ivoire,AFRO,240,868,4,9
10416,2020-04-26,CI,Côte d'Ivoire,AFRO,282,1150,6,15
10417,2020-05-03,CI,Côte d'Ivoire,AFRO,212,1362,1,16
10418,2020-05-10,CI,Côte d'Ivoire,AFRO,305,1667,6,22
10419,2020-05-17,CI,Côte d'Ivoire,AFRO,394,2061,4,26
10420,2020-05-24,CI,Côte d'Ivoire,AFRO,305,2366,5,31
10421,2020-05-31,CI,Côte d'Ivoire,AFRO,433,2799,3,34
10422,2020-06-07,CI,Côte d'Ivoire,AFRO,758,3557,3,37
10423,2020-06-14,CI,Côte d'Ivoire,AFRO,1291,4848,9,46
10424,2020-06-21,CI,Côte d'Ivoire,AFRO,2428,7276,7,53
10425,2020-06-28,CI,Côte d'Ivoire,AFRO,1668,8944,14,67
10426,2020-07-05,CI,Côte d'Ivoire,AFRO,1300,10244,6,73
10427,2020-07-12,CI,Côte d'Ivoire,AFRO,2199,12443,10,83
10428,2020-07-19,CI,Côte d'Ivoire,AFRO,1469,13912,9,92
10429,2020-07-26,CI,Côte d'Ivoire,AFRO,1582,15494,3,95
10430,2020-08-02,CI,Côte d'Ivoire,AFRO,615,16109,8,103
10431,2020-08-09,CI,Côte d'Ivoire,AFRO,627,16736,2,105
10432,2020-08-16,CI,Côte d'Ivoire,AFRO,378,17114,4,109
10433,2020-08-23,CI,Côte d'Ivoire,AFRO,376,17490,5,114
10434,2020-08-30,CI,Côte d'Ivoire,AFRO,519,18009,2,116
10435,2020-09-06,CI,Côte d'Ivoire,AFRO,579,18588,4,120
10436,2020-09-13,CI,Côte d'Ivoire,AFRO,399,18987,1,121
10437,2020-09-20,CI,Côte d'Ivoire,AFRO,282,19269,0,121
10438,2020-09-27,CI,Côte d'Ivoire,AFRO,331,19600,0,121
10439,2020-10-04,CI,Côte d'Ivoire,AFRO,249,19849,0,121
10440,2020-10-11,CI,Côte d'Ivoire,AFRO,279,20128,0,121
10441,2020-10-18,CI,Côte d'Ivoire,AFRO,173,20301,1,122
10442,2020-10-25,CI,Côte d'Ivoire,AFRO,128,20429,0,122
10443,2020-11-01,CI,Côte d'Ivoire,AFRO,287,20716,5,127
10444,2020-11-08,CI,Côte d'Ivoire,AFRO,141,20857,0,127
10445,2020-11-15,CI,Côte d'Ivoire,AFRO,132,20989,2,129
10446,2020-11-22,CI,Côte d'Ivoire,AFRO,181,21170,1,130
10447,2020-11-29,CI,Côte d'Ivoire,AFRO,135,21305,2,132
10448,2020-12-06,CI,Côte d'Ivoire,AFRO,180,21485,1,133
10449,2020-12-13,CI,Côte d'Ivoire,AFRO,154,21639,1,134
10450,2020-12-20,CI,Côte d'Ivoire,AFRO,133,21772,0,134
10451,2020-12-27,CI,Côte d'Ivoire,AFRO,309,22081,0,134
10452,2021-01-03,CI,Côte d'Ivoire,AFRO,169,22250,4,138
10453,2021-01-10,CI,Côte d'Ivoire,AFRO,1232,23482,2,140
10454,2021-01-17,CI,Côte d'Ivoire,AFRO,1546,25028,2,142
10455,2021-01-24,CI,Côte d'Ivoire,AFRO,1584,26612,4,146
10456,2021-01-31,CI,Côte d'Ivoire,AFRO,1566,28178,7,153
10457,2021-02-07,CI,Côte d'Ivoire,AFRO,1389,29567,10,163
10458,2021-02-14,CI,Côte d'Ivoire,AFRO,1317,30884,11,174
10459,2021-02-21,CI,Côte d'Ivoire,AFRO,1030,31914,11,185
10460,2021-02-28,CI,Côte d'Ivoire,AFRO,717,32631,7,192
10461,2021-03-07,CI,Côte d'Ivoire,AFRO,2304,34935,8,200
10462,2021-03-14,CI,Côte d'Ivoire,AFRO,2369,37304,11,211
10463,2021-03-21,CI,Côte d'Ivoire,AFRO,2609,39913,6,217
10464,2021-03-28,CI,Côte d'Ivoire,AFRO,2555,42468,12,229
10465,2021-04-04,CI,Côte d'Ivoire,AFRO,1858,44326,18,247
10466,2021-04-11,CI,Côte d'Ivoire,AFRO,819,45145,14,261
10467,2021-04-18,CI,Côte d'Ivoire,AFRO,374,45519,13,274
10468,2021-04-25,CI,Côte d'Ivoire,AFRO,301,45820,7,281
10469,2021-05-02,CI,Côte d'Ivoire,AFRO,294,46114,5,286
10470,2021-05-09,CI,Côte d'Ivoire,AFRO,271,46385,5,291
10471,2021-05-16,CI,Côte d'Ivoire,AFRO,234,46619,6,297
10472,2021-05-23,CI,Côte d'Ivoire,AFRO,323,46942,1,298
10473,2021-05-30,CI,Côte d'Ivoire,AFRO,253,47195,3,301
10474,2021-06-06,CI,Côte d'Ivoire,AFRO,281,47476,5,306
10475,2021-06-13,CI,Côte d'Ivoire,AFRO,186,47662,0,306
10476,2021-06-20,CI,Côte d'Ivoire,AFRO,369,48031,1,307
10477,2021-06-27,CI,Côte d'Ivoire,AFRO,145,48176,4,311
10478,2021-07-04,CI,Côte d'Ivoire,AFRO,337,48513,4,315
10479,2021-07-11,CI,Côte d'Ivoire,AFRO,263,48776,3,318
10480,2021-07-18,CI,Côte d'Ivoire,AFRO,349,49125,2,320
10481,2021-07-25,CI,Côte d'Ivoire,AFRO,429,49554,4,324
10482,2021-08-01,CI,Côte d'Ivoire,AFRO,581,50135,5,329
10483,2021-08-08,CI,Côte d'Ivoire,AFRO,1063,51198,12,341
10484,2021-08-15,CI,Côte d'Ivoire,AFRO,1004,52202,18,359
10485,2021-08-22,CI,Côte d'Ivoire,AFRO,1254,53456,30,389
10486,2021-08-29,CI,Côte d'Ivoire,AFRO,1400,54856,35,424
10487,2021-09-05,CI,Côte d'Ivoire,AFRO,1879,56735,40,464
10488,2021-09-12,CI,Côte d'Ivoire,AFRO,1049,57784,42,506
10489,2021-09-19,CI,Côte d'Ivoire,AFRO,1105,58889,55,561
10490,2021-09-26,CI,Côte d'Ivoire,AFRO,889,59778,32,593
10491,2021-10-03,CI,Côte d'Ivoire,AFRO,598,60376,43,636
10492,2021-10-10,CI,Côte d'Ivoire,AFRO,409,60785,23,659
10493,2021-10-17,CI,Côte d'Ivoire,AFRO,197,60982,15,674
10494,2021-10-24,CI,Côte d'Ivoire,AFRO,196,61178,16,690
10495,2021-10-31,CI,Côte d'Ivoire,AFRO,114,61292,5,695
10496,2021-11-07,CI,Côte d'Ivoire,AFRO,112,61404,4,699
10497,2021-11-14,CI,Côte d'Ivoire,AFRO,99,61503,3,702
10498,2021-11-21,CI,Côte d'Ivoire,AFRO,74,61577,0,702
10499,2021-11-28,CI,Côte d'Ivoire,AFRO,127,61704,2,704
10500,2021-12-05,CI,Côte d'Ivoire,AFRO,113,61817,1,705
10501,2021-12-12,CI,Côte d'Ivoire,AFRO,79,61896,1,706
10502,2021-12-19,CI,Côte d'Ivoire,AFRO,181,62077,0,706
10503,2021-12-26,CI,Côte d'Ivoire,AFRO,1770,63847,1,707
10504,2022-01-02,CI,Côte d'Ivoire,AFRO,7968,71815,11,718
10505,2022-01-09,CI,Côte d'Ivoire,AFRO,4917,76732,15,733
10506,2022-01-16,CI,Côte d'Ivoire,AFRO,2356,79088,20,753
10507,2022-01-23,CI,Côte d'Ivoire,AFRO,1026,80114,25,778
10508,2022-01-30,CI,Côte d'Ivoire,AFRO,509,80623,6,784
10509,2022-02-06,CI,Côte d'Ivoire,AFRO,278,80901,2,786
10510,2022-02-13,CI,Côte d'Ivoire,AFRO,217,81118,3,789
10511,2022-02-20,CI,Côte d'Ivoire,AFRO,228,81346,2,791
10512,2022-02-27,CI,Côte d'Ivoire,AFRO,121,81467,1,792
10513,2022-03-06,CI,Côte d'Ivoire,AFRO,79,81546,3,795
10514,2022-03-13,CI,Côte d'Ivoire,AFRO,31,81577,0,795
10515,2022-03-20,CI,Côte d'Ivoire,AFRO,78,81655,1,796
10516,2022-03-27,CI,Côte d'Ivoire,AFRO,42,81697,0,796
10517,2022-04-03,CI,Côte d'Ivoire,AFRO,64,81761,0,796
10518,2022-04-10,CI,Côte d'Ivoire,AFRO,53,81814,0,796
10519,2022-04-17,CI,Côte d'Ivoire,AFRO,43,81857,1,797
10520,2022-04-24,CI,Côte d'Ivoire,AFRO,30,81887,2,799
10521,2022-05-01,CI,Côte d'Ivoire,AFRO,43,81930,0,799
10522,2022-05-08,CI,Côte d'Ivoire,AFRO,40,81970,0,799
10523,2022-05-15,CI,Côte d'Ivoire,AFRO,22,81992,0,799
10524,2022-05-22,CI,Côte d'Ivoire,AFRO,65,82057,0,799
10525,2022-05-29,CI,Côte d'Ivoire,AFRO,126,82183,0,799
10526,2022-06-05,CI,Côte d'Ivoire,AFRO,97,82280,0,799
10527,2022-06-12,CI,Côte d'Ivoire,AFRO,187,82467,0,799
10528,2022-06-19,CI,Côte d'Ivoire,AFRO,192,82659,2,801
10529,2022-06-26,CI,Côte d'Ivoire,AFRO,340,82999,4,805
10530,2022-07-03,CI,Côte d'Ivoire,AFRO,638,83637,0,805
10531,2022-07-10,CI,Côte d'Ivoire,AFRO,405,84042,0,805
10532,2022-07-17,CI,Côte d'Ivoire,AFRO,459,84501,1,806
10533,2022-07-24,CI,Côte d'Ivoire,AFRO,449,84950,3,809
10534,2022-07-31,CI,Côte d'Ivoire,AFRO,356,85306,2,811
10535,2022-08-07,CI,Côte d'Ivoire,AFRO,406,85712,0,811
10536,2022-08-14,CI,Côte d'Ivoire,AFRO,380,86092,4,815
10537,2022-08-21,CI,Côte d'Ivoire,AFRO,348,86440,2,817
10538,2022-08-28,CI,Côte d'Ivoire,AFRO,166,86606,0,817
10539,2022-09-04,CI,Côte d'Ivoire,AFRO,202,86808,2,819
10540,2022-09-11,CI,Côte d'Ivoire,AFRO,111,86919,3,822
10541,2022-09-18,CI,Côte d'Ivoire,AFRO,100,87019,0,822
10542,2022-09-25,CI,Côte d'Ivoire,AFRO,110,87129,1,823
10543,2022-10-02,CI,Côte d'Ivoire,AFRO,129,87258,3,826
10544,2022-10-09,CI,Côte d'Ivoire,AFRO,164,87422,0,826
10545,2022-10-16,CI,Côte d'Ivoire,AFRO,152,87574,1,827
10546,2022-10-23,CI,Côte d'Ivoire,AFRO,119,87693,0,827
10547,2022-10-30,CI,Côte d'Ivoire,AFRO,71,87764,0,827
10548,2022-11-06,CI,Côte d'Ivoire,AFRO,66,87830,2,829
10549,2022-11-13,CI,Côte d'Ivoire,AFRO,24,87854,0,829
10550,2022-11-20,CI,Côte d'Ivoire,AFRO,16,87870,1,830
10551,2022-11-27,CI,Côte d'Ivoire,AFRO,15,87885,0,830
10552,2022-12-04,CI,Côte d'Ivoire,AFRO,2,87887,0,830
10553,2022-12-11,CI,Côte d'Ivoire,AFRO,7,87894,0,830
10554,2022-12-18,CI,Côte d'Ivoire,AFRO,17,87911,0,830
10555,2022-12-25,CI,Côte d'Ivoire,AFRO,22,87933,0,830
10556,2023-01-01,CI,Côte d'Ivoire,AFRO,8,87941,1,831
10557,2023-01-08,CI,Côte d'Ivoire,AFRO,16,87957,2,833
10558,2023-01-15,CI,Côte d'Ivoire,AFRO,3,87960,0,833
10559,2023-01-22,CI,Côte d'Ivoire,AFRO,6,87966,0,833
10560,2023-01-29,CI,Côte d'Ivoire,AFRO,8,87974,0,833
10561,2023-02-05,CI,Côte d'Ivoire,AFRO,26,88000,0,833
10562,2023-02-12,CI,Côte d'Ivoire,AFRO,58,88058,1,834
10563,2023-02-19,CI,Côte d'Ivoire,AFRO,51,88109,0,834
10564,2023-02-26,CI,Côte d'Ivoire,AFRO,73,88182,0,834
10565,2023-03-05,CI,Côte d'Ivoire,AFRO,58,88240,0,834
10566,2023-03-12,CI,Côte d'Ivoire,AFRO,28,88268,0,834
10567,2023-03-19,CI,Côte d'Ivoire,AFRO,25,88293,0,834
10568,2023-03-26,CI,Côte d'Ivoire,AFRO,4,88297,0,834
10569,2023-04-02,CI,Côte d'Ivoire,AFRO,4,88301,0,834
10570,2023-04-09,CI,Côte d'Ivoire,AFRO,7,88308,0,834
10571,2023-04-16,CI,Côte d'Ivoire,AFRO,8,88316,0,834
10572,2023-04-23,CI,Côte d'Ivoire,AFRO,5,88321,0,834
10573,2023-04-30,CI,Côte d'Ivoire,AFRO,2,88323,0,834
10574,2023-05-07,CI,Côte d'Ivoire,AFRO,3,88326,0,834
10575,2023-05-14,CI,Côte d'Ivoire,AFRO,3,88329,0,834
10576,2023-05-21,CI,Côte d'Ivoire,AFRO,1,88330,0,834
10577,2023-05-28,CI,Côte d'Ivoire,AFRO,0,88330,0,834
10578,2023-06-04,CI,Côte d'Ivoire,AFRO,1,88331,1,835
10579,2023-06-11,CI,Côte d'Ivoire,AFRO,1,88332,0,835
10580,2023-06-18,CI,Côte d'Ivoire,AFRO,0,88332,0,835
10581,2023-06-25,CI,Côte d'Ivoire,AFRO,3,88335,0,835
10582,2023-07-02,CI,Côte d'Ivoire,AFRO,1,88336,0,835
10583,2023-07-09,CI,Côte d'Ivoire,AFRO,0,88336,0,835
10584,2023-07-16,CI,Côte d'Ivoire,AFRO,2,88338,0,835
10585,2023-07-23,CI,Côte d'Ivoire,AFRO,0,88338,0,835
10586,2023-07-30,CI,Côte d'Ivoire,AFRO,0,88338,0,835
10587,2023-08-06,CI,Côte d'Ivoire,AFRO,0,88338,0,835
10588,2023-08-13,CI,Côte d'Ivoire,AFRO,0,88338,0,835
10589,2023-08-20,CI,Côte d'Ivoire,AFRO,0,88338,0,835
10590,2023-08-27,CI,Côte d'Ivoire,AFRO,0,88338,0,835
10591,2023-09-03,CI,Côte d'Ivoire,AFRO,0,88338,0,835
10592,2023-09-10,CI,Côte d'Ivoire,AFRO,0,88338,0,835
10593,2023-09-17,CI,Côte d'Ivoire,AFRO,0,88338,0,835
10594,2023-09-24,CI,Côte d'Ivoire,AFRO,0,88338,0,835
10595,2023-10-01,CI,Côte d'Ivoire,AFRO,0,88338,0,835
10596,2023-10-08,CI,Côte d'Ivoire,AFRO,15,88353,0,835
10597,2023-10-15,CI,Côte d'Ivoire,AFRO,0,88353,0,835
10598,2023-10-22,CI,Côte d'Ivoire,AFRO,4,88357,0,835
10599,2023-10-29,CI,Côte d'Ivoire,AFRO,7,88364,0,835
10600,2023-11-05,CI,Côte d'Ivoire,AFRO,4,88368,0,835
10601,2023-11-12,CI,Côte d'Ivoire,AFRO,1,88369,0,835
10602,2023-11-19,CI,Côte d'Ivoire,AFRO,0,88369,0,835
10603,2023-11-26,CI,Côte d'Ivoire,AFRO,11,88380,0,835
10604,2023-12-03,CI,Côte d'Ivoire,AFRO,0,88380,0,835
10605,2023-12-10,CI,Côte d'Ivoire,AFRO,0,88380,0,835
10606,2023-12-17,CI,Côte d'Ivoire,AFRO,0,88380,0,835
10607,2023-12-24,CI,Côte d'Ivoire,AFRO,0,88380,0,835
10608,2020-01-05,HR,Croatia,EURO,0,0,0,0
10609,2020-01-12,HR,Croatia,EURO,0,0,0,0
10610,2020-01-19,HR,Croatia,EURO,0,0,0,0
10611,2020-01-26,HR,Croatia,EURO,0,0,0,0
10612,2020-02-02,HR,Croatia,EURO,0,0,0,0
10613,2020-02-09,HR,Croatia,EURO,0,0,0,0
10614,2020-02-16,HR,Croatia,EURO,0,0,0,0
10615,2020-02-23,HR,Croatia,EURO,0,0,0,0
10616,2020-03-01,HR,Croatia,EURO,6,6,0,0
10617,2020-03-08,HR,Croatia,EURO,6,12,0,0
10618,2020-03-15,HR,Croatia,EURO,26,38,0,0
10619,2020-03-22,HR,Croatia,EURO,168,206,1,1
10620,2020-03-29,HR,Croatia,EURO,451,657,4,5
10621,2020-04-05,HR,Croatia,EURO,469,1126,7,12
10622,2020-04-12,HR,Croatia,EURO,408,1534,9,21
10623,2020-04-19,HR,Croatia,EURO,298,1832,18,39
10624,2020-04-26,HR,Croatia,EURO,184,2016,15,54
10625,2020-05-03,HR,Croatia,EURO,72,2088,23,77
10626,2020-05-10,HR,Croatia,EURO,88,2176,10,87
10627,2020-05-17,HR,Croatia,EURO,48,2224,8,95
10628,2020-05-24,HR,Croatia,EURO,19,2243,4,99
10629,2020-05-31,HR,Croatia,EURO,3,2246,4,103
10630,2020-06-07,HR,Croatia,EURO,1,2247,1,104
10631,2020-06-14,HR,Croatia,EURO,4,2251,3,107
10632,2020-06-21,HR,Croatia,EURO,48,2299,0,107
10633,2020-06-28,HR,Croatia,EURO,325,2624,0,107
10634,2020-07-05,HR,Croatia,EURO,470,3094,6,113
10635,2020-07-12,HR,Croatia,EURO,578,3672,5,118
10636,2020-07-19,HR,Croatia,EURO,581,4253,2,120
10637,2020-07-26,HR,Croatia,EURO,539,4792,13,133
10638,2020-08-02,HR,Croatia,EURO,432,5224,12,145
10639,2020-08-09,HR,Croatia,EURO,319,5543,12,157
10640,2020-08-16,HR,Croatia,EURO,877,6420,8,165
10641,2020-08-23,HR,Croatia,EURO,1480,7900,5,170
10642,2020-08-30,HR,Croatia,EURO,1961,9861,13,183
10643,2020-09-06,HR,Croatia,EURO,1878,11739,14,197
10644,2020-09-13,HR,Croatia,EURO,1629,13368,21,218
10645,2020-09-20,HR,Croatia,EURO,1357,14725,26,244
10646,2020-09-27,HR,Croatia,EURO,1282,16007,25,269
10647,2020-10-04,HR,Croatia,EURO,1394,17401,24,293
10648,2020-10-11,HR,Croatia,EURO,2531,19932,24,317
10649,2020-10-18,HR,Croatia,EURO,4829,24761,38,355
10650,2020-10-25,HR,Croatia,EURO,9198,33959,74,429
10651,2020-11-01,HR,Croatia,EURO,15357,49316,117,546
10652,2020-11-08,HR,Croatia,EURO,15388,64704,206,752
10653,2020-11-15,HR,Croatia,EURO,17140,81844,254,1006
10654,2020-11-22,HR,Croatia,EURO,18566,100410,298,1304
10655,2020-11-29,HR,Croatia,EURO,23283,123693,351,1655
10656,2020-12-06,HR,Croatia,EURO,23761,147454,447,2102
10657,2020-12-13,HR,Croatia,EURO,25069,172523,460,2562
10658,2020-12-20,HR,Croatia,EURO,20464,192987,539,3101
10659,2020-12-27,HR,Croatia,EURO,11325,204312,512,3613
10660,2021-01-03,HR,Croatia,EURO,7950,212262,403,4016
10661,2021-01-10,HR,Croatia,EURO,7085,219347,326,4342
10662,2021-01-17,HR,Croatia,EURO,5228,224575,246,4588
10663,2021-01-24,HR,Croatia,EURO,3993,228568,211,4799
10664,2021-01-31,HR,Croatia,EURO,3522,232090,199,4998
10665,2021-02-07,HR,Croatia,EURO,3036,235126,146,5144
10666,2021-02-14,HR,Croatia,EURO,2333,237459,155,5299
10667,2021-02-21,HR,Croatia,EURO,2226,239685,121,5420
10668,2021-02-28,HR,Croatia,EURO,2932,242617,91,5511
10669,2021-03-07,HR,Croatia,EURO,3503,246120,74,5585
10670,2021-03-14,HR,Croatia,EURO,4364,250484,85,5670
10671,2021-03-21,HR,Croatia,EURO,6321,256805,83,5753
10672,2021-03-28,HR,Croatia,EURO,9096,265901,119,5872
10673,2021-04-04,HR,Croatia,EURO,12749,278650,153,6025
10674,2021-04-11,HR,Croatia,EURO,12249,290899,244,6269
10675,2021-04-18,HR,Croatia,EURO,15326,306225,254,6523
10676,2021-04-25,HR,Croatia,EURO,15147,321372,292,6815
10677,2021-05-02,HR,Croatia,EURO,12857,334229,315,7130
10678,2021-05-09,HR,Croatia,EURO,9600,343829,294,7424
10679,2021-05-16,HR,Croatia,EURO,6081,349910,263,7687
10680,2021-05-23,HR,Croatia,EURO,3825,353735,196,7883
10681,2021-05-30,HR,Croatia,EURO,2220,355955,119,8002
10682,2021-06-06,HR,Croatia,EURO,1453,357408,78,8080
10683,2021-06-13,HR,Croatia,EURO,1096,358504,52,8132
10684,2021-06-20,HR,Croatia,EURO,611,359115,37,8169
10685,2021-06-27,HR,Croatia,EURO,492,359607,28,8197
10686,2021-07-04,HR,Croatia,EURO,574,360181,18,8215
10687,2021-07-11,HR,Croatia,EURO,587,360768,12,8227
10688,2021-07-18,HR,Croatia,EURO,720,361488,9,8236
10689,2021-07-25,HR,Croatia,EURO,1008,362496,9,8245
10690,2021-08-01,HR,Croatia,EURO,1119,363615,14,8259
10691,2021-08-08,HR,Croatia,EURO,1217,364832,12,8271
10692,2021-08-15,HR,Croatia,EURO,1892,366724,11,8282
10693,2021-08-22,HR,Croatia,EURO,2668,369392,16,8298
10694,2021-08-29,HR,Croatia,EURO,3422,372814,26,8324
10695,2021-09-05,HR,Croatia,EURO,4485,377299,38,8362
10696,2021-09-12,HR,Croatia,EURO,5809,383108,65,8427
10697,2021-09-19,HR,Croatia,EURO,8001,391109,66,8493
10698,2021-09-26,HR,Croatia,EURO,7945,399054,87,8580
10699,2021-10-03,HR,Croatia,EURO,8701,407755,84,8664
10700,2021-10-10,HR,Croatia,EURO,9195,416950,99,8763
10701,2021-10-17,HR,Croatia,EURO,9663,426613,114,8877
10702,2021-10-24,HR,Croatia,EURO,16419,443032,133,9010
10703,2021-10-31,HR,Croatia,EURO,23997,467029,188,9198
10704,2021-11-07,HR,Croatia,EURO,30139,497168,252,9450
10705,2021-11-14,HR,Croatia,EURO,37433,534601,390,9840
10706,2021-11-21,HR,Croatia,EURO,31517,566118,403,10243
10707,2021-11-28,HR,Croatia,EURO,33859,599977,452,10695
10708,2021-12-05,HR,Croatia,EURO,28264,628241,455,11150
10709,2021-12-12,HR,Croatia,EURO,23622,651863,424,11574
10710,2021-12-19,HR,Croatia,EURO,21564,673427,356,11930
10711,2021-12-26,HR,Croatia,EURO,19675,693102,349,12279
10712,2022-01-02,HR,Croatia,EURO,27436,720538,292,12571
10713,2022-01-09,HR,Croatia,EURO,37734,758272,270,12841
10714,2022-01-16,HR,Croatia,EURO,53431,811703,232,13073
10715,2022-01-23,HR,Croatia,EURO,58262,869965,298,13371
10716,2022-01-30,HR,Croatia,EURO,59537,929502,360,13731
10717,2022-02-06,HR,Croatia,EURO,49498,979000,347,14078
10718,2022-02-13,HR,Croatia,EURO,33703,1012703,346,14424
10719,2022-02-20,HR,Croatia,EURO,26454,1039157,349,14773
10720,2022-02-27,HR,Croatia,EURO,14411,1053568,239,15012
10721,2022-03-06,HR,Croatia,EURO,9385,1062953,182,15194
10722,2022-03-13,HR,Croatia,EURO,9477,1072430,127,15321
10723,2022-03-20,HR,Croatia,EURO,10681,1083111,104,15425
10724,2022-03-27,HR,Croatia,EURO,9987,1093098,84,15509
10725,2022-04-03,HR,Croatia,EURO,8823,1101921,83,15592
10726,2022-04-10,HR,Croatia,EURO,6630,1108551,83,15675
10727,2022-04-17,HR,Croatia,EURO,4584,1113135,50,15725
10728,2022-04-24,HR,Croatia,EURO,4040,1117175,53,15778
10729,2022-05-01,HR,Croatia,EURO,5284,1122459,50,15828
10730,2022-05-08,HR,Croatia,EURO,4877,1127336,53,15881
10731,2022-05-15,HR,Croatia,EURO,3769,1131105,44,15925
10732,2022-05-22,HR,Croatia,EURO,2922,1134027,36,15961
10733,2022-05-29,HR,Croatia,EURO,2202,1136229,18,15979
10734,2022-06-05,HR,Croatia,EURO,1635,1137864,19,15998
10735,2022-06-12,HR,Croatia,EURO,1799,1139663,18,16016
10736,2022-06-19,HR,Croatia,EURO,1913,1141576,11,16027
10737,2022-06-26,HR,Croatia,EURO,3477,1145053,21,16048
10738,2022-07-03,HR,Croatia,EURO,5600,1150653,25,16073
10739,2022-07-10,HR,Croatia,EURO,7767,1158420,30,16103
10740,2022-07-17,HR,Croatia,EURO,8712,1167132,44,16147
10741,2022-07-24,HR,Croatia,EURO,9387,1176519,59,16206
10742,2022-07-31,HR,Croatia,EURO,9280,1185799,94,16300
10743,2022-08-07,HR,Croatia,EURO,6756,1192555,89,16389
10744,2022-08-14,HR,Croatia,EURO,7558,1200113,95,16484
10745,2022-08-21,HR,Croatia,EURO,5835,1205948,75,16559
10746,2022-08-28,HR,Croatia,EURO,5471,1211419,87,16646
10747,2022-09-04,HR,Croatia,EURO,4580,1215999,86,16732
10748,2022-09-11,HR,Croatia,EURO,4016,1220015,60,16792
10749,2022-09-18,HR,Croatia,EURO,4351,1224366,45,16837
10750,2022-09-25,HR,Croatia,EURO,4208,1228574,38,16875
10751,2022-10-02,HR,Croatia,EURO,4686,1233260,37,16912
10752,2022-10-09,HR,Croatia,EURO,4427,1237687,47,16959
10753,2022-10-16,HR,Croatia,EURO,3696,1241383,53,17012
10754,2022-10-23,HR,Croatia,EURO,2982,1244365,58,17070
10755,2022-10-30,HR,Croatia,EURO,2366,1246731,58,17128
10756,2022-11-06,HR,Croatia,EURO,1719,1248450,57,17185
10757,2022-11-13,HR,Croatia,EURO,1493,1249943,33,17218
10758,2022-11-20,HR,Croatia,EURO,1282,1251225,42,17260
10759,2022-11-27,HR,Croatia,EURO,1661,1252886,32,17292
10760,2022-12-04,HR,Croatia,EURO,1758,1254644,47,17339
10761,2022-12-11,HR,Croatia,EURO,2174,1256818,57,17396
10762,2022-12-18,HR,Croatia,EURO,2295,1259113,51,17447
10763,2022-12-25,HR,Croatia,EURO,2653,1261766,68,17515
10764,2023-01-01,HR,Croatia,EURO,2135,1263901,81,17596
10765,2023-01-08,HR,Croatia,EURO,1432,1265333,73,17669
10766,2023-01-15,HR,Croatia,EURO,1072,1266405,90,17759
10767,2023-01-22,HR,Croatia,EURO,616,1267021,50,17809
10768,2023-01-29,HR,Croatia,EURO,446,1267467,49,17858
10769,2023-02-05,HR,Croatia,EURO,383,1267850,33,17891
10770,2023-02-12,HR,Croatia,EURO,335,1268185,30,17921
10771,2023-02-19,HR,Croatia,EURO,376,1268561,21,17942
10772,2023-02-26,HR,Croatia,EURO,105,1268666,8,17950
10773,2023-03-05,HR,Croatia,EURO,326,1268992,21,17971
10774,2023-03-12,HR,Croatia,EURO,334,1269326,16,17987
10775,2023-03-19,HR,Croatia,EURO,361,1269687,19,18006
10776,2023-03-26,HR,Croatia,EURO,388,1270075,19,18025
10777,2023-04-02,HR,Croatia,EURO,438,1270513,19,18044
10778,2023-04-09,HR,Croatia,EURO,378,1270891,25,18069
10779,2023-04-16,HR,Croatia,EURO,385,1271276,22,18091
10780,2023-04-23,HR,Croatia,EURO,542,1271818,38,18129
10781,2023-04-30,HR,Croatia,EURO,559,1272377,26,18155
10782,2023-05-07,HR,Croatia,EURO,509,1272886,25,18180
10783,2023-05-14,HR,Croatia,EURO,370,1273256,33,18213
10784,2023-05-21,HR,Croatia,EURO,252,1273508,17,18230
10785,2023-05-28,HR,Croatia,EURO,163,1273671,16,18246
10786,2023-06-04,HR,Croatia,EURO,124,1273795,9,18255
10787,2023-06-11,HR,Croatia,EURO,76,1273871,11,18266
10788,2023-06-18,HR,Croatia,EURO,36,1273907,1,18267
10789,2023-06-25,HR,Croatia,EURO,52,1273959,2,18269
10790,2023-07-02,HR,Croatia,EURO,32,1273991,4,18273
10791,2023-07-09,HR,Croatia,EURO,23,1274014,2,18275
10792,2023-07-16,HR,Croatia,EURO,26,1274040,1,18276
10793,2023-07-23,HR,Croatia,EURO,28,1274068,5,18281
10794,2023-07-30,HR,Croatia,EURO,22,1274090,1,18282
10795,2023-08-06,HR,Croatia,EURO,33,1274123,4,18286
10796,2023-08-13,HR,Croatia,EURO,31,1274154,2,18288
10797,2023-08-20,HR,Croatia,EURO,44,1274198,2,18290
10798,2023-08-27,HR,Croatia,EURO,83,1274281,2,18292
10799,2023-09-03,HR,Croatia,EURO,153,1274434,5,18297
10800,2023-09-10,HR,Croatia,EURO,169,1274603,9,18306
10801,2023-09-17,HR,Croatia,EURO,231,1274834,12,18318
10802,2023-09-24,HR,Croatia,EURO,237,1275071,14,18332
10803,2023-10-01,HR,Croatia,EURO,266,1275337,19,18351
10804,2023-10-08,HR,Croatia,EURO,222,1275559,7,18358
10805,2023-10-15,HR,Croatia,EURO,203,1275762,16,18374
10806,2023-10-22,HR,Croatia,EURO,239,1276001,23,18397
10807,2023-10-29,HR,Croatia,EURO,215,1276216,17,18414
10808,2023-11-05,HR,Croatia,EURO,281,1276497,24,18438
10809,2023-11-12,HR,Croatia,EURO,189,1276686,20,18458
10810,2023-11-19,HR,Croatia,EURO,206,1276892,14,18472
10811,2023-11-26,HR,Croatia,EURO,202,1277094,23,18495
10812,2023-12-03,HR,Croatia,EURO,0,1277094,0,18495
10813,2023-12-10,HR,Croatia,EURO,2833,1279927,-6,18489
10814,2023-12-17,HR,Croatia,EURO,0,1279927,0,18489
10815,2023-12-24,HR,Croatia,EURO,0,1279927,0,18489
10816,2020-01-05,CU,Cuba,AMRO,0,0,0,0
10817,2020-01-12,CU,Cuba,AMRO,0,0,0,0
10818,2020-01-19,CU,Cuba,AMRO,0,0,0,0
10819,2020-01-26,CU,Cuba,AMRO,0,0,0,0
10820,2020-02-02,CU,Cuba,AMRO,0,0,0,0
10821,2020-02-09,CU,Cuba,AMRO,0,0,0,0
10822,2020-02-16,CU,Cuba,AMRO,0,0,0,0
10823,2020-02-23,CU,Cuba,AMRO,0,0,0,0
10824,2020-03-01,CU,Cuba,AMRO,0,0,0,0
10825,2020-03-08,CU,Cuba,AMRO,0,0,0,0
10826,2020-03-15,CU,Cuba,AMRO,4,4,0,0
10827,2020-03-22,CU,Cuba,AMRO,12,16,1,1
10828,2020-03-29,CU,Cuba,AMRO,103,119,2,3
10829,2020-04-05,CU,Cuba,AMRO,169,288,3,6
10830,2020-04-12,CU,Cuba,AMRO,332,620,10,16
10831,2020-04-19,CU,Cuba,AMRO,366,986,16,32
10832,2020-04-26,CU,Cuba,AMRO,351,1337,19,51
10833,2020-05-03,CU,Cuba,AMRO,274,1611,15,66
10834,2020-05-10,CU,Cuba,AMRO,143,1754,8,74
10835,2020-05-17,CU,Cuba,AMRO,108,1862,5,79
10836,2020-05-24,CU,Cuba,AMRO,69,1931,2,81
10837,2020-05-31,CU,Cuba,AMRO,94,2025,2,83
10838,2020-06-07,CU,Cuba,AMRO,148,2173,0,83
10839,2020-06-14,CU,Cuba,AMRO,65,2238,1,84
10840,2020-06-21,CU,Cuba,AMRO,71,2309,1,85
10841,2020-06-28,CU,Cuba,AMRO,21,2330,1,86
10842,2020-07-05,CU,Cuba,AMRO,39,2369,0,86
10843,2020-07-12,CU,Cuba,AMRO,51,2420,1,87
10844,2020-07-19,CU,Cuba,AMRO,25,2445,0,87
10845,2020-07-26,CU,Cuba,AMRO,33,2478,0,87
10846,2020-08-02,CU,Cuba,AMRO,155,2633,0,87
10847,2020-08-09,CU,Cuba,AMRO,255,2888,1,88
10848,2020-08-16,CU,Cuba,AMRO,404,3292,0,88
10849,2020-08-23,CU,Cuba,AMRO,325,3617,1,89
10850,2020-08-30,CU,Cuba,AMRO,308,3925,5,94
10851,2020-09-06,CU,Cuba,AMRO,373,4298,6,100
10852,2020-09-13,CU,Cuba,AMRO,355,4653,8,108
10853,2020-09-20,CU,Cuba,AMRO,402,5055,5,113
10854,2020-09-27,CU,Cuba,AMRO,357,5412,7,120
10855,2020-10-04,CU,Cuba,AMRO,368,5780,2,122
10856,2020-10-11,CU,Cuba,AMRO,168,5948,1,123
10857,2020-10-18,CU,Cuba,AMRO,222,6170,2,125
10858,2020-10-25,CU,Cuba,AMRO,364,6534,3,128
10859,2020-11-01,CU,Cuba,AMRO,353,6887,0,128
10860,2020-11-08,CU,Cuba,AMRO,380,7267,2,130
10861,2020-11-15,CU,Cuba,AMRO,301,7568,1,131
10862,2020-11-22,CU,Cuba,AMRO,230,7798,1,132
10863,2020-11-29,CU,Cuba,AMRO,375,8173,1,133
10864,2020-12-06,CU,Cuba,AMRO,541,8714,3,136
10865,2020-12-13,CU,Cuba,AMRO,640,9354,1,137
10866,2020-12-20,CU,Cuba,AMRO,670,10024,0,137
10867,2020-12-27,CU,Cuba,AMRO,1014,11038,4,141
10868,2021-01-03,CU,Cuba,AMRO,1187,12225,5,146
10869,2021-01-10,CU,Cuba,AMRO,1963,14188,2,148
10870,2021-01-17,CU,Cuba,AMRO,3313,17501,18,166
10871,2021-01-24,CU,Cuba,AMRO,3126,20627,25,191
10872,2021-01-31,CU,Cuba,AMRO,5047,25674,22,213
10873,2021-02-07,CU,Cuba,AMRO,6337,32011,20,233
10874,2021-02-14,CU,Cuba,AMRO,5472,37483,28,261
10875,2021-02-21,CU,Cuba,AMRO,6001,43484,30,291
10876,2021-02-28,CU,Cuba,AMRO,5677,49161,27,318
10877,2021-03-07,CU,Cuba,AMRO,5674,54835,26,344
10878,2021-03-14,CU,Cuba,AMRO,5723,60558,22,366
10879,2021-03-21,CU,Cuba,AMRO,5404,65962,26,392
10880,2021-03-28,CU,Cuba,AMRO,5622,71584,22,414
10881,2021-04-04,CU,Cuba,AMRO,6798,78382,17,431
10882,2021-04-11,CU,Cuba,AMRO,7190,85572,22,453
10883,2021-04-18,CU,Cuba,AMRO,6902,92474,59,512
10884,2021-04-25,CU,Cuba,AMRO,7844,100318,69,581
10885,2021-05-02,CU,Cuba,AMRO,7304,107622,73,654
10886,2021-05-09,CU,Cuba,AMRO,7290,114912,68,722
10887,2021-05-16,CU,Cuba,AMRO,8309,123221,74,796
10888,2021-05-23,CU,Cuba,AMRO,8611,131832,67,863
10889,2021-05-30,CU,Cuba,AMRO,8255,140087,80,943
10890,2021-06-06,CU,Cuba,AMRO,7744,147831,60,1003
10891,2021-06-13,CU,Cuba,AMRO,8407,156238,54,1057
10892,2021-06-20,CU,Cuba,AMRO,10130,166368,91,1148
10893,2021-06-27,CU,Cuba,AMRO,13288,179656,83,1231
10894,2021-07-04,CU,Cuba,AMRO,21072,200728,106,1337
10895,2021-07-11,CU,Cuba,AMRO,30840,231568,122,1459
10896,2021-07-18,CU,Cuba,AMRO,44040,275608,384,1843
10897,2021-07-25,CU,Cuba,AMRO,48507,324115,428,2271
10898,2021-08-01,CU,Cuba,AMRO,60481,384596,487,2758
10899,2021-08-08,CU,Cuba,AMRO,64196,448792,597,3355
10900,2021-08-15,CU,Cuba,AMRO,60240,509032,570,3925
10901,2021-08-22,CU,Cuba,AMRO,64719,573751,556,4481
10902,2021-08-29,CU,Cuba,AMRO,60410,634161,586,5067
10903,2021-09-05,CU,Cuba,AMRO,46292,680453,550,5617
10904,2021-09-12,CU,Cuba,AMRO,56715,737168,602,6219
10905,2021-09-19,CU,Cuba,AMRO,55765,792933,514,6733
10906,2021-09-26,CU,Cuba,AMRO,54561,847494,430,7163
10907,2021-10-03,CU,Cuba,AMRO,39856,887350,371,7534
10908,2021-10-10,CU,Cuba,AMRO,27429,914779,278,7812
10909,2021-10-17,CU,Cuba,AMRO,17989,932768,225,8037
10910,2021-10-24,CU,Cuba,AMRO,11663,944431,130,8167
10911,2021-10-31,CU,Cuba,AMRO,6894,951325,63,8230
10912,2021-11-07,CU,Cuba,AMRO,4173,955498,31,8261
10913,2021-11-14,CU,Cuba,AMRO,2892,958390,18,8279
10914,2021-11-21,CU,Cuba,AMRO,2082,960472,14,8293
10915,2021-11-28,CU,Cuba,AMRO,1595,962067,7,8300
10916,2021-12-05,CU,Cuba,AMRO,935,963002,7,8307
10917,2021-12-12,CU,Cuba,AMRO,564,963566,6,8313
10918,2021-12-19,CU,Cuba,AMRO,469,964035,1,8314
10919,2021-12-26,CU,Cuba,AMRO,572,964607,6,8320
10920,2022-01-02,CU,Cuba,AMRO,1866,966473,3,8323
10921,2022-01-09,CU,Cuba,AMRO,8214,974687,3,8326
10922,2022-01-16,CU,Cuba,AMRO,20944,995631,9,8335
10923,2022-01-23,CU,Cuba,AMRO,22973,1018604,23,8358
10924,2022-01-30,CU,Cuba,AMRO,21238,1039842,32,8390
10925,2022-02-06,CU,Cuba,AMRO,12378,1052220,41,8431
10926,2022-02-13,CU,Cuba,AMRO,7614,1059834,36,8467
10927,2022-02-20,CU,Cuba,AMRO,4923,1064757,19,8486
10928,2022-02-27,CU,Cuba,AMRO,4000,1068757,8,8494
10929,2022-03-06,CU,Cuba,AMRO,3717,1072474,5,8499
10930,2022-03-13,CU,Cuba,AMRO,3755,1076229,4,8503
10931,2022-03-20,CU,Cuba,AMRO,4457,1080686,3,8506
10932,2022-03-27,CU,Cuba,AMRO,5675,1086361,3,8509
10933,2022-04-03,CU,Cuba,AMRO,5491,1091852,3,8512
10934,2022-04-10,CU,Cuba,AMRO,4382,1096234,5,8517
10935,2022-04-17,CU,Cuba,AMRO,3210,1099444,3,8520
10936,2022-04-24,CU,Cuba,AMRO,2042,1101486,3,8523
10937,2022-05-01,CU,Cuba,AMRO,1455,1102941,3,8526
10938,2022-05-08,CU,Cuba,AMRO,935,1103876,1,8527
10939,2022-05-15,CU,Cuba,AMRO,620,1104496,2,8529
10940,2022-05-22,CU,Cuba,AMRO,439,1104935,0,8529
10941,2022-05-29,CU,Cuba,AMRO,292,1105227,0,8529
10942,2022-06-05,CU,Cuba,AMRO,216,1105443,0,8529
10943,2022-06-12,CU,Cuba,AMRO,149,1105592,0,8529
10944,2022-06-19,CU,Cuba,AMRO,137,1105729,0,8529
10945,2022-06-26,CU,Cuba,AMRO,167,1105896,0,8529
10946,2022-07-03,CU,Cuba,AMRO,191,1106087,0,8529
10947,2022-07-10,CU,Cuba,AMRO,278,1106365,0,8529
10948,2022-07-17,CU,Cuba,AMRO,365,1106730,0,8529
10949,2022-07-24,CU,Cuba,AMRO,581,1107311,0,8529
10950,2022-07-31,CU,Cuba,AMRO,674,1107985,0,8529
10951,2022-08-07,CU,Cuba,AMRO,721,1108706,0,8529
10952,2022-08-14,CU,Cuba,AMRO,654,1109360,0,8529
10953,2022-08-21,CU,Cuba,AMRO,551,1109911,0,8529
10954,2022-08-28,CU,Cuba,AMRO,426,1110337,1,8530
10955,2022-09-04,CU,Cuba,AMRO,331,1110668,0,8530
10956,2022-09-11,CU,Cuba,AMRO,190,1110858,0,8530
10957,2022-09-18,CU,Cuba,AMRO,153,1111011,0,8530
10958,2022-09-25,CU,Cuba,AMRO,117,1111128,0,8530
10959,2022-10-02,CU,Cuba,AMRO,66,1111194,0,8530
10960,2022-10-09,CU,Cuba,AMRO,39,1111233,0,8530
10961,2022-10-16,CU,Cuba,AMRO,18,1111251,0,8530
10962,2022-10-23,CU,Cuba,AMRO,15,1111266,0,8530
10963,2022-10-30,CU,Cuba,AMRO,15,1111281,0,8530
10964,2022-11-06,CU,Cuba,AMRO,10,1111291,0,8530
10965,2022-11-13,CU,Cuba,AMRO,26,1111317,0,8530
10966,2022-11-20,CU,Cuba,AMRO,20,1111337,0,8530
10967,2022-11-27,CU,Cuba,AMRO,31,1111368,0,8530
10968,2022-12-04,CU,Cuba,AMRO,53,1111421,0,8530
10969,2022-12-11,CU,Cuba,AMRO,109,1111530,0,8530
10970,2022-12-18,CU,Cuba,AMRO,117,1111647,0,8530
10971,2022-12-25,CU,Cuba,AMRO,180,1111827,0,8530
10972,2023-01-01,CU,Cuba,AMRO,166,1111993,0,8530
10973,2023-01-08,CU,Cuba,AMRO,141,1112134,0,8530
10974,2023-01-15,CU,Cuba,AMRO,129,1112263,0,8530
10975,2023-01-22,CU,Cuba,AMRO,78,1112341,0,8530
10976,2023-01-29,CU,Cuba,AMRO,53,1112394,0,8530
10977,2023-02-05,CU,Cuba,AMRO,79,1112473,0,8530
10978,2023-02-12,CU,Cuba,AMRO,40,1112513,0,8530
10979,2023-02-19,CU,Cuba,AMRO,30,1112543,0,8530
10980,2023-02-26,CU,Cuba,AMRO,35,1112578,0,8530
10981,2023-03-05,CU,Cuba,AMRO,44,1112622,0,8530
10982,2023-03-12,CU,Cuba,AMRO,15,1112637,0,8530
10983,2023-03-19,CU,Cuba,AMRO,60,1112697,0,8530
10984,2023-03-26,CU,Cuba,AMRO,81,1112778,0,8530
10985,2023-04-02,CU,Cuba,AMRO,47,1112825,0,8530
10986,2023-04-09,CU,Cuba,AMRO,28,1112853,0,8530
10987,2023-04-16,CU,Cuba,AMRO,137,1112990,0,8530
10988,2023-04-23,CU,Cuba,AMRO,98,1113088,0,8530
10989,2023-04-30,CU,Cuba,AMRO,0,1113088,0,8530
10990,2023-05-07,CU,Cuba,AMRO,312,1113400,0,8530
10991,2023-05-14,CU,Cuba,AMRO,194,1113594,0,8530
10992,2023-05-21,CU,Cuba,AMRO,236,1113830,0,8530
10993,2023-05-28,CU,Cuba,AMRO,249,1114079,0,8530
10994,2023-06-04,CU,Cuba,AMRO,215,1114294,0,8530
10995,2023-06-11,CU,Cuba,AMRO,166,1114460,0,8530
10996,2023-06-18,CU,Cuba,AMRO,149,1114609,0,8530
10997,2023-06-25,CU,Cuba,AMRO,106,1114715,0,8530
10998,2023-07-02,CU,Cuba,AMRO,108,1114823,0,8530
10999,2023-07-09,CU,Cuba,AMRO,78,1114901,0,8530
11000,2023-07-16,CU,Cuba,AMRO,48,1114949,0,8530
11001,2023-07-23,CU,Cuba,AMRO,40,1114989,0,8530
11002,2023-07-30,CU,Cuba,AMRO,27,1115016,0,8530
11003,2023-08-06,CU,Cuba,AMRO,12,1115028,0,8530
11004,2023-08-13,CU,Cuba,AMRO,15,1115043,0,8530
11005,2023-08-20,CU,Cuba,AMRO,0,1115043,0,8530
11006,2023-08-27,CU,Cuba,AMRO,0,1115043,0,8530
11007,2023-09-03,CU,Cuba,AMRO,0,1115043,0,8530
11008,2023-09-10,CU,Cuba,AMRO,0,1115043,0,8530
11009,2023-09-17,CU,Cuba,AMRO,0,1115043,0,8530
11010,2023-09-24,CU,Cuba,AMRO,0,1115043,0,8530
11011,2023-10-01,CU,Cuba,AMRO,0,1115043,0,8530
11012,2023-10-08,CU,Cuba,AMRO,0,1115043,0,8530
11013,2023-10-15,CU,Cuba,AMRO,0,1115043,0,8530
11014,2023-10-22,CU,Cuba,AMRO,0,1115043,0,8530
11015,2023-10-29,CU,Cuba,AMRO,0,1115043,0,8530
11016,2023-11-05,CU,Cuba,AMRO,0,1115043,0,8530
11017,2023-11-12,CU,Cuba,AMRO,0,1115043,0,8530
11018,2023-11-19,CU,Cuba,AMRO,0,1115043,0,8530
11019,2023-11-26,CU,Cuba,AMRO,0,1115043,0,8530
11020,2023-12-03,CU,Cuba,AMRO,0,1115043,0,8530
11021,2023-12-10,CU,Cuba,AMRO,0,1115043,0,8530
11022,2023-12-17,CU,Cuba,AMRO,0,1115043,0,8530
11023,2023-12-24,CU,Cuba,AMRO,0,1115043,0,8530
11024,2020-01-05,CW,Curaçao,AMRO,0,0,0,0
11025,2020-01-12,CW,Curaçao,AMRO,0,0,0,0
11026,2020-01-19,CW,Curaçao,AMRO,0,0,0,0
11027,2020-01-26,CW,Curaçao,AMRO,0,0,0,0
11028,2020-02-02,CW,Curaçao,AMRO,0,0,0,0
11029,2020-02-09,CW,Curaçao,AMRO,0,0,0,0
11030,2020-02-16,CW,Curaçao,AMRO,0,0,0,0
11031,2020-02-23,CW,Curaçao,AMRO,0,0,0,0
11032,2020-03-01,CW,Curaçao,AMRO,0,0,0,0
11033,2020-03-08,CW,Curaçao,AMRO,0,0,0,0
11034,2020-03-15,CW,Curaçao,AMRO,1,1,0,0
11035,2020-03-22,CW,Curaçao,AMRO,2,3,1,1
11036,2020-03-29,CW,Curaçao,AMRO,4,7,0,1
11037,2020-04-05,CW,Curaçao,AMRO,4,11,0,1
11038,2020-04-12,CW,Curaçao,AMRO,3,14,0,1
11039,2020-04-19,CW,Curaçao,AMRO,0,14,0,1
11040,2020-04-26,CW,Curaçao,AMRO,0,14,0,1
11041,2020-05-03,CW,Curaçao,AMRO,2,16,0,1
11042,2020-05-10,CW,Curaçao,AMRO,0,16,0,1
11043,2020-05-17,CW,Curaçao,AMRO,0,16,0,1
11044,2020-05-24,CW,Curaçao,AMRO,0,16,0,1
11045,2020-05-31,CW,Curaçao,AMRO,4,20,0,1
11046,2020-06-07,CW,Curaçao,AMRO,1,21,0,1
11047,2020-06-14,CW,Curaçao,AMRO,1,22,0,1
11048,2020-06-21,CW,Curaçao,AMRO,1,23,0,1
11049,2020-06-28,CW,Curaçao,AMRO,0,23,0,1
11050,2020-07-05,CW,Curaçao,AMRO,2,25,0,1
11051,2020-07-12,CW,Curaçao,AMRO,0,25,0,1
11052,2020-07-19,CW,Curaçao,AMRO,3,28,0,1
11053,2020-07-26,CW,Curaçao,AMRO,1,29,0,1
11054,2020-08-02,CW,Curaçao,AMRO,0,29,0,1
11055,2020-08-09,CW,Curaçao,AMRO,2,31,0,1
11056,2020-08-16,CW,Curaçao,AMRO,1,32,0,1
11057,2020-08-23,CW,Curaçao,AMRO,5,37,0,1
11058,2020-08-30,CW,Curaçao,AMRO,18,55,0,1
11059,2020-09-06,CW,Curaçao,AMRO,23,78,0,1
11060,2020-09-13,CW,Curaçao,AMRO,57,135,0,1
11061,2020-09-20,CW,Curaçao,AMRO,75,210,0,1
11062,2020-09-27,CW,Curaçao,AMRO,105,315,0,1
11063,2020-10-04,CW,Curaçao,AMRO,84,399,0,1
11064,2020-10-11,CW,Curaçao,AMRO,133,532,0,1
11065,2020-10-18,CW,Curaçao,AMRO,141,673,0,1
11066,2020-10-25,CW,Curaçao,AMRO,130,803,0,1
11067,2020-11-01,CW,Curaçao,AMRO,141,944,0,1
11068,2020-11-08,CW,Curaçao,AMRO,86,1030,1,2
11069,2020-11-15,CW,Curaçao,AMRO,185,1215,0,2
11070,2020-11-22,CW,Curaçao,AMRO,346,1561,1,3
11071,2020-11-29,CW,Curaçao,AMRO,485,2046,0,3
11072,2020-12-06,CW,Curaçao,AMRO,694,2740,4,7
11073,2020-12-13,CW,Curaçao,AMRO,664,3404,1,8
11074,2020-12-20,CW,Curaçao,AMRO,419,3823,3,11
11075,2020-12-27,CW,Curaçao,AMRO,228,4051,1,12
11076,2021-01-03,CW,Curaçao,AMRO,179,4230,2,14
11077,2021-01-10,CW,Curaçao,AMRO,175,4405,4,18
11078,2021-01-17,CW,Curaçao,AMRO,93,4498,1,19
11079,2021-01-24,CW,Curaçao,AMRO,39,4537,1,20
11080,2021-01-31,CW,Curaçao,AMRO,37,4574,0,20
11081,2021-02-07,CW,Curaçao,AMRO,23,4597,1,21
11082,2021-02-14,CW,Curaçao,AMRO,36,4633,1,22
11083,2021-02-21,CW,Curaçao,AMRO,33,4666,0,22
11084,2021-02-28,CW,Curaçao,AMRO,42,4708,0,22
11085,2021-03-07,CW,Curaçao,AMRO,43,4751,0,22
11086,2021-03-14,CW,Curaçao,AMRO,164,4915,0,22
11087,2021-03-21,CW,Curaçao,AMRO,605,5520,1,23
11088,2021-03-28,CW,Curaçao,AMRO,1128,6648,4,27
11089,2021-04-04,CW,Curaçao,AMRO,2186,8834,11,38
11090,2021-04-11,CW,Curaçao,AMRO,1798,10632,22,60
11091,2021-04-18,CW,Curaçao,AMRO,1042,11674,20,80
11092,2021-04-25,CW,Curaçao,AMRO,348,12022,19,99
11093,2021-05-02,CW,Curaçao,AMRO,159,12181,9,108
11094,2021-05-09,CW,Curaçao,AMRO,41,12222,5,113
11095,2021-05-16,CW,Curaçao,AMRO,22,12244,5,118
11096,2021-05-23,CW,Curaçao,AMRO,22,12266,4,122
11097,2021-05-30,CW,Curaçao,AMRO,5,12271,0,122
11098,2021-06-06,CW,Curaçao,AMRO,5,12276,0,122
11099,2021-06-13,CW,Curaçao,AMRO,15,12291,1,123
11100,2021-06-20,CW,Curaçao,AMRO,17,12308,0,123
11101,2021-06-27,CW,Curaçao,AMRO,19,12327,3,126
11102,2021-07-04,CW,Curaçao,AMRO,16,12343,0,126
11103,2021-07-11,CW,Curaçao,AMRO,21,12364,0,126
11104,2021-07-18,CW,Curaçao,AMRO,173,12537,0,126
11105,2021-07-25,CW,Curaçao,AMRO,501,13038,0,126
11106,2021-08-01,CW,Curaçao,AMRO,455,13493,0,126
11107,2021-08-08,CW,Curaçao,AMRO,414,13907,4,130
11108,2021-08-15,CW,Curaçao,AMRO,489,14396,2,132
11109,2021-08-22,CW,Curaçao,AMRO,406,14802,4,136
11110,2021-08-29,CW,Curaçao,AMRO,332,15134,6,142
11111,2021-09-05,CW,Curaçao,AMRO,245,15379,5,147
11112,2021-09-12,CW,Curaçao,AMRO,217,15596,6,153
11113,2021-09-19,CW,Curaçao,AMRO,329,15925,2,155
11114,2021-09-26,CW,Curaçao,AMRO,329,16254,3,158
11115,2021-10-03,CW,Curaçao,AMRO,246,16500,5,163
11116,2021-10-10,CW,Curaçao,AMRO,204,16704,5,168
11117,2021-10-17,CW,Curaçao,AMRO,181,16885,1,169
11118,2021-10-24,CW,Curaçao,AMRO,99,16984,3,172
11119,2021-10-31,CW,Curaçao,AMRO,69,17053,2,174
11120,2021-11-07,CW,Curaçao,AMRO,58,17111,1,175
11121,2021-11-14,CW,Curaçao,AMRO,76,17187,0,175
11122,2021-11-21,CW,Curaçao,AMRO,83,17270,0,175
11123,2021-11-28,CW,Curaçao,AMRO,104,17374,3,178
11124,2021-12-05,CW,Curaçao,AMRO,66,17440,1,179
11125,2021-12-12,CW,Curaçao,AMRO,100,17540,1,180
11126,2021-12-19,CW,Curaçao,AMRO,153,17693,3,183
11127,2021-12-26,CW,Curaçao,AMRO,606,18299,3,186
11128,2022-01-02,CW,Curaçao,AMRO,2411,20710,3,189
11129,2022-01-09,CW,Curaçao,AMRO,5278,25988,2,191
11130,2022-01-16,CW,Curaçao,AMRO,5941,31929,8,199
11131,2022-01-23,CW,Curaçao,AMRO,3378,35307,11,210
11132,2022-01-30,CW,Curaçao,AMRO,1415,36722,15,225
11133,2022-02-06,CW,Curaçao,AMRO,804,37526,17,242
11134,2022-02-13,CW,Curaçao,AMRO,646,38172,7,249
11135,2022-02-20,CW,Curaçao,AMRO,436,38608,11,260
11136,2022-02-27,CW,Curaçao,AMRO,259,38867,1,261
11137,2022-03-06,CW,Curaçao,AMRO,216,39083,0,261
11138,2022-03-13,CW,Curaçao,AMRO,102,39185,3,264
11139,2022-03-20,CW,Curaçao,AMRO,375,39560,1,265
11140,2022-03-27,CW,Curaçao,AMRO,293,39853,0,265
11141,2022-04-03,CW,Curaçao,AMRO,493,40346,2,267
11142,2022-04-10,CW,Curaçao,AMRO,456,40802,0,267
11143,2022-04-17,CW,Curaçao,AMRO,504,41306,4,271
11144,2022-04-24,CW,Curaçao,AMRO,423,41729,0,271
11145,2022-05-01,CW,Curaçao,AMRO,306,42035,2,273
11146,2022-05-08,CW,Curaçao,AMRO,295,42330,1,274
11147,2022-05-15,CW,Curaçao,AMRO,344,42674,1,275
11148,2022-05-22,CW,Curaçao,AMRO,475,43149,1,276
11149,2022-05-29,CW,Curaçao,AMRO,473,43622,1,277
11150,2022-06-05,CW,Curaçao,AMRO,331,43953,0,277
11151,2022-06-12,CW,Curaçao,AMRO,174,44127,0,277
11152,2022-06-19,CW,Curaçao,AMRO,187,44314,1,278
11153,2022-06-26,CW,Curaçao,AMRO,126,44440,0,278
11154,2022-07-03,CW,Curaçao,AMRO,105,44545,0,278
11155,2022-07-10,CW,Curaçao,AMRO,117,44662,0,278
11156,2022-07-17,CW,Curaçao,AMRO,120,44782,2,280
11157,2022-07-24,CW,Curaçao,AMRO,150,44932,2,282
11158,2022-07-31,CW,Curaçao,AMRO,131,45063,0,282
11159,2022-08-07,CW,Curaçao,AMRO,0,45063,0,282
11160,2022-08-14,CW,Curaçao,AMRO,146,45209,1,283
11161,2022-08-21,CW,Curaçao,AMRO,34,45243,2,285
11162,2022-08-28,CW,Curaçao,AMRO,34,45277,1,286
11163,2022-09-04,CW,Curaçao,AMRO,25,45302,1,287
11164,2022-09-11,CW,Curaçao,AMRO,16,45318,0,287
11165,2022-09-18,CW,Curaçao,AMRO,27,45345,0,287
11166,2022-09-25,CW,Curaçao,AMRO,12,45357,0,287
11167,2022-10-02,CW,Curaçao,AMRO,11,45368,0,287
11168,2022-10-09,CW,Curaçao,AMRO,22,45390,0,287
11169,2022-10-16,CW,Curaçao,AMRO,16,45406,2,289
11170,2022-10-23,CW,Curaçao,AMRO,28,45434,0,289
11171,2022-10-30,CW,Curaçao,AMRO,33,45467,1,290
11172,2022-11-06,CW,Curaçao,AMRO,22,45489,3,293
11173,2022-11-13,CW,Curaçao,AMRO,18,45507,0,293
11174,2022-11-20,CW,Curaçao,AMRO,29,45536,1,294
11175,2022-11-27,CW,Curaçao,AMRO,23,45559,1,295
11176,2022-12-04,CW,Curaçao,AMRO,27,45586,0,295
11177,2022-12-11,CW,Curaçao,AMRO,44,45630,2,297
11178,2022-12-18,CW,Curaçao,AMRO,39,45669,1,298
11179,2022-12-25,CW,Curaçao,AMRO,38,45707,1,299
11180,2023-01-01,CW,Curaçao,AMRO,13,45720,0,299
11181,2023-01-08,CW,Curaçao,AMRO,14,45734,0,299
11182,2023-01-15,CW,Curaçao,AMRO,11,45745,0,299
11183,2023-01-22,CW,Curaçao,AMRO,21,45766,2,301
11184,2023-01-29,CW,Curaçao,AMRO,7,45773,0,301
11185,2023-02-05,CW,Curaçao,AMRO,0,45773,0,301
11186,2023-02-12,CW,Curaçao,AMRO,7,45780,0,301
11187,2023-02-19,CW,Curaçao,AMRO,1,45781,0,301
11188,2023-02-26,CW,Curaçao,AMRO,5,45786,0,301
11189,2023-03-05,CW,Curaçao,AMRO,0,45786,0,301
11190,2023-03-12,CW,Curaçao,AMRO,1,45787,0,301
11191,2023-03-19,CW,Curaçao,AMRO,2,45789,0,301
11192,2023-03-26,CW,Curaçao,AMRO,4,45793,0,301
11193,2023-04-02,CW,Curaçao,AMRO,5,45798,0,301
11194,2023-04-09,CW,Curaçao,AMRO,0,45798,0,301
11195,2023-04-16,CW,Curaçao,AMRO,0,45798,0,301
11196,2023-04-23,CW,Curaçao,AMRO,0,45798,0,301
11197,2023-04-30,CW,Curaçao,AMRO,0,45798,0,301
11198,2023-05-07,CW,Curaçao,AMRO,14,45812,1,302
11199,2023-05-14,CW,Curaçao,AMRO,0,45812,0,302
11200,2023-05-21,CW,Curaçao,AMRO,0,45812,0,302
11201,2023-05-28,CW,Curaçao,AMRO,0,45812,0,302
11202,2023-06-04,CW,Curaçao,AMRO,5,45817,0,302
11203,2023-06-11,CW,Curaçao,AMRO,0,45817,0,302
11204,2023-06-18,CW,Curaçao,AMRO,0,45817,0,302
11205,2023-06-25,CW,Curaçao,AMRO,0,45817,0,302
11206,2023-07-02,CW,Curaçao,AMRO,66,45883,3,305
11207,2023-07-09,CW,Curaçao,AMRO,0,45883,0,305
11208,2023-07-16,CW,Curaçao,AMRO,0,45883,0,305
11209,2023-07-23,CW,Curaçao,AMRO,0,45883,0,305
11210,2023-07-30,CW,Curaçao,AMRO,0,45883,0,305
11211,2023-08-06,CW,Curaçao,AMRO,0,45883,0,305
11212,2023-08-13,CW,Curaçao,AMRO,0,45883,0,305
11213,2023-08-20,CW,Curaçao,AMRO,0,45883,0,305
11214,2023-08-27,CW,Curaçao,AMRO,0,45883,0,305
11215,2023-09-03,CW,Curaçao,AMRO,0,45883,0,305
11216,2023-09-10,CW,Curaçao,AMRO,0,45883,0,305
11217,2023-09-17,CW,Curaçao,AMRO,0,45883,0,305
11218,2023-09-24,CW,Curaçao,AMRO,0,45883,0,305
11219,2023-10-01,CW,Curaçao,AMRO,0,45883,0,305
11220,2023-10-08,CW,Curaçao,AMRO,0,45883,0,305
11221,2023-10-15,CW,Curaçao,AMRO,0,45883,0,305
11222,2023-10-22,CW,Curaçao,AMRO,0,45883,0,305
11223,2023-10-29,CW,Curaçao,AMRO,0,45883,0,305
11224,2023-11-05,CW,Curaçao,AMRO,0,45883,0,305
11225,2023-11-12,CW,Curaçao,AMRO,0,45883,0,305
11226,2023-11-19,CW,Curaçao,AMRO,0,45883,0,305
11227,2023-11-26,CW,Curaçao,AMRO,0,45883,0,305
11228,2023-12-03,CW,Curaçao,AMRO,0,45883,0,305
11229,2023-12-10,CW,Curaçao,AMRO,0,45883,0,305
11230,2023-12-17,CW,Curaçao,AMRO,0,45883,0,305
11231,2023-12-24,CW,Curaçao,AMRO,0,45883,0,305
11232,2020-01-05,CY,Cyprus,EURO,0,0,0,0
11233,2020-01-12,CY,Cyprus,EURO,0,0,0,0
11234,2020-01-19,CY,Cyprus,EURO,0,0,0,0
11235,2020-01-26,CY,Cyprus,EURO,0,0,0,0
11236,2020-02-02,CY,Cyprus,EURO,0,0,0,0
11237,2020-02-09,CY,Cyprus,EURO,0,0,0,0
11238,2020-02-16,CY,Cyprus,EURO,0,0,0,0
11239,2020-02-23,CY,Cyprus,EURO,0,0,0,0
11240,2020-03-01,CY,Cyprus,EURO,0,0,0,0
11241,2020-03-08,CY,Cyprus,EURO,0,0,0,0
11242,2020-03-15,CY,Cyprus,EURO,21,21,0,0
11243,2020-03-22,CY,Cyprus,EURO,63,84,0,0
11244,2020-03-29,CY,Cyprus,EURO,95,179,5,5
11245,2020-04-05,CY,Cyprus,EURO,247,426,4,9
11246,2020-04-12,CY,Cyprus,EURO,190,616,1,10
11247,2020-04-19,CY,Cyprus,EURO,145,761,2,12
11248,2020-04-26,CY,Cyprus,EURO,49,810,2,14
11249,2020-05-03,CY,Cyprus,EURO,54,864,1,15
11250,2020-05-10,CY,Cyprus,EURO,28,892,0,15
11251,2020-05-17,CY,Cyprus,EURO,22,914,2,17
11252,2020-05-24,CY,Cyprus,EURO,13,927,0,17
11253,2020-05-31,CY,Cyprus,EURO,16,943,0,17
11254,2020-06-07,CY,Cyprus,EURO,17,960,1,18
11255,2020-06-14,CY,Cyprus,EURO,20,980,0,18
11256,2020-06-21,CY,Cyprus,EURO,5,985,1,19
11257,2020-06-28,CY,Cyprus,EURO,9,994,0,19
11258,2020-07-05,CY,Cyprus,EURO,8,1002,0,19
11259,2020-07-12,CY,Cyprus,EURO,12,1014,0,19
11260,2020-07-19,CY,Cyprus,EURO,23,1037,0,19
11261,2020-07-26,CY,Cyprus,EURO,16,1053,0,19
11262,2020-08-02,CY,Cyprus,EURO,71,1124,0,19
11263,2020-08-09,CY,Cyprus,EURO,109,1233,0,19
11264,2020-08-16,CY,Cyprus,EURO,99,1332,1,20
11265,2020-08-23,CY,Cyprus,EURO,85,1417,1,21
11266,2020-08-30,CY,Cyprus,EURO,66,1483,0,21
11267,2020-09-06,CY,Cyprus,EURO,24,1507,0,21
11268,2020-09-13,CY,Cyprus,EURO,16,1523,0,21
11269,2020-09-20,CY,Cyprus,EURO,57,1580,1,22
11270,2020-09-27,CY,Cyprus,EURO,104,1684,0,22
11271,2020-10-04,CY,Cyprus,EURO,127,1811,0,22
11272,2020-10-11,CY,Cyprus,EURO,175,1986,3,25
11273,2020-10-18,CY,Cyprus,EURO,393,2379,0,25
11274,2020-10-25,CY,Cyprus,EURO,1065,3444,0,25
11275,2020-11-01,CY,Cyprus,EURO,922,4366,1,26
11276,2020-11-08,CY,Cyprus,EURO,1505,5871,1,27
11277,2020-11-15,CY,Cyprus,EURO,1180,7051,12,39
11278,2020-11-22,CY,Cyprus,EURO,1405,8456,4,43
11279,2020-11-29,CY,Cyprus,EURO,1775,10231,5,48
11280,2020-12-06,CY,Cyprus,EURO,1951,12182,12,60
11281,2020-12-13,CY,Cyprus,EURO,2619,14801,19,79
11282,2020-12-20,CY,Cyprus,EURO,2676,17477,13,92
11283,2020-12-27,CY,Cyprus,EURO,1915,19392,22,114
11284,2021-01-03,CY,Cyprus,EURO,4511,23903,18,132
11285,2021-01-10,CY,Cyprus,EURO,3566,27469,18,150
11286,2021-01-17,CY,Cyprus,EURO,1800,29269,20,170
11287,2021-01-24,CY,Cyprus,EURO,1076,30345,16,186
11288,2021-01-31,CY,Cyprus,EURO,883,31228,14,200
11289,2021-02-07,CY,Cyprus,EURO,928,32156,14,214
11290,2021-02-14,CY,Cyprus,EURO,746,32902,11,225
11291,2021-02-21,CY,Cyprus,EURO,763,33665,9,234
11292,2021-02-28,CY,Cyprus,EURO,1271,34936,2,236
11293,2021-03-07,CY,Cyprus,EURO,2315,37251,1,237
11294,2021-03-14,CY,Cyprus,EURO,2702,39953,6,243
11295,2021-03-21,CY,Cyprus,EURO,2605,42558,4,247
11296,2021-03-28,CY,Cyprus,EURO,2423,44981,8,255
11297,2021-04-04,CY,Cyprus,EURO,3271,48252,11,266
11298,2021-04-11,CY,Cyprus,EURO,3753,52005,11,277
11299,2021-04-18,CY,Cyprus,EURO,4372,56377,18,295
11300,2021-04-25,CY,Cyprus,EURO,6169,62546,10,305
11301,2021-05-02,CY,Cyprus,EURO,4903,67449,15,320
11302,2021-05-09,CY,Cyprus,EURO,2791,70240,21,341
11303,2021-05-16,CY,Cyprus,EURO,1736,71976,12,353
11304,2021-05-23,CY,Cyprus,EURO,937,72913,8,361
11305,2021-05-30,CY,Cyprus,EURO,527,73440,7,368
11306,2021-06-06,CY,Cyprus,EURO,432,73872,3,371
11307,2021-06-13,CY,Cyprus,EURO,407,74279,10,381
11308,2021-06-20,CY,Cyprus,EURO,425,74704,1,382
11309,2021-06-27,CY,Cyprus,EURO,987,75691,0,382
11310,2021-07-04,CY,Cyprus,EURO,3262,78953,0,382
11311,2021-07-11,CY,Cyprus,EURO,5978,84931,6,388
11312,2021-07-18,CY,Cyprus,EURO,6915,91846,5,393
11313,2021-07-25,CY,Cyprus,EURO,6653,98499,15,408
11314,2021-08-01,CY,Cyprus,EURO,5170,103669,24,432
11315,2021-08-08,CY,Cyprus,EURO,3647,107316,18,450
11316,2021-08-15,CY,Cyprus,EURO,3114,110430,23,473
11317,2021-08-22,CY,Cyprus,EURO,2433,112863,23,496
11318,2021-08-29,CY,Cyprus,EURO,1929,114792,22,518
11319,2021-09-05,CY,Cyprus,EURO,1830,116622,18,536
11320,2021-09-12,CY,Cyprus,EURO,1210,117832,15,551
11321,2021-09-19,CY,Cyprus,EURO,1032,118864,10,561
11322,2021-09-26,CY,Cyprus,EURO,826,119690,5,566
11323,2021-10-03,CY,Cyprus,EURO,726,120416,3,569
11324,2021-10-10,CY,Cyprus,EURO,855,121271,4,573
11325,2021-10-17,CY,Cyprus,EURO,993,122264,5,578
11326,2021-10-24,CY,Cyprus,EURO,1005,123269,7,585
11327,2021-10-31,CY,Cyprus,EURO,1064,124333,7,592
11328,2021-11-07,CY,Cyprus,EURO,1482,125815,2,594
11329,2021-11-14,CY,Cyprus,EURO,1663,127478,2,596
11330,2021-11-21,CY,Cyprus,EURO,2410,129888,2,598
11331,2021-11-28,CY,Cyprus,EURO,3049,132937,2,600
11332,2021-12-05,CY,Cyprus,EURO,3588,136525,9,609
11333,2021-12-12,CY,Cyprus,EURO,3933,140458,7,616
11334,2021-12-19,CY,Cyprus,EURO,4255,144713,11,627
11335,2021-12-26,CY,Cyprus,EURO,5135,149848,10,637
11336,2022-01-02,CY,Cyprus,EURO,17631,167479,11,648
11337,2022-01-09,CY,Cyprus,EURO,25723,193202,16,664
11338,2022-01-16,CY,Cyprus,EURO,22407,215609,21,685
11339,2022-01-23,CY,Cyprus,EURO,15773,231382,39,724
11340,2022-01-30,CY,Cyprus,EURO,16980,248362,24,748
11341,2022-02-06,CY,Cyprus,EURO,20295,268657,13,761
11342,2022-02-13,CY,Cyprus,EURO,18231,286888,32,793
11343,2022-02-20,CY,Cyprus,EURO,16440,303328,43,836
11344,2022-02-27,CY,Cyprus,EURO,14348,317676,34,870
11345,2022-03-06,CY,Cyprus,EURO,13832,331508,20,890
11346,2022-03-13,CY,Cyprus,EURO,19180,350688,24,914
11347,2022-03-20,CY,Cyprus,EURO,22970,373658,16,930
11348,2022-03-27,CY,Cyprus,EURO,31886,405544,16,946
11349,2022-04-03,CY,Cyprus,EURO,31405,436949,13,959
11350,2022-04-10,CY,Cyprus,EURO,19015,455964,16,975
11351,2022-04-17,CY,Cyprus,EURO,8240,464204,13,988
11352,2022-04-24,CY,Cyprus,EURO,6115,470319,18,1006
11353,2022-05-01,CY,Cyprus,EURO,9901,480220,9,1015
11354,2022-05-08,CY,Cyprus,EURO,3444,483664,12,1027
11355,2022-05-15,CY,Cyprus,EURO,2422,486086,24,1051
11356,2022-05-22,CY,Cyprus,EURO,2103,488189,6,1057
11357,2022-05-29,CY,Cyprus,EURO,1774,489963,2,1059
11358,2022-06-05,CY,Cyprus,EURO,1814,491777,8,1067
11359,2022-06-12,CY,Cyprus,EURO,2207,493984,1,1068
11360,2022-06-19,CY,Cyprus,EURO,3470,497454,2,1070
11361,2022-06-26,CY,Cyprus,EURO,7263,504717,2,1072
11362,2022-07-03,CY,Cyprus,EURO,10879,515596,3,1075
11363,2022-07-10,CY,Cyprus,EURO,14914,530510,4,1079
11364,2022-07-17,CY,Cyprus,EURO,15386,545896,7,1086
11365,2022-07-24,CY,Cyprus,EURO,10152,556048,13,1099
11366,2022-07-31,CY,Cyprus,EURO,6863,562911,16,1115
11367,2022-08-07,CY,Cyprus,EURO,5472,568383,28,1143
11368,2022-08-14,CY,Cyprus,EURO,3611,571994,6,1149
11369,2022-08-21,CY,Cyprus,EURO,2130,574124,3,1152
11370,2022-08-28,CY,Cyprus,EURO,2154,576278,16,1168
11371,2022-09-04,CY,Cyprus,EURO,1752,578030,4,1172
11372,2022-09-11,CY,Cyprus,EURO,1869,579899,1,1173
11373,2022-09-18,CY,Cyprus,EURO,2482,582381,5,1178
11374,2022-09-25,CY,Cyprus,EURO,2932,585313,2,1180
11375,2022-10-02,CY,Cyprus,EURO,2681,587994,2,1182
11376,2022-10-09,CY,Cyprus,EURO,2789,590783,5,1187
11377,2022-10-16,CY,Cyprus,EURO,2759,593542,2,1189
11378,2022-10-23,CY,Cyprus,EURO,2755,596297,2,1191
11379,2022-10-30,CY,Cyprus,EURO,2821,599118,3,1194
11380,2022-11-06,CY,Cyprus,EURO,3544,602662,6,1200
11381,2022-11-13,CY,Cyprus,EURO,3625,606287,10,1210
11382,2022-11-20,CY,Cyprus,EURO,3736,610023,8,1218
11383,2022-11-27,CY,Cyprus,EURO,4214,614237,8,1226
11384,2022-12-04,CY,Cyprus,EURO,4011,618248,11,1237
11385,2022-12-11,CY,Cyprus,EURO,3854,622102,5,1242
11386,2022-12-18,CY,Cyprus,EURO,3460,625562,8,1250
11387,2022-12-25,CY,Cyprus,EURO,2947,628509,5,1255
11388,2023-01-01,CY,Cyprus,EURO,2602,631111,3,1258
11389,2023-01-08,CY,Cyprus,EURO,3598,634709,4,1262
11390,2023-01-15,CY,Cyprus,EURO,3353,638062,8,1270
11391,2023-01-22,CY,Cyprus,EURO,2667,640729,10,1280
11392,2023-01-29,CY,Cyprus,EURO,1934,642663,7,1287
11393,2023-02-05,CY,Cyprus,EURO,1497,644160,4,1291
11394,2023-02-12,CY,Cyprus,EURO,1355,645515,2,1293
11395,2023-02-19,CY,Cyprus,EURO,1516,647031,4,1297
11396,2023-02-26,CY,Cyprus,EURO,2062,649093,8,1305
11397,2023-03-05,CY,Cyprus,EURO,1592,650685,25,1330
11398,2023-03-12,CY,Cyprus,EURO,1701,652386,5,1335
11399,2023-03-19,CY,Cyprus,EURO,1281,653667,6,1341
11400,2023-03-26,CY,Cyprus,EURO,1047,654714,4,1345
11401,2023-04-02,CY,Cyprus,EURO,950,655664,4,1349
11402,2023-04-09,CY,Cyprus,EURO,1240,656904,1,1350
11403,2023-04-16,CY,Cyprus,EURO,0,656904,0,1350
11404,2023-04-23,CY,Cyprus,EURO,1546,658450,4,1354
11405,2023-04-30,CY,Cyprus,EURO,0,658450,0,1354
11406,2023-05-07,CY,Cyprus,EURO,2404,660854,10,1364
11407,2023-05-14,CY,Cyprus,EURO,0,660854,0,1364
11408,2023-05-21,CY,Cyprus,EURO,0,660854,0,1364
11409,2023-05-28,CY,Cyprus,EURO,0,660854,0,1364
11410,2023-06-04,CY,Cyprus,EURO,0,660854,0,1364
11411,2023-06-11,CY,Cyprus,EURO,0,660854,0,1364
11412,2023-06-18,CY,Cyprus,EURO,0,660854,0,1364
11413,2023-06-25,CY,Cyprus,EURO,0,660854,0,1364
11414,2023-07-02,CY,Cyprus,EURO,0,660854,0,1364
11415,2023-07-09,CY,Cyprus,EURO,0,660854,0,1364
11416,2023-07-16,CY,Cyprus,EURO,0,660854,0,1364
11417,2023-07-23,CY,Cyprus,EURO,0,660854,0,1364
11418,2023-07-30,CY,Cyprus,EURO,0,660854,0,1364
11419,2023-08-06,CY,Cyprus,EURO,0,660854,0,1364
11420,2023-08-13,CY,Cyprus,EURO,0,660854,0,1364
11421,2023-08-20,CY,Cyprus,EURO,0,660854,0,1364
11422,2023-08-27,CY,Cyprus,EURO,0,660854,0,1364
11423,2023-09-03,CY,Cyprus,EURO,0,660854,0,1364
11424,2023-09-10,CY,Cyprus,EURO,0,660854,0,1364
11425,2023-09-17,CY,Cyprus,EURO,0,660854,0,1364
11426,2023-09-24,CY,Cyprus,EURO,0,660854,0,1364
11427,2023-10-01,CY,Cyprus,EURO,0,660854,0,1364
11428,2023-10-08,CY,Cyprus,EURO,0,660854,0,1364
11429,2023-10-15,CY,Cyprus,EURO,0,660854,0,1364
11430,2023-10-22,CY,Cyprus,EURO,0,660854,0,1364
11431,2023-10-29,CY,Cyprus,EURO,0,660854,0,1364
11432,2023-11-05,CY,Cyprus,EURO,0,660854,0,1364
11433,2023-11-12,CY,Cyprus,EURO,0,660854,0,1364
11434,2023-11-19,CY,Cyprus,EURO,0,660854,0,1364
11435,2023-11-26,CY,Cyprus,EURO,0,660854,0,1364
11436,2023-12-03,CY,Cyprus,EURO,0,660854,0,1364
11437,2023-12-10,CY,Cyprus,EURO,0,660854,0,1364
11438,2023-12-17,CY,Cyprus,EURO,0,660854,0,1364
11439,2023-12-24,CY,Cyprus,EURO,0,660854,0,1364
11440,2020-01-05,CZ,Czechia,EURO,0,0,0,0
11441,2020-01-12,CZ,Czechia,EURO,0,0,0,0
11442,2020-01-19,CZ,Czechia,EURO,0,0,0,0
11443,2020-01-26,CZ,Czechia,EURO,0,0,0,0
11444,2020-02-02,CZ,Czechia,EURO,0,0,0,0
11445,2020-02-09,CZ,Czechia,EURO,0,0,0,0
11446,2020-02-16,CZ,Czechia,EURO,0,0,0,0
11447,2020-02-23,CZ,Czechia,EURO,0,0,0,0
11448,2020-03-01,CZ,Czechia,EURO,0,0,0,0
11449,2020-03-08,CZ,Czechia,EURO,27,27,0,0
11450,2020-03-15,CZ,Czechia,EURO,163,190,0,0
11451,2020-03-22,CZ,Czechia,EURO,869,1059,0,0
11452,2020-03-29,CZ,Czechia,EURO,1624,2683,17,17
11453,2020-04-05,CZ,Czechia,EURO,1821,4504,49,66
11454,2020-04-12,CZ,Czechia,EURO,1438,5942,70,136
11455,2020-04-19,CZ,Czechia,EURO,754,6696,44,180
11456,2020-04-26,CZ,Czechia,EURO,701,7397,42,222
11457,2020-05-03,CZ,Czechia,EURO,412,7809,29,251
11458,2020-05-10,CZ,Czechia,EURO,344,8153,26,277
11459,2020-05-17,CZ,Czechia,EURO,372,8525,18,295
11460,2020-05-24,CZ,Czechia,EURO,448,8973,18,313
11461,2020-05-31,CZ,Czechia,EURO,346,9319,5,318
11462,2020-06-07,CZ,Czechia,EURO,351,9670,7,325
11463,2020-06-14,CZ,Czechia,EURO,429,10099,5,330
11464,2020-06-21,CZ,Czechia,EURO,460,10559,8,338
11465,2020-06-28,CZ,Czechia,EURO,853,11412,8,346
11466,2020-07-05,CZ,Czechia,EURO,1142,12554,4,350
11467,2020-07-12,CZ,Czechia,EURO,678,13232,4,354
11468,2020-07-19,CZ,Czechia,EURO,748,13980,6,360
11469,2020-07-26,CZ,Czechia,EURO,1353,15333,11,371
11470,2020-08-02,CZ,Czechia,EURO,1476,16809,13,384
11471,2020-08-09,CZ,Czechia,EURO,1549,18358,8,392
11472,2020-08-16,CZ,Czechia,EURO,1664,20022,8,400
11473,2020-08-23,CZ,Czechia,EURO,1895,21917,15,415
11474,2020-08-30,CZ,Czechia,EURO,2315,24232,10,425
11475,2020-09-06,CZ,Czechia,EURO,3658,27890,15,440
11476,2020-09-13,CZ,Czechia,EURO,7660,35550,27,467
11477,2020-09-20,CZ,Czechia,EURO,12920,48470,55,522
11478,2020-09-27,CZ,Czechia,EURO,15008,63478,89,611
11479,2020-10-04,CZ,Czechia,EURO,17352,80830,127,738
11480,2020-10-11,CZ,Czechia,EURO,33458,114288,293,1031
11481,2020-10-18,CZ,Czechia,EURO,54911,169199,457,1488
11482,2020-10-25,CZ,Czechia,EURO,82219,251418,826,2314
11483,2020-11-01,CZ,Czechia,EURO,84751,336169,1290,3604
11484,2020-11-08,CZ,Czechia,EURO,76531,412700,1552,5156
11485,2020-11-15,CZ,Czechia,EURO,47391,460091,1331,6487
11486,2020-11-22,CZ,Czechia,EURO,32810,492901,1001,7488
11487,2020-11-29,CZ,Czechia,EURO,28065,520966,899,8387
11488,2020-12-06,CZ,Czechia,EURO,27269,548235,760,9147
11489,2020-12-13,CZ,Czechia,EURO,33579,581814,680,9827
11490,2020-12-20,CZ,Czechia,EURO,45475,627289,779,10606
11491,2020-12-27,CZ,Czechia,EURO,47773,675062,761,11367
11492,2021-01-03,CZ,Czechia,EURO,70541,745603,954,12321
11493,2021-01-10,CZ,Czechia,EURO,92118,837721,1187,13508
11494,2021-01-17,CZ,Czechia,EURO,58893,896614,1190,14698
11495,2021-01-24,CZ,Czechia,EURO,49125,945739,1054,15752
11496,2021-01-31,CZ,Czechia,EURO,47939,993678,1002,16754
11497,2021-02-07,CZ,Czechia,EURO,50871,1044549,910,17664
11498,2021-02-14,CZ,Czechia,EURO,53838,1098387,930,18594
11499,2021-02-21,CZ,Czechia,EURO,65983,1164370,1092,19686
11500,2021-02-28,CZ,Czechia,EURO,83422,1247792,1173,20859
11501,2021-03-07,CZ,Czechia,EURO,87158,1334950,1398,22257
11502,2021-03-14,CZ,Czechia,EURO,79038,1413988,1523,23780
11503,2021-03-21,CZ,Czechia,EURO,67088,1481076,1459,25239
11504,2021-03-28,CZ,Czechia,EURO,51053,1532129,1280,26519
11505,2021-04-04,CZ,Czechia,EURO,37537,1569666,1007,27526
11506,2021-04-11,CZ,Czechia,EURO,28894,1598560,847,28373
11507,2021-04-18,CZ,Czechia,EURO,22178,1620738,587,28960
11508,2021-04-25,CZ,Czechia,EURO,17828,1638566,445,29405
11509,2021-05-02,CZ,Czechia,EURO,15073,1653639,358,29763
11510,2021-05-09,CZ,Czechia,EURO,11224,1664863,263,30026
11511,2021-05-16,CZ,Czechia,EURO,7982,1672845,190,30216
11512,2021-05-23,CZ,Czechia,EURO,5241,1678086,108,30324
11513,2021-05-30,CZ,Czechia,EURO,3400,1681486,67,30391
11514,2021-06-06,CZ,Czechia,EURO,2461,1683947,39,30430
11515,2021-06-13,CZ,Czechia,EURO,1542,1685489,28,30458
11516,2021-06-20,CZ,Czechia,EURO,978,1686467,16,30474
11517,2021-06-27,CZ,Czechia,EURO,732,1687199,12,30486
11518,2021-07-04,CZ,Czechia,EURO,1020,1688219,5,30491
11519,2021-07-11,CZ,Czechia,EURO,1393,1689612,3,30494
11520,2021-07-18,CZ,Czechia,EURO,1700,1691312,4,30498
11521,2021-07-25,CZ,Czechia,EURO,1459,1692771,4,30502
11522,2021-08-01,CZ,Czechia,EURO,1252,1694023,2,30504
11523,2021-08-08,CZ,Czechia,EURO,1216,1695239,6,30510
11524,2021-08-15,CZ,Czechia,EURO,1356,1696595,2,30512
11525,2021-08-22,CZ,Czechia,EURO,1322,1697917,13,30525
11526,2021-08-29,CZ,Czechia,EURO,1395,1699312,7,30532
11527,2021-09-05,CZ,Czechia,EURO,1741,1701053,3,30535
11528,2021-09-12,CZ,Czechia,EURO,2674,1703727,6,30541
11529,2021-09-19,CZ,Czechia,EURO,3104,1706831,16,30557
11530,2021-09-26,CZ,Czechia,EURO,3340,1710171,15,30572
11531,2021-10-03,CZ,Czechia,EURO,4525,1714696,11,30583
11532,2021-10-10,CZ,Czechia,EURO,6141,1720837,26,30609
11533,2021-10-17,CZ,Czechia,EURO,9397,1730234,47,30656
11534,2021-10-24,CZ,Czechia,EURO,21024,1751258,79,30735
11535,2021-10-31,CZ,Czechia,EURO,34304,1785562,156,30891
11536,2021-11-07,CZ,Czechia,EURO,54713,1840275,298,31189
11537,2021-11-14,CZ,Czechia,EURO,76286,1916561,441,31630
11538,2021-11-21,CZ,Czechia,EURO,107749,2024310,642,32272
11539,2021-11-28,CZ,Czechia,EURO,131080,2155390,768,33040
11540,2021-12-05,CZ,Czechia,EURO,120518,2275908,848,33888
11541,2021-12-12,CZ,Czechia,EURO,95994,2371902,798,34686
11542,2021-12-19,CZ,Czechia,EURO,70819,2442721,775,35461
11543,2021-12-26,CZ,Czechia,EURO,43730,2486451,527,35988
11544,2022-01-02,CZ,Czechia,EURO,37317,2523768,448,36436
11545,2022-01-09,CZ,Czechia,EURO,49854,2573622,361,36797
11546,2022-01-16,CZ,Czechia,EURO,76148,2649770,239,37036
11547,2022-01-23,CZ,Czechia,EURO,174118,2823888,175,37211
11548,2022-01-30,CZ,Czechia,EURO,279661,3103549,157,37368
11549,2022-02-06,CZ,Czechia,EURO,286572,3390121,289,37657
11550,2022-02-13,CZ,Czechia,EURO,189772,3579893,388,38045
11551,2022-02-20,CZ,Czechia,EURO,129271,3709164,377,38422
11552,2022-02-27,CZ,Czechia,EURO,80424,3789588,357,38779
11553,2022-03-06,CZ,Czechia,EURO,65371,3854959,300,39079
11554,2022-03-13,CZ,Czechia,EURO,63916,3918875,219,39298
11555,2022-03-20,CZ,Czechia,EURO,64737,3983612,192,39490
11556,2022-03-27,CZ,Czechia,EURO,59392,4043004,194,39684
11557,2022-04-03,CZ,Czechia,EURO,50470,4093474,154,39838
11558,2022-04-10,CZ,Czechia,EURO,37781,4131255,172,40010
11559,2022-04-17,CZ,Czechia,EURO,23016,4154271,92,40102
11560,2022-04-24,CZ,Czechia,EURO,16520,4170791,91,40193
11561,2022-05-01,CZ,Czechia,EURO,12147,4182938,77,40270
11562,2022-05-08,CZ,Czechia,EURO,8010,4190948,57,40327
11563,2022-05-15,CZ,Czechia,EURO,4219,4195167,25,40352
11564,2022-05-22,CZ,Czechia,EURO,2686,4197853,15,40367
11565,2022-05-29,CZ,Czechia,EURO,1896,4199749,11,40378
11566,2022-06-05,CZ,Czechia,EURO,1706,4201455,7,40385
11567,2022-06-12,CZ,Czechia,EURO,2275,4203730,8,40393
11568,2022-06-19,CZ,Czechia,EURO,2945,4206675,4,40397
11569,2022-06-26,CZ,Czechia,EURO,4645,4211320,3,40400
11570,2022-07-03,CZ,Czechia,EURO,8243,4219563,10,40410
11571,2022-07-10,CZ,Czechia,EURO,7976,4227539,20,40430
11572,2022-07-17,CZ,Czechia,EURO,14675,4242214,22,40452
11573,2022-07-24,CZ,Czechia,EURO,21407,4263621,43,40495
11574,2022-07-31,CZ,Czechia,EURO,22707,4286328,86,40581
11575,2022-08-07,CZ,Czechia,EURO,20552,4306880,102,40683
11576,2022-08-14,CZ,Czechia,EURO,17817,4324697,83,40766
11577,2022-08-21,CZ,Czechia,EURO,18267,4342964,87,40853
11578,2022-08-28,CZ,Czechia,EURO,15470,4358434,62,40915
11579,2022-09-04,CZ,Czechia,EURO,16021,4374455,45,40960
11580,2022-09-11,CZ,Czechia,EURO,18605,4393060,56,41016
11581,2022-09-18,CZ,Czechia,EURO,22160,4415220,52,41068
11582,2022-09-25,CZ,Czechia,EURO,24278,4439498,65,41133
11583,2022-10-02,CZ,Czechia,EURO,26213,4465711,100,41233
11584,2022-10-09,CZ,Czechia,EURO,26201,4491912,123,41356
11585,2022-10-16,CZ,Czechia,EURO,19903,4511815,142,41498
11586,2022-10-23,CZ,Czechia,EURO,14417,4526232,97,41595
11587,2022-10-30,CZ,Czechia,EURO,8162,4534394,79,41674
11588,2022-11-06,CZ,Czechia,EURO,7155,4541549,63,41737
11589,2022-11-13,CZ,Czechia,EURO,5214,4546763,62,41799
11590,2022-11-20,CZ,Czechia,EURO,4122,4550885,39,41838
11591,2022-11-27,CZ,Czechia,EURO,4863,4555748,41,41879
11592,2022-12-04,CZ,Czechia,EURO,5617,4561365,43,41922
11593,2022-12-11,CZ,Czechia,EURO,6162,4567527,54,41976
11594,2022-12-18,CZ,Czechia,EURO,5531,4573058,54,42030
11595,2022-12-25,CZ,Czechia,EURO,4468,4577526,69,42099
11596,2023-01-01,CZ,Czechia,EURO,2728,4580254,67,42166
11597,2023-01-08,CZ,Czechia,EURO,2915,4583169,62,42228
11598,2023-01-15,CZ,Czechia,EURO,1955,4585124,39,42267
11599,2023-01-22,CZ,Czechia,EURO,1813,4586937,32,42299
11600,2023-01-29,CZ,Czechia,EURO,1964,4588901,16,42315
11601,2023-02-05,CZ,Czechia,EURO,2720,4591621,22,42337
11602,2023-02-12,CZ,Czechia,EURO,3823,4595444,24,42361
11603,2023-02-19,CZ,Czechia,EURO,5723,4601167,35,42396
11604,2023-02-26,CZ,Czechia,EURO,6972,4608139,48,42444
11605,2023-03-05,CZ,Czechia,EURO,6012,4614151,43,42487
11606,2023-03-12,CZ,Czechia,EURO,6289,4620440,36,42523
11607,2023-03-19,CZ,Czechia,EURO,5728,4626168,57,42580
11608,2023-03-26,CZ,Czechia,EURO,4673,4630841,56,42636
11609,2023-04-02,CZ,Czechia,EURO,3359,4634200,46,42682
11610,2023-04-09,CZ,Czechia,EURO,2070,4636270,28,42710
11611,2023-04-16,CZ,Czechia,EURO,1768,4638038,23,42733
11612,2023-04-23,CZ,Czechia,EURO,1406,4639444,22,42755
11613,2023-04-30,CZ,Czechia,EURO,967,4640411,16,42771
11614,2023-05-07,CZ,Czechia,EURO,558,4640969,12,42783
11615,2023-05-14,CZ,Czechia,EURO,453,4641422,11,42794
11616,2023-05-21,CZ,Czechia,EURO,350,4641772,6,42800
11617,2023-05-28,CZ,Czechia,EURO,276,4642048,6,42806
11618,2023-06-04,CZ,Czechia,EURO,232,4642280,3,42809
11619,2023-06-11,CZ,Czechia,EURO,174,4642454,1,42810
11620,2023-06-18,CZ,Czechia,EURO,131,4642585,2,42812
11621,2023-06-25,CZ,Czechia,EURO,139,4642724,0,42812
11622,2023-07-02,CZ,Czechia,EURO,72,4642796,1,42813
11623,2023-07-09,CZ,Czechia,EURO,51,4642847,0,42813
11624,2023-07-16,CZ,Czechia,EURO,67,4642914,2,42815
11625,2023-07-23,CZ,Czechia,EURO,79,4642993,1,42816
11626,2023-07-30,CZ,Czechia,EURO,76,4643069,0,42816
11627,2023-08-06,CZ,Czechia,EURO,123,4643192,0,42816
11628,2023-08-13,CZ,Czechia,EURO,168,4643360,0,42816
11629,2023-08-20,CZ,Czechia,EURO,294,4643654,2,42818
11630,2023-08-27,CZ,Czechia,EURO,398,4644052,1,42819
11631,2023-09-03,CZ,Czechia,EURO,476,4644528,4,42823
11632,2023-09-10,CZ,Czechia,EURO,891,4645419,6,42829
11633,2023-09-17,CZ,Czechia,EURO,1762,4647181,5,42834
11634,2023-09-24,CZ,Czechia,EURO,2251,4649432,10,42844
11635,2023-10-01,CZ,Czechia,EURO,2175,4651607,8,42852
11636,2023-10-08,CZ,Czechia,EURO,3016,4654623,14,42866
11637,2023-10-15,CZ,Czechia,EURO,3035,4657658,20,42886
11638,2023-10-22,CZ,Czechia,EURO,3535,4661193,18,42904
11639,2023-10-29,CZ,Czechia,EURO,4418,4665611,16,42920
11640,2023-11-05,CZ,Czechia,EURO,5122,4670733,36,42956
11641,2023-11-12,CZ,Czechia,EURO,5488,4676221,25,42981
11642,2023-11-19,CZ,Czechia,EURO,5477,4681698,35,43016
11643,2023-11-26,CZ,Czechia,EURO,2535,4684233,3,43019
11644,2023-12-03,CZ,Czechia,EURO,0,4684233,0,43019
11645,2023-12-10,CZ,Czechia,EURO,16272,4700505,71,43090
11646,2023-12-17,CZ,Czechia,EURO,13234,4713739,63,43153
11647,2023-12-24,CZ,Czechia,EURO,15959,4729698,68,43221
11648,2020-01-05,KP,Democratic People's Republic of Korea,SEARO,0,0,0,0
11649,2020-01-12,KP,Democratic People's Republic of Korea,SEARO,0,0,0,0
11650,2020-01-19,KP,Democratic People's Republic of Korea,SEARO,0,0,0,0
11651,2020-01-26,KP,Democratic People's Republic of Korea,SEARO,0,0,0,0
11652,2020-02-02,KP,Democratic People's Republic of Korea,SEARO,0,0,0,0
11653,2020-02-09,KP,Democratic People's Republic of Korea,SEARO,0,0,0,0
11654,2020-02-16,KP,Democratic People's Republic of Korea,SEARO,0,0,0,0
11655,2020-02-23,KP,Democratic People's Republic of Korea,SEARO,0,0,0,0
11656,2020-03-01,KP,Democratic People's Republic of Korea,SEARO,0,0,0,0
11657,2020-03-08,KP,Democratic People's Republic of Korea,SEARO,0,0,0,0
11658,2020-03-15,KP,Democratic People's Republic of Korea,SEARO,0,0,0,0
11659,2020-03-22,KP,Democratic People's Republic of Korea,SEARO,0,0,0,0
11660,2020-03-29,KP,Democratic People's Republic of Korea,SEARO,0,0,0,0
11661,2020-04-05,KP,Democratic People's Republic of Korea,SEARO,0,0,0,0
11662,2020-04-12,KP,Democratic People's Republic of Korea,SEARO,0,0,0,0
11663,2020-04-19,KP,Democratic People's Republic of Korea,SEARO,0,0,0,0
11664,2020-04-26,KP,Democratic People's Republic of Korea,SEARO,0,0,0,0
11665,2020-05-03,KP,Democratic People's Republic of Korea,SEARO,0,0,0,0
11666,2020-05-10,KP,Democratic People's Republic of Korea,SEARO,0,0,0,0
11667,2020-05-17,KP,Democratic People's Republic of Korea,SEARO,0,0,0,0
11668,2020-05-24,KP,Democratic People's Republic of Korea,SEARO,0,0,0,0
11669,2020-05-31,KP,Democratic People's Republic of Korea,SEARO,0,0,0,0
11670,2020-06-07,KP,Democratic People's Republic of Korea,SEARO,0,0,0,0
11671,2020-06-14,KP,Democratic People's Republic of Korea,SEARO,0,0,0,0
11672,2020-06-21,KP,Democratic People's Republic of Korea,SEARO,0,0,0,0
11673,2020-06-28,KP,Democratic People's Republic of Korea,SEARO,0,0,0,0
11674,2020-07-05,KP,Democratic People's Republic of Korea,SEARO,0,0,0,0
11675,2020-07-12,KP,Democratic People's Republic of Korea,SEARO,0,0,0,0
11676,2020-07-19,KP,Democratic People's Republic of Korea,SEARO,0,0,0,0
11677,2020-07-26,KP,Democratic People's Republic of Korea,SEARO,0,0,0,0
11678,2020-08-02,KP,Democratic People's Republic of Korea,SEARO,0,0,0,0
11679,2020-08-09,KP,Democratic People's Republic of Korea,SEARO,0,0,0,0
11680,2020-08-16,KP,Democratic People's Republic of Korea,SEARO,0,0,0,0
11681,2020-08-23,KP,Democratic People's Republic of Korea,SEARO,0,0,0,0
11682,2020-08-30,KP,Democratic People's Republic of Korea,SEARO,0,0,0,0
11683,2020-09-06,KP,Democratic People's Republic of Korea,SEARO,0,0,0,0
11684,2020-09-13,KP,Democratic People's Republic of Korea,SEARO,0,0,0,0
11685,2020-09-20,KP,Democratic People's Republic of Korea,SEARO,0,0,0,0
11686,2020-09-27,KP,Democratic People's Republic of Korea,SEARO,0,0,0,0
11687,2020-10-04,KP,Democratic People's Republic of Korea,SEARO,0,0,0,0
11688,2020-10-11,KP,Democratic People's Republic of Korea,SEARO,0,0,0,0
11689,2020-10-18,KP,Democratic People's Republic of Korea,SEARO,0,0,0,0
11690,2020-10-25,KP,Democratic People's Republic of Korea,SEARO,0,0,0,0
11691,2020-11-01,KP,Democratic People's Republic of Korea,SEARO,0,0,0,0
11692,2020-11-08,KP,Democratic People's Republic of Korea,SEARO,0,0,0,0
11693,2020-11-15,KP,Democratic People's Republic of Korea,SEARO,0,0,0,0
11694,2020-11-22,KP,Democratic People's Republic of Korea,SEARO,0,0,0,0
11695,2020-11-29,KP,Democratic People's Republic of Korea,SEARO,0,0,0,0
11696,2020-12-06,KP,Democratic People's Republic of Korea,SEARO,0,0,0,0
11697,2020-12-13,KP,Democratic People's Republic of Korea,SEARO,0,0,0,0
11698,2020-12-20,KP,Democratic People's Republic of Korea,SEARO,0,0,0,0
11699,2020-12-27,KP,Democratic People's Republic of Korea,SEARO,0,0,0,0
11700,2021-01-03,KP,Democratic People's Republic of Korea,SEARO,0,0,0,0
11701,2021-01-10,KP,Democratic People's Republic of Korea,SEARO,0,0,0,0
11702,2021-01-17,KP,Democratic People's Republic of Korea,SEARO,0,0,0,0
11703,2021-01-24,KP,Democratic People's Republic of Korea,SEARO,0,0,0,0
11704,2021-01-31,KP,Democratic People's Republic of Korea,SEARO,0,0,0,0
11705,2021-02-07,KP,Democratic People's Republic of Korea,SEARO,0,0,0,0
11706,2021-02-14,KP,Democratic People's Republic of Korea,SEARO,0,0,0,0
11707,2021-02-21,KP,Democratic People's Republic of Korea,SEARO,0,0,0,0
11708,2021-02-28,KP,Democratic People's Republic of Korea,SEARO,0,0,0,0
11709,2021-03-07,KP,Democratic People's Republic of Korea,SEARO,0,0,0,0
11710,2021-03-14,KP,Democratic People's Republic of Korea,SEARO,0,0,0,0
11711,2021-03-21,KP,Democratic People's Republic of Korea,SEARO,0,0,0,0
11712,2021-03-28,KP,Democratic People's Republic of Korea,SEARO,0,0,0,0
11713,2021-04-04,KP,Democratic People's Republic of Korea,SEARO,0,0,0,0
11714,2021-04-11,KP,Democratic People's Republic of Korea,SEARO,0,0,0,0
11715,2021-04-18,KP,Democratic People's Republic of Korea,SEARO,0,0,0,0
11716,2021-04-25,KP,Democratic People's Republic of Korea,SEARO,0,0,0,0
11717,2021-05-02,KP,Democratic People's Republic of Korea,SEARO,0,0,0,0
11718,2021-05-09,KP,Democratic People's Republic of Korea,SEARO,0,0,0,0
11719,2021-05-16,KP,Democratic People's Republic of Korea,SEARO,0,0,0,0
11720,2021-05-23,KP,Democratic People's Republic of Korea,SEARO,0,0,0,0
11721,2021-05-30,KP,Democratic People's Republic of Korea,SEARO,0,0,0,0
11722,2021-06-06,KP,Democratic People's Republic of Korea,SEARO,0,0,0,0
11723,2021-06-13,KP,Democratic People's Republic of Korea,SEARO,0,0,0,0
11724,2021-06-20,KP,Democratic People's Republic of Korea,SEARO,0,0,0,0
11725,2021-06-27,KP,Democratic People's Republic of Korea,SEARO,0,0,0,0
11726,2021-07-04,KP,Democratic People's Republic of Korea,SEARO,0,0,0,0
11727,2021-07-11,KP,Democratic People's Republic of Korea,SEARO,0,0,0,0
11728,2021-07-18,KP,Democratic People's Republic of Korea,SEARO,0,0,0,0
11729,2021-07-25,KP,Democratic People's Republic of Korea,SEARO,0,0,0,0
11730,2021-08-01,KP,Democratic People's Republic of Korea,SEARO,0,0,0,0
11731,2021-08-08,KP,Democratic People's Republic of Korea,SEARO,0,0,0,0
11732,2021-08-15,KP,Democratic People's Republic of Korea,SEARO,0,0,0,0
11733,2021-08-22,KP,Democratic People's Republic of Korea,SEARO,0,0,0,0
11734,2021-08-29,KP,Democratic People's Republic of Korea,SEARO,0,0,0,0
11735,2021-09-05,KP,Democratic People's Republic of Korea,SEARO,0,0,0,0
11736,2021-09-12,KP,Democratic People's Republic of Korea,SEARO,0,0,0,0
11737,2021-09-19,KP,Democratic People's Republic of Korea,SEARO,0,0,0,0
11738,2021-09-26,KP,Democratic People's Republic of Korea,SEARO,0,0,0,0
11739,2021-10-03,KP,Democratic People's Republic of Korea,SEARO,0,0,0,0
11740,2021-10-10,KP,Democratic People's Republic of Korea,SEARO,0,0,0,0
11741,2021-10-17,KP,Democratic People's Republic of Korea,SEARO,0,0,0,0
11742,2021-10-24,KP,Democratic People's Republic of Korea,SEARO,0,0,0,0
11743,2021-10-31,KP,Democratic People's Republic of Korea,SEARO,0,0,0,0
11744,2021-11-07,KP,Democratic People's Republic of Korea,SEARO,0,0,0,0
11745,2021-11-14,KP,Democratic People's Republic of Korea,SEARO,0,0,0,0
11746,2021-11-21,KP,Democratic People's Republic of Korea,SEARO,0,0,0,0
11747,2021-11-28,KP,Democratic People's Republic of Korea,SEARO,0,0,0,0
11748,2021-12-05,KP,Democratic People's Republic of Korea,SEARO,0,0,0,0
11749,2021-12-12,KP,Democratic People's Republic of Korea,SEARO,0,0,0,0
11750,2021-12-19,KP,Democratic People's Republic of Korea,SEARO,0,0,0,0
11751,2021-12-26,KP,Democratic People's Republic of Korea,SEARO,0,0,0,0
11752,2022-01-02,KP,Democratic People's Republic of Korea,SEARO,0,0,0,0
11753,2022-01-09,KP,Democratic People's Republic of Korea,SEARO,0,0,0,0
11754,2022-01-16,KP,Democratic People's Republic of Korea,SEARO,0,0,0,0
11755,2022-01-23,KP,Democratic People's Republic of Korea,SEARO,0,0,0,0
11756,2022-01-30,KP,Democratic People's Republic of Korea,SEARO,0,0,0,0
11757,2022-02-06,KP,Democratic People's Republic of Korea,SEARO,0,0,0,0
11758,2022-02-13,KP,Democratic People's Republic of Korea,SEARO,0,0,0,0
11759,2022-02-20,KP,Democratic People's Republic of Korea,SEARO,0,0,0,0
11760,2022-02-27,KP,Democratic People's Republic of Korea,SEARO,0,0,0,0
11761,2022-03-06,KP,Democratic People's Republic of Korea,SEARO,0,0,0,0
11762,2022-03-13,KP,Democratic People's Republic of Korea,SEARO,0,0,0,0
11763,2022-03-20,KP,Democratic People's Republic of Korea,SEARO,0,0,0,0
11764,2022-03-27,KP,Democratic People's Republic of Korea,SEARO,0,0,0,0
11765,2022-04-03,KP,Democratic People's Republic of Korea,SEARO,0,0,0,0
11766,2022-04-10,KP,Democratic People's Republic of Korea,SEARO,0,0,0,0
11767,2022-04-17,KP,Democratic People's Republic of Korea,SEARO,0,0,0,0
11768,2022-04-24,KP,Democratic People's Republic of Korea,SEARO,0,0,0,0
11769,2022-05-01,KP,Democratic People's Republic of Korea,SEARO,0,0,0,0
11770,2022-05-08,KP,Democratic People's Republic of Korea,SEARO,0,0,0,0
11771,2022-05-15,KP,Democratic People's Republic of Korea,SEARO,0,0,0,0
11772,2022-05-22,KP,Democratic People's Republic of Korea,SEARO,0,0,0,0
11773,2022-05-29,KP,Democratic People's Republic of Korea,SEARO,0,0,0,0
11774,2022-06-05,KP,Democratic People's Republic of Korea,SEARO,0,0,0,0
11775,2022-06-12,KP,Democratic People's Republic of Korea,SEARO,0,0,0,0
11776,2022-06-19,KP,Democratic People's Republic of Korea,SEARO,0,0,0,0
11777,2022-06-26,KP,Democratic People's Republic of Korea,SEARO,0,0,0,0
11778,2022-07-03,KP,Democratic People's Republic of Korea,SEARO,0,0,0,0
11779,2022-07-10,KP,Democratic People's Republic of Korea,SEARO,0,0,0,0
11780,2022-07-17,KP,Democratic People's Republic of Korea,SEARO,0,0,0,0
11781,2022-07-24,KP,Democratic People's Republic of Korea,SEARO,0,0,0,0
11782,2022-07-31,KP,Democratic People's Republic of Korea,SEARO,0,0,0,0
11783,2022-08-07,KP,Democratic People's Republic of Korea,SEARO,0,0,0,0
11784,2022-08-14,KP,Democratic People's Republic of Korea,SEARO,0,0,0,0
11785,2022-08-21,KP,Democratic People's Republic of Korea,SEARO,0,0,0,0
11786,2022-08-28,KP,Democratic People's Republic of Korea,SEARO,0,0,0,0
11787,2022-09-04,KP,Democratic People's Republic of Korea,SEARO,0,0,0,0
11788,2022-09-11,KP,Democratic People's Republic of Korea,SEARO,0,0,0,0
11789,2022-09-18,KP,Democratic People's Republic of Korea,SEARO,0,0,0,0
11790,2022-09-25,KP,Democratic People's Republic of Korea,SEARO,0,0,0,0
11791,2022-10-02,KP,Democratic People's Republic of Korea,SEARO,0,0,0,0
11792,2022-10-09,KP,Democratic People's Republic of Korea,SEARO,0,0,0,0
11793,2022-10-16,KP,Democratic People's Republic of Korea,SEARO,0,0,0,0
11794,2022-10-23,KP,Democratic People's Republic of Korea,SEARO,0,0,0,0
11795,2022-10-30,KP,Democratic People's Republic of Korea,SEARO,0,0,0,0
11796,2022-11-06,KP,Democratic People's Republic of Korea,SEARO,0,0,0,0
11797,2022-11-13,KP,Democratic People's Republic of Korea,SEARO,0,0,0,0
11798,2022-11-20,KP,Democratic People's Republic of Korea,SEARO,0,0,0,0
11799,2022-11-27,KP,Democratic People's Republic of Korea,SEARO,0,0,0,0
11800,2022-12-04,KP,Democratic People's Republic of Korea,SEARO,0,0,0,0
11801,2022-12-11,KP,Democratic People's Republic of Korea,SEARO,0,0,0,0
11802,2022-12-18,KP,Democratic People's Republic of Korea,SEARO,0,0,0,0
11803,2022-12-25,KP,Democratic People's Republic of Korea,SEARO,0,0,0,0
11804,2023-01-01,KP,Democratic People's Republic of Korea,SEARO,0,0,0,0
11805,2023-01-08,KP,Democratic People's Republic of Korea,SEARO,0,0,0,0
11806,2023-01-15,KP,Democratic People's Republic of Korea,SEARO,0,0,0,0
11807,2023-01-22,KP,Democratic People's Republic of Korea,SEARO,0,0,0,0
11808,2023-01-29,KP,Democratic People's Republic of Korea,SEARO,0,0,0,0
11809,2023-02-05,KP,Democratic People's Republic of Korea,SEARO,0,0,0,0
11810,2023-02-12,KP,Democratic People's Republic of Korea,SEARO,0,0,0,0
11811,2023-02-19,KP,Democratic People's Republic of Korea,SEARO,0,0,0,0
11812,2023-02-26,KP,Democratic People's Republic of Korea,SEARO,0,0,0,0
11813,2023-03-05,KP,Democratic People's Republic of Korea,SEARO,0,0,0,0
11814,2023-03-12,KP,Democratic People's Republic of Korea,SEARO,0,0,0,0
11815,2023-03-19,KP,Democratic People's Republic of Korea,SEARO,0,0,0,0
11816,2023-03-26,KP,Democratic People's Republic of Korea,SEARO,0,0,0,0
11817,2023-04-02,KP,Democratic People's Republic of Korea,SEARO,0,0,0,0
11818,2023-04-09,KP,Democratic People's Republic of Korea,SEARO,0,0,0,0
11819,2023-04-16,KP,Democratic People's Republic of Korea,SEARO,0,0,0,0
11820,2023-04-23,KP,Democratic People's Republic of Korea,SEARO,0,0,0,0
11821,2023-04-30,KP,Democratic People's Republic of Korea,SEARO,0,0,0,0
11822,2023-05-07,KP,Democratic People's Republic of Korea,SEARO,0,0,0,0
11823,2023-05-14,KP,Democratic People's Republic of Korea,SEARO,0,0,0,0
11824,2023-05-21,KP,Democratic People's Republic of Korea,SEARO,0,0,0,0
11825,2023-05-28,KP,Democratic People's Republic of Korea,SEARO,0,0,0,0
11826,2023-06-04,KP,Democratic People's Republic of Korea,SEARO,0,0,0,0
11827,2023-06-11,KP,Democratic People's Republic of Korea,SEARO,0,0,0,0
11828,2023-06-18,KP,Democratic People's Republic of Korea,SEARO,0,0,0,0
11829,2023-06-25,KP,Democratic People's Republic of Korea,SEARO,0,0,0,0
11830,2023-07-02,KP,Democratic People's Republic of Korea,SEARO,0,0,0,0
11831,2023-07-09,KP,Democratic People's Republic of Korea,SEARO,0,0,0,0
11832,2023-07-16,KP,Democratic People's Republic of Korea,SEARO,0,0,0,0
11833,2023-07-23,KP,Democratic People's Republic of Korea,SEARO,0,0,0,0
11834,2023-07-30,KP,Democratic People's Republic of Korea,SEARO,0,0,0,0
11835,2023-08-06,KP,Democratic People's Republic of Korea,SEARO,0,0,0,0
11836,2023-08-13,KP,Democratic People's Republic of Korea,SEARO,0,0,0,0
11837,2023-08-20,KP,Democratic People's Republic of Korea,SEARO,0,0,0,0
11838,2023-08-27,KP,Democratic People's Republic of Korea,SEARO,0,0,0,0
11839,2023-09-03,KP,Democratic People's Republic of Korea,SEARO,0,0,0,0
11840,2023-09-10,KP,Democratic People's Republic of Korea,SEARO,0,0,0,0
11841,2023-09-17,KP,Democratic People's Republic of Korea,SEARO,0,0,0,0
11842,2023-09-24,KP,Democratic People's Republic of Korea,SEARO,0,0,0,0
11843,2023-10-01,KP,Democratic People's Republic of Korea,SEARO,0,0,0,0
11844,2023-10-08,KP,Democratic People's Republic of Korea,SEARO,0,0,0,0
11845,2023-10-15,KP,Democratic People's Republic of Korea,SEARO,0,0,0,0
11846,2023-10-22,KP,Democratic People's Republic of Korea,SEARO,0,0,0,0
11847,2023-10-29,KP,Democratic People's Republic of Korea,SEARO,0,0,0,0
11848,2023-11-05,KP,Democratic People's Republic of Korea,SEARO,0,0,0,0
11849,2023-11-12,KP,Democratic People's Republic of Korea,SEARO,0,0,0,0
11850,2023-11-19,KP,Democratic People's Republic of Korea,SEARO,0,0,0,0
11851,2023-11-26,KP,Democratic People's Republic of Korea,SEARO,0,0,0,0
11852,2023-12-03,KP,Democratic People's Republic of Korea,SEARO,0,0,0,0
11853,2023-12-10,KP,Democratic People's Republic of Korea,SEARO,0,0,0,0
11854,2023-12-17,KP,Democratic People's Republic of Korea,SEARO,0,0,0,0
11855,2023-12-24,KP,Democratic People's Republic of Korea,SEARO,0,0,0,0
11856,2020-01-05,CD,Democratic Republic of the Congo,AFRO,0,0,0,0
11857,2020-01-12,CD,Democratic Republic of the Congo,AFRO,0,0,0,0
11858,2020-01-19,CD,Democratic Republic of the Congo,AFRO,0,0,0,0
11859,2020-01-26,CD,Democratic Republic of the Congo,AFRO,0,0,0,0
11860,2020-02-02,CD,Democratic Republic of the Congo,AFRO,0,0,0,0
11861,2020-02-09,CD,Democratic Republic of the Congo,AFRO,0,0,0,0
11862,2020-02-16,CD,Democratic Republic of the Congo,AFRO,0,0,0,0
11863,2020-02-23,CD,Democratic Republic of the Congo,AFRO,0,0,0,0
11864,2020-03-01,CD,Democratic Republic of the Congo,AFRO,0,0,0,0
11865,2020-03-08,CD,Democratic Republic of the Congo,AFRO,0,0,0,0
11866,2020-03-15,CD,Democratic Republic of the Congo,AFRO,2,2,0,0
11867,2020-03-22,CD,Democratic Republic of the Congo,AFRO,28,30,0,0
11868,2020-03-29,CD,Democratic Republic of the Congo,AFRO,35,65,0,0
11869,2020-04-05,CD,Democratic Republic of the Congo,AFRO,89,154,0,0
11870,2020-04-12,CD,Democratic Republic of the Congo,AFRO,80,234,0,0
11871,2020-04-19,CD,Democratic Republic of the Congo,AFRO,93,327,213,213
11872,2020-04-26,CD,Democratic Republic of the Congo,AFRO,115,442,3,216
11873,2020-05-03,CD,Democratic Republic of the Congo,AFRO,232,674,5,221
11874,2020-05-10,CD,Democratic Republic of the Congo,AFRO,317,991,8,229
11875,2020-05-17,CD,Democratic Republic of the Congo,AFRO,463,1454,19,248
11876,2020-05-24,CD,Democratic Republic of the Congo,AFRO,686,2140,2,250
11877,2020-05-31,CD,Democratic Republic of the Congo,AFRO,908,3048,9,259
11878,2020-06-07,CD,Democratic Republic of the Congo,AFRO,829,3877,11,270
11879,2020-06-14,CD,Democratic Republic of the Congo,AFRO,900,4777,24,294
11880,2020-06-21,CD,Democratic Republic of the Congo,AFRO,1048,5825,24,318
11881,2020-06-28,CD,Democratic Republic of the Congo,AFRO,1001,6826,28,346
11882,2020-07-05,CD,Democratic Republic of the Congo,AFRO,584,7410,23,369
11883,2020-07-12,CD,Democratic Republic of the Congo,AFRO,622,8032,6,375
11884,2020-07-19,CD,Democratic Republic of the Congo,AFRO,370,8402,5,380
11885,2020-07-26,CD,Democratic Republic of the Congo,AFRO,427,8829,10,390
11886,2020-08-02,CD,Democratic Republic of the Congo,AFRO,285,9114,11,401
11887,2020-08-09,CD,Democratic Republic of the Congo,AFRO,339,9453,10,411
11888,2020-08-16,CD,Democratic Republic of the Congo,AFRO,222,9675,16,427
11889,2020-08-23,CD,Democratic Republic of the Congo,AFRO,154,9829,11,438
11890,2020-08-30,CD,Democratic Republic of the Congo,AFRO,215,10044,7,445
11891,2020-09-06,CD,Democratic Republic of the Congo,AFRO,165,10209,0,445
11892,2020-09-13,CD,Democratic Republic of the Congo,AFRO,180,10389,2,447
11893,2020-09-20,CD,Democratic Republic of the Congo,AFRO,125,10514,6,453
11894,2020-09-27,CD,Democratic Republic of the Congo,AFRO,97,10611,0,453
11895,2020-10-04,CD,Democratic Republic of the Congo,AFRO,148,10759,3,456
11896,2020-10-11,CD,Democratic Republic of the Congo,AFRO,97,10856,2,458
11897,2020-10-18,CD,Democratic Republic of the Congo,AFRO,171,11027,26,484
11898,2020-10-25,CD,Democratic Republic of the Congo,AFRO,133,11160,3,487
11899,2020-11-01,CD,Democratic Republic of the Congo,AFRO,212,11372,3,490
11900,2020-11-08,CD,Democratic Republic of the Congo,AFRO,218,11590,8,498
11901,2020-11-15,CD,Democratic Republic of the Congo,AFRO,248,11838,5,503
11902,2020-11-22,CD,Democratic Republic of the Congo,AFRO,400,12238,7,510
11903,2020-11-29,CD,Democratic Republic of the Congo,AFRO,463,12701,5,515
11904,2020-12-06,CD,Democratic Republic of the Congo,AFRO,825,13526,11,526
11905,2020-12-13,CD,Democratic Republic of the Congo,AFRO,934,14460,12,538
11906,2020-12-20,CD,Democratic Republic of the Congo,AFRO,1033,15493,14,552
11907,2020-12-27,CD,Democratic Republic of the Congo,AFRO,1344,16837,27,579
11908,2021-01-03,CD,Democratic Republic of the Congo,AFRO,1264,18101,22,601
11909,2021-01-10,CD,Democratic Republic of the Congo,AFRO,1333,19434,9,610
11910,2021-01-17,CD,Democratic Republic of the Congo,AFRO,1473,20907,20,630
11911,2021-01-24,CD,Democratic Republic of the Congo,AFRO,961,21868,31,661
11912,2021-01-31,CD,Democratic Republic of the Congo,AFRO,902,22770,10,671
11913,2021-02-07,CD,Democratic Republic of the Congo,AFRO,828,23598,10,681
11914,2021-02-14,CD,Democratic Republic of the Congo,AFRO,696,24294,11,692
11915,2021-02-21,CD,Democratic Republic of the Congo,AFRO,850,25144,8,700
11916,2021-02-28,CD,Democratic Republic of the Congo,AFRO,768,25912,7,707
11917,2021-03-07,CD,Democratic Republic of the Congo,AFRO,628,26540,5,712
11918,2021-03-14,CD,Democratic Republic of the Congo,AFRO,473,27013,5,717
11919,2021-03-21,CD,Democratic Republic of the Congo,AFRO,539,27552,9,726
11920,2021-03-28,CD,Democratic Republic of the Congo,AFRO,377,27929,13,739
11921,2021-04-04,CD,Democratic Republic of the Congo,AFRO,395,28324,6,745
11922,2021-04-11,CD,Democratic Republic of the Congo,AFRO,254,28578,0,745
11923,2021-04-18,CD,Democratic Republic of the Congo,AFRO,377,28955,0,745
11924,2021-04-25,CD,Democratic Republic of the Congo,AFRO,620,29575,11,756
11925,2021-05-02,CD,Democratic Republic of the Congo,AFRO,389,29964,12,768
11926,2021-05-09,CD,Democratic Republic of the Congo,AFRO,358,30322,4,772
11927,2021-05-16,CD,Democratic Republic of the Congo,AFRO,239,30561,4,776
11928,2021-05-23,CD,Democratic Republic of the Congo,AFRO,412,30973,3,779
11929,2021-05-30,CD,Democratic Republic of the Congo,AFRO,583,31556,3,782
11930,2021-06-06,CD,Democratic Republic of the Congo,AFRO,1645,33201,22,804
11931,2021-06-13,CD,Democratic Republic of the Congo,AFRO,2026,35227,30,834
11932,2021-06-20,CD,Democratic Republic of the Congo,AFRO,2581,37808,45,879
11933,2021-06-27,CD,Democratic Republic of the Congo,AFRO,2445,40253,37,916
11934,2021-07-04,CD,Democratic Republic of the Congo,AFRO,1927,42180,44,960
11935,2021-07-11,CD,Democratic Republic of the Congo,AFRO,1958,44138,20,980
11936,2021-07-18,CD,Democratic Republic of the Congo,AFRO,1870,46008,38,1018
11937,2021-07-25,CD,Democratic Republic of the Congo,AFRO,2119,48127,5,1023
11938,2021-08-01,CD,Democratic Republic of the Congo,AFRO,1889,50016,15,1038
11939,2021-08-08,CD,Democratic Republic of the Congo,AFRO,1872,51888,10,1048
11940,2021-08-15,CD,Democratic Republic of the Congo,AFRO,1365,53253,2,1050
11941,2021-08-22,CD,Democratic Republic of the Congo,AFRO,883,54136,5,1055
11942,2021-08-29,CD,Democratic Republic of the Congo,AFRO,726,54862,4,1059
11943,2021-09-05,CD,Democratic Republic of the Congo,AFRO,1135,55997,2,1061
11944,2021-09-12,CD,Democratic Republic of the Congo,AFRO,280,56277,7,1068
11945,2021-09-19,CD,Democratic Republic of the Congo,AFRO,257,56534,0,1068
11946,2021-09-26,CD,Democratic Republic of the Congo,AFRO,402,56936,16,1084
11947,2021-10-03,CD,Democratic Republic of the Congo,AFRO,146,57082,2,1086
11948,2021-10-10,CD,Democratic Republic of the Congo,AFRO,180,57262,1,1087
11949,2021-10-17,CD,Democratic Republic of the Congo,AFRO,99,57361,4,1091
11950,2021-10-24,CD,Democratic Republic of the Congo,AFRO,103,57464,0,1091
11951,2021-10-31,CD,Democratic Republic of the Congo,AFRO,117,57581,7,1098
11952,2021-11-07,CD,Democratic Republic of the Congo,AFRO,79,57660,1,1099
11953,2021-11-14,CD,Democratic Republic of the Congo,AFRO,181,57841,0,1099
11954,2021-11-21,CD,Democratic Republic of the Congo,AFRO,212,58053,5,1104
11955,2021-11-28,CD,Democratic Republic of the Congo,AFRO,252,58305,3,1107
11956,2021-12-05,CD,Democratic Republic of the Congo,AFRO,869,59174,6,1113
11957,2021-12-12,CD,Democratic Republic of the Congo,AFRO,3253,62427,13,1126
11958,2021-12-19,CD,Democratic Republic of the Congo,AFRO,6900,69327,0,1126
11959,2021-12-26,CD,Democratic Republic of the Congo,AFRO,5717,75044,79,1205
11960,2022-01-02,CD,Democratic Republic of the Congo,AFRO,4897,79941,20,1225
11961,2022-01-09,CD,Democratic Republic of the Congo,AFRO,2364,82305,0,1225
11962,2022-01-16,CD,Democratic Republic of the Congo,AFRO,1892,84197,53,1278
11963,2022-01-23,CD,Democratic Republic of the Congo,AFRO,728,84925,0,1278
11964,2022-01-30,CD,Democratic Republic of the Congo,AFRO,584,85509,0,1278
11965,2022-02-06,CD,Democratic Republic of the Congo,AFRO,215,85724,38,1316
11966,2022-02-13,CD,Democratic Republic of the Congo,AFRO,109,85833,0,1316
11967,2022-02-20,CD,Democratic Republic of the Congo,AFRO,123,85956,19,1335
11968,2022-02-27,CD,Democratic Republic of the Congo,AFRO,182,86138,0,1335
11969,2022-03-06,CD,Democratic Republic of the Congo,AFRO,151,86289,0,1335
11970,2022-03-13,CD,Democratic Republic of the Congo,AFRO,171,86460,0,1335
11971,2022-03-20,CD,Democratic Republic of the Congo,AFRO,137,86597,0,1335
11972,2022-03-27,CD,Democratic Republic of the Congo,AFRO,150,86747,2,1337
11973,2022-04-03,CD,Democratic Republic of the Congo,AFRO,125,86872,0,1337
11974,2022-04-10,CD,Democratic Republic of the Congo,AFRO,21,86893,0,1337
11975,2022-04-17,CD,Democratic Republic of the Congo,AFRO,130,87023,0,1337
11976,2022-04-24,CD,Democratic Republic of the Congo,AFRO,128,87151,0,1337
11977,2022-05-01,CD,Democratic Republic of the Congo,AFRO,146,87297,1,1338
11978,2022-05-08,CD,Democratic Republic of the Congo,AFRO,128,87425,0,1338
11979,2022-05-15,CD,Democratic Republic of the Congo,AFRO,208,87633,0,1338
11980,2022-05-22,CD,Democratic Republic of the Congo,AFRO,629,88262,0,1338
11981,2022-05-29,CD,Democratic Republic of the Congo,AFRO,584,88846,0,1338
11982,2022-06-05,CD,Democratic Republic of the Congo,AFRO,875,89721,2,1340
11983,2022-06-12,CD,Democratic Republic of the Congo,AFRO,665,90386,10,1350
11984,2022-06-19,CD,Democratic Republic of the Congo,AFRO,414,90800,4,1354
11985,2022-06-26,CD,Democratic Republic of the Congo,AFRO,555,91355,18,1372
11986,2022-07-03,CD,Democratic Republic of the Congo,AFRO,154,91509,4,1376
11987,2022-07-10,CD,Democratic Republic of the Congo,AFRO,339,91848,1,1377
11988,2022-07-17,CD,Democratic Republic of the Congo,AFRO,80,91928,13,1390
11989,2022-07-24,CD,Democratic Republic of the Congo,AFRO,373,92301,0,1390
11990,2022-07-31,CD,Democratic Republic of the Congo,AFRO,129,92430,1,1391
11991,2022-08-07,CD,Democratic Republic of the Congo,AFRO,93,92523,2,1393
11992,2022-08-14,CD,Democratic Republic of the Congo,AFRO,55,92578,0,1393
11993,2022-08-21,CD,Democratic Republic of the Congo,AFRO,51,92629,3,1396
11994,2022-08-28,CD,Democratic Republic of the Congo,AFRO,54,92683,5,1401
11995,2022-09-04,CD,Democratic Republic of the Congo,AFRO,52,92735,4,1405
11996,2022-09-11,CD,Democratic Republic of the Congo,AFRO,50,92785,18,1423
11997,2022-09-18,CD,Democratic Republic of the Congo,AFRO,56,92841,19,1442
11998,2022-09-25,CD,Democratic Republic of the Congo,AFRO,43,92884,0,1442
11999,2022-10-02,CD,Democratic Republic of the Congo,AFRO,36,92920,1,1443
12000,2022-10-09,CD,Democratic Republic of the Congo,AFRO,47,92967,1,1444
12001,2022-10-16,CD,Democratic Republic of the Congo,AFRO,4,92971,0,1444
12002,2022-10-23,CD,Democratic Republic of the Congo,AFRO,55,93026,1,1445
12003,2022-10-30,CD,Democratic Republic of the Congo,AFRO,59,93085,0,1445
12004,2022-11-06,CD,Democratic Republic of the Congo,AFRO,319,93404,2,1447
12005,2022-11-13,CD,Democratic Republic of the Congo,AFRO,374,93778,2,1449
12006,2022-11-20,CD,Democratic Republic of the Congo,AFRO,376,94154,6,1455
12007,2022-11-27,CD,Democratic Republic of the Congo,AFRO,49,94203,0,1455
12008,2022-12-04,CD,Democratic Republic of the Congo,AFRO,248,94451,1,1456
12009,2022-12-11,CD,Democratic Republic of the Congo,AFRO,262,94713,1,1457
12010,2022-12-18,CD,Democratic Republic of the Congo,AFRO,256,94969,4,1461
12011,2022-12-25,CD,Democratic Republic of the Congo,AFRO,101,95070,1,1462
12012,2023-01-01,CD,Democratic Republic of the Congo,AFRO,102,95172,0,1462
12013,2023-01-08,CD,Democratic Republic of the Congo,AFRO,83,95255,0,1462
12014,2023-01-15,CD,Democratic Republic of the Congo,AFRO,90,95345,1,1463
12015,2023-01-22,CD,Democratic Republic of the Congo,AFRO,127,95472,0,1463
12016,2023-01-29,CD,Democratic Republic of the Congo,AFRO,41,95513,0,1463
12017,2023-02-05,CD,Democratic Republic of the Congo,AFRO,71,95584,0,1463
12018,2023-02-12,CD,Democratic Republic of the Congo,AFRO,61,95645,1,1464
12019,2023-02-19,CD,Democratic Republic of the Congo,AFRO,65,95710,0,1464
12020,2023-02-26,CD,Democratic Republic of the Congo,AFRO,38,95748,0,1464
12021,2023-03-05,CD,Democratic Republic of the Congo,AFRO,31,95779,0,1464
12022,2023-03-12,CD,Democratic Republic of the Congo,AFRO,35,95814,0,1464
12023,2023-03-19,CD,Democratic Republic of the Congo,AFRO,47,95861,0,1464
12024,2023-03-26,CD,Democratic Republic of the Congo,AFRO,34,95895,0,1464
12025,2023-04-02,CD,Democratic Republic of the Congo,AFRO,49,95944,0,1464
12026,2023-04-09,CD,Democratic Republic of the Congo,AFRO,0,95944,0,1464
12027,2023-04-16,CD,Democratic Republic of the Congo,AFRO,0,95944,0,1464
12028,2023-04-23,CD,Democratic Republic of the Congo,AFRO,125,96069,0,1464
12029,2023-04-30,CD,Democratic Republic of the Congo,AFRO,143,96212,0,1464
12030,2023-05-07,CD,Democratic Republic of the Congo,AFRO,191,96403,1,1465
12031,2023-05-14,CD,Democratic Republic of the Congo,AFRO,249,96652,2,1467
12032,2023-05-21,CD,Democratic Republic of the Congo,AFRO,238,96890,0,1467
12033,2023-05-28,CD,Democratic Republic of the Congo,AFRO,122,97012,1,1468
12034,2023-06-04,CD,Democratic Republic of the Congo,AFRO,210,97222,0,1468
12035,2023-06-11,CD,Democratic Republic of the Congo,AFRO,187,97409,0,1468
12036,2023-06-18,CD,Democratic Republic of the Congo,AFRO,0,97409,0,1468
12037,2023-06-25,CD,Democratic Republic of the Congo,AFRO,182,97591,0,1468
12038,2023-07-02,CD,Democratic Republic of the Congo,AFRO,106,97697,0,1468
12039,2023-07-09,CD,Democratic Republic of the Congo,AFRO,0,97697,0,1468
12040,2023-07-16,CD,Democratic Republic of the Congo,AFRO,0,97697,0,1468
12041,2023-07-23,CD,Democratic Republic of the Congo,AFRO,0,97697,0,1468
12042,2023-07-30,CD,Democratic Republic of the Congo,AFRO,0,97697,0,1468
12043,2023-08-06,CD,Democratic Republic of the Congo,AFRO,0,97697,0,1468
12044,2023-08-13,CD,Democratic Republic of the Congo,AFRO,574,98271,0,1468
12045,2023-08-20,CD,Democratic Republic of the Congo,AFRO,221,98492,0,1468
12046,2023-08-27,CD,Democratic Republic of the Congo,AFRO,39,98531,0,1468
12047,2023-09-03,CD,Democratic Republic of the Congo,AFRO,27,98558,0,1468
12048,2023-09-10,CD,Democratic Republic of the Congo,AFRO,272,98830,0,1468
12049,2023-09-17,CD,Democratic Republic of the Congo,AFRO,33,98863,0,1468
12050,2023-09-24,CD,Democratic Republic of the Congo,AFRO,28,98891,0,1468
12051,2023-10-01,CD,Democratic Republic of the Congo,AFRO,290,99181,0,1468
12052,2023-10-08,CD,Democratic Republic of the Congo,AFRO,105,99286,0,1468
12053,2023-10-15,CD,Democratic Republic of the Congo,AFRO,2,99288,0,1468
12054,2023-10-22,CD,Democratic Republic of the Congo,AFRO,3,99291,0,1468
12055,2023-10-29,CD,Democratic Republic of the Congo,AFRO,1,99292,0,1468
12056,2023-11-05,CD,Democratic Republic of the Congo,AFRO,41,99333,0,1468
12057,2023-11-12,CD,Democratic Republic of the Congo,AFRO,0,99333,0,1468
12058,2023-11-19,CD,Democratic Republic of the Congo,AFRO,0,99333,0,1468
12059,2023-11-26,CD,Democratic Republic of the Congo,AFRO,0,99333,0,1468
12060,2023-12-03,CD,Democratic Republic of the Congo,AFRO,0,99333,0,1468
12061,2023-12-10,CD,Democratic Republic of the Congo,AFRO,0,99333,0,1468
12062,2023-12-17,CD,Democratic Republic of the Congo,AFRO,0,99333,0,1468
12063,2023-12-24,CD,Democratic Republic of the Congo,AFRO,0,99333,0,1468
12064,2020-01-05,DK,Denmark,EURO,0,0,0,0
12065,2020-01-12,DK,Denmark,EURO,0,0,0,0
12066,2020-01-19,DK,Denmark,EURO,0,0,0,0
12067,2020-01-26,DK,Denmark,EURO,0,0,0,0
12068,2020-02-02,DK,Denmark,EURO,0,0,0,0
12069,2020-02-09,DK,Denmark,EURO,0,0,0,0
12070,2020-02-16,DK,Denmark,EURO,0,0,0,0
12071,2020-02-23,DK,Denmark,EURO,0,0,0,0
12072,2020-03-01,DK,Denmark,EURO,3,3,0,0
12073,2020-03-08,DK,Denmark,EURO,20,23,0,0
12074,2020-03-15,DK,Denmark,EURO,804,827,2,2
12075,2020-03-22,DK,Denmark,EURO,499,1326,19,21
12076,2020-03-29,DK,Denmark,EURO,875,2201,44,65
12077,2020-04-05,DK,Denmark,EURO,1876,4077,96,161
12078,2020-04-12,DK,Denmark,EURO,1919,5996,99,260
12079,2020-04-19,DK,Denmark,EURO,1246,7242,86,346
12080,2020-04-26,DK,Denmark,EURO,1203,8445,72,418
12081,2020-05-03,DK,Denmark,EURO,962,9407,57,475
12082,2020-05-10,DK,Denmark,EURO,912,10319,51,526
12083,2020-05-17,DK,Denmark,EURO,539,10858,23,549
12084,2020-05-24,DK,Denmark,EURO,431,11289,18,567
12085,2020-05-31,DK,Denmark,EURO,344,11633,10,577
12086,2020-06-07,DK,Denmark,EURO,291,11924,16,593
12087,2020-06-14,DK,Denmark,EURO,215,12139,10,603
12088,2020-06-21,DK,Denmark,EURO,297,12436,3,606
12089,2020-06-28,DK,Denmark,EURO,264,12700,4,610
12090,2020-07-05,DK,Denmark,EURO,147,12847,2,612
12091,2020-07-12,DK,Denmark,EURO,129,12976,3,615
12092,2020-07-19,DK,Denmark,EURO,226,13202,2,617
12093,2020-07-26,DK,Denmark,EURO,272,13474,2,619
12094,2020-08-02,DK,Denmark,EURO,384,13858,2,621
12095,2020-08-09,DK,Denmark,EURO,708,14566,2,623
12096,2020-08-16,DK,Denmark,EURO,933,15499,4,627
12097,2020-08-23,DK,Denmark,EURO,718,16217,0,627
12098,2020-08-30,DK,Denmark,EURO,562,16779,3,630
12099,2020-09-06,DK,Denmark,EURO,957,17736,3,633
12100,2020-09-13,DK,Denmark,EURO,1821,19557,3,636
12101,2020-09-20,DK,Denmark,EURO,2879,22436,5,641
12102,2020-09-27,DK,Denmark,EURO,3777,26213,13,654
12103,2020-10-04,DK,Denmark,EURO,3089,29302,6,660
12104,2020-10-11,DK,Denmark,EURO,2780,32082,13,673
12105,2020-10-18,DK,Denmark,EURO,2859,34941,12,685
12106,2020-10-25,DK,Denmark,EURO,4470,39411,21,706
12107,2020-11-01,DK,Denmark,EURO,6940,46351,21,727
12108,2020-11-08,DK,Denmark,EURO,7879,54230,19,746
12109,2020-11-15,DK,Denmark,EURO,6848,61078,17,763
12110,2020-11-22,DK,Denmark,EURO,8557,69635,24,787
12111,2020-11-29,DK,Denmark,EURO,8719,78354,42,829
12112,2020-12-06,DK,Denmark,EURO,10504,88858,55,884
12113,2020-12-13,DK,Denmark,EURO,18258,107116,57,941
12114,2020-12-20,DK,Denmark,EURO,24490,131606,84,1025
12115,2020-12-27,DK,Denmark,EURO,19561,151167,134,1159
12116,2021-01-03,DK,Denmark,EURO,16374,167541,186,1345
12117,2021-01-10,DK,Denmark,EURO,12699,180240,197,1542
12118,2021-01-17,DK,Denmark,EURO,7959,188199,205,1747
12119,2021-01-24,DK,Denmark,EURO,5718,193917,222,1969
12120,2021-01-31,DK,Denmark,EURO,4178,198095,137,2106
12121,2021-02-07,DK,Denmark,EURO,3091,201186,109,2215
12122,2021-02-14,DK,Denmark,EURO,2881,204067,69,2284
12123,2021-02-21,DK,Denmark,EURO,3014,207081,49,2333
12124,2021-02-28,DK,Denmark,EURO,3651,210732,25,2358
12125,2021-03-07,DK,Denmark,EURO,3594,214326,19,2377
12126,2021-03-14,DK,Denmark,EURO,5592,219918,13,2390
12127,2021-03-21,DK,Denmark,EURO,4930,224848,9,2399
12128,2021-03-28,DK,Denmark,EURO,4701,229549,14,2413
12129,2021-04-04,DK,Denmark,EURO,5669,235218,15,2428
12130,2021-04-11,DK,Denmark,EURO,4383,239601,11,2439
12131,2021-04-18,DK,Denmark,EURO,4630,244231,13,2452
12132,2021-04-25,DK,Denmark,EURO,5279,249510,22,2474
12133,2021-05-02,DK,Denmark,EURO,5035,254545,15,2489
12134,2021-05-09,DK,Denmark,EURO,6137,260682,8,2497
12135,2021-05-16,DK,Denmark,EURO,7357,268039,5,2502
12136,2021-05-23,DK,Denmark,EURO,7120,275159,5,2507
12137,2021-05-30,DK,Denmark,EURO,6775,281934,9,2516
12138,2021-06-06,DK,Denmark,EURO,6202,288136,2,2518
12139,2021-06-13,DK,Denmark,EURO,3923,292059,7,2525
12140,2021-06-20,DK,Denmark,EURO,1904,293963,5,2530
12141,2021-06-27,DK,Denmark,EURO,1306,295269,1,2531
12142,2021-07-04,DK,Denmark,EURO,2156,297425,6,2537
12143,2021-07-11,DK,Denmark,EURO,3689,301114,2,2539
12144,2021-07-18,DK,Denmark,EURO,6845,307959,3,2542
12145,2021-07-25,DK,Denmark,EURO,5417,313376,0,2542
12146,2021-08-01,DK,Denmark,EURO,5931,319307,7,2549
12147,2021-08-08,DK,Denmark,EURO,6158,325465,3,2552
12148,2021-08-15,DK,Denmark,EURO,6962,332427,7,2559
12149,2021-08-22,DK,Denmark,EURO,6819,339246,5,2564
12150,2021-08-29,DK,Denmark,EURO,6605,345851,13,2577
12151,2021-09-05,DK,Denmark,EURO,4996,350847,13,2590
12152,2021-09-12,DK,Denmark,EURO,3592,354439,21,2611
12153,2021-09-19,DK,Denmark,EURO,2454,356893,14,2625
12154,2021-09-26,DK,Denmark,EURO,2291,359184,15,2640
12155,2021-10-03,DK,Denmark,EURO,2979,362163,23,2663
12156,2021-10-10,DK,Denmark,EURO,3693,365856,6,2669
12157,2021-10-17,DK,Denmark,EURO,4704,370560,11,2680
12158,2021-10-24,DK,Denmark,EURO,7005,377565,17,2697
12159,2021-10-31,DK,Denmark,EURO,11186,388751,16,2713
12160,2021-11-07,DK,Denmark,EURO,13894,402645,22,2735
12161,2021-11-14,DK,Denmark,EURO,19954,422599,25,2760
12162,2021-11-21,DK,Denmark,EURO,26577,449176,47,2807
12163,2021-11-28,DK,Denmark,EURO,27961,477137,56,2863
12164,2021-12-05,DK,Denmark,EURO,31448,508585,76,2939
12165,2021-12-12,DK,Denmark,EURO,42315,550900,66,3005
12166,2021-12-19,DK,Denmark,EURO,67015,617915,62,3067
12167,2021-12-26,DK,Denmark,EURO,79648,697563,130,3197
12168,2022-01-02,DK,Denmark,EURO,125719,823282,75,3272
12169,2022-01-09,DK,Denmark,EURO,126955,950237,99,3371
12170,2022-01-16,DK,Denmark,EURO,154800,1105037,113,3484
12171,2022-01-23,DK,Denmark,EURO,250778,1355815,112,3596
12172,2022-01-30,DK,Denmark,EURO,321474,1677289,121,3717
12173,2022-02-06,DK,Denmark,EURO,289241,1966530,146,3863
12174,2022-02-13,DK,Denmark,EURO,322546,2289076,175,4038
12175,2022-02-20,DK,Denmark,EURO,263285,2552361,240,4278
12176,2022-02-27,DK,Denmark,EURO,179445,2731806,260,4538
12177,2022-03-06,DK,Denmark,EURO,121430,2853236,292,4830
12178,2022-03-13,DK,Denmark,EURO,90711,2943947,298,5128
12179,2022-03-20,DK,Denmark,EURO,55976,2999923,247,5375
12180,2022-03-27,DK,Denmark,EURO,39281,3039204,208,5583
12181,2022-04-03,DK,Denmark,EURO,25421,3064625,162,5745
12182,2022-04-10,DK,Denmark,EURO,18807,3083432,140,5885
12183,2022-04-17,DK,Denmark,EURO,13583,3097015,100,5985
12184,2022-04-24,DK,Denmark,EURO,11999,3109014,87,6072
12185,2022-05-01,DK,Denmark,EURO,7641,3116655,86,6158
12186,2022-05-08,DK,Denmark,EURO,6084,3122739,76,6234
12187,2022-05-15,DK,Denmark,EURO,4944,3127683,51,6285
12188,2022-05-22,DK,Denmark,EURO,4289,3131972,35,6320
12189,2022-05-29,DK,Denmark,EURO,3406,3135378,30,6350
12190,2022-06-05,DK,Denmark,EURO,3796,3139174,28,6378
12191,2022-06-12,DK,Denmark,EURO,4975,3144149,25,6403
12192,2022-06-19,DK,Denmark,EURO,7527,3151676,20,6423
12193,2022-06-26,DK,Denmark,EURO,10389,3162065,19,6442
12194,2022-07-03,DK,Denmark,EURO,12802,3174867,34,6476
12195,2022-07-10,DK,Denmark,EURO,15246,3190113,40,6516
12196,2022-07-17,DK,Denmark,EURO,15481,3205594,39,6555
12197,2022-07-24,DK,Denmark,EURO,14446,3220040,42,6597
12198,2022-07-31,DK,Denmark,EURO,10945,3230985,52,6649
12199,2022-08-07,DK,Denmark,EURO,10639,3241624,77,6726
12200,2022-08-14,DK,Denmark,EURO,11809,3253433,74,6800
12201,2022-08-21,DK,Denmark,EURO,9713,3263146,52,6852
12202,2022-08-28,DK,Denmark,EURO,6891,3270037,47,6899
12203,2022-09-04,DK,Denmark,EURO,5151,3275188,42,6941
12204,2022-09-11,DK,Denmark,EURO,5462,3280650,31,6972
12205,2022-09-18,DK,Denmark,EURO,5239,3285889,24,6996
12206,2022-09-25,DK,Denmark,EURO,6252,3292141,34,7030
12207,2022-10-02,DK,Denmark,EURO,8354,3300495,48,7078
12208,2022-10-09,DK,Denmark,EURO,9047,3309542,49,7127
12209,2022-10-16,DK,Denmark,EURO,9203,3318745,53,7180
12210,2022-10-23,DK,Denmark,EURO,8060,3326805,80,7260
12211,2022-10-30,DK,Denmark,EURO,6569,3333374,69,7329
12212,2022-11-06,DK,Denmark,EURO,4564,3337938,66,7395
12213,2022-11-13,DK,Denmark,EURO,4250,3342188,45,7440
12214,2022-11-20,DK,Denmark,EURO,3856,3346044,38,7478
12215,2022-11-27,DK,Denmark,EURO,4332,3350376,39,7517
12216,2022-12-04,DK,Denmark,EURO,6538,3356914,25,7542
12217,2022-12-11,DK,Denmark,EURO,8942,3365856,49,7591
12218,2022-12-18,DK,Denmark,EURO,6909,3372765,51,7642
12219,2022-12-25,DK,Denmark,EURO,9086,3381851,70,7712
12220,2023-01-01,DK,Denmark,EURO,7754,3389605,81,7793
12221,2023-01-08,DK,Denmark,EURO,4858,3394463,116,7909
12222,2023-01-15,DK,Denmark,EURO,2454,3396917,96,8005
12223,2023-01-22,DK,Denmark,EURO,1357,3398274,77,8082
12224,2023-01-29,DK,Denmark,EURO,1064,3399338,46,8128
12225,2023-02-05,DK,Denmark,EURO,1072,3400410,42,8170
12226,2023-02-12,DK,Denmark,EURO,961,3401371,25,8195
12227,2023-02-19,DK,Denmark,EURO,880,3402251,37,8232
12228,2023-02-26,DK,Denmark,EURO,823,3403074,15,8247
12229,2023-03-05,DK,Denmark,EURO,755,3403829,30,8277
12230,2023-03-12,DK,Denmark,EURO,845,3404674,27,8304
12231,2023-03-19,DK,Denmark,EURO,1248,3405922,30,8334
12232,2023-03-26,DK,Denmark,EURO,1584,3407506,18,8352
12233,2023-04-02,DK,Denmark,EURO,1309,3408815,39,8391
12234,2023-04-09,DK,Denmark,EURO,815,3409630,29,8420
12235,2023-04-16,DK,Denmark,EURO,833,3410463,44,8464
12236,2023-04-23,DK,Denmark,EURO,751,3411214,45,8509
12237,2023-04-30,DK,Denmark,EURO,586,3411800,37,8546
12238,2023-05-07,DK,Denmark,EURO,524,3412324,40,8586
12239,2023-05-14,DK,Denmark,EURO,602,3412926,46,8632
12240,2023-05-21,DK,Denmark,EURO,367,3413293,32,8664
12241,2023-05-28,DK,Denmark,EURO,349,3413642,24,8688
12242,2023-06-04,DK,Denmark,EURO,193,3413835,27,8715
12243,2023-06-11,DK,Denmark,EURO,172,3414007,15,8730
12244,2023-06-18,DK,Denmark,EURO,162,3414169,11,8741
12245,2023-06-25,DK,Denmark,EURO,26,3414195,3,8744
12246,2023-07-02,DK,Denmark,EURO,79,3414274,3,8747
12247,2023-07-09,DK,Denmark,EURO,59,3414333,7,8754
12248,2023-07-16,DK,Denmark,EURO,86,3414419,2,8756
12249,2023-07-23,DK,Denmark,EURO,91,3414510,8,8764
12250,2023-07-30,DK,Denmark,EURO,59,3414569,1,8765
12251,2023-08-06,DK,Denmark,EURO,105,3414674,6,8771
12252,2023-08-13,DK,Denmark,EURO,141,3414815,2,8773
12253,2023-08-20,DK,Denmark,EURO,276,3415091,7,8780
12254,2023-08-27,DK,Denmark,EURO,284,3415375,2,8782
12255,2023-09-03,DK,Denmark,EURO,369,3415744,8,8790
12256,2023-09-10,DK,Denmark,EURO,429,3416173,9,8799
12257,2023-09-17,DK,Denmark,EURO,381,3416554,12,8811
12258,2023-09-24,DK,Denmark,EURO,144,3416698,3,8814
12259,2023-10-01,DK,Denmark,EURO,319,3417017,10,8824
12260,2023-10-08,DK,Denmark,EURO,0,3417017,0,8824
12261,2023-10-15,DK,Denmark,EURO,0,3417017,0,8824
12262,2023-10-22,DK,Denmark,EURO,0,3417017,0,8824
12263,2023-10-29,DK,Denmark,EURO,0,3417017,0,8824
12264,2023-11-05,DK,Denmark,EURO,0,3417017,0,8824
12265,2023-11-12,DK,Denmark,EURO,0,3417017,0,8824
12266,2023-11-19,DK,Denmark,EURO,0,3417017,0,8824
12267,2023-11-26,DK,Denmark,EURO,0,3417017,0,8824
12268,2023-12-03,DK,Denmark,EURO,0,3417017,0,8824
12269,2023-12-10,DK,Denmark,EURO,1503,3418520,14,8838
12270,2023-12-17,DK,Denmark,EURO,4656,3423176,91,8929
12271,2023-12-24,DK,Denmark,EURO,0,3423176,0,8929
12272,2020-01-05,,,,0,0,0,0
12273,2020-01-12,,,,0,0,0,0
12274,2020-01-19,,,,0,0,0,0
12275,2020-01-26,,,,0,0,0,0
12276,2020-02-02,,,,0,0,0,0
12277,2020-02-09,,,,74,74,0,0
12278,2020-02-16,,,,285,359,0,0
12279,2020-02-23,,,,336,695,2,2
12280,2020-03-01,,,,5,700,4,6
12281,2020-03-08,,,,0,700,1,7
12282,2020-03-15,,,,12,712,0,7
12283,2020-03-22,,,,0,712,1,8
12284,2020-03-29,,,,0,712,2,10
12285,2020-04-05,,,,0,712,1,11
12286,2020-04-12,,,,0,712,0,11
12287,2020-04-19,,,,0,712,2,13
12288,2020-04-26,,,,0,712,0,13
12289,2020-05-03,,,,0,712,0,13
12290,2020-05-10,,,,0,712,0,13
12291,2020-05-17,,,,0,712,0,13
12292,2020-05-24,,,,0,712,0,13
12293,2020-05-31,,,,0,712,0,13
12294,2020-06-07,,,,0,712,0,13
12295,2020-06-14,,,,0,712,0,13
12296,2020-06-21,,,,0,712,0,13
12297,2020-06-28,,,,0,712,0,13
12298,2020-07-05,,,,0,712,0,13
12299,2020-07-12,,,,0,712,0,13
12300,2020-07-19,,,,0,712,0,13
12301,2020-07-26,,,,0,712,0,13
12302,2020-08-02,,,,0,712,0,13
12303,2020-08-09,,,,0,712,0,13
12304,2020-08-16,,,,0,712,0,13
12305,2020-08-23,,,,0,712,0,13
12306,2020-08-30,,,,0,712,0,13
12307,2020-09-06,,,,0,712,0,13
12308,2020-09-13,,,,0,712,0,13
12309,2020-09-20,,,,0,712,0,13
12310,2020-09-27,,,,0,712,0,13
12311,2020-10-04,,,,0,712,0,13
12312,2020-10-11,,,,0,712,0,13
12313,2020-10-18,,,,0,712,0,13
12314,2020-10-25,,,,0,712,0,13
12315,2020-11-01,,,,0,712,0,13
12316,2020-11-08,,,,0,712,0,13
12317,2020-11-15,,,,0,712,0,13
12318,2020-11-22,,,,0,712,0,13
12319,2020-11-29,,,,0,712,0,13
12320,2020-12-06,,,,0,712,0,13
12321,2020-12-13,,,,0,712,0,13
12322,2020-12-20,,,,0,712,0,13
12323,2020-12-27,,,,0,712,0,13
12324,2021-01-03,,,,0,712,0,13
12325,2021-01-10,,,,0,712,0,13
12326,2021-01-17,,,,0,712,0,13
12327,2021-01-24,,,,0,712,0,13
12328,2021-01-31,,,,0,712,0,13
12329,2021-02-07,,,,0,712,0,13
12330,2021-02-14,,,,0,712,0,13
12331,2021-02-21,,,,0,712,0,13
12332,2021-02-28,,,,0,712,0,13
12333,2021-03-07,,,,0,712,0,13
12334,2021-03-14,,,,0,712,0,13
12335,2021-03-21,,,,0,712,0,13
12336,2021-03-28,,,,0,712,0,13
12337,2021-04-04,,,,0,712,0,13
12338,2021-04-11,,,,0,712,0,13
12339,2021-04-18,,,,0,712,0,13
12340,2021-04-25,,,,0,712,0,13
12341,2021-05-02,,,,0,712,0,13
12342,2021-05-09,,,,0,712,0,13
12343,2021-05-16,,,,0,712,0,13
12344,2021-05-23,,,,0,712,0,13
12345,2021-05-30,,,,0,712,0,13
12346,2021-06-06,,,,0,712,0,13
12347,2021-06-13,,,,0,712,0,13
12348,2021-06-20,,,,0,712,0,13
12349,2021-06-27,,,,0,712,0,13
12350,2021-07-04,,,,0,712,0,13
12351,2021-07-11,,,,0,712,0,13
12352,2021-07-18,,,,0,712,0,13
12353,2021-07-25,,,,0,712,0,13
12354,2021-08-01,,,,0,712,0,13
12355,2021-08-08,,,,0,712,0,13
12356,2021-08-15,,,,0,712,0,13
12357,2021-08-22,,,,0,712,0,13
12358,2021-08-29,,,,0,712,0,13
12359,2021-09-05,,,,0,712,0,13
12360,2021-09-12,,,,0,712,0,13
12361,2021-09-19,,,,0,712,0,13
12362,2021-09-26,,,,0,712,0,13
12363,2021-10-03,,,,0,712,0,13
12364,2021-10-10,,,,0,712,0,13
12365,2021-10-17,,,,0,712,0,13
12366,2021-10-24,,,,0,712,0,13
12367,2021-10-31,,,,0,712,0,13
12368,2021-11-07,,,,0,712,0,13
12369,2021-11-14,,,,0,712,0,13
12370,2021-11-21,,,,0,712,0,13
12371,2021-11-28,,,,0,712,0,13
12372,2021-12-05,,,,0,712,0,13
12373,2021-12-12,,,,0,712,0,13
12374,2021-12-19,,,,0,712,0,13
12375,2021-12-26,,,,0,712,0,13
12376,2022-01-02,,,,0,712,0,13
12377,2022-01-09,,,,0,712,0,13
12378,2022-01-16,,,,0,712,0,13
12379,2022-01-23,,,,0,712,0,13
12380,2022-01-30,,,,0,712,0,13
12381,2022-02-06,,,,0,712,0,13
12382,2022-02-13,,,,0,712,0,13
12383,2022-02-20,,,,0,712,0,13
12384,2022-02-27,,,,0,712,0,13
12385,2022-03-06,,,,0,712,0,13
12386,2022-03-13,,,,0,712,0,13
12387,2022-03-20,,,,0,712,0,13
12388,2022-03-27,,,,0,712,0,13
12389,2022-04-03,,,,0,712,0,13
12390,2022-04-10,,,,0,712,0,13
12391,2022-04-17,,,,0,712,0,13
12392,2022-04-24,,,,0,712,0,13
12393,2022-05-01,,,,0,712,0,13
12394,2022-05-08,,,,0,712,0,13
12395,2022-05-15,,,,0,712,0,13
12396,2022-05-22,,,,0,712,0,13
12397,2022-05-29,,,,0,712,0,13
12398,2022-06-05,,,,0,712,0,13
12399,2022-06-12,,,,0,712,0,13
12400,2022-06-19,,,,0,712,0,13
12401,2022-06-26,,,,0,712,0,13
12402,2022-07-03,,,,0,712,0,13
12403,2022-07-10,,,,0,712,0,13
12404,2022-07-17,,,,0,712,0,13
12405,2022-07-24,,,,0,712,0,13
12406,2022-07-31,,,,0,712,0,13
12407,2022-08-07,,,,0,712,0,13
12408,2022-08-14,,,,0,712,0,13
12409,2022-08-21,,,,0,712,0,13
12410,2022-08-28,,,,0,712,0,13
12411,2022-09-04,,,,0,712,0,13
12412,2022-09-11,,,,0,712,0,13
12413,2022-09-18,,,,0,712,0,13
12414,2022-09-25,,,,0,712,0,13
12415,2022-10-02,,,,0,712,0,13
12416,2022-10-09,,,,0,712,0,13
12417,2022-10-16,,,,0,712,0,13
12418,2022-10-23,,,,0,712,0,13
12419,2022-10-30,,,,0,712,0,13
12420,2022-11-06,,,,0,712,0,13
12421,2022-11-13,,,,0,712,0,13
12422,2022-11-20,,,,0,712,0,13
12423,2022-11-27,,,,0,712,0,13
12424,2022-12-04,,,,0,712,0,13
12425,2022-12-11,,,,0,712,0,13
12426,2022-12-18,,,,0,712,0,13
12427,2022-12-25,,,,0,712,0,13
12428,2023-01-01,,,,0,712,0,13
12429,2023-01-08,,,,0,712,0,13
12430,2023-01-15,,,,0,712,0,13
12431,2023-01-22,,,,0,712,0,13
12432,2023-01-29,,,,0,712,0,13
12433,2023-02-05,,,,0,712,0,13
12434,2023-02-12,,,,0,712,0,13
12435,2023-02-19,,,,0,712,0,13
12436,2023-02-26,,,,0,712,0,13
12437,2023-03-05,,,,0,712,0,13
12438,2023-03-12,,,,0,712,0,13
12439,2023-03-19,,,,0,712,0,13
12440,2023-03-26,,,,0,712,0,13
12441,2023-04-02,,,,0,712,0,13
12442,2023-04-09,,,,0,712,0,13
12443,2023-04-16,,,,0,712,0,13
12444,2023-04-23,,,,0,712,0,13
12445,2023-04-30,,,,0,712,0,13
12446,2023-05-07,,,,0,712,0,13
12447,2023-05-14,,,,0,712,0,13
12448,2023-05-21,,,,0,712,0,13
12449,2023-05-28,,,,0,712,0,13
12450,2023-06-04,,,,0,712,0,13
12451,2023-06-11,,,,0,712,0,13
12452,2023-06-18,,,,0,712,0,13
12453,2023-06-25,,,,0,712,0,13
12454,2023-07-02,,,,0,712,0,13
12455,2023-07-09,,,,0,712,0,13
12456,2023-07-16,,,,0,712,0,13
12457,2023-07-23,,,,0,712,0,13
12458,2023-07-30,,,,0,712,0,13
12459,2023-08-06,,,,0,712,0,13
12460,2023-08-13,,,,0,712,0,13
12461,2023-08-20,,,,0,712,0,13
12462,2023-08-27,,,,0,712,0,13
12463,2023-09-03,,,,0,712,0,13
12464,2023-09-10,,,,0,712,0,13
12465,2023-09-17,,,,0,712,0,13
12466,2023-09-24,,,,0,712,0,13
12467,2023-10-01,,,,0,712,0,13
12468,2023-10-08,,,,0,712,0,13
12469,2023-10-15,,,,0,712,0,13
12470,2023-10-22,,,,0,712,0,13
12471,2023-10-29,,,,0,712,0,13
12472,2023-11-05,,,,0,712,0,13
12473,2023-11-12,,,,0,712,0,13
12474,2023-11-19,,,,0,712,0,13
12475,2023-11-26,,,,0,712,0,13
12476,2023-12-03,,,,0,712,0,13
12477,2023-12-10,,,,0,712,0,13
12478,2023-12-17,,,,0,712,0,13
12479,2023-12-24,,,,0,712,0,13
12480,2020-01-05,DJ,Djibouti,EMRO,0,0,0,0
12481,2020-01-12,DJ,Djibouti,EMRO,0,0,0,0
12482,2020-01-19,DJ,Djibouti,EMRO,0,0,0,0
12483,2020-01-26,DJ,Djibouti,EMRO,0,0,0,0
12484,2020-02-02,DJ,Djibouti,EMRO,0,0,0,0
12485,2020-02-09,DJ,Djibouti,EMRO,0,0,0,0
12486,2020-02-16,DJ,Djibouti,EMRO,0,0,0,0
12487,2020-02-23,DJ,Djibouti,EMRO,0,0,0,0
12488,2020-03-01,DJ,Djibouti,EMRO,0,0,0,0
12489,2020-03-08,DJ,Djibouti,EMRO,0,0,0,0
12490,2020-03-15,DJ,Djibouti,EMRO,0,0,0,0
12491,2020-03-22,DJ,Djibouti,EMRO,1,1,0,0
12492,2020-03-29,DJ,Djibouti,EMRO,14,15,0,0
12493,2020-04-05,DJ,Djibouti,EMRO,36,51,0,0
12494,2020-04-12,DJ,Djibouti,EMRO,136,187,2,2
12495,2020-04-19,DJ,Djibouti,EMRO,545,732,0,2
12496,2020-04-26,DJ,Djibouti,EMRO,276,1008,0,2
12497,2020-05-03,DJ,Djibouti,EMRO,104,1112,0,2
12498,2020-05-10,DJ,Djibouti,EMRO,77,1189,1,3
12499,2020-05-17,DJ,Djibouti,EMRO,142,1331,1,4
12500,2020-05-24,DJ,Djibouti,EMRO,939,2270,6,10
12501,2020-05-31,DJ,Djibouti,EMRO,924,3194,12,22
12502,2020-06-07,DJ,Djibouti,EMRO,975,4169,4,26
12503,2020-06-14,DJ,Djibouti,EMRO,280,4449,15,41
12504,2020-06-21,DJ,Djibouti,EMRO,116,4565,4,45
12505,2020-06-28,DJ,Djibouti,EMRO,78,4643,7,52
12506,2020-07-05,DJ,Djibouti,EMRO,93,4736,3,55
12507,2020-07-12,DJ,Djibouti,EMRO,232,4968,1,56
12508,2020-07-19,DJ,Djibouti,EMRO,35,5003,0,56
12509,2020-07-26,DJ,Djibouti,EMRO,36,5039,2,58
12510,2020-08-02,DJ,Djibouti,EMRO,42,5081,0,58
12511,2020-08-09,DJ,Djibouti,EMRO,257,5338,1,59
12512,2020-08-16,DJ,Djibouti,EMRO,29,5367,0,59
12513,2020-08-23,DJ,Djibouti,EMRO,15,5382,1,60
12514,2020-08-30,DJ,Djibouti,EMRO,3,5385,0,60
12515,2020-09-06,DJ,Djibouti,EMRO,2,5387,0,60
12516,2020-09-13,DJ,Djibouti,EMRO,7,5394,1,61
12517,2020-09-20,DJ,Djibouti,EMRO,9,5403,0,61
12518,2020-09-27,DJ,Djibouti,EMRO,6,5409,0,61
12519,2020-10-04,DJ,Djibouti,EMRO,9,5418,0,61
12520,2020-10-11,DJ,Djibouti,EMRO,5,5423,0,61
12521,2020-10-18,DJ,Djibouti,EMRO,29,5452,0,61
12522,2020-10-25,DJ,Djibouti,EMRO,78,5530,0,61
12523,2020-11-01,DJ,Djibouti,EMRO,31,5561,0,61
12524,2020-11-08,DJ,Djibouti,EMRO,44,5605,0,61
12525,2020-11-15,DJ,Djibouti,EMRO,40,5645,0,61
12526,2020-11-22,DJ,Djibouti,EMRO,16,5661,0,61
12527,2020-11-29,DJ,Djibouti,EMRO,15,5676,0,61
12528,2020-12-06,DJ,Djibouti,EMRO,16,5692,0,61
12529,2020-12-13,DJ,Djibouti,EMRO,33,5725,0,61
12530,2020-12-20,DJ,Djibouti,EMRO,56,5781,0,61
12531,2020-12-27,DJ,Djibouti,EMRO,24,5805,0,61
12532,2021-01-03,DJ,Djibouti,EMRO,36,5841,0,61
12533,2021-01-10,DJ,Djibouti,EMRO,25,5866,0,61
12534,2021-01-17,DJ,Djibouti,EMRO,37,5903,0,61
12535,2021-01-24,DJ,Djibouti,EMRO,15,5918,0,61
12536,2021-01-31,DJ,Djibouti,EMRO,13,5931,1,62
12537,2021-02-07,DJ,Djibouti,EMRO,10,5941,1,63
12538,2021-02-14,DJ,Djibouti,EMRO,27,5968,0,63
12539,2021-02-21,DJ,Djibouti,EMRO,54,6022,0,63
12540,2021-02-28,DJ,Djibouti,EMRO,43,6065,0,63
12541,2021-03-07,DJ,Djibouti,EMRO,69,6134,0,63
12542,2021-03-14,DJ,Djibouti,EMRO,118,6252,0,63
12543,2021-03-21,DJ,Djibouti,EMRO,266,6518,0,63
12544,2021-03-28,DJ,Djibouti,EMRO,731,7249,3,66
12545,2021-04-04,DJ,Djibouti,EMRO,1260,8509,6,72
12546,2021-04-11,DJ,Djibouti,EMRO,1213,9722,21,93
12547,2021-04-18,DJ,Djibouti,EMRO,690,10412,21,114
12548,2021-04-25,DJ,Djibouti,EMRO,334,10746,18,132
12549,2021-05-02,DJ,Djibouti,EMRO,375,11121,13,145
12550,2021-05-09,DJ,Djibouti,EMRO,214,11335,4,149
12551,2021-05-16,DJ,Djibouti,EMRO,79,11414,2,151
12552,2021-05-23,DJ,Djibouti,EMRO,77,11491,1,152
12553,2021-05-30,DJ,Djibouti,EMRO,36,11527,2,154
12554,2021-06-06,DJ,Djibouti,EMRO,29,11556,0,154
12555,2021-06-13,DJ,Djibouti,EMRO,16,11572,0,154
12556,2021-06-20,DJ,Djibouti,EMRO,15,11587,1,155
12557,2021-06-27,DJ,Djibouti,EMRO,13,11600,0,155
12558,2021-07-04,DJ,Djibouti,EMRO,4,11604,0,155
12559,2021-07-11,DJ,Djibouti,EMRO,10,11614,0,155
12560,2021-07-18,DJ,Djibouti,EMRO,8,11622,0,155
12561,2021-07-25,DJ,Djibouti,EMRO,13,11635,0,155
12562,2021-08-01,DJ,Djibouti,EMRO,16,11651,1,156
12563,2021-08-08,DJ,Djibouti,EMRO,8,11659,0,156
12564,2021-08-15,DJ,Djibouti,EMRO,19,11678,0,156
12565,2021-08-22,DJ,Djibouti,EMRO,12,11690,1,157
12566,2021-08-29,DJ,Djibouti,EMRO,38,11728,0,157
12567,2021-09-05,DJ,Djibouti,EMRO,47,11775,0,157
12568,2021-09-12,DJ,Djibouti,EMRO,70,11845,0,157
12569,2021-09-19,DJ,Djibouti,EMRO,160,12005,2,159
12570,2021-09-26,DJ,Djibouti,EMRO,319,12324,3,162
12571,2021-10-03,DJ,Djibouti,EMRO,557,12881,7,169
12572,2021-10-10,DJ,Djibouti,EMRO,335,13216,8,177
12573,2021-10-17,DJ,Djibouti,EMRO,167,13383,2,179
12574,2021-10-24,DJ,Djibouti,EMRO,61,13444,2,181
12575,2021-10-31,DJ,Djibouti,EMRO,34,13478,0,181
12576,2021-11-07,DJ,Djibouti,EMRO,13,13491,5,186
12577,2021-11-14,DJ,Djibouti,EMRO,4,13495,0,186
12578,2021-11-21,DJ,Djibouti,EMRO,6,13501,0,186
12579,2021-11-28,DJ,Djibouti,EMRO,3,13504,0,186
12580,2021-12-05,DJ,Djibouti,EMRO,4,13508,1,187
12581,2021-12-12,DJ,Djibouti,EMRO,6,13514,2,189
12582,2021-12-19,DJ,Djibouti,EMRO,14,13528,0,189
12583,2021-12-26,DJ,Djibouti,EMRO,40,13568,0,189
12584,2022-01-02,DJ,Djibouti,EMRO,100,13668,0,189
12585,2022-01-09,DJ,Djibouti,EMRO,416,14084,0,189
12586,2022-01-16,DJ,Djibouti,EMRO,757,14841,0,189
12587,2022-01-23,DJ,Djibouti,EMRO,430,15271,0,189
12588,2022-01-30,DJ,Djibouti,EMRO,169,15440,0,189
12589,2022-02-06,DJ,Djibouti,EMRO,70,15510,0,189
12590,2022-02-13,DJ,Djibouti,EMRO,21,15531,0,189
12591,2022-02-20,DJ,Djibouti,EMRO,10,15541,0,189
12592,2022-02-27,DJ,Djibouti,EMRO,6,15547,0,189
12593,2022-03-06,DJ,Djibouti,EMRO,3,15550,0,189
12594,2022-03-13,DJ,Djibouti,EMRO,14,15564,0,189
12595,2022-03-20,DJ,Djibouti,EMRO,9,15573,0,189
12596,2022-03-27,DJ,Djibouti,EMRO,7,15580,0,189
12597,2022-04-03,DJ,Djibouti,EMRO,8,15588,0,189
12598,2022-04-10,DJ,Djibouti,EMRO,6,15594,0,189
12599,2022-04-17,DJ,Djibouti,EMRO,4,15598,0,189
12600,2022-04-24,DJ,Djibouti,EMRO,13,15611,0,189
12601,2022-05-01,DJ,Djibouti,EMRO,20,15631,0,189
12602,2022-05-08,DJ,Djibouti,EMRO,0,15631,0,189
12603,2022-05-15,DJ,Djibouti,EMRO,39,15670,0,189
12604,2022-05-22,DJ,Djibouti,EMRO,5,15675,0,189
12605,2022-05-29,DJ,Djibouti,EMRO,5,15680,0,189
12606,2022-06-05,DJ,Djibouti,EMRO,6,15686,0,189
12607,2022-06-12,DJ,Djibouti,EMRO,4,15690,0,189
12608,2022-06-19,DJ,Djibouti,EMRO,0,15690,0,189
12609,2022-06-26,DJ,Djibouti,EMRO,0,15690,0,189
12610,2022-07-03,DJ,Djibouti,EMRO,0,15690,0,189
12611,2022-07-10,DJ,Djibouti,EMRO,0,15690,0,189
12612,2022-07-17,DJ,Djibouti,EMRO,0,15690,0,189
12613,2022-07-24,DJ,Djibouti,EMRO,0,15690,0,189
12614,2022-07-31,DJ,Djibouti,EMRO,0,15690,0,189
12615,2022-08-07,DJ,Djibouti,EMRO,0,15690,0,189
12616,2022-08-14,DJ,Djibouti,EMRO,0,15690,0,189
12617,2022-08-21,DJ,Djibouti,EMRO,0,15690,0,189
12618,2022-08-28,DJ,Djibouti,EMRO,0,15690,0,189
12619,2022-09-04,DJ,Djibouti,EMRO,0,15690,0,189
12620,2022-09-11,DJ,Djibouti,EMRO,0,15690,0,189
12621,2022-09-18,DJ,Djibouti,EMRO,0,15690,0,189
12622,2022-09-25,DJ,Djibouti,EMRO,0,15690,0,189
12623,2022-10-02,DJ,Djibouti,EMRO,0,15690,0,189
12624,2022-10-09,DJ,Djibouti,EMRO,0,15690,0,189
12625,2022-10-16,DJ,Djibouti,EMRO,0,15690,0,189
12626,2022-10-23,DJ,Djibouti,EMRO,0,15690,0,189
12627,2022-10-30,DJ,Djibouti,EMRO,0,15690,0,189
12628,2022-11-06,DJ,Djibouti,EMRO,0,15690,0,189
12629,2022-11-13,DJ,Djibouti,EMRO,0,15690,0,189
12630,2022-11-20,DJ,Djibouti,EMRO,0,15690,0,189
12631,2022-11-27,DJ,Djibouti,EMRO,0,15690,0,189
12632,2022-12-04,DJ,Djibouti,EMRO,0,15690,0,189
12633,2022-12-11,DJ,Djibouti,EMRO,0,15690,0,189
12634,2022-12-18,DJ,Djibouti,EMRO,0,15690,0,189
12635,2022-12-25,DJ,Djibouti,EMRO,0,15690,0,189
12636,2023-01-01,DJ,Djibouti,EMRO,0,15690,0,189
12637,2023-01-08,DJ,Djibouti,EMRO,0,15690,0,189
12638,2023-01-15,DJ,Djibouti,EMRO,0,15690,0,189
12639,2023-01-22,DJ,Djibouti,EMRO,0,15690,0,189
12640,2023-01-29,DJ,Djibouti,EMRO,0,15690,0,189
12641,2023-02-05,DJ,Djibouti,EMRO,0,15690,0,189
12642,2023-02-12,DJ,Djibouti,EMRO,0,15690,0,189
12643,2023-02-19,DJ,Djibouti,EMRO,0,15690,0,189
12644,2023-02-26,DJ,Djibouti,EMRO,0,15690,0,189
12645,2023-03-05,DJ,Djibouti,EMRO,0,15690,0,189
12646,2023-03-12,DJ,Djibouti,EMRO,0,15690,0,189
12647,2023-03-19,DJ,Djibouti,EMRO,0,15690,0,189
12648,2023-03-26,DJ,Djibouti,EMRO,0,15690,0,189
12649,2023-04-02,DJ,Djibouti,EMRO,0,15690,0,189
12650,2023-04-09,DJ,Djibouti,EMRO,0,15690,0,189
12651,2023-04-16,DJ,Djibouti,EMRO,0,15690,0,189
12652,2023-04-23,DJ,Djibouti,EMRO,0,15690,0,189
12653,2023-04-30,DJ,Djibouti,EMRO,0,15690,0,189
12654,2023-05-07,DJ,Djibouti,EMRO,0,15690,0,189
12655,2023-05-14,DJ,Djibouti,EMRO,0,15690,0,189
12656,2023-05-21,DJ,Djibouti,EMRO,0,15690,0,189
12657,2023-05-28,DJ,Djibouti,EMRO,0,15690,0,189
12658,2023-06-04,DJ,Djibouti,EMRO,0,15690,0,189
12659,2023-06-11,DJ,Djibouti,EMRO,0,15690,0,189
12660,2023-06-18,DJ,Djibouti,EMRO,0,15690,0,189
12661,2023-06-25,DJ,Djibouti,EMRO,0,15690,0,189
12662,2023-07-02,DJ,Djibouti,EMRO,0,15690,0,189
12663,2023-07-09,DJ,Djibouti,EMRO,0,15690,0,189
12664,2023-07-16,DJ,Djibouti,EMRO,0,15690,0,189
12665,2023-07-23,DJ,Djibouti,EMRO,0,15690,0,189
12666,2023-07-30,DJ,Djibouti,EMRO,0,15690,0,189
12667,2023-08-06,DJ,Djibouti,EMRO,0,15690,0,189
12668,2023-08-13,DJ,Djibouti,EMRO,0,15690,0,189
12669,2023-08-20,DJ,Djibouti,EMRO,0,15690,0,189
12670,2023-08-27,DJ,Djibouti,EMRO,0,15690,0,189
12671,2023-09-03,DJ,Djibouti,EMRO,0,15690,0,189
12672,2023-09-10,DJ,Djibouti,EMRO,0,15690,0,189
12673,2023-09-17,DJ,Djibouti,EMRO,0,15690,0,189
12674,2023-09-24,DJ,Djibouti,EMRO,0,15690,0,189
12675,2023-10-01,DJ,Djibouti,EMRO,0,15690,0,189
12676,2023-10-08,DJ,Djibouti,EMRO,0,15690,0,189
12677,2023-10-15,DJ,Djibouti,EMRO,0,15690,0,189
12678,2023-10-22,DJ,Djibouti,EMRO,0,15690,0,189
12679,2023-10-29,DJ,Djibouti,EMRO,0,15690,0,189
12680,2023-11-05,DJ,Djibouti,EMRO,0,15690,0,189
12681,2023-11-12,DJ,Djibouti,EMRO,0,15690,0,189
12682,2023-11-19,DJ,Djibouti,EMRO,0,15690,0,189
12683,2023-11-26,DJ,Djibouti,EMRO,0,15690,0,189
12684,2023-12-03,DJ,Djibouti,EMRO,0,15690,0,189
12685,2023-12-10,DJ,Djibouti,EMRO,0,15690,0,189
12686,2023-12-17,DJ,Djibouti,EMRO,0,15690,0,189
12687,2023-12-24,DJ,Djibouti,EMRO,0,15690,0,189
12688,2020-01-05,DM,Dominica,AMRO,0,0,0,0
12689,2020-01-12,DM,Dominica,AMRO,0,0,0,0
12690,2020-01-19,DM,Dominica,AMRO,0,0,0,0
12691,2020-01-26,DM,Dominica,AMRO,0,0,0,0
12692,2020-02-02,DM,Dominica,AMRO,0,0,0,0
12693,2020-02-09,DM,Dominica,AMRO,0,0,0,0
12694,2020-02-16,DM,Dominica,AMRO,0,0,0,0
12695,2020-02-23,DM,Dominica,AMRO,0,0,0,0
12696,2020-03-01,DM,Dominica,AMRO,0,0,0,0
12697,2020-03-08,DM,Dominica,AMRO,0,0,0,0
12698,2020-03-15,DM,Dominica,AMRO,0,0,0,0
12699,2020-03-22,DM,Dominica,AMRO,0,0,0,0
12700,2020-03-29,DM,Dominica,AMRO,11,11,0,0
12701,2020-04-05,DM,Dominica,AMRO,0,11,0,0
12702,2020-04-12,DM,Dominica,AMRO,5,16,0,0
12703,2020-04-19,DM,Dominica,AMRO,0,16,0,0
12704,2020-04-26,DM,Dominica,AMRO,0,16,0,0
12705,2020-05-03,DM,Dominica,AMRO,0,16,0,0
12706,2020-05-10,DM,Dominica,AMRO,0,16,0,0
12707,2020-05-17,DM,Dominica,AMRO,0,16,0,0
12708,2020-05-24,DM,Dominica,AMRO,0,16,0,0
12709,2020-05-31,DM,Dominica,AMRO,0,16,0,0
12710,2020-06-07,DM,Dominica,AMRO,0,16,0,0
12711,2020-06-14,DM,Dominica,AMRO,2,18,0,0
12712,2020-06-21,DM,Dominica,AMRO,0,18,0,0
12713,2020-06-28,DM,Dominica,AMRO,0,18,0,0
12714,2020-07-05,DM,Dominica,AMRO,0,18,0,0
12715,2020-07-12,DM,Dominica,AMRO,0,18,0,0
12716,2020-07-19,DM,Dominica,AMRO,0,18,0,0
12717,2020-07-26,DM,Dominica,AMRO,0,18,0,0
12718,2020-08-02,DM,Dominica,AMRO,0,18,0,0
12719,2020-08-09,DM,Dominica,AMRO,0,18,0,0
12720,2020-08-16,DM,Dominica,AMRO,0,18,0,0
12721,2020-08-23,DM,Dominica,AMRO,1,19,0,0
12722,2020-08-30,DM,Dominica,AMRO,1,20,0,0
12723,2020-09-06,DM,Dominica,AMRO,2,22,0,0
12724,2020-09-13,DM,Dominica,AMRO,2,24,0,0
12725,2020-09-20,DM,Dominica,AMRO,0,24,0,0
12726,2020-09-27,DM,Dominica,AMRO,0,24,0,0
12727,2020-10-04,DM,Dominica,AMRO,7,31,0,0
12728,2020-10-11,DM,Dominica,AMRO,1,32,0,0
12729,2020-10-18,DM,Dominica,AMRO,1,33,0,0
12730,2020-10-25,DM,Dominica,AMRO,5,38,0,0
12731,2020-11-01,DM,Dominica,AMRO,12,50,0,0
12732,2020-11-08,DM,Dominica,AMRO,13,63,0,0
12733,2020-11-15,DM,Dominica,AMRO,5,68,0,0
12734,2020-11-22,DM,Dominica,AMRO,4,72,0,0
12735,2020-11-29,DM,Dominica,AMRO,13,85,0,0
12736,2020-12-06,DM,Dominica,AMRO,0,85,0,0
12737,2020-12-13,DM,Dominica,AMRO,2,87,0,0
12738,2020-12-20,DM,Dominica,AMRO,5,92,0,0
12739,2020-12-27,DM,Dominica,AMRO,4,96,0,0
12740,2021-01-03,DM,Dominica,AMRO,0,96,0,0
12741,2021-01-10,DM,Dominica,AMRO,10,106,0,0
12742,2021-01-17,DM,Dominica,AMRO,4,110,0,0
12743,2021-01-24,DM,Dominica,AMRO,3,113,0,0
12744,2021-01-31,DM,Dominica,AMRO,4,117,0,0
12745,2021-02-07,DM,Dominica,AMRO,4,121,0,0
12746,2021-02-14,DM,Dominica,AMRO,0,121,0,0
12747,2021-02-21,DM,Dominica,AMRO,13,134,0,0
12748,2021-02-28,DM,Dominica,AMRO,8,142,0,0
12749,2021-03-07,DM,Dominica,AMRO,2,144,0,0
12750,2021-03-14,DM,Dominica,AMRO,12,156,0,0
12751,2021-03-21,DM,Dominica,AMRO,1,157,0,0
12752,2021-03-28,DM,Dominica,AMRO,4,161,0,0
12753,2021-04-04,DM,Dominica,AMRO,4,165,0,0
12754,2021-04-11,DM,Dominica,AMRO,0,165,0,0
12755,2021-04-18,DM,Dominica,AMRO,7,172,0,0
12756,2021-04-25,DM,Dominica,AMRO,1,173,0,0
12757,2021-05-02,DM,Dominica,AMRO,1,174,0,0
12758,2021-05-09,DM,Dominica,AMRO,1,175,0,0
12759,2021-05-16,DM,Dominica,AMRO,3,178,0,0
12760,2021-05-23,DM,Dominica,AMRO,6,184,0,0
12761,2021-05-30,DM,Dominica,AMRO,4,188,0,0
12762,2021-06-06,DM,Dominica,AMRO,0,188,0,0
12763,2021-06-13,DM,Dominica,AMRO,1,189,0,0
12764,2021-06-20,DM,Dominica,AMRO,2,191,0,0
12765,2021-06-27,DM,Dominica,AMRO,2,193,0,0
12766,2021-07-04,DM,Dominica,AMRO,1,194,0,0
12767,2021-07-11,DM,Dominica,AMRO,3,197,0,0
12768,2021-07-18,DM,Dominica,AMRO,9,206,0,0
12769,2021-07-25,DM,Dominica,AMRO,3,209,0,0
12770,2021-08-01,DM,Dominica,AMRO,7,216,0,0
12771,2021-08-08,DM,Dominica,AMRO,2,218,0,0
12772,2021-08-15,DM,Dominica,AMRO,358,576,0,0
12773,2021-08-22,DM,Dominica,AMRO,747,1323,1,1
12774,2021-08-29,DM,Dominica,AMRO,315,1638,3,4
12775,2021-09-05,DM,Dominica,AMRO,194,1832,0,4
12776,2021-09-12,DM,Dominica,AMRO,666,2498,3,7
12777,2021-09-19,DM,Dominica,AMRO,260,2758,1,8
12778,2021-09-26,DM,Dominica,AMRO,535,3293,7,15
12779,2021-10-03,DM,Dominica,AMRO,309,3602,6,21
12780,2021-10-10,DM,Dominica,AMRO,418,4020,5,26
12781,2021-10-17,DM,Dominica,AMRO,133,4153,2,28
12782,2021-10-24,DM,Dominica,AMRO,355,4508,2,30
12783,2021-10-31,DM,Dominica,AMRO,275,4783,2,32
12784,2021-11-07,DM,Dominica,AMRO,178,4961,0,32
12785,2021-11-14,DM,Dominica,AMRO,0,4961,0,32
12786,2021-11-21,DM,Dominica,AMRO,480,5441,3,35
12787,2021-11-28,DM,Dominica,AMRO,335,5776,2,37
12788,2021-12-05,DM,Dominica,AMRO,310,6086,5,42
12789,2021-12-12,DM,Dominica,AMRO,171,6257,0,42
12790,2021-12-19,DM,Dominica,AMRO,173,6430,2,44
12791,2021-12-26,DM,Dominica,AMRO,129,6559,1,45
12792,2022-01-02,DM,Dominica,AMRO,303,6862,2,47
12793,2022-01-09,DM,Dominica,AMRO,532,7394,0,47
12794,2022-01-16,DM,Dominica,AMRO,563,7957,1,48
12795,2022-01-23,DM,Dominica,AMRO,560,8517,1,49
12796,2022-01-30,DM,Dominica,AMRO,515,9032,2,51
12797,2022-02-06,DM,Dominica,AMRO,968,10000,0,51
12798,2022-02-13,DM,Dominica,AMRO,527,10527,2,53
12799,2022-02-20,DM,Dominica,AMRO,225,10752,4,57
12800,2022-02-27,DM,Dominica,AMRO,356,11108,0,57
12801,2022-03-06,DM,Dominica,AMRO,140,11248,4,61
12802,2022-03-13,DM,Dominica,AMRO,281,11529,1,62
12803,2022-03-20,DM,Dominica,AMRO,216,11745,0,62
12804,2022-03-27,DM,Dominica,AMRO,60,11805,1,63
12805,2022-04-03,DM,Dominica,AMRO,92,11897,0,63
12806,2022-04-10,DM,Dominica,AMRO,71,11968,0,63
12807,2022-04-17,DM,Dominica,AMRO,20,11988,0,63
12808,2022-04-24,DM,Dominica,AMRO,45,12033,0,63
12809,2022-05-01,DM,Dominica,AMRO,128,12161,0,63
12810,2022-05-08,DM,Dominica,AMRO,332,12493,0,63
12811,2022-05-15,DM,Dominica,AMRO,623,13116,0,63
12812,2022-05-22,DM,Dominica,AMRO,798,13914,0,63
12813,2022-05-29,DM,Dominica,AMRO,381,14295,4,67
12814,2022-06-05,DM,Dominica,AMRO,0,14295,0,67
12815,2022-06-12,DM,Dominica,AMRO,343,14638,0,67
12816,2022-06-19,DM,Dominica,AMRO,143,14781,0,67
12817,2022-06-26,DM,Dominica,AMRO,71,14852,1,68
12818,2022-07-03,DM,Dominica,AMRO,0,14852,0,68
12819,2022-07-10,DM,Dominica,AMRO,0,14852,0,68
12820,2022-07-17,DM,Dominica,AMRO,0,14852,0,68
12821,2022-07-24,DM,Dominica,AMRO,0,14852,0,68
12822,2022-07-31,DM,Dominica,AMRO,0,14852,0,68
12823,2022-08-07,DM,Dominica,AMRO,0,14852,0,68
12824,2022-08-14,DM,Dominica,AMRO,0,14852,0,68
12825,2022-08-21,DM,Dominica,AMRO,0,14852,0,68
12826,2022-08-28,DM,Dominica,AMRO,0,14852,0,68
12827,2022-09-04,DM,Dominica,AMRO,0,14852,0,68
12828,2022-09-11,DM,Dominica,AMRO,0,14852,0,68
12829,2022-09-18,DM,Dominica,AMRO,0,14852,0,68
12830,2022-09-25,DM,Dominica,AMRO,0,14852,0,68
12831,2022-10-02,DM,Dominica,AMRO,895,15747,6,74
12832,2022-10-09,DM,Dominica,AMRO,13,15760,0,74
12833,2022-10-16,DM,Dominica,AMRO,0,15760,0,74
12834,2022-10-23,DM,Dominica,AMRO,0,15760,0,74
12835,2022-10-30,DM,Dominica,AMRO,0,15760,0,74
12836,2022-11-06,DM,Dominica,AMRO,0,15760,0,74
12837,2022-11-13,DM,Dominica,AMRO,0,15760,0,74
12838,2022-11-20,DM,Dominica,AMRO,0,15760,0,74
12839,2022-11-27,DM,Dominica,AMRO,0,15760,0,74
12840,2022-12-04,DM,Dominica,AMRO,0,15760,0,74
12841,2022-12-11,DM,Dominica,AMRO,0,15760,0,74
12842,2022-12-18,DM,Dominica,AMRO,0,15760,0,74
12843,2022-12-25,DM,Dominica,AMRO,0,15760,0,74
12844,2023-01-01,DM,Dominica,AMRO,0,15760,0,74
12845,2023-01-08,DM,Dominica,AMRO,0,15760,0,74
12846,2023-01-15,DM,Dominica,AMRO,0,15760,0,74
12847,2023-01-22,DM,Dominica,AMRO,0,15760,0,74
12848,2023-01-29,DM,Dominica,AMRO,0,15760,0,74
12849,2023-02-05,DM,Dominica,AMRO,0,15760,0,74
12850,2023-02-12,DM,Dominica,AMRO,0,15760,0,74
12851,2023-02-19,DM,Dominica,AMRO,0,15760,0,74
12852,2023-02-26,DM,Dominica,AMRO,0,15760,0,74
12853,2023-03-05,DM,Dominica,AMRO,0,15760,0,74
12854,2023-03-12,DM,Dominica,AMRO,0,15760,0,74
12855,2023-03-19,DM,Dominica,AMRO,0,15760,0,74
12856,2023-03-26,DM,Dominica,AMRO,0,15760,0,74
12857,2023-04-02,DM,Dominica,AMRO,0,15760,0,74
12858,2023-04-09,DM,Dominica,AMRO,0,15760,0,74
12859,2023-04-16,DM,Dominica,AMRO,0,15760,0,74
12860,2023-04-23,DM,Dominica,AMRO,0,15760,0,74
12861,2023-04-30,DM,Dominica,AMRO,0,15760,0,74
12862,2023-05-07,DM,Dominica,AMRO,0,15760,0,74
12863,2023-05-14,DM,Dominica,AMRO,0,15760,0,74
12864,2023-05-21,DM,Dominica,AMRO,0,15760,0,74
12865,2023-05-28,DM,Dominica,AMRO,17,15777,0,74
12866,2023-06-04,DM,Dominica,AMRO,14,15791,0,74
12867,2023-06-11,DM,Dominica,AMRO,17,15808,0,74
12868,2023-06-18,DM,Dominica,AMRO,42,15850,0,74
12869,2023-06-25,DM,Dominica,AMRO,27,15877,0,74
12870,2023-07-02,DM,Dominica,AMRO,37,15914,0,74
12871,2023-07-09,DM,Dominica,AMRO,26,15940,0,74
12872,2023-07-16,DM,Dominica,AMRO,22,15962,0,74
12873,2023-07-23,DM,Dominica,AMRO,8,15970,0,74
12874,2023-07-30,DM,Dominica,AMRO,9,15979,0,74
12875,2023-08-06,DM,Dominica,AMRO,10,15989,0,74
12876,2023-08-13,DM,Dominica,AMRO,4,15993,0,74
12877,2023-08-20,DM,Dominica,AMRO,9,16002,0,74
12878,2023-08-27,DM,Dominica,AMRO,7,16009,0,74
12879,2023-09-03,DM,Dominica,AMRO,0,16009,0,74
12880,2023-09-10,DM,Dominica,AMRO,0,16009,0,74
12881,2023-09-17,DM,Dominica,AMRO,4,16013,0,74
12882,2023-09-24,DM,Dominica,AMRO,6,16019,0,74
12883,2023-10-01,DM,Dominica,AMRO,7,16026,0,74
12884,2023-10-08,DM,Dominica,AMRO,1,16027,0,74
12885,2023-10-15,DM,Dominica,AMRO,3,16030,0,74
12886,2023-10-22,DM,Dominica,AMRO,1,16031,0,74
12887,2023-10-29,DM,Dominica,AMRO,2,16033,0,74
12888,2023-11-05,DM,Dominica,AMRO,1,16034,0,74
12889,2023-11-12,DM,Dominica,AMRO,1,16035,0,74
12890,2023-11-19,DM,Dominica,AMRO,3,16038,0,74
12891,2023-11-26,DM,Dominica,AMRO,0,16038,0,74
12892,2023-12-03,DM,Dominica,AMRO,0,16038,0,74
12893,2023-12-10,DM,Dominica,AMRO,0,16038,0,74
12894,2023-12-17,DM,Dominica,AMRO,0,16038,0,74
12895,2023-12-24,DM,Dominica,AMRO,0,16038,0,74
12896,2020-01-05,DO,Dominican Republic,AMRO,0,0,0,0
12897,2020-01-12,DO,Dominican Republic,AMRO,0,0,0,0
12898,2020-01-19,DO,Dominican Republic,AMRO,0,0,0,0
12899,2020-01-26,DO,Dominican Republic,AMRO,0,0,0,0
12900,2020-02-02,DO,Dominican Republic,AMRO,0,0,0,0
12901,2020-02-09,DO,Dominican Republic,AMRO,0,0,0,0
12902,2020-02-16,DO,Dominican Republic,AMRO,0,0,0,0
12903,2020-02-23,DO,Dominican Republic,AMRO,0,0,0,0
12904,2020-03-01,DO,Dominican Republic,AMRO,0,0,0,0
12905,2020-03-08,DO,Dominican Republic,AMRO,2,2,0,0
12906,2020-03-15,DO,Dominican Republic,AMRO,3,5,0,0
12907,2020-03-22,DO,Dominican Republic,AMRO,67,72,2,2
12908,2020-03-29,DO,Dominican Republic,AMRO,509,581,18,20
12909,2020-04-05,DO,Dominican Republic,AMRO,907,1488,48,68
12910,2020-04-12,DO,Dominican Republic,AMRO,1132,2620,58,126
12911,2020-04-19,DO,Dominican Republic,AMRO,1715,4335,91,217
12912,2020-04-26,DO,Dominican Republic,AMRO,1591,5926,56,273
12913,2020-05-03,DO,Dominican Republic,AMRO,1652,7578,53,326
12914,2020-05-10,DO,Dominican Republic,AMRO,2304,9882,59,385
12915,2020-05-17,DO,Dominican Republic,AMRO,2228,12110,43,428
12916,2020-05-24,DO,Dominican Republic,AMRO,2312,14422,30,458
12917,2020-05-31,DO,Dominican Republic,AMRO,2486,16908,40,498
12918,2020-06-07,DO,Dominican Republic,AMRO,2287,19195,38,536
12919,2020-06-14,DO,Dominican Republic,AMRO,3377,22572,41,577
12920,2020-06-21,DO,Dominican Republic,AMRO,3206,25778,78,655
12921,2020-06-28,DO,Dominican Republic,AMRO,4841,30619,63,718
12922,2020-07-05,DO,Dominican Republic,AMRO,5565,36184,68,786
12923,2020-07-12,DO,Dominican Republic,AMRO,6930,43114,94,880
12924,2020-07-19,DO,Dominican Republic,AMRO,8405,51519,91,971
12925,2020-07-26,DO,Dominican Republic,AMRO,9377,60896,84,1055
12926,2020-08-02,DO,Dominican Republic,AMRO,10519,71415,115,1170
12927,2020-08-09,DO,Dominican Republic,AMRO,7363,78778,119,1289
12928,2020-08-16,DO,Dominican Republic,AMRO,6767,85545,149,1438
12929,2020-08-23,DO,Dominican Republic,AMRO,5016,90561,116,1554
12930,2020-08-30,DO,Dominican Republic,AMRO,3165,93726,119,1673
12931,2020-09-06,DO,Dominican Republic,AMRO,5050,98776,167,1840
12932,2020-09-13,DO,Dominican Republic,AMRO,4316,103092,113,1953
12933,2020-09-20,DO,Dominican Republic,AMRO,4608,107700,91,2044
12934,2020-09-27,DO,Dominican Republic,AMRO,3257,110957,49,2093
12935,2020-10-04,DO,Dominican Republic,AMRO,2969,113926,35,2128
12936,2020-10-11,DO,Dominican Republic,AMRO,4088,118014,39,2167
12937,2020-10-18,DO,Dominican Republic,AMRO,2911,120925,28,2195
12938,2020-10-25,DO,Dominican Republic,AMRO,3093,124018,25,2220
12939,2020-11-01,DO,Dominican Republic,AMRO,3000,127018,25,2245
12940,2020-11-08,DO,Dominican Republic,AMRO,2627,129645,18,2263
12941,2020-11-15,DO,Dominican Republic,AMRO,3580,133225,19,2282
12942,2020-11-22,DO,Dominican Republic,AMRO,4545,137770,26,2308
12943,2020-11-29,DO,Dominican Republic,AMRO,4883,142653,20,2328
12944,2020-12-06,DO,Dominican Republic,AMRO,5002,147655,17,2345
12945,2020-12-13,DO,Dominican Republic,AMRO,5930,153585,15,2360
12946,2020-12-20,DO,Dominican Republic,AMRO,5479,159064,22,2382
12947,2020-12-27,DO,Dominican Republic,AMRO,6876,165940,22,2404
12948,2021-01-03,DO,Dominican Republic,AMRO,7025,172965,12,2416
12949,2021-01-10,DO,Dominican Republic,AMRO,7679,180644,8,2424
12950,2021-01-17,DO,Dominican Republic,AMRO,10695,191339,8,2432
12951,2021-01-24,DO,Dominican Republic,AMRO,11168,202507,81,2513
12952,2021-01-31,DO,Dominican Republic,AMRO,10046,212553,133,2646
12953,2021-02-07,DO,Dominican Republic,AMRO,9595,222148,155,2801
12954,2021-02-14,DO,Dominican Republic,AMRO,6747,228895,131,2932
12955,2021-02-21,DO,Dominican Republic,AMRO,5607,234502,96,3028
12956,2021-02-28,DO,Dominican Republic,AMRO,4507,239009,65,3093
12957,2021-03-07,DO,Dominican Republic,AMRO,3651,242660,69,3162
12958,2021-03-14,DO,Dominican Republic,AMRO,2956,245616,51,3213
12959,2021-03-21,DO,Dominican Republic,AMRO,3373,248989,56,3269
12960,2021-03-28,DO,Dominican Republic,AMRO,2593,251582,33,3302
12961,2021-04-04,DO,Dominican Republic,AMRO,2199,253781,32,3334
12962,2021-04-11,DO,Dominican Republic,AMRO,3405,257186,51,3385
12963,2021-04-18,DO,Dominican Republic,AMRO,3441,260627,29,3414
12964,2021-04-25,DO,Dominican Republic,AMRO,3317,263944,37,3451
12965,2021-05-02,DO,Dominican Republic,AMRO,2917,266861,36,3487
12966,2021-05-09,DO,Dominican Republic,AMRO,3739,270600,36,3523
12967,2021-05-16,DO,Dominican Republic,AMRO,5672,276272,46,3569
12968,2021-05-23,DO,Dominican Republic,AMRO,6413,282685,37,3606
12969,2021-05-30,DO,Dominican Republic,AMRO,7841,290526,22,3628
12970,2021-06-06,DO,Dominican Republic,AMRO,9155,299681,24,3652
12971,2021-06-13,DO,Dominican Republic,AMRO,8166,307847,53,3705
12972,2021-06-20,DO,Dominican Republic,AMRO,7968,315815,49,3754
12973,2021-06-27,DO,Dominican Republic,AMRO,6256,322071,42,3796
12974,2021-07-04,DO,Dominican Republic,AMRO,6305,328376,56,3852
12975,2021-07-11,DO,Dominican Republic,AMRO,4677,333053,37,3889
12976,2021-07-18,DO,Dominican Republic,AMRO,4094,337147,26,3915
12977,2021-07-25,DO,Dominican Republic,AMRO,2522,339669,22,3937
12978,2021-08-01,DO,Dominican Republic,AMRO,2236,341905,26,3963
12979,2021-08-08,DO,Dominican Republic,AMRO,2246,344151,11,3974
12980,2021-08-15,DO,Dominican Republic,AMRO,1809,345960,2,3976
12981,2021-08-22,DO,Dominican Republic,AMRO,1677,347637,13,3989
12982,2021-08-29,DO,Dominican Republic,AMRO,1983,349620,18,4007
12983,2021-09-05,DO,Dominican Republic,AMRO,1833,351453,5,4012
12984,2021-09-12,DO,Dominican Republic,AMRO,1618,353071,2,4014
12985,2021-09-19,DO,Dominican Republic,AMRO,1942,355013,13,4027
12986,2021-09-26,DO,Dominican Republic,AMRO,1921,356934,11,4038
12987,2021-10-03,DO,Dominican Republic,AMRO,3323,360257,11,4049
12988,2021-10-10,DO,Dominican Republic,AMRO,4806,365063,18,4067
12989,2021-10-17,DO,Dominican Republic,AMRO,4637,369700,17,4084
12990,2021-10-24,DO,Dominican Republic,AMRO,5845,375545,22,4106
12991,2021-10-31,DO,Dominican Republic,AMRO,5429,380974,23,4129
12992,2021-11-07,DO,Dominican Republic,AMRO,6295,387269,21,4150
12993,2021-11-14,DO,Dominican Republic,AMRO,7339,394608,16,4166
12994,2021-11-21,DO,Dominican Republic,AMRO,7306,401914,20,4186
12995,2021-11-28,DO,Dominican Republic,AMRO,4597,406511,18,4204
12996,2021-12-05,DO,Dominican Republic,AMRO,1734,408245,8,4212
12997,2021-12-12,DO,Dominican Republic,AMRO,1842,410087,6,4218
12998,2021-12-19,DO,Dominican Republic,AMRO,1179,411266,4,4222
12999,2021-12-26,DO,Dominican Republic,AMRO,2621,413887,15,4237
13000,2022-01-02,DO,Dominican Republic,AMRO,6040,419927,10,4247
13001,2022-01-09,DO,Dominican Republic,AMRO,31258,451185,8,4255
13002,2022-01-16,DO,Dominican Republic,AMRO,43410,494595,13,4268
13003,2022-01-23,DO,Dominican Republic,AMRO,42172,536767,17,4285
13004,2022-01-30,DO,Dominican Republic,AMRO,16064,552831,16,4301
13005,2022-02-06,DO,Dominican Republic,AMRO,8826,561657,21,4322
13006,2022-02-13,DO,Dominican Republic,AMRO,7367,569024,21,4343
13007,2022-02-20,DO,Dominican Republic,AMRO,2528,571552,14,4357
13008,2022-02-27,DO,Dominican Republic,AMRO,2519,574071,11,4368
13009,2022-03-06,DO,Dominican Republic,AMRO,1812,575883,3,4371
13010,2022-03-13,DO,Dominican Republic,AMRO,484,576367,3,4374
13011,2022-03-20,DO,Dominican Republic,AMRO,950,577317,1,4375
13012,2022-03-27,DO,Dominican Republic,AMRO,524,577841,0,4375
13013,2022-04-03,DO,Dominican Republic,AMRO,338,578179,0,4375
13014,2022-04-10,DO,Dominican Republic,AMRO,305,578484,0,4375
13015,2022-04-17,DO,Dominican Republic,AMRO,261,578745,0,4375
13016,2022-04-24,DO,Dominican Republic,AMRO,334,579079,1,4376
13017,2022-05-01,DO,Dominican Republic,AMRO,364,579443,0,4376
13018,2022-05-08,DO,Dominican Republic,AMRO,364,579807,0,4376
13019,2022-05-15,DO,Dominican Republic,AMRO,605,580412,0,4376
13020,2022-05-22,DO,Dominican Republic,AMRO,838,581250,1,4377
13021,2022-05-29,DO,Dominican Republic,AMRO,1909,583159,0,4377
13022,2022-06-05,DO,Dominican Republic,AMRO,2940,586099,0,4377
13023,2022-06-12,DO,Dominican Republic,AMRO,4665,590764,3,4380
13024,2022-06-19,DO,Dominican Republic,AMRO,5918,596682,2,4382
13025,2022-06-26,DO,Dominican Republic,AMRO,5672,602354,1,4383
13026,2022-07-03,DO,Dominican Republic,AMRO,7036,609390,0,4383
13027,2022-07-10,DO,Dominican Republic,AMRO,8263,617653,0,4383
13028,2022-07-17,DO,Dominican Republic,AMRO,4283,621936,0,4383
13029,2022-07-24,DO,Dominican Republic,AMRO,4094,626030,0,4383
13030,2022-07-31,DO,Dominican Republic,AMRO,2695,628725,0,4383
13031,2022-08-07,DO,Dominican Republic,AMRO,3930,632655,1,4384
13032,2022-08-14,DO,Dominican Republic,AMRO,2211,634866,0,4384
13033,2022-08-21,DO,Dominican Republic,AMRO,1550,636416,0,4384
13034,2022-08-28,DO,Dominican Republic,AMRO,1670,638086,0,4384
13035,2022-09-04,DO,Dominican Republic,AMRO,1978,640064,0,4384
13036,2022-09-11,DO,Dominican Republic,AMRO,1899,641963,0,4384
13037,2022-09-18,DO,Dominican Republic,AMRO,2053,644016,0,4384
13038,2022-09-25,DO,Dominican Republic,AMRO,1353,645369,0,4384
13039,2022-10-02,DO,Dominican Republic,AMRO,974,646343,0,4384
13040,2022-10-09,DO,Dominican Republic,AMRO,541,646884,0,4384
13041,2022-10-16,DO,Dominican Republic,AMRO,321,647205,0,4384
13042,2022-10-23,DO,Dominican Republic,AMRO,161,647366,0,4384
13043,2022-10-30,DO,Dominican Republic,AMRO,189,647555,0,4384
13044,2022-11-06,DO,Dominican Republic,AMRO,139,647694,0,4384
13045,2022-11-13,DO,Dominican Republic,AMRO,222,647916,0,4384
13046,2022-11-20,DO,Dominican Republic,AMRO,490,648406,0,4384
13047,2022-11-27,DO,Dominican Republic,AMRO,1278,649684,0,4384
13048,2022-12-04,DO,Dominican Republic,AMRO,1783,651467,0,4384
13049,2022-12-11,DO,Dominican Republic,AMRO,2494,653961,0,4384
13050,2022-12-18,DO,Dominican Republic,AMRO,2845,656806,0,4384
13051,2022-12-25,DO,Dominican Republic,AMRO,1781,658587,0,4384
13052,2023-01-01,DO,Dominican Republic,AMRO,589,659176,0,4384
13053,2023-01-08,DO,Dominican Republic,AMRO,342,659518,0,4384
13054,2023-01-15,DO,Dominican Republic,AMRO,215,659733,0,4384
13055,2023-01-22,DO,Dominican Republic,AMRO,229,659962,0,4384
13056,2023-01-29,DO,Dominican Republic,AMRO,225,660187,0,4384
13057,2023-02-05,DO,Dominican Republic,AMRO,173,660360,0,4384
13058,2023-02-12,DO,Dominican Republic,AMRO,108,660468,0,4384
13059,2023-02-19,DO,Dominican Republic,AMRO,157,660625,0,4384
13060,2023-02-26,DO,Dominican Republic,AMRO,132,660757,0,4384
13061,2023-03-05,DO,Dominican Republic,AMRO,65,660822,0,4384
13062,2023-03-12,DO,Dominican Republic,AMRO,54,660876,0,4384
13063,2023-03-19,DO,Dominican Republic,AMRO,39,660915,0,4384
13064,2023-03-26,DO,Dominican Republic,AMRO,22,660937,0,4384
13065,2023-04-02,DO,Dominican Republic,AMRO,0,660937,0,4384
13066,2023-04-09,DO,Dominican Republic,AMRO,0,660937,0,4384
13067,2023-04-16,DO,Dominican Republic,AMRO,24,660961,0,4384
13068,2023-04-23,DO,Dominican Republic,AMRO,47,661008,0,4384
13069,2023-04-30,DO,Dominican Republic,AMRO,37,661045,0,4384
13070,2023-05-07,DO,Dominican Republic,AMRO,58,661103,0,4384
13071,2023-05-14,DO,Dominican Republic,AMRO,0,661103,0,4384
13072,2023-05-21,DO,Dominican Republic,AMRO,0,661103,0,4384
13073,2023-05-28,DO,Dominican Republic,AMRO,2,661105,0,4384
13074,2023-06-04,DO,Dominican Republic,AMRO,2,661107,0,4384
13075,2023-06-11,DO,Dominican Republic,AMRO,11,661118,0,4384
13076,2023-06-18,DO,Dominican Republic,AMRO,2,661120,0,4384
13077,2023-06-25,DO,Dominican Republic,AMRO,2,661122,0,4384
13078,2023-07-02,DO,Dominican Republic,AMRO,10,661132,0,4384
13079,2023-07-09,DO,Dominican Republic,AMRO,12,661144,0,4384
13080,2023-07-16,DO,Dominican Republic,AMRO,4,661148,0,4384
13081,2023-07-23,DO,Dominican Republic,AMRO,0,661148,0,4384
13082,2023-07-30,DO,Dominican Republic,AMRO,3,661151,0,4384
13083,2023-08-06,DO,Dominican Republic,AMRO,0,661151,0,4384
13084,2023-08-13,DO,Dominican Republic,AMRO,1,661152,0,4384
13085,2023-08-20,DO,Dominican Republic,AMRO,0,661152,0,4384
13086,2023-08-27,DO,Dominican Republic,AMRO,1,661153,0,4384
13087,2023-09-03,DO,Dominican Republic,AMRO,4,661157,0,4384
13088,2023-09-10,DO,Dominican Republic,AMRO,0,661157,0,4384
13089,2023-09-17,DO,Dominican Republic,AMRO,18,661175,0,4384
13090,2023-09-24,DO,Dominican Republic,AMRO,0,661175,0,4384
13091,2023-10-01,DO,Dominican Republic,AMRO,1,661176,0,4384
13092,2023-10-08,DO,Dominican Republic,AMRO,1,661177,0,4384
13093,2023-10-15,DO,Dominican Republic,AMRO,0,661177,0,4384
13094,2023-10-22,DO,Dominican Republic,AMRO,0,661177,0,4384
13095,2023-10-29,DO,Dominican Republic,AMRO,0,661177,0,4384
13096,2023-11-05,DO,Dominican Republic,AMRO,1,661178,0,4384
13097,2023-11-12,DO,Dominican Republic,AMRO,0,661178,0,4384
13098,2023-11-19,DO,Dominican Republic,AMRO,1,661179,0,4384
13099,2023-11-26,DO,Dominican Republic,AMRO,1,661180,0,4384
13100,2023-12-03,DO,Dominican Republic,AMRO,0,661180,0,4384
13101,2023-12-10,DO,Dominican Republic,AMRO,0,661180,0,4384
13102,2023-12-17,DO,Dominican Republic,AMRO,0,661180,0,4384
13103,2023-12-24,DO,Dominican Republic,AMRO,0,661180,0,4384
13104,2020-01-05,EC,Ecuador,AMRO,0,0,0,0
13105,2020-01-12,EC,Ecuador,AMRO,0,0,0,0
13106,2020-01-19,EC,Ecuador,AMRO,0,0,0,0
13107,2020-01-26,EC,Ecuador,AMRO,0,0,0,0
13108,2020-02-02,EC,Ecuador,AMRO,0,0,0,0
13109,2020-02-09,EC,Ecuador,AMRO,0,0,0,0
13110,2020-02-16,EC,Ecuador,AMRO,0,0,0,0
13111,2020-02-23,EC,Ecuador,AMRO,0,0,0,0
13112,2020-03-01,EC,Ecuador,AMRO,0,0,0,0
13113,2020-03-08,EC,Ecuador,AMRO,13,13,0,0
13114,2020-03-15,EC,Ecuador,AMRO,10,23,0,0
13115,2020-03-22,EC,Ecuador,AMRO,483,506,7,7
13116,2020-03-29,EC,Ecuador,AMRO,1317,1823,41,48
13117,2020-04-05,EC,Ecuador,AMRO,1642,3465,124,172
13118,2020-04-12,EC,Ecuador,AMRO,3792,7257,143,315
13119,2020-04-19,EC,Ecuador,AMRO,1765,9022,141,456
13120,2020-04-26,EC,Ecuador,AMRO,13697,22719,120,576
13121,2020-05-03,EC,Ecuador,AMRO,4745,27464,795,1371
13122,2020-05-10,EC,Ecuador,AMRO,1607,29071,346,1717
13123,2020-05-17,EC,Ecuador,AMRO,2396,31467,877,2594
13124,2020-05-24,EC,Ecuador,AMRO,4791,36258,502,3096
13125,2020-05-31,EC,Ecuador,AMRO,2585,38843,250,3346
13126,2020-06-07,EC,Ecuador,AMRO,3885,42728,262,3608
13127,2020-06-14,EC,Ecuador,AMRO,3628,46356,266,3874
13128,2020-06-21,EC,Ecuador,AMRO,3827,50183,325,4199
13129,2020-06-28,EC,Ecuador,AMRO,4391,54574,225,4424
13130,2020-07-05,EC,Ecuador,AMRO,6961,61535,345,4769
13131,2020-07-12,EC,Ecuador,AMRO,5674,67209,262,5031
13132,2020-07-19,EC,Ecuador,AMRO,6173,73382,251,5282
13133,2020-07-26,EC,Ecuador,AMRO,6654,80036,225,5507
13134,2020-08-02,EC,Ecuador,AMRO,6196,86232,229,5736
13135,2020-08-09,EC,Ecuador,AMRO,7340,93572,180,5916
13136,2020-08-16,EC,Ecuador,AMRO,7116,100688,149,6065
13137,2020-08-23,EC,Ecuador,AMRO,6401,107089,212,6277
13138,2020-08-30,EC,Ecuador,AMRO,5817,112906,260,6537
13139,2020-09-06,EC,Ecuador,AMRO,5139,118045,187,6724
13140,2020-09-13,EC,Ecuador,AMRO,-1594,116451,4140,10864
13141,2020-09-20,EC,Ecuador,AMRO,9169,125620,225,11089
13142,2020-09-27,EC,Ecuador,AMRO,8361,133981,184,11273
13143,2020-10-04,EC,Ecuador,AMRO,6370,140351,324,11597
13144,2020-10-11,EC,Ecuador,AMRO,6477,146828,591,12188
13145,2020-10-18,EC,Ecuador,AMRO,5594,152422,187,12375
13146,2020-10-25,EC,Ecuador,AMRO,7192,159614,167,12542
13147,2020-11-01,EC,Ecuador,AMRO,8578,168192,128,12670
13148,2020-11-08,EC,Ecuador,AMRO,5294,173486,145,12815
13149,2020-11-15,EC,Ecuador,AMRO,6141,179627,182,12997
13150,2020-11-22,EC,Ecuador,AMRO,5249,184876,142,13139
13151,2020-11-29,EC,Ecuador,AMRO,6033,190909,232,13371
13152,2020-12-06,EC,Ecuador,AMRO,6482,197391,385,13756
13153,2020-12-13,EC,Ecuador,AMRO,4133,201524,118,13874
13154,2020-12-20,EC,Ecuador,AMRO,4396,205920,74,13948
13155,2020-12-27,EC,Ecuador,AMRO,3354,209274,42,13990
13156,2021-01-03,EC,Ecuador,AMRO,5239,214513,69,14059
13157,2021-01-10,EC,Ecuador,AMRO,5836,220349,118,14177
13158,2021-01-17,EC,Ecuador,AMRO,10459,230808,139,14316
13159,2021-01-24,EC,Ecuador,AMRO,7424,238232,280,14596
13160,2021-01-31,EC,Ecuador,AMRO,11547,249779,255,14851
13161,2021-02-07,EC,Ecuador,AMRO,7336,257115,153,15004
13162,2021-02-14,EC,Ecuador,AMRO,8412,265527,265,15269
13163,2021-02-21,EC,Ecuador,AMRO,7570,273097,244,15513
13164,2021-02-28,EC,Ecuador,AMRO,9502,282599,200,15713
13165,2021-03-07,EC,Ecuador,AMRO,10344,292943,307,16020
13166,2021-03-14,EC,Ecuador,AMRO,7723,300666,195,16215
13167,2021-03-21,EC,Ecuador,AMRO,10202,310868,220,16435
13168,2021-03-28,EC,Ecuador,AMRO,11831,322699,244,16679
13169,2021-04-04,EC,Ecuador,AMRO,10476,333175,250,16929
13170,2021-04-11,EC,Ecuador,AMRO,11702,344877,346,17275
13171,2021-04-18,EC,Ecuador,AMRO,13280,358157,366,17641
13172,2021-04-25,EC,Ecuador,AMRO,14597,372754,517,18158
13173,2021-05-02,EC,Ecuador,AMRO,11835,384589,566,18724
13174,2021-05-09,EC,Ecuador,AMRO,14332,398921,413,19137
13175,2021-05-16,EC,Ecuador,AMRO,10599,409520,555,19692
13176,2021-05-23,EC,Ecuador,AMRO,8320,417840,488,20180
13177,2021-05-30,EC,Ecuador,AMRO,6901,424741,305,20485
13178,2021-06-06,EC,Ecuador,AMRO,6688,431429,288,20773
13179,2021-06-13,EC,Ecuador,AMRO,6679,438108,245,21018
13180,2021-06-20,EC,Ecuador,AMRO,7478,445586,266,21284
13181,2021-06-27,EC,Ecuador,AMRO,7776,453362,201,21485
13182,2021-07-04,EC,Ecuador,AMRO,8780,462142,175,21660
13183,2021-07-11,EC,Ecuador,AMRO,5834,467976,154,21814
13184,2021-07-18,EC,Ecuador,AMRO,7239,475215,119,21933
13185,2021-07-25,EC,Ecuador,AMRO,5505,480720,8864,30797
13186,2021-08-01,EC,Ecuador,AMRO,6652,487372,834,31631
13187,2021-08-08,EC,Ecuador,AMRO,4459,491831,157,31788
13188,2021-08-15,EC,Ecuador,AMRO,2988,494819,166,31954
13189,2021-08-22,EC,Ecuador,AMRO,3795,498614,131,32085
13190,2021-08-29,EC,Ecuador,AMRO,2435,501049,138,32223
13191,2021-09-05,EC,Ecuador,AMRO,2465,503514,111,32334
13192,2021-09-12,EC,Ecuador,AMRO,1561,505075,31,32365
13193,2021-09-19,EC,Ecuador,AMRO,1464,506539,269,32634
13194,2021-09-26,EC,Ecuador,AMRO,1533,508072,98,32732
13195,2021-10-03,EC,Ecuador,AMRO,2547,510619,59,32791
13196,2021-10-10,EC,Ecuador,AMRO,1279,511898,56,32847
13197,2021-10-17,EC,Ecuador,AMRO,1404,513302,79,32926
13198,2021-10-24,EC,Ecuador,AMRO,2009,515311,22,32948
13199,2021-10-31,EC,Ecuador,AMRO,1620,516931,30,32978
13200,2021-11-07,EC,Ecuador,AMRO,2044,518975,10,32988
13201,2021-11-14,EC,Ecuador,AMRO,2304,521279,82,33070
13202,2021-11-21,EC,Ecuador,AMRO,2568,523847,51,33121
13203,2021-11-28,EC,Ecuador,AMRO,2290,526137,64,33185
13204,2021-12-05,EC,Ecuador,AMRO,2453,528590,262,33447
13205,2021-12-12,EC,Ecuador,AMRO,3840,532430,101,33548
13206,2021-12-19,EC,Ecuador,AMRO,3699,536129,45,33593
13207,2021-12-26,EC,Ecuador,AMRO,5239,541368,54,33647
13208,2022-01-02,EC,Ecuador,AMRO,8050,549418,34,33681
13209,2022-01-09,EC,Ecuador,AMRO,11867,561285,21,33702
13210,2022-01-16,EC,Ecuador,AMRO,41657,602942,504,34206
13211,2022-01-23,EC,Ecuador,AMRO,61722,664664,81,34287
13212,2022-01-30,EC,Ecuador,AMRO,52421,717085,202,34489
13213,2022-02-06,EC,Ecuador,AMRO,44236,761321,227,34716
13214,2022-02-13,EC,Ecuador,AMRO,32499,793820,290,35006
13215,2022-02-20,EC,Ecuador,AMRO,21752,815572,137,35143
13216,2022-02-27,EC,Ecuador,AMRO,14240,829812,93,35236
13217,2022-03-06,EC,Ecuador,AMRO,8708,838520,72,35308
13218,2022-03-13,EC,Ecuador,AMRO,9950,848470,32,35340
13219,2022-03-20,EC,Ecuador,AMRO,4941,853411,53,35393
13220,2022-03-27,EC,Ecuador,AMRO,3888,857299,25,35418
13221,2022-04-03,EC,Ecuador,AMRO,4454,861753,26,35444
13222,2022-04-10,EC,Ecuador,AMRO,2324,864077,23,35467
13223,2022-04-17,EC,Ecuador,AMRO,2643,866720,60,35527
13224,2022-04-24,EC,Ecuador,AMRO,1333,868053,54,35581
13225,2022-05-01,EC,Ecuador,AMRO,1396,869449,13,35594
13226,2022-05-08,EC,Ecuador,AMRO,1340,870789,5,35599
13227,2022-05-15,EC,Ecuador,AMRO,1210,871999,7,35606
13228,2022-05-22,EC,Ecuador,AMRO,1610,873609,7,35613
13229,2022-05-29,EC,Ecuador,AMRO,2400,876009,9,35622
13230,2022-06-05,EC,Ecuador,AMRO,7215,883224,27,35649
13231,2022-06-12,EC,Ecuador,AMRO,5224,888448,7,35656
13232,2022-06-19,EC,Ecuador,AMRO,6610,895058,28,35684
13233,2022-06-26,EC,Ecuador,AMRO,8004,903062,26,35710
13234,2022-07-03,EC,Ecuador,AMRO,8120,911182,31,35741
13235,2022-07-10,EC,Ecuador,AMRO,7297,918479,8,35749
13236,2022-07-17,EC,Ecuador,AMRO,11636,930115,20,35769
13237,2022-07-24,EC,Ecuador,AMRO,16372,946487,17,35786
13238,2022-07-31,EC,Ecuador,AMRO,17181,963668,15,35801
13239,2022-08-07,EC,Ecuador,AMRO,15634,979302,10,35811
13240,2022-08-14,EC,Ecuador,AMRO,3624,982926,0,35811
13241,2022-08-21,EC,Ecuador,AMRO,4644,987570,1,35812
13242,2022-08-28,EC,Ecuador,AMRO,6288,993858,18,35830
13243,2022-09-04,EC,Ecuador,AMRO,2927,996785,30,35860
13244,2022-09-11,EC,Ecuador,AMRO,1417,998202,16,35876
13245,2022-09-18,EC,Ecuador,AMRO,2996,1001198,9,35885
13246,2022-09-25,EC,Ecuador,AMRO,1852,1003050,5,35890
13247,2022-10-02,EC,Ecuador,AMRO,1665,1004715,1,35891
13248,2022-10-09,EC,Ecuador,AMRO,1543,1006258,1,35892
13249,2022-10-16,EC,Ecuador,AMRO,664,1006922,2,35894
13250,2022-10-23,EC,Ecuador,AMRO,631,1007553,3,35897
13251,2022-10-30,EC,Ecuador,AMRO,482,1008035,1,35898
13252,2022-11-06,EC,Ecuador,AMRO,910,1008945,2,35900
13253,2022-11-13,EC,Ecuador,AMRO,760,1009705,1,35901
13254,2022-11-20,EC,Ecuador,AMRO,2179,1011884,3,35904
13255,2022-11-27,EC,Ecuador,AMRO,2607,1014491,1,35905
13256,2022-12-04,EC,Ecuador,AMRO,3688,1018179,2,35907
13257,2022-12-11,EC,Ecuador,AMRO,9243,1027422,12,35919
13258,2022-12-18,EC,Ecuador,AMRO,7818,1035240,10,35929
13259,2022-12-25,EC,Ecuador,AMRO,5223,1040463,5,35934
13260,2023-01-01,EC,Ecuador,AMRO,4286,1044749,14,35948
13261,2023-01-08,EC,Ecuador,AMRO,2723,1047472,22,35970
13262,2023-01-15,EC,Ecuador,AMRO,3410,1050882,21,35991
13263,2023-01-22,EC,Ecuador,AMRO,2723,1053605,7,35998
13264,2023-01-29,EC,Ecuador,AMRO,1419,1055024,7,36005
13265,2023-02-05,EC,Ecuador,AMRO,898,1055922,1,36006
13266,2023-02-12,EC,Ecuador,AMRO,530,1056452,4,36010
13267,2023-02-19,EC,Ecuador,AMRO,385,1056837,3,36013
13268,2023-02-26,EC,Ecuador,AMRO,284,1057121,1,36014
13269,2023-03-05,EC,Ecuador,AMRO,487,1057608,1,36015
13270,2023-03-12,EC,Ecuador,AMRO,396,1058004,1,36016
13271,2023-03-19,EC,Ecuador,AMRO,487,1058491,1,36017
13272,2023-03-26,EC,Ecuador,AMRO,518,1059009,0,36017
13273,2023-04-02,EC,Ecuador,AMRO,520,1059529,0,36017
13274,2023-04-09,EC,Ecuador,AMRO,0,1059529,0,36017
13275,2023-04-16,EC,Ecuador,AMRO,998,1060527,1,36018
13276,2023-04-23,EC,Ecuador,AMRO,573,1061100,1,36019
13277,2023-04-30,EC,Ecuador,AMRO,666,1061766,0,36019
13278,2023-05-07,EC,Ecuador,AMRO,0,1061766,0,36019
13279,2023-05-14,EC,Ecuador,AMRO,509,1062275,0,36019
13280,2023-05-21,EC,Ecuador,AMRO,0,1062275,0,36019
13281,2023-05-28,EC,Ecuador,AMRO,62,1062337,3,36022
13282,2023-06-04,EC,Ecuador,AMRO,61,1062398,7,36029
13283,2023-06-11,EC,Ecuador,AMRO,14,1062412,1,36030
13284,2023-06-18,EC,Ecuador,AMRO,16,1062428,1,36031
13285,2023-06-25,EC,Ecuador,AMRO,21,1062449,0,36031
13286,2023-07-02,EC,Ecuador,AMRO,12,1062461,0,36031
13287,2023-07-09,EC,Ecuador,AMRO,8,1062469,0,36031
13288,2023-07-16,EC,Ecuador,AMRO,12,1062481,0,36031
13289,2023-07-23,EC,Ecuador,AMRO,4,1062485,1,36032
13290,2023-07-30,EC,Ecuador,AMRO,2,1062487,0,36032
13291,2023-08-06,EC,Ecuador,AMRO,0,1062487,0,36032
13292,2023-08-13,EC,Ecuador,AMRO,1,1062488,0,36032
13293,2023-08-20,EC,Ecuador,AMRO,1,1062489,0,36032
13294,2023-08-27,EC,Ecuador,AMRO,2,1062491,0,36032
13295,2023-09-03,EC,Ecuador,AMRO,2,1062493,0,36032
13296,2023-09-10,EC,Ecuador,AMRO,2,1062495,1,36033
13297,2023-09-17,EC,Ecuador,AMRO,9,1062504,0,36033
13298,2023-09-24,EC,Ecuador,AMRO,4,1062508,0,36033
13299,2023-10-01,EC,Ecuador,AMRO,4,1062512,0,36033
13300,2023-10-08,EC,Ecuador,AMRO,4,1062516,0,36033
13301,2023-10-15,EC,Ecuador,AMRO,376,1062892,0,36033
13302,2023-10-22,EC,Ecuador,AMRO,244,1063136,0,36033
13303,2023-10-29,EC,Ecuador,AMRO,266,1063402,0,36033
13304,2023-11-05,EC,Ecuador,AMRO,224,1063626,0,36033
13305,2023-11-12,EC,Ecuador,AMRO,209,1063835,1,36034
13306,2023-11-19,EC,Ecuador,AMRO,357,1064192,0,36034
13307,2023-11-26,EC,Ecuador,AMRO,495,1064687,1,36035
13308,2023-12-03,EC,Ecuador,AMRO,690,1065377,1,36036
13309,2023-12-10,EC,Ecuador,AMRO,1032,1066409,0,36036
13310,2023-12-17,EC,Ecuador,AMRO,0,1066409,0,36036
13311,2023-12-24,EC,Ecuador,AMRO,0,1066409,0,36036
13312,2020-01-05,EG,Egypt,EMRO,0,0,0,0
13313,2020-01-12,EG,Egypt,EMRO,0,0,0,0
13314,2020-01-19,EG,Egypt,EMRO,0,0,0,0
13315,2020-01-26,EG,Egypt,EMRO,0,0,0,0
13316,2020-02-02,EG,Egypt,EMRO,0,0,0,0
13317,2020-02-09,EG,Egypt,EMRO,0,0,0,0
13318,2020-02-16,EG,Egypt,EMRO,1,1,0,0
13319,2020-02-23,EG,Egypt,EMRO,0,1,0,0
13320,2020-03-01,EG,Egypt,EMRO,0,1,0,0
13321,2020-03-08,EG,Egypt,EMRO,47,48,0,0
13322,2020-03-15,EG,Egypt,EMRO,62,110,2,2
13323,2020-03-22,EG,Egypt,EMRO,184,294,8,10
13324,2020-03-29,EG,Egypt,EMRO,282,576,26,36
13325,2020-04-05,EG,Egypt,EMRO,494,1070,35,71
13326,2020-04-12,EG,Egypt,EMRO,869,1939,75,146
13327,2020-04-19,EG,Egypt,EMRO,1093,3032,78,224
13328,2020-04-26,EG,Egypt,EMRO,1287,4319,83,307
13329,2020-05-03,EG,Egypt,EMRO,1874,6193,108,415
13330,2020-05-10,EG,Egypt,EMRO,2771,8964,99,514
13331,2020-05-17,EG,Egypt,EMRO,2755,11719,98,612
13332,2020-05-24,EG,Egypt,EMRO,4794,16513,123,735
13333,2020-05-31,EG,Egypt,EMRO,6936,23449,178,913
13334,2020-06-07,EG,Egypt,EMRO,9163,32612,285,1198
13335,2020-06-14,EG,Egypt,EMRO,10368,42980,286,1484
13336,2020-06-21,EG,Egypt,EMRO,10778,53758,622,2106
13337,2020-06-28,EG,Egypt,EMRO,10165,63923,602,2708
13338,2020-07-05,EG,Egypt,EMRO,10112,74035,572,3280
13339,2020-07-12,EG,Egypt,EMRO,7123,81158,489,3769
13340,2020-07-19,EG,Egypt,EMRO,6014,87172,482,4251
13341,2020-07-26,EG,Egypt,EMRO,4411,91583,307,4558
13342,2020-08-02,EG,Egypt,EMRO,2733,94316,276,4834
13343,2020-08-09,EG,Egypt,EMRO,998,95314,158,4992
13344,2020-08-16,EG,Egypt,EMRO,1022,96336,149,5141
13345,2020-08-23,EG,Egypt,EMRO,901,97237,102,5243
13346,2020-08-30,EG,Egypt,EMRO,1260,98497,133,5376
13347,2020-09-06,EG,Egypt,EMRO,1215,99712,135,5511
13348,2020-09-13,EG,Egypt,EMRO,1144,100856,116,5627
13349,2020-09-20,EG,Egypt,EMRO,1044,101900,123,5750
13350,2020-09-27,EG,Egypt,EMRO,836,102736,119,5869
13351,2020-10-04,EG,Egypt,EMRO,839,103575,101,5970
13352,2020-10-11,EG,Egypt,EMRO,812,104387,70,6040
13353,2020-10-18,EG,Egypt,EMRO,910,105297,69,6109
13354,2020-10-25,EG,Egypt,EMRO,1100,106397,78,6187
13355,2020-11-01,EG,Egypt,EMRO,1158,107555,79,6266
13356,2020-11-08,EG,Egypt,EMRO,1407,108962,89,6355
13357,2020-11-15,EG,Egypt,EMRO,1585,110547,87,6442
13358,2020-11-22,EG,Egypt,EMRO,2129,112676,93,6535
13359,2020-11-29,EG,Egypt,EMRO,2507,115183,86,6621
13360,2020-12-06,EG,Egypt,EMRO,2831,118014,129,6750
13361,2020-12-13,EG,Egypt,EMRO,3075,121089,148,6898
13362,2020-12-20,EG,Egypt,EMRO,3802,124891,171,7069
13363,2020-12-27,EG,Egypt,EMRO,6424,131315,283,7352
13364,2021-01-03,EG,Egypt,EMRO,9563,140878,389,7741
13365,2021-01-10,EG,Egypt,EMRO,7921,148799,401,8142
13366,2021-01-17,EG,Egypt,EMRO,6708,155507,385,8527
13367,2021-01-24,EG,Egypt,EMRO,5636,161143,375,8902
13368,2021-01-31,EG,Egypt,EMRO,4275,165418,361,9263
13369,2021-02-07,EG,Egypt,EMRO,3688,169106,341,9604
13370,2021-02-14,EG,Egypt,EMRO,4096,173202,331,9935
13371,2021-02-21,EG,Egypt,EMRO,4341,177543,363,10298
13372,2021-02-28,EG,Egypt,EMRO,4286,181829,341,10639
13373,2021-03-07,EG,Egypt,EMRO,4093,185922,315,10954
13374,2021-03-14,EG,Egypt,EMRO,4358,190280,302,11256
13375,2021-03-21,EG,Egypt,EMRO,4491,194771,301,11557
13376,2021-03-28,EG,Egypt,EMRO,4593,199364,288,11845
13377,2021-04-04,EG,Egypt,EMRO,4892,204256,278,12123
13378,2021-04-11,EG,Egypt,EMRO,5421,209677,282,12405
13379,2021-04-18,EG,Egypt,EMRO,5807,215484,289,12694
13380,2021-04-25,EG,Egypt,EMRO,6086,221570,304,12998
13381,2021-05-02,EG,Egypt,EMRO,7014,228584,404,13402
13382,2021-05-09,EG,Egypt,EMRO,7688,236272,443,13845
13383,2021-05-16,EG,Egypt,EMRO,8248,244520,424,14269
13384,2021-05-23,EG,Egypt,EMRO,8170,252690,401,14670
13385,2021-05-30,EG,Egypt,EMRO,7969,260659,331,15001
13386,2021-06-06,EG,Egypt,EMRO,6512,267171,308,15309
13387,2021-06-13,EG,Egypt,EMRO,5320,272491,273,15582
13388,2021-06-20,EG,Egypt,EMRO,4265,276756,247,15829
13389,2021-06-27,EG,Egypt,EMRO,3249,280005,233,16062
13390,2021-07-04,EG,Egypt,EMRO,1898,281903,180,16242
13391,2021-07-11,EG,Egypt,EMRO,1082,282985,141,16383
13392,2021-07-18,EG,Egypt,EMRO,651,283636,56,16439
13393,2021-07-25,EG,Egypt,EMRO,349,283985,42,16481
13394,2021-08-01,EG,Egypt,EMRO,277,284262,43,16524
13395,2021-08-08,EG,Egypt,EMRO,379,284641,42,16566
13396,2021-08-15,EG,Egypt,EMRO,616,285257,49,16615
13397,2021-08-22,EG,Egypt,EMRO,911,286168,48,16663
13398,2021-08-29,EG,Egypt,EMRO,1476,287644,51,16714
13399,2021-09-05,EG,Egypt,EMRO,2040,289684,62,16776
13400,2021-09-12,EG,Egypt,EMRO,2792,292476,84,16860
13401,2021-09-19,EG,Egypt,EMRO,3800,296276,91,16951
13402,2021-09-26,EG,Egypt,EMRO,4669,300945,198,17149
13403,2021-10-03,EG,Egypt,EMRO,5085,306030,250,17399
13404,2021-10-10,EG,Egypt,EMRO,5546,311576,259,17658
13405,2021-10-17,EG,Egypt,EMRO,6009,317585,268,17926
13406,2021-10-24,EG,Egypt,EMRO,6148,323733,316,18242
13407,2021-10-31,EG,Egypt,EMRO,6351,330084,350,18592
13408,2021-11-07,EG,Egypt,EMRO,6498,336582,419,19011
13409,2021-11-14,EG,Egypt,EMRO,6444,343026,424,19435
13410,2021-11-21,EG,Egypt,EMRO,6487,349513,437,19872
13411,2021-11-28,EG,Egypt,EMRO,6254,355767,433,20305
13412,2021-12-05,EG,Egypt,EMRO,6493,362260,377,20682
13413,2021-12-12,EG,Egypt,EMRO,6075,368335,333,21015
13414,2021-12-19,EG,Egypt,EMRO,6076,374411,300,21315
13415,2021-12-26,EG,Egypt,EMRO,6109,380520,256,21571
13416,2022-01-02,EG,Egypt,EMRO,5838,386358,197,21768
13417,2022-01-09,EG,Egypt,EMRO,5587,391945,170,21938
13418,2022-01-16,EG,Egypt,EMRO,6934,398879,185,22123
13419,2022-01-23,EG,Egypt,EMRO,9616,408495,207,22330
13420,2022-01-30,EG,Egypt,EMRO,12983,421478,236,22566
13421,2022-02-06,EG,Egypt,EMRO,15872,437350,311,22877
13422,2022-02-13,EG,Egypt,EMRO,15471,452821,415,23292
13423,2022-02-20,EG,Egypt,EMRO,14627,467448,402,23694
13424,2022-02-27,EG,Egypt,EMRO,13279,480727,298,23992
13425,2022-03-06,EG,Egypt,EMRO,9149,489876,180,24172
13426,2022-03-13,EG,Egypt,EMRO,5497,495373,105,24277
13427,2022-03-20,EG,Egypt,EMRO,5516,500889,84,24361
13428,2022-03-27,EG,Egypt,EMRO,4375,505264,56,24417
13429,2022-04-03,EG,Egypt,EMRO,3913,509177,56,24473
13430,2022-04-10,EG,Egypt,EMRO,2800,511977,49,24522
13431,2022-04-17,EG,Egypt,EMRO,868,512845,42,24564
13432,2022-04-24,EG,Egypt,EMRO,623,513468,42,24606
13433,2022-05-01,EG,Egypt,EMRO,322,513790,35,24641
13434,2022-05-08,EG,Egypt,EMRO,56,513846,28,24669
13435,2022-05-15,EG,Egypt,EMRO,35,513881,21,24690
13436,2022-05-22,EG,Egypt,EMRO,35,513916,14,24704
13437,2022-05-29,EG,Egypt,EMRO,28,513944,14,24718
13438,2022-06-05,EG,Egypt,EMRO,31,513975,1,24719
13439,2022-06-12,EG,Egypt,EMRO,33,514008,1,24720
13440,2022-06-19,EG,Egypt,EMRO,39,514047,2,24722
13441,2022-06-26,EG,Egypt,EMRO,41,514088,1,24723
13442,2022-07-03,EG,Egypt,EMRO,45,514133,1,24724
13443,2022-07-10,EG,Egypt,EMRO,49,514182,1,24725
13444,2022-07-17,EG,Egypt,EMRO,231,514413,25,24750
13445,2022-07-24,EG,Egypt,EMRO,246,514659,15,24765
13446,2022-07-31,EG,Egypt,EMRO,232,514891,10,24775
13447,2022-08-07,EG,Egypt,EMRO,191,515082,6,24781
13448,2022-08-14,EG,Egypt,EMRO,116,515198,5,24786
13449,2022-08-21,EG,Egypt,EMRO,66,515264,5,24791
13450,2022-08-28,EG,Egypt,EMRO,44,515308,3,24794
13451,2022-09-04,EG,Egypt,EMRO,27,515335,2,24796
13452,2022-09-11,EG,Egypt,EMRO,13,515348,0,24796
13453,2022-09-18,EG,Egypt,EMRO,13,515361,1,24797
13454,2022-09-25,EG,Egypt,EMRO,10,515371,0,24797
13455,2022-10-02,EG,Egypt,EMRO,10,515381,0,24797
13456,2022-10-09,EG,Egypt,EMRO,7,515388,0,24797
13457,2022-10-16,EG,Egypt,EMRO,9,515397,1,24798
13458,2022-10-23,EG,Egypt,EMRO,4,515401,0,24798
13459,2022-10-30,EG,Egypt,EMRO,5,515406,0,24798
13460,2022-11-06,EG,Egypt,EMRO,6,515412,0,24798
13461,2022-11-13,EG,Egypt,EMRO,8,515420,0,24798
13462,2022-11-20,EG,Egypt,EMRO,11,515431,0,24798
13463,2022-11-27,EG,Egypt,EMRO,11,515442,0,24798
13464,2022-12-04,EG,Egypt,EMRO,14,515456,1,24799
13465,2022-12-11,EG,Egypt,EMRO,19,515475,1,24800
13466,2022-12-18,EG,Egypt,EMRO,18,515493,1,24801
13467,2022-12-25,EG,Egypt,EMRO,21,515514,1,24802
13468,2023-01-01,EG,Egypt,EMRO,19,515533,0,24802
13469,2023-01-08,EG,Egypt,EMRO,23,515556,1,24803
13470,2023-01-15,EG,Egypt,EMRO,24,515580,2,24805
13471,2023-01-22,EG,Egypt,EMRO,29,515609,0,24805
13472,2023-01-29,EG,Egypt,EMRO,26,515635,1,24806
13473,2023-02-05,EG,Egypt,EMRO,31,515666,1,24807
13474,2023-02-12,EG,Egypt,EMRO,32,515698,2,24809
13475,2023-02-19,EG,Egypt,EMRO,31,515729,1,24810
13476,2023-02-26,EG,Egypt,EMRO,30,515759,2,24812
13477,2023-03-05,EG,Egypt,EMRO,33,515792,3,24815
13478,2023-03-12,EG,Egypt,EMRO,31,515823,2,24817
13479,2023-03-19,EG,Egypt,EMRO,29,515852,2,24819
13480,2023-03-26,EG,Egypt,EMRO,30,515882,2,24821
13481,2023-04-02,EG,Egypt,EMRO,31,515913,2,24823
13482,2023-04-09,EG,Egypt,EMRO,29,515942,1,24824
13483,2023-04-16,EG,Egypt,EMRO,28,515970,2,24826
13484,2023-04-23,EG,Egypt,EMRO,26,515996,2,24828
13485,2023-04-30,EG,Egypt,EMRO,27,516023,2,24830
13486,2023-05-07,EG,Egypt,EMRO,0,516023,0,24830
13487,2023-05-14,EG,Egypt,EMRO,0,516023,0,24830
13488,2023-05-21,EG,Egypt,EMRO,0,516023,0,24830
13489,2023-05-28,EG,Egypt,EMRO,0,516023,0,24830
13490,2023-06-04,EG,Egypt,EMRO,0,516023,0,24830
13491,2023-06-11,EG,Egypt,EMRO,0,516023,0,24830
13492,2023-06-18,EG,Egypt,EMRO,0,516023,0,24830
13493,2023-06-25,EG,Egypt,EMRO,0,516023,0,24830
13494,2023-07-02,EG,Egypt,EMRO,0,516023,0,24830
13495,2023-07-09,EG,Egypt,EMRO,0,516023,0,24830
13496,2023-07-16,EG,Egypt,EMRO,0,516023,0,24830
13497,2023-07-23,EG,Egypt,EMRO,0,516023,0,24830
13498,2023-07-30,EG,Egypt,EMRO,0,516023,0,24830
13499,2023-08-06,EG,Egypt,EMRO,0,516023,0,24830
13500,2023-08-13,EG,Egypt,EMRO,0,516023,0,24830
13501,2023-08-20,EG,Egypt,EMRO,0,516023,0,24830
13502,2023-08-27,EG,Egypt,EMRO,0,516023,0,24830
13503,2023-09-03,EG,Egypt,EMRO,0,516023,0,24830
13504,2023-09-10,EG,Egypt,EMRO,0,516023,0,24830
13505,2023-09-17,EG,Egypt,EMRO,0,516023,0,24830
13506,2023-09-24,EG,Egypt,EMRO,0,516023,0,24830
13507,2023-10-01,EG,Egypt,EMRO,0,516023,0,24830
13508,2023-10-08,EG,Egypt,EMRO,0,516023,0,24830
13509,2023-10-15,EG,Egypt,EMRO,0,516023,0,24830
13510,2023-10-22,EG,Egypt,EMRO,0,516023,0,24830
13511,2023-10-29,EG,Egypt,EMRO,0,516023,0,24830
13512,2023-11-05,EG,Egypt,EMRO,0,516023,0,24830
13513,2023-11-12,EG,Egypt,EMRO,0,516023,0,24830
13514,2023-11-19,EG,Egypt,EMRO,0,516023,0,24830
13515,2023-11-26,EG,Egypt,EMRO,0,516023,0,24830
13516,2023-12-03,EG,Egypt,EMRO,0,516023,0,24830
13517,2023-12-10,EG,Egypt,EMRO,0,516023,0,24830
13518,2023-12-17,EG,Egypt,EMRO,0,516023,0,24830
13519,2023-12-24,EG,Egypt,EMRO,0,516023,0,24830
13520,2020-01-05,SV,El Salvador,AMRO,0,0,0,0
13521,2020-01-12,SV,El Salvador,AMRO,0,0,0,0
13522,2020-01-19,SV,El Salvador,AMRO,0,0,0,0
13523,2020-01-26,SV,El Salvador,AMRO,0,0,0,0
13524,2020-02-02,SV,El Salvador,AMRO,0,0,0,0
13525,2020-02-09,SV,El Salvador,AMRO,0,0,0,0
13526,2020-02-16,SV,El Salvador,AMRO,0,0,0,0
13527,2020-02-23,SV,El Salvador,AMRO,0,0,0,0
13528,2020-03-01,SV,El Salvador,AMRO,0,0,0,0
13529,2020-03-08,SV,El Salvador,AMRO,0,0,0,0
13530,2020-03-15,SV,El Salvador,AMRO,0,0,0,0
13531,2020-03-22,SV,El Salvador,AMRO,1,1,0,0
13532,2020-03-29,SV,El Salvador,AMRO,18,19,0,0
13533,2020-04-05,SV,El Salvador,AMRO,37,56,3,3
13534,2020-04-12,SV,El Salvador,AMRO,62,118,3,6
13535,2020-04-19,SV,El Salvador,AMRO,72,190,1,7
13536,2020-04-26,SV,El Salvador,AMRO,84,274,1,8
13537,2020-05-03,SV,El Salvador,AMRO,172,446,2,10
13538,2020-05-10,SV,El Salvador,AMRO,338,784,6,16
13539,2020-05-17,SV,El Salvador,AMRO,481,1265,9,25
13540,2020-05-24,SV,El Salvador,AMRO,554,1819,8,33
13541,2020-05-31,SV,El Salvador,AMRO,576,2395,11,44
13542,2020-06-07,SV,El Salvador,AMRO,539,2934,9,53
13543,2020-06-14,SV,El Salvador,AMRO,669,3603,19,72
13544,2020-06-21,SV,El Salvador,AMRO,872,4475,21,93
13545,2020-06-28,SV,El Salvador,AMRO,1252,5727,50,143
13546,2020-07-05,SV,El Salvador,AMRO,1780,7507,67,210
13547,2020-07-12,SV,El Salvador,AMRO,1884,9391,44,254
13548,2020-07-19,SV,El Salvador,AMRO,2117,11508,70,324
13549,2020-07-26,SV,El Salvador,AMRO,2713,14221,66,390
13550,2020-08-02,SV,El Salvador,AMRO,2829,17050,69,459
13551,2020-08-09,SV,El Salvador,AMRO,2928,19978,77,536
13552,2020-08-16,SV,El Salvador,AMRO,2641,22619,67,603
13553,2020-08-23,SV,El Salvador,AMRO,1801,24420,51,654
13554,2020-08-30,SV,El Salvador,AMRO,1117,25537,54,708
13555,2020-09-06,SV,El Salvador,AMRO,669,26206,44,752
13556,2020-09-13,SV,El Salvador,AMRO,645,26851,30,782
13557,2020-09-20,SV,El Salvador,AMRO,577,27428,26,808
13558,2020-09-27,SV,El Salvador,AMRO,987,28415,18,826
13559,2020-10-04,SV,El Salvador,AMRO,943,29358,31,857
13560,2020-10-11,SV,El Salvador,AMRO,712,30070,30,887
13561,2020-10-18,SV,El Salvador,AMRO,1386,31456,30,917
13562,2020-10-25,SV,El Salvador,AMRO,1129,32585,27,944
13563,2020-11-01,SV,El Salvador,AMRO,860,33445,31,975
13564,2020-11-08,SV,El Salvador,AMRO,1700,35145,31,1006
13565,2020-11-15,SV,El Salvador,AMRO,1213,36358,33,1039
13566,2020-11-22,SV,El Salvador,AMRO,892,37250,31,1070
13567,2020-11-29,SV,El Salvador,AMRO,1155,38405,37,1107
13568,2020-12-06,SV,El Salvador,AMRO,1313,39718,46,1153
13569,2020-12-13,SV,El Salvador,AMRO,1676,41394,40,1193
13570,2020-12-20,SV,El Salvador,AMRO,1801,43195,49,1242
13571,2020-12-27,SV,El Salvador,AMRO,1424,44619,55,1297
13572,2021-01-03,SV,El Salvador,AMRO,1623,46242,54,1351
13573,2021-01-10,SV,El Salvador,AMRO,2332,48574,57,1408
13574,2021-01-17,SV,El Salvador,AMRO,1583,50157,71,1479
13575,2021-01-24,SV,El Salvador,AMRO,2515,52672,72,1551
13576,2021-01-31,SV,El Salvador,AMRO,1317,53989,63,1614
13577,2021-02-07,SV,El Salvador,AMRO,2248,56237,59,1673
13578,2021-02-14,SV,El Salvador,AMRO,1191,57428,61,1734
13579,2021-02-21,SV,El Salvador,AMRO,1118,58546,58,1792
13580,2021-02-28,SV,El Salvador,AMRO,1320,59866,55,1847
13581,2021-03-07,SV,El Salvador,AMRO,934,60800,47,1894
13582,2021-03-14,SV,El Salvador,AMRO,1286,62086,51,1945
13583,2021-03-21,SV,El Salvador,AMRO,445,62531,30,1975
13584,2021-03-28,SV,El Salvador,AMRO,1235,63766,23,1998
13585,2021-04-04,SV,El Salvador,AMRO,665,64431,23,2021
13586,2021-04-11,SV,El Salvador,AMRO,1060,65491,27,2048
13587,2021-04-18,SV,El Salvador,AMRO,1913,67404,24,2072
13588,2021-04-25,SV,El Salvador,AMRO,914,68318,26,2098
13589,2021-05-02,SV,El Salvador,AMRO,880,69198,30,2128
13590,2021-05-09,SV,El Salvador,AMRO,1057,70255,22,2150
13591,2021-05-16,SV,El Salvador,AMRO,660,70915,32,2182
13592,2021-05-23,SV,El Salvador,AMRO,1305,72220,29,2211
13593,2021-05-30,SV,El Salvador,AMRO,1026,73246,30,2241
13594,2021-06-06,SV,El Salvador,AMRO,895,74141,25,2266
13595,2021-06-13,SV,El Salvador,AMRO,1210,75351,26,2292
13596,2021-06-20,SV,El Salvador,AMRO,1346,76697,35,2327
13597,2021-06-27,SV,El Salvador,AMRO,787,77484,34,2361
13598,2021-07-04,SV,El Salvador,AMRO,2306,79790,36,2397
13599,2021-07-11,SV,El Salvador,AMRO,1142,80932,42,2439
13600,2021-07-18,SV,El Salvador,AMRO,1920,82852,45,2484
13601,2021-07-25,SV,El Salvador,AMRO,1839,84691,63,2547
13602,2021-08-01,SV,El Salvador,AMRO,1929,86620,82,2629
13603,2021-08-08,SV,El Salvador,AMRO,1751,88371,74,2703
13604,2021-08-15,SV,El Salvador,AMRO,1758,90129,78,2781
13605,2021-08-22,SV,El Salvador,AMRO,2557,92686,50,2831
13606,2021-08-29,SV,El Salvador,AMRO,1374,94060,59,2890
13607,2021-09-05,SV,El Salvador,AMRO,2007,96067,62,2952
13608,2021-09-12,SV,El Salvador,AMRO,2989,99056,61,3013
13609,2021-09-19,SV,El Salvador,AMRO,645,99701,77,3090
13610,2021-09-26,SV,El Salvador,AMRO,3977,103678,84,3174
13611,2021-10-03,SV,El Salvador,AMRO,670,104348,88,3262
13612,2021-10-10,SV,El Salvador,AMRO,3316,107664,106,3368
13613,2021-10-17,SV,El Salvador,AMRO,2524,110188,92,3460
13614,2021-10-24,SV,El Salvador,AMRO,2102,112290,94,3554
13615,2021-10-31,SV,El Salvador,AMRO,1132,113422,68,3622
13616,2021-11-07,SV,El Salvador,AMRO,2836,116258,53,3675
13617,2021-11-14,SV,El Salvador,AMRO,1464,117722,46,3721
13618,2021-11-21,SV,El Salvador,AMRO,319,118041,30,3751
13619,2021-11-28,SV,El Salvador,AMRO,0,118041,18,3769
13620,2021-12-05,SV,El Salvador,AMRO,1762,119803,12,3781
13621,2021-12-12,SV,El Salvador,AMRO,0,119803,12,3793
13622,2021-12-19,SV,El Salvador,AMRO,1681,121484,12,3805
13623,2021-12-26,SV,El Salvador,AMRO,257,121741,13,3818
13624,2022-01-02,SV,El Salvador,AMRO,204,121945,6,3824
13625,2022-01-09,SV,El Salvador,AMRO,289,122234,3,3827
13626,2022-01-16,SV,El Salvador,AMRO,1343,123577,5,3832
13627,2022-01-23,SV,El Salvador,AMRO,3435,127012,19,3851
13628,2022-01-30,SV,El Salvador,AMRO,6250,133262,33,3884
13629,2022-02-06,SV,El Salvador,AMRO,1847,135109,49,3933
13630,2022-02-13,SV,El Salvador,AMRO,0,135109,56,3989
13631,2022-02-20,SV,El Salvador,AMRO,12677,147786,43,4032
13632,2022-02-27,SV,El Salvador,AMRO,0,147786,36,4068
13633,2022-03-06,SV,El Salvador,AMRO,8578,156364,18,4086
13634,2022-03-13,SV,El Salvador,AMRO,0,156364,9,4095
13635,2022-03-20,SV,El Salvador,AMRO,4688,161052,14,4109
13636,2022-03-27,SV,El Salvador,AMRO,0,161052,7,4116
13637,2022-04-03,SV,El Salvador,AMRO,0,161052,3,4119
13638,2022-04-10,SV,El Salvador,AMRO,518,161570,2,4121
13639,2022-04-17,SV,El Salvador,AMRO,519,162089,3,4124
13640,2022-04-24,SV,El Salvador,AMRO,0,162089,3,4127
13641,2022-05-01,SV,El Salvador,AMRO,0,162089,1,4128
13642,2022-05-08,SV,El Salvador,AMRO,0,162089,0,4128
13643,2022-05-15,SV,El Salvador,AMRO,0,162089,1,4129
13644,2022-05-22,SV,El Salvador,AMRO,0,162089,1,4130
13645,2022-05-29,SV,El Salvador,AMRO,666,162755,1,4131
13646,2022-06-05,SV,El Salvador,AMRO,0,162755,1,4132
13647,2022-06-12,SV,El Salvador,AMRO,1379,164134,2,4134
13648,2022-06-19,SV,El Salvador,AMRO,0,164134,3,4137
13649,2022-06-26,SV,El Salvador,AMRO,5512,169646,2,4139
13650,2022-07-03,SV,El Salvador,AMRO,0,169646,7,4146
13651,2022-07-10,SV,El Salvador,AMRO,11324,180970,10,4156
13652,2022-07-17,SV,El Salvador,AMRO,0,180970,11,4167
13653,2022-07-24,SV,El Salvador,AMRO,0,180970,17,4184
13654,2022-07-31,SV,El Salvador,AMRO,9848,190818,10,4194
13655,2022-08-07,SV,El Salvador,AMRO,0,190818,14,4208
13656,2022-08-14,SV,El Salvador,AMRO,0,190818,9,4217
13657,2022-08-21,SV,El Salvador,AMRO,0,190818,1,4218
13658,2022-08-28,SV,El Salvador,AMRO,0,190818,2,4220
13659,2022-09-04,SV,El Salvador,AMRO,10967,201785,4,4224
13660,2022-09-11,SV,El Salvador,AMRO,0,201785,3,4227
13661,2022-09-18,SV,El Salvador,AMRO,0,201785,1,4228
13662,2022-09-25,SV,El Salvador,AMRO,0,201785,1,4229
13663,2022-10-02,SV,El Salvador,AMRO,0,201785,0,4229
13664,2022-10-09,SV,El Salvador,AMRO,0,201785,1,4230
13665,2022-10-16,SV,El Salvador,AMRO,0,201785,0,4230
13666,2022-10-23,SV,El Salvador,AMRO,0,201785,0,4230
13667,2022-10-30,SV,El Salvador,AMRO,0,201785,0,4230
13668,2022-11-06,SV,El Salvador,AMRO,0,201785,0,4230
13669,2022-11-13,SV,El Salvador,AMRO,0,201785,0,4230
13670,2022-11-20,SV,El Salvador,AMRO,0,201785,0,4230
13671,2022-11-27,SV,El Salvador,AMRO,0,201785,0,4230
13672,2022-12-04,SV,El Salvador,AMRO,0,201785,0,4230
13673,2022-12-11,SV,El Salvador,AMRO,0,201785,0,4230
13674,2022-12-18,SV,El Salvador,AMRO,0,201785,0,4230
13675,2022-12-25,SV,El Salvador,AMRO,0,201785,0,4230
13676,2023-01-01,SV,El Salvador,AMRO,0,201785,0,4230
13677,2023-01-08,SV,El Salvador,AMRO,0,201785,0,4230
13678,2023-01-15,SV,El Salvador,AMRO,0,201785,0,4230
13679,2023-01-22,SV,El Salvador,AMRO,0,201785,0,4230
13680,2023-01-29,SV,El Salvador,AMRO,0,201785,0,4230
13681,2023-02-05,SV,El Salvador,AMRO,0,201785,0,4230
13682,2023-02-12,SV,El Salvador,AMRO,0,201785,0,4230
13683,2023-02-19,SV,El Salvador,AMRO,0,201785,0,4230
13684,2023-02-26,SV,El Salvador,AMRO,0,201785,0,4230
13685,2023-03-05,SV,El Salvador,AMRO,0,201785,0,4230
13686,2023-03-12,SV,El Salvador,AMRO,0,201785,0,4230
13687,2023-03-19,SV,El Salvador,AMRO,0,201785,0,4230
13688,2023-03-26,SV,El Salvador,AMRO,0,201785,0,4230
13689,2023-04-02,SV,El Salvador,AMRO,0,201785,0,4230
13690,2023-04-09,SV,El Salvador,AMRO,0,201785,0,4230
13691,2023-04-16,SV,El Salvador,AMRO,0,201785,0,4230
13692,2023-04-23,SV,El Salvador,AMRO,0,201785,0,4230
13693,2023-04-30,SV,El Salvador,AMRO,0,201785,0,4230
13694,2023-05-07,SV,El Salvador,AMRO,0,201785,0,4230
13695,2023-05-14,SV,El Salvador,AMRO,0,201785,0,4230
13696,2023-05-21,SV,El Salvador,AMRO,0,201785,0,4230
13697,2023-05-28,SV,El Salvador,AMRO,0,201785,0,4230
13698,2023-06-04,SV,El Salvador,AMRO,1,201786,0,4230
13699,2023-06-11,SV,El Salvador,AMRO,0,201786,0,4230
13700,2023-06-18,SV,El Salvador,AMRO,1,201787,0,4230
13701,2023-06-25,SV,El Salvador,AMRO,0,201787,0,4230
13702,2023-07-02,SV,El Salvador,AMRO,0,201787,0,4230
13703,2023-07-09,SV,El Salvador,AMRO,3,201790,0,4230
13704,2023-07-16,SV,El Salvador,AMRO,5,201795,0,4230
13705,2023-07-23,SV,El Salvador,AMRO,5,201800,0,4230
13706,2023-07-30,SV,El Salvador,AMRO,3,201803,0,4230
13707,2023-08-06,SV,El Salvador,AMRO,4,201807,0,4230
13708,2023-08-13,SV,El Salvador,AMRO,6,201813,0,4230
13709,2023-08-20,SV,El Salvador,AMRO,3,201816,0,4230
13710,2023-08-27,SV,El Salvador,AMRO,6,201822,0,4230
13711,2023-09-03,SV,El Salvador,AMRO,6,201828,0,4230
13712,2023-09-10,SV,El Salvador,AMRO,1,201829,0,4230
13713,2023-09-17,SV,El Salvador,AMRO,0,201829,0,4230
13714,2023-09-24,SV,El Salvador,AMRO,0,201829,0,4230
13715,2023-10-01,SV,El Salvador,AMRO,1,201830,0,4230
13716,2023-10-08,SV,El Salvador,AMRO,0,201830,0,4230
13717,2023-10-15,SV,El Salvador,AMRO,0,201830,0,4230
13718,2023-10-22,SV,El Salvador,AMRO,2,201832,0,4230
13719,2023-10-29,SV,El Salvador,AMRO,0,201832,0,4230
13720,2023-11-05,SV,El Salvador,AMRO,0,201832,0,4230
13721,2023-11-12,SV,El Salvador,AMRO,1,201833,0,4230
13722,2023-11-19,SV,El Salvador,AMRO,0,201833,0,4230
13723,2023-11-26,SV,El Salvador,AMRO,0,201833,0,4230
13724,2023-12-03,SV,El Salvador,AMRO,0,201833,0,4230
13725,2023-12-10,SV,El Salvador,AMRO,0,201833,0,4230
13726,2023-12-17,SV,El Salvador,AMRO,0,201833,0,4230
13727,2023-12-24,SV,El Salvador,AMRO,0,201833,0,4230
13728,2020-01-05,GQ,Equatorial Guinea,AFRO,0,0,0,0
13729,2020-01-12,GQ,Equatorial Guinea,AFRO,0,0,0,0
13730,2020-01-19,GQ,Equatorial Guinea,AFRO,0,0,0,0
13731,2020-01-26,GQ,Equatorial Guinea,AFRO,0,0,0,0
13732,2020-02-02,GQ,Equatorial Guinea,AFRO,0,0,0,0
13733,2020-02-09,GQ,Equatorial Guinea,AFRO,0,0,0,0
13734,2020-02-16,GQ,Equatorial Guinea,AFRO,0,0,0,0
13735,2020-02-23,GQ,Equatorial Guinea,AFRO,0,0,0,0
13736,2020-03-01,GQ,Equatorial Guinea,AFRO,0,0,0,0
13737,2020-03-08,GQ,Equatorial Guinea,AFRO,0,0,0,0
13738,2020-03-15,GQ,Equatorial Guinea,AFRO,1,1,0,0
13739,2020-03-22,GQ,Equatorial Guinea,AFRO,5,6,0,0
13740,2020-03-29,GQ,Equatorial Guinea,AFRO,7,13,0,0
13741,2020-04-05,GQ,Equatorial Guinea,AFRO,3,16,0,0
13742,2020-04-12,GQ,Equatorial Guinea,AFRO,5,21,0,0
13743,2020-04-19,GQ,Equatorial Guinea,AFRO,58,79,0,0
13744,2020-04-26,GQ,Equatorial Guinea,AFRO,206,285,1,1
13745,2020-05-03,GQ,Equatorial Guinea,AFRO,220,505,3,4
13746,2020-05-10,GQ,Equatorial Guinea,AFRO,183,688,3,7
13747,2020-05-17,GQ,Equatorial Guinea,AFRO,239,927,0,7
13748,2020-05-24,GQ,Equatorial Guinea,AFRO,386,1313,5,12
13749,2020-05-31,GQ,Equatorial Guinea,AFRO,415,1728,0,12
13750,2020-06-07,GQ,Equatorial Guinea,AFRO,460,2188,0,12
13751,2020-06-14,GQ,Equatorial Guinea,AFRO,306,2494,0,12
13752,2020-06-21,GQ,Equatorial Guinea,AFRO,298,2792,29,41
13753,2020-06-28,GQ,Equatorial Guinea,AFRO,683,3475,0,41
13754,2020-07-05,GQ,Equatorial Guinea,AFRO,446,3921,0,41
13755,2020-07-12,GQ,Equatorial Guinea,AFRO,316,4237,0,41
13756,2020-07-19,GQ,Equatorial Guinea,AFRO,398,4635,0,41
13757,2020-07-26,GQ,Equatorial Guinea,AFRO,143,4778,0,41
13758,2020-08-02,GQ,Equatorial Guinea,AFRO,43,4821,42,83
13759,2020-08-09,GQ,Equatorial Guinea,AFRO,0,4821,0,83
13760,2020-08-16,GQ,Equatorial Guinea,AFRO,0,4821,0,83
13761,2020-08-23,GQ,Equatorial Guinea,AFRO,105,4926,0,83
13762,2020-08-30,GQ,Equatorial Guinea,AFRO,15,4941,0,83
13763,2020-09-06,GQ,Equatorial Guinea,AFRO,31,4972,0,83
13764,2020-09-13,GQ,Equatorial Guinea,AFRO,24,4996,0,83
13765,2020-09-20,GQ,Equatorial Guinea,AFRO,6,5002,0,83
13766,2020-09-27,GQ,Equatorial Guinea,AFRO,26,5028,0,83
13767,2020-10-04,GQ,Equatorial Guinea,AFRO,17,5045,0,83
13768,2020-10-11,GQ,Equatorial Guinea,AFRO,21,5066,0,83
13769,2020-10-18,GQ,Equatorial Guinea,AFRO,4,5070,0,83
13770,2020-10-25,GQ,Equatorial Guinea,AFRO,9,5079,0,83
13771,2020-11-01,GQ,Equatorial Guinea,AFRO,9,5088,0,83
13772,2020-11-08,GQ,Equatorial Guinea,AFRO,4,5092,2,85
13773,2020-11-15,GQ,Equatorial Guinea,AFRO,12,5104,0,85
13774,2020-11-22,GQ,Equatorial Guinea,AFRO,26,5130,0,85
13775,2020-11-29,GQ,Equatorial Guinea,AFRO,23,5153,0,85
13776,2020-12-06,GQ,Equatorial Guinea,AFRO,13,5166,0,85
13777,2020-12-13,GQ,Equatorial Guinea,AFRO,19,5185,0,85
13778,2020-12-20,GQ,Equatorial Guinea,AFRO,29,5214,0,85
13779,2020-12-27,GQ,Equatorial Guinea,AFRO,22,5236,1,86
13780,2021-01-03,GQ,Equatorial Guinea,AFRO,43,5279,0,86
13781,2021-01-10,GQ,Equatorial Guinea,AFRO,17,5296,0,86
13782,2021-01-17,GQ,Equatorial Guinea,AFRO,69,5365,0,86
13783,2021-01-24,GQ,Equatorial Guinea,AFRO,89,5454,0,86
13784,2021-01-31,GQ,Equatorial Guinea,AFRO,80,5534,0,86
13785,2021-02-07,GQ,Equatorial Guinea,AFRO,80,5614,1,87
13786,2021-02-14,GQ,Equatorial Guinea,AFRO,80,5694,0,87
13787,2021-02-21,GQ,Equatorial Guinea,AFRO,104,5798,2,89
13788,2021-02-28,GQ,Equatorial Guinea,AFRO,297,6095,3,92
13789,2021-03-07,GQ,Equatorial Guinea,AFRO,276,6371,4,96
13790,2021-03-14,GQ,Equatorial Guinea,AFRO,191,6562,2,98
13791,2021-03-21,GQ,Equatorial Guinea,AFRO,174,6736,3,101
13792,2021-03-28,GQ,Equatorial Guinea,AFRO,178,6914,1,102
13793,2021-04-04,GQ,Equatorial Guinea,AFRO,145,7059,2,104
13794,2021-04-11,GQ,Equatorial Guinea,AFRO,160,7219,2,106
13795,2021-04-18,GQ,Equatorial Guinea,AFRO,40,7259,0,106
13796,2021-04-25,GQ,Equatorial Guinea,AFRO,300,7559,1,107
13797,2021-05-02,GQ,Equatorial Guinea,AFRO,135,7694,5,112
13798,2021-05-09,GQ,Equatorial Guinea,AFRO,0,7694,0,112
13799,2021-05-16,GQ,Equatorial Guinea,AFRO,0,7694,0,112
13800,2021-05-23,GQ,Equatorial Guinea,AFRO,782,8476,1,113
13801,2021-05-30,GQ,Equatorial Guinea,AFRO,53,8529,5,118
13802,2021-06-06,GQ,Equatorial Guinea,AFRO,97,8626,0,118
13803,2021-06-13,GQ,Equatorial Guinea,AFRO,36,8662,2,120
13804,2021-06-20,GQ,Equatorial Guinea,AFRO,46,8708,0,120
13805,2021-06-27,GQ,Equatorial Guinea,AFRO,15,8723,1,121
13806,2021-07-04,GQ,Equatorial Guinea,AFRO,36,8759,1,122
13807,2021-07-11,GQ,Equatorial Guinea,AFRO,56,8815,0,122
13808,2021-07-18,GQ,Equatorial Guinea,AFRO,33,8848,1,123
13809,2021-07-25,GQ,Equatorial Guinea,AFRO,32,8880,0,123
13810,2021-08-01,GQ,Equatorial Guinea,AFRO,31,8911,0,123
13811,2021-08-08,GQ,Equatorial Guinea,AFRO,40,8951,0,123
13812,2021-08-15,GQ,Equatorial Guinea,AFRO,21,8972,0,123
13813,2021-08-22,GQ,Equatorial Guinea,AFRO,124,9096,0,123
13814,2021-08-29,GQ,Equatorial Guinea,AFRO,230,9326,1,124
13815,2021-09-05,GQ,Equatorial Guinea,AFRO,613,9939,5,129
13816,2021-09-12,GQ,Equatorial Guinea,AFRO,559,10498,2,131
13817,2021-09-19,GQ,Equatorial Guinea,AFRO,565,11063,6,137
13818,2021-09-26,GQ,Equatorial Guinea,AFRO,743,11806,5,142
13819,2021-10-03,GQ,Equatorial Guinea,AFRO,726,12532,8,150
13820,2021-10-10,GQ,Equatorial Guinea,AFRO,254,12786,5,155
13821,2021-10-17,GQ,Equatorial Guinea,AFRO,234,13020,6,161
13822,2021-10-24,GQ,Equatorial Guinea,AFRO,146,13166,2,163
13823,2021-10-31,GQ,Equatorial Guinea,AFRO,211,13377,4,167
13824,2021-11-07,GQ,Equatorial Guinea,AFRO,30,13407,1,168
13825,2021-11-14,GQ,Equatorial Guinea,AFRO,52,13459,0,168
13826,2021-11-21,GQ,Equatorial Guinea,AFRO,79,13538,2,170
13827,2021-11-28,GQ,Equatorial Guinea,AFRO,41,13579,3,173
13828,2021-12-05,GQ,Equatorial Guinea,AFRO,20,13599,2,175
13829,2021-12-12,GQ,Equatorial Guinea,AFRO,13,13612,0,175
13830,2021-12-19,GQ,Equatorial Guinea,AFRO,6,13618,0,175
13831,2021-12-26,GQ,Equatorial Guinea,AFRO,12,13630,0,175
13832,2022-01-02,GQ,Equatorial Guinea,AFRO,80,13710,0,175
13833,2022-01-09,GQ,Equatorial Guinea,AFRO,1161,14871,2,177
13834,2022-01-16,GQ,Equatorial Guinea,AFRO,621,15492,1,178
13835,2022-01-23,GQ,Equatorial Guinea,AFRO,240,15732,3,181
13836,2022-01-30,GQ,Equatorial Guinea,AFRO,70,15802,1,182
13837,2022-02-06,GQ,Equatorial Guinea,AFRO,43,15845,0,182
13838,2022-02-13,GQ,Equatorial Guinea,AFRO,8,15853,0,182
13839,2022-02-20,GQ,Equatorial Guinea,AFRO,21,15874,0,182
13840,2022-02-27,GQ,Equatorial Guinea,AFRO,10,15884,0,182
13841,2022-03-06,GQ,Equatorial Guinea,AFRO,10,15894,1,183
13842,2022-03-13,GQ,Equatorial Guinea,AFRO,4,15898,0,183
13843,2022-03-20,GQ,Equatorial Guinea,AFRO,-98,15800,0,183
13844,2022-03-27,GQ,Equatorial Guinea,AFRO,103,15903,0,183
13845,2022-04-03,GQ,Equatorial Guinea,AFRO,1,15904,0,183
13846,2022-04-10,GQ,Equatorial Guinea,AFRO,0,15904,0,183
13847,2022-04-17,GQ,Equatorial Guinea,AFRO,3,15907,0,183
13848,2022-04-24,GQ,Equatorial Guinea,AFRO,0,15907,0,183
13849,2022-05-01,GQ,Equatorial Guinea,AFRO,0,15907,0,183
13850,2022-05-08,GQ,Equatorial Guinea,AFRO,3,15910,0,183
13851,2022-05-15,GQ,Equatorial Guinea,AFRO,0,15910,0,183
13852,2022-05-22,GQ,Equatorial Guinea,AFRO,0,15910,0,183
13853,2022-05-29,GQ,Equatorial Guinea,AFRO,11,15921,0,183
13854,2022-06-05,GQ,Equatorial Guinea,AFRO,3,15924,0,183
13855,2022-06-12,GQ,Equatorial Guinea,AFRO,21,15945,0,183
13856,2022-06-19,GQ,Equatorial Guinea,AFRO,6,15951,0,183
13857,2022-06-26,GQ,Equatorial Guinea,AFRO,44,15995,0,183
13858,2022-07-03,GQ,Equatorial Guinea,AFRO,119,16114,0,183
13859,2022-07-10,GQ,Equatorial Guinea,AFRO,353,16467,0,183
13860,2022-07-17,GQ,Equatorial Guinea,AFRO,154,16621,0,183
13861,2022-07-24,GQ,Equatorial Guinea,AFRO,33,16654,0,183
13862,2022-07-31,GQ,Equatorial Guinea,AFRO,87,16741,0,183
13863,2022-08-07,GQ,Equatorial Guinea,AFRO,44,16785,0,183
13864,2022-08-14,GQ,Equatorial Guinea,AFRO,16,16801,0,183
13865,2022-08-21,GQ,Equatorial Guinea,AFRO,39,16840,0,183
13866,2022-08-28,GQ,Equatorial Guinea,AFRO,13,16853,0,183
13867,2022-09-04,GQ,Equatorial Guinea,AFRO,7,16860,0,183
13868,2022-09-11,GQ,Equatorial Guinea,AFRO,13,16873,0,183
13869,2022-09-18,GQ,Equatorial Guinea,AFRO,24,16897,0,183
13870,2022-09-25,GQ,Equatorial Guinea,AFRO,16,16913,0,183
13871,2022-10-02,GQ,Equatorial Guinea,AFRO,6,16919,0,183
13872,2022-10-09,GQ,Equatorial Guinea,AFRO,30,16949,0,183
13873,2022-10-16,GQ,Equatorial Guinea,AFRO,71,17020,0,183
13874,2022-10-23,GQ,Equatorial Guinea,AFRO,36,17056,0,183
13875,2022-10-30,GQ,Equatorial Guinea,AFRO,20,17076,0,183
13876,2022-11-06,GQ,Equatorial Guinea,AFRO,5,17081,0,183
13877,2022-11-13,GQ,Equatorial Guinea,AFRO,4,17085,0,183
13878,2022-11-20,GQ,Equatorial Guinea,AFRO,0,17085,0,183
13879,2022-11-27,GQ,Equatorial Guinea,AFRO,1,17086,0,183
13880,2022-12-04,GQ,Equatorial Guinea,AFRO,1,17087,0,183
13881,2022-12-11,GQ,Equatorial Guinea,AFRO,1,17088,0,183
13882,2022-12-18,GQ,Equatorial Guinea,AFRO,1,17089,0,183
13883,2022-12-25,GQ,Equatorial Guinea,AFRO,0,17089,0,183
13884,2023-01-01,GQ,Equatorial Guinea,AFRO,0,17089,0,183
13885,2023-01-08,GQ,Equatorial Guinea,AFRO,0,17089,0,183
13886,2023-01-15,GQ,Equatorial Guinea,AFRO,0,17089,0,183
13887,2023-01-22,GQ,Equatorial Guinea,AFRO,0,17089,0,183
13888,2023-01-29,GQ,Equatorial Guinea,AFRO,4,17093,0,183
13889,2023-02-05,GQ,Equatorial Guinea,AFRO,20,17113,0,183
13890,2023-02-12,GQ,Equatorial Guinea,AFRO,2,17115,0,183
13891,2023-02-19,GQ,Equatorial Guinea,AFRO,15,17130,0,183
13892,2023-02-26,GQ,Equatorial Guinea,AFRO,0,17130,0,183
13893,2023-03-05,GQ,Equatorial Guinea,AFRO,0,17130,0,183
13894,2023-03-12,GQ,Equatorial Guinea,AFRO,0,17130,0,183
13895,2023-03-19,GQ,Equatorial Guinea,AFRO,0,17130,0,183
13896,2023-03-26,GQ,Equatorial Guinea,AFRO,0,17130,0,183
13897,2023-04-02,GQ,Equatorial Guinea,AFRO,0,17130,0,183
13898,2023-04-09,GQ,Equatorial Guinea,AFRO,0,17130,0,183
13899,2023-04-16,GQ,Equatorial Guinea,AFRO,0,17130,0,183
13900,2023-04-23,GQ,Equatorial Guinea,AFRO,0,17130,0,183
13901,2023-04-30,GQ,Equatorial Guinea,AFRO,0,17130,0,183
13902,2023-05-07,GQ,Equatorial Guinea,AFRO,0,17130,0,183
13903,2023-05-14,GQ,Equatorial Guinea,AFRO,0,17130,0,183
13904,2023-05-21,GQ,Equatorial Guinea,AFRO,0,17130,0,183
13905,2023-05-28,GQ,Equatorial Guinea,AFRO,0,17130,0,183
13906,2023-06-04,GQ,Equatorial Guinea,AFRO,0,17130,0,183
13907,2023-06-11,GQ,Equatorial Guinea,AFRO,0,17130,0,183
13908,2023-06-18,GQ,Equatorial Guinea,AFRO,0,17130,0,183
13909,2023-06-25,GQ,Equatorial Guinea,AFRO,0,17130,0,183
13910,2023-07-02,GQ,Equatorial Guinea,AFRO,0,17130,0,183
13911,2023-07-09,GQ,Equatorial Guinea,AFRO,0,17130,0,183
13912,2023-07-16,GQ,Equatorial Guinea,AFRO,0,17130,0,183
13913,2023-07-23,GQ,Equatorial Guinea,AFRO,0,17130,0,183
13914,2023-07-30,GQ,Equatorial Guinea,AFRO,0,17130,0,183
13915,2023-08-06,GQ,Equatorial Guinea,AFRO,0,17130,0,183
13916,2023-08-13,GQ,Equatorial Guinea,AFRO,0,17130,0,183
13917,2023-08-20,GQ,Equatorial Guinea,AFRO,0,17130,0,183
13918,2023-08-27,GQ,Equatorial Guinea,AFRO,0,17130,0,183
13919,2023-09-03,GQ,Equatorial Guinea,AFRO,0,17130,0,183
13920,2023-09-10,GQ,Equatorial Guinea,AFRO,0,17130,0,183
13921,2023-09-17,GQ,Equatorial Guinea,AFRO,0,17130,0,183
13922,2023-09-24,GQ,Equatorial Guinea,AFRO,0,17130,0,183
13923,2023-10-01,GQ,Equatorial Guinea,AFRO,0,17130,0,183
13924,2023-10-08,GQ,Equatorial Guinea,AFRO,0,17130,0,183
13925,2023-10-15,GQ,Equatorial Guinea,AFRO,0,17130,0,183
13926,2023-10-22,GQ,Equatorial Guinea,AFRO,0,17130,0,183
13927,2023-10-29,GQ,Equatorial Guinea,AFRO,0,17130,0,183
13928,2023-11-05,GQ,Equatorial Guinea,AFRO,0,17130,0,183
13929,2023-11-12,GQ,Equatorial Guinea,AFRO,0,17130,0,183
13930,2023-11-19,GQ,Equatorial Guinea,AFRO,0,17130,0,183
13931,2023-11-26,GQ,Equatorial Guinea,AFRO,0,17130,0,183
13932,2023-12-03,GQ,Equatorial Guinea,AFRO,0,17130,0,183
13933,2023-12-10,GQ,Equatorial Guinea,AFRO,0,17130,0,183
13934,2023-12-17,GQ,Equatorial Guinea,AFRO,0,17130,0,183
13935,2023-12-24,GQ,Equatorial Guinea,AFRO,0,17130,0,183
13936,2020-01-05,ER,Eritrea,AFRO,0,0,0,0
13937,2020-01-12,ER,Eritrea,AFRO,0,0,0,0
13938,2020-01-19,ER,Eritrea,AFRO,0,0,0,0
13939,2020-01-26,ER,Eritrea,AFRO,0,0,0,0
13940,2020-02-02,ER,Eritrea,AFRO,0,0,0,0
13941,2020-02-09,ER,Eritrea,AFRO,0,0,0,0
13942,2020-02-16,ER,Eritrea,AFRO,0,0,0,0
13943,2020-02-23,ER,Eritrea,AFRO,0,0,0,0
13944,2020-03-01,ER,Eritrea,AFRO,0,0,0,0
13945,2020-03-08,ER,Eritrea,AFRO,0,0,0,0
13946,2020-03-15,ER,Eritrea,AFRO,0,0,0,0
13947,2020-03-22,ER,Eritrea,AFRO,1,1,0,0
13948,2020-03-29,ER,Eritrea,AFRO,5,6,0,0
13949,2020-04-05,ER,Eritrea,AFRO,14,20,0,0
13950,2020-04-12,ER,Eritrea,AFRO,14,34,0,0
13951,2020-04-19,ER,Eritrea,AFRO,5,39,0,0
13952,2020-04-26,ER,Eritrea,AFRO,0,39,0,0
13953,2020-05-03,ER,Eritrea,AFRO,0,39,0,0
13954,2020-05-10,ER,Eritrea,AFRO,0,39,0,0
13955,2020-05-17,ER,Eritrea,AFRO,0,39,0,0
13956,2020-05-24,ER,Eritrea,AFRO,0,39,0,0
13957,2020-05-31,ER,Eritrea,AFRO,0,39,0,0
13958,2020-06-07,ER,Eritrea,AFRO,2,41,0,0
13959,2020-06-14,ER,Eritrea,AFRO,24,65,0,0
13960,2020-06-21,ER,Eritrea,AFRO,78,143,0,0
13961,2020-06-28,ER,Eritrea,AFRO,48,191,0,0
13962,2020-07-05,ER,Eritrea,AFRO,24,215,0,0
13963,2020-07-12,ER,Eritrea,AFRO,17,232,0,0
13964,2020-07-19,ER,Eritrea,AFRO,19,251,0,0
13965,2020-07-26,ER,Eritrea,AFRO,12,263,0,0
13966,2020-08-02,ER,Eritrea,AFRO,16,279,0,0
13967,2020-08-09,ER,Eritrea,AFRO,6,285,0,0
13968,2020-08-16,ER,Eritrea,AFRO,0,285,0,0
13969,2020-08-23,ER,Eritrea,AFRO,21,306,0,0
13970,2020-08-30,ER,Eritrea,AFRO,12,318,0,0
13971,2020-09-06,ER,Eritrea,AFRO,12,330,0,0
13972,2020-09-13,ER,Eritrea,AFRO,31,361,0,0
13973,2020-09-20,ER,Eritrea,AFRO,3,364,0,0
13974,2020-09-27,ER,Eritrea,AFRO,11,375,0,0
13975,2020-10-04,ER,Eritrea,AFRO,23,398,0,0
13976,2020-10-11,ER,Eritrea,AFRO,16,414,0,0
13977,2020-10-18,ER,Eritrea,AFRO,38,452,0,0
13978,2020-10-25,ER,Eritrea,AFRO,9,461,0,0
13979,2020-11-01,ER,Eritrea,AFRO,2,463,0,0
13980,2020-11-08,ER,Eritrea,AFRO,28,491,0,0
13981,2020-11-15,ER,Eritrea,AFRO,2,493,0,0
13982,2020-11-22,ER,Eritrea,AFRO,58,551,0,0
13983,2020-11-29,ER,Eritrea,AFRO,26,577,0,0
13984,2020-12-06,ER,Eritrea,AFRO,55,632,0,0
13985,2020-12-13,ER,Eritrea,AFRO,79,711,0,0
13986,2020-12-20,ER,Eritrea,AFRO,43,754,0,0
13987,2020-12-27,ER,Eritrea,AFRO,243,997,1,1
13988,2021-01-03,ER,Eritrea,AFRO,323,1320,2,3
13989,2021-01-10,ER,Eritrea,AFRO,236,1556,3,6
13990,2021-01-17,ER,Eritrea,AFRO,321,1877,0,6
13991,2021-01-24,ER,Eritrea,AFRO,63,1940,0,6
13992,2021-01-31,ER,Eritrea,AFRO,195,2135,1,7
13993,2021-02-07,ER,Eritrea,AFRO,191,2326,0,7
13994,2021-02-14,ER,Eritrea,AFRO,103,2429,0,7
13995,2021-02-21,ER,Eritrea,AFRO,256,2685,0,7
13996,2021-02-28,ER,Eritrea,AFRO,162,2847,0,7
13997,2021-03-07,ER,Eritrea,AFRO,97,2944,0,7
13998,2021-03-14,ER,Eritrea,AFRO,94,3038,0,7
13999,2021-03-21,ER,Eritrea,AFRO,80,3118,0,7
14000,2021-03-28,ER,Eritrea,AFRO,90,3208,2,9
14001,2021-04-04,ER,Eritrea,AFRO,126,3334,1,10
14002,2021-04-11,ER,Eritrea,AFRO,113,3447,0,10
14003,2021-04-18,ER,Eritrea,AFRO,44,3491,0,10
14004,2021-04-25,ER,Eritrea,AFRO,114,3605,0,10
14005,2021-05-02,ER,Eritrea,AFRO,66,3671,0,10
14006,2021-05-09,ER,Eritrea,AFRO,71,3742,2,12
14007,2021-05-16,ER,Eritrea,AFRO,102,3844,0,12
14008,2021-05-23,ER,Eritrea,AFRO,88,3932,2,14
14009,2021-05-30,ER,Eritrea,AFRO,129,4061,0,14
14010,2021-06-06,ER,Eritrea,AFRO,400,4461,0,14
14011,2021-06-13,ER,Eritrea,AFRO,387,4848,2,16
14012,2021-06-20,ER,Eritrea,AFRO,488,5336,3,19
14013,2021-06-27,ER,Eritrea,AFRO,444,5780,2,21
14014,2021-07-04,ER,Eritrea,AFRO,294,6074,4,25
14015,2021-07-11,ER,Eritrea,AFRO,203,6277,4,29
14016,2021-07-18,ER,Eritrea,AFRO,125,6402,1,30
14017,2021-07-25,ER,Eritrea,AFRO,93,6495,3,33
14018,2021-08-01,ER,Eritrea,AFRO,52,6547,2,35
14019,2021-08-08,ER,Eritrea,AFRO,29,6576,0,35
14020,2021-08-15,ER,Eritrea,AFRO,25,6601,2,37
14021,2021-08-22,ER,Eritrea,AFRO,19,6620,0,37
14022,2021-08-29,ER,Eritrea,AFRO,19,6639,0,37
14023,2021-09-05,ER,Eritrea,AFRO,8,6647,1,38
14024,2021-09-12,ER,Eritrea,AFRO,8,6655,2,40
14025,2021-09-19,ER,Eritrea,AFRO,16,6671,0,40
14026,2021-09-26,ER,Eritrea,AFRO,23,6694,2,42
14027,2021-10-03,ER,Eritrea,AFRO,28,6722,0,42
14028,2021-10-10,ER,Eritrea,AFRO,19,6741,0,42
14029,2021-10-17,ER,Eritrea,AFRO,32,6773,2,44
14030,2021-10-24,ER,Eritrea,AFRO,16,6789,1,45
14031,2021-10-31,ER,Eritrea,AFRO,42,6831,0,45
14032,2021-11-07,ER,Eritrea,AFRO,112,6943,1,46
14033,2021-11-14,ER,Eritrea,AFRO,108,7051,2,48
14034,2021-11-21,ER,Eritrea,AFRO,105,7156,6,54
14035,2021-11-28,ER,Eritrea,AFRO,149,7305,6,60
14036,2021-12-05,ER,Eritrea,AFRO,153,7458,1,61
14037,2021-12-12,ER,Eritrea,AFRO,171,7629,2,63
14038,2021-12-19,ER,Eritrea,AFRO,124,7753,5,68
14039,2021-12-26,ER,Eritrea,AFRO,120,7873,4,72
14040,2022-01-02,ER,Eritrea,AFRO,153,8026,4,76
14041,2022-01-09,ER,Eritrea,AFRO,277,8303,6,82
14042,2022-01-16,ER,Eritrea,AFRO,573,8876,4,86
14043,2022-01-23,ER,Eritrea,AFRO,374,9250,5,91
14044,2022-01-30,ER,Eritrea,AFRO,258,9508,6,97
14045,2022-02-06,ER,Eritrea,AFRO,123,9631,3,100
14046,2022-02-13,ER,Eritrea,AFRO,33,9664,3,103
14047,2022-02-20,ER,Eritrea,AFRO,23,9687,0,103
14048,2022-02-27,ER,Eritrea,AFRO,13,9700,0,103
14049,2022-03-06,ER,Eritrea,AFRO,15,9715,0,103
14050,2022-03-13,ER,Eritrea,AFRO,6,9721,0,103
14051,2022-03-20,ER,Eritrea,AFRO,2,9723,0,103
14052,2022-03-27,ER,Eritrea,AFRO,1,9724,0,103
14053,2022-04-03,ER,Eritrea,AFRO,4,9728,0,103
14054,2022-04-10,ER,Eritrea,AFRO,1,9729,0,103
14055,2022-04-17,ER,Eritrea,AFRO,4,9733,0,103
14056,2022-04-24,ER,Eritrea,AFRO,1,9734,0,103
14057,2022-05-01,ER,Eritrea,AFRO,0,9734,0,103
14058,2022-05-08,ER,Eritrea,AFRO,3,9737,0,103
14059,2022-05-15,ER,Eritrea,AFRO,8,9745,0,103
14060,2022-05-22,ER,Eritrea,AFRO,9,9754,0,103
14061,2022-05-29,ER,Eritrea,AFRO,3,9757,0,103
14062,2022-06-05,ER,Eritrea,AFRO,10,9767,0,103
14063,2022-06-12,ER,Eritrea,AFRO,2,9769,0,103
14064,2022-06-19,ER,Eritrea,AFRO,8,9777,0,103
14065,2022-06-26,ER,Eritrea,AFRO,11,9788,0,103
14066,2022-07-03,ER,Eritrea,AFRO,13,9801,0,103
14067,2022-07-10,ER,Eritrea,AFRO,23,9824,0,103
14068,2022-07-17,ER,Eritrea,AFRO,40,9864,0,103
14069,2022-07-24,ER,Eritrea,AFRO,64,9928,0,103
14070,2022-07-31,ER,Eritrea,AFRO,104,10032,0,103
14071,2022-08-07,ER,Eritrea,AFRO,84,10116,0,103
14072,2022-08-14,ER,Eritrea,AFRO,18,10134,0,103
14073,2022-08-21,ER,Eritrea,AFRO,15,10149,0,103
14074,2022-08-28,ER,Eritrea,AFRO,2,10151,0,103
14075,2022-09-04,ER,Eritrea,AFRO,4,10155,0,103
14076,2022-09-11,ER,Eritrea,AFRO,8,10163,0,103
14077,2022-09-18,ER,Eritrea,AFRO,1,10164,0,103
14078,2022-09-25,ER,Eritrea,AFRO,4,10168,0,103
14079,2022-10-02,ER,Eritrea,AFRO,2,10170,0,103
14080,2022-10-09,ER,Eritrea,AFRO,7,10177,0,103
14081,2022-10-16,ER,Eritrea,AFRO,5,10182,0,103
14082,2022-10-23,ER,Eritrea,AFRO,3,10185,0,103
14083,2022-10-30,ER,Eritrea,AFRO,3,10188,0,103
14084,2022-11-06,ER,Eritrea,AFRO,1,10189,0,103
14085,2022-11-13,ER,Eritrea,AFRO,0,10189,0,103
14086,2022-11-20,ER,Eritrea,AFRO,0,10189,0,103
14087,2022-11-27,ER,Eritrea,AFRO,0,10189,0,103
14088,2022-12-04,ER,Eritrea,AFRO,0,10189,0,103
14089,2022-12-11,ER,Eritrea,AFRO,0,10189,0,103
14090,2022-12-18,ER,Eritrea,AFRO,0,10189,0,103
14091,2022-12-25,ER,Eritrea,AFRO,0,10189,0,103
14092,2023-01-01,ER,Eritrea,AFRO,0,10189,0,103
14093,2023-01-08,ER,Eritrea,AFRO,0,10189,0,103
14094,2023-01-15,ER,Eritrea,AFRO,0,10189,0,103
14095,2023-01-22,ER,Eritrea,AFRO,0,10189,0,103
14096,2023-01-29,ER,Eritrea,AFRO,0,10189,0,103
14097,2023-02-05,ER,Eritrea,AFRO,0,10189,0,103
14098,2023-02-12,ER,Eritrea,AFRO,0,10189,0,103
14099,2023-02-19,ER,Eritrea,AFRO,0,10189,0,103
14100,2023-02-26,ER,Eritrea,AFRO,0,10189,0,103
14101,2023-03-05,ER,Eritrea,AFRO,0,10189,0,103
14102,2023-03-12,ER,Eritrea,AFRO,0,10189,0,103
14103,2023-03-19,ER,Eritrea,AFRO,0,10189,0,103
14104,2023-03-26,ER,Eritrea,AFRO,0,10189,0,103
14105,2023-04-02,ER,Eritrea,AFRO,0,10189,0,103
14106,2023-04-09,ER,Eritrea,AFRO,0,10189,0,103
14107,2023-04-16,ER,Eritrea,AFRO,0,10189,0,103
14108,2023-04-23,ER,Eritrea,AFRO,0,10189,0,103
14109,2023-04-30,ER,Eritrea,AFRO,0,10189,0,103
14110,2023-05-07,ER,Eritrea,AFRO,0,10189,0,103
14111,2023-05-14,ER,Eritrea,AFRO,0,10189,0,103
14112,2023-05-21,ER,Eritrea,AFRO,0,10189,0,103
14113,2023-05-28,ER,Eritrea,AFRO,0,10189,0,103
14114,2023-06-04,ER,Eritrea,AFRO,0,10189,0,103
14115,2023-06-11,ER,Eritrea,AFRO,0,10189,0,103
14116,2023-06-18,ER,Eritrea,AFRO,0,10189,0,103
14117,2023-06-25,ER,Eritrea,AFRO,0,10189,0,103
14118,2023-07-02,ER,Eritrea,AFRO,0,10189,0,103
14119,2023-07-09,ER,Eritrea,AFRO,0,10189,0,103
14120,2023-07-16,ER,Eritrea,AFRO,0,10189,0,103
14121,2023-07-23,ER,Eritrea,AFRO,0,10189,0,103
14122,2023-07-30,ER,Eritrea,AFRO,0,10189,0,103
14123,2023-08-06,ER,Eritrea,AFRO,0,10189,0,103
14124,2023-08-13,ER,Eritrea,AFRO,0,10189,0,103
14125,2023-08-20,ER,Eritrea,AFRO,0,10189,0,103
14126,2023-08-27,ER,Eritrea,AFRO,0,10189,0,103
14127,2023-09-03,ER,Eritrea,AFRO,0,10189,0,103
14128,2023-09-10,ER,Eritrea,AFRO,0,10189,0,103
14129,2023-09-17,ER,Eritrea,AFRO,0,10189,0,103
14130,2023-09-24,ER,Eritrea,AFRO,0,10189,0,103
14131,2023-10-01,ER,Eritrea,AFRO,0,10189,0,103
14132,2023-10-08,ER,Eritrea,AFRO,0,10189,0,103
14133,2023-10-15,ER,Eritrea,AFRO,0,10189,0,103
14134,2023-10-22,ER,Eritrea,AFRO,0,10189,0,103
14135,2023-10-29,ER,Eritrea,AFRO,0,10189,0,103
14136,2023-11-05,ER,Eritrea,AFRO,0,10189,0,103
14137,2023-11-12,ER,Eritrea,AFRO,0,10189,0,103
14138,2023-11-19,ER,Eritrea,AFRO,0,10189,0,103
14139,2023-11-26,ER,Eritrea,AFRO,0,10189,0,103
14140,2023-12-03,ER,Eritrea,AFRO,0,10189,0,103
14141,2023-12-10,ER,Eritrea,AFRO,0,10189,0,103
14142,2023-12-17,ER,Eritrea,AFRO,0,10189,0,103
14143,2023-12-24,ER,Eritrea,AFRO,0,10189,0,103
14144,2020-01-05,EE,Estonia,EURO,0,0,0,0
14145,2020-01-12,EE,Estonia,EURO,0,0,0,0
14146,2020-01-19,EE,Estonia,EURO,0,0,0,0
14147,2020-01-26,EE,Estonia,EURO,0,0,0,0
14148,2020-02-02,EE,Estonia,EURO,0,0,0,0
14149,2020-02-09,EE,Estonia,EURO,0,0,0,0
14150,2020-02-16,EE,Estonia,EURO,0,0,0,0
14151,2020-02-23,EE,Estonia,EURO,0,0,0,0
14152,2020-03-01,EE,Estonia,EURO,1,1,0,0
14153,2020-03-08,EE,Estonia,EURO,9,10,0,0
14154,2020-03-15,EE,Estonia,EURO,210,220,0,0
14155,2020-03-22,EE,Estonia,EURO,165,385,0,0
14156,2020-03-29,EE,Estonia,EURO,5570,5955,73,73
14157,2020-04-05,EE,Estonia,EURO,404,6359,16,89
14158,2020-04-12,EE,Estonia,EURO,223,6582,9,98
14159,2020-04-19,EE,Estonia,EURO,199,6781,14,112
14160,2020-04-26,EE,Estonia,EURO,109,6890,9,121
14161,2020-05-03,EE,Estonia,EURO,56,6946,4,125
14162,2020-05-10,EE,Estonia,EURO,38,6984,4,129
14163,2020-05-17,EE,Estonia,EURO,43,7027,2,131
14164,2020-05-24,EE,Estonia,EURO,39,7066,1,132
14165,2020-05-31,EE,Estonia,EURO,46,7112,3,135
14166,2020-06-07,EE,Estonia,EURO,71,7183,1,136
14167,2020-06-14,EE,Estonia,EURO,35,7218,1,137
14168,2020-06-21,EE,Estonia,EURO,8,7226,0,137
14169,2020-06-28,EE,Estonia,EURO,6,7232,0,137
14170,2020-07-05,EE,Estonia,EURO,6,7238,0,137
14171,2020-07-12,EE,Estonia,EURO,21,7259,0,137
14172,2020-07-19,EE,Estonia,EURO,4,7263,0,137
14173,2020-07-26,EE,Estonia,EURO,11,7274,0,137
14174,2020-08-02,EE,Estonia,EURO,45,7319,0,137
14175,2020-08-09,EE,Estonia,EURO,74,7393,0,137
14176,2020-08-16,EE,Estonia,EURO,35,7428,0,137
14177,2020-08-23,EE,Estonia,EURO,88,7516,1,138
14178,2020-08-30,EE,Estonia,EURO,100,7616,0,138
14179,2020-09-06,EE,Estonia,EURO,157,7773,0,138
14180,2020-09-13,EE,Estonia,EURO,160,7933,0,138
14181,2020-09-20,EE,Estonia,EURO,244,8177,0,138
14182,2020-09-27,EE,Estonia,EURO,337,8514,0,138
14183,2020-10-04,EE,Estonia,EURO,344,8858,3,141
14184,2020-10-11,EE,Estonia,EURO,255,9113,1,142
14185,2020-10-18,EE,Estonia,EURO,211,9324,0,142
14186,2020-10-25,EE,Estonia,EURO,343,9667,5,147
14187,2020-11-01,EE,Estonia,EURO,614,10281,0,147
14188,2020-11-08,EE,Estonia,EURO,1202,11483,3,150
14189,2020-11-15,EE,Estonia,EURO,1591,13074,5,155
14190,2020-11-22,EE,Estonia,EURO,2104,15178,10,165
14191,2020-11-29,EE,Estonia,EURO,2350,17528,24,189
14192,2020-12-06,EE,Estonia,EURO,2921,20449,16,205
14193,2020-12-13,EE,Estonia,EURO,3156,23605,19,224
14194,2020-12-20,EE,Estonia,EURO,3696,27301,28,252
14195,2020-12-27,EE,Estonia,EURO,3730,31031,32,284
14196,2021-01-03,EE,Estonia,EURO,3709,34740,39,323
14197,2021-01-10,EE,Estonia,EURO,4276,39016,34,357
14198,2021-01-17,EE,Estonia,EURO,3543,42559,48,405
14199,2021-01-24,EE,Estonia,EURO,3631,46190,47,452
14200,2021-01-31,EE,Estonia,EURO,3604,49794,42,494
14201,2021-02-07,EE,Estonia,EURO,3762,53556,42,536
14202,2021-02-14,EE,Estonia,EURO,4561,58117,36,572
14203,2021-02-21,EE,Estonia,EURO,5572,63689,38,610
14204,2021-02-28,EE,Estonia,EURO,8183,71872,57,667
14205,2021-03-07,EE,Estonia,EURO,9570,81442,66,733
14206,2021-03-14,EE,Estonia,EURO,9905,91347,59,792
14207,2021-03-21,EE,Estonia,EURO,10309,101656,69,861
14208,2021-03-28,EE,Estonia,EURO,7822,109478,82,943
14209,2021-04-04,EE,Estonia,EURO,423,109901,3,946
14210,2021-04-11,EE,Estonia,EURO,4663,114564,86,1032
14211,2021-04-18,EE,Estonia,EURO,3341,117905,60,1092
14212,2021-04-25,EE,Estonia,EURO,2604,120509,49,1141
14213,2021-05-02,EE,Estonia,EURO,2402,122911,26,1167
14214,2021-05-09,EE,Estonia,EURO,2283,125194,31,1198
14215,2021-05-16,EE,Estonia,EURO,1870,127064,21,1219
14216,2021-05-23,EE,Estonia,EURO,1465,128529,14,1233
14217,2021-05-30,EE,Estonia,EURO,876,129405,13,1246
14218,2021-06-06,EE,Estonia,EURO,612,130017,11,1257
14219,2021-06-13,EE,Estonia,EURO,380,130397,2,1259
14220,2021-06-20,EE,Estonia,EURO,282,130679,2,1261
14221,2021-06-27,EE,Estonia,EURO,165,130844,1,1262
14222,2021-07-04,EE,Estonia,EURO,227,131071,1,1263
14223,2021-07-11,EE,Estonia,EURO,301,131372,0,1263
14224,2021-07-18,EE,Estonia,EURO,375,131747,1,1264
14225,2021-07-25,EE,Estonia,EURO,645,132392,0,1264
14226,2021-08-01,EE,Estonia,EURO,1246,133638,1,1265
14227,2021-08-08,EE,Estonia,EURO,1472,135110,4,1269
14228,2021-08-15,EE,Estonia,EURO,1942,137052,2,1271
14229,2021-08-22,EE,Estonia,EURO,1970,139022,5,1276
14230,2021-08-29,EE,Estonia,EURO,2476,141498,7,1283
14231,2021-09-05,EE,Estonia,EURO,2405,143903,11,1294
14232,2021-09-12,EE,Estonia,EURO,2976,146879,11,1305
14233,2021-09-19,EE,Estonia,EURO,3258,150137,14,1319
14234,2021-09-26,EE,Estonia,EURO,3784,153921,22,1341
14235,2021-10-03,EE,Estonia,EURO,4970,158891,23,1364
14236,2021-10-10,EE,Estonia,EURO,6455,165346,27,1391
14237,2021-10-17,EE,Estonia,EURO,7999,173345,31,1422
14238,2021-10-24,EE,Estonia,EURO,9988,183333,37,1459
14239,2021-10-31,EE,Estonia,EURO,12069,195402,72,1531
14240,2021-11-07,EE,Estonia,EURO,173,195575,0,1531
14241,2021-11-14,EE,Estonia,EURO,6726,202301,72,1603
14242,2021-11-21,EE,Estonia,EURO,5181,207482,53,1656
14243,2021-11-28,EE,Estonia,EURO,4077,211559,55,1711
14244,2021-12-05,EE,Estonia,EURO,3437,214996,27,1738
14245,2021-12-12,EE,Estonia,EURO,3305,218301,38,1776
14246,2021-12-19,EE,Estonia,EURO,3913,222214,23,1799
14247,2021-12-26,EE,Estonia,EURO,4595,226809,29,1828
14248,2022-01-02,EE,Estonia,EURO,6140,232949,23,1851
14249,2022-01-09,EE,Estonia,EURO,5742,238691,16,1867
14250,2022-01-16,EE,Estonia,EURO,15424,254115,28,1895
14251,2022-01-23,EE,Estonia,EURO,27269,281384,24,1919
14252,2022-01-30,EE,Estonia,EURO,41085,322469,25,1944
14253,2022-02-06,EE,Estonia,EURO,48031,370500,32,1976
14254,2022-02-13,EE,Estonia,EURO,37947,408447,45,2021
14255,2022-02-20,EE,Estonia,EURO,39239,447686,54,2075
14256,2022-02-27,EE,Estonia,EURO,31712,479398,64,2139
14257,2022-03-06,EE,Estonia,EURO,22671,502069,59,2198
14258,2022-03-13,EE,Estonia,EURO,14983,517052,58,2256
14259,2022-03-20,EE,Estonia,EURO,10967,528019,33,2289
14260,2022-03-27,EE,Estonia,EURO,9226,537245,40,2329
14261,2022-04-03,EE,Estonia,EURO,6835,544080,22,2351
14262,2022-04-10,EE,Estonia,EURO,5185,549265,29,2380
14263,2022-04-17,EE,Estonia,EURO,3337,552602,22,2402
14264,2022-04-24,EE,Estonia,EURO,2756,555358,13,2415
14265,2022-05-01,EE,Estonia,EURO,2039,557397,9,2424
14266,2022-05-08,EE,Estonia,EURO,1489,558886,8,2432
14267,2022-05-15,EE,Estonia,EURO,1173,560059,3,2435
14268,2022-05-22,EE,Estonia,EURO,953,561012,5,2440
14269,2022-05-29,EE,Estonia,EURO,821,561833,8,2448
14270,2022-06-05,EE,Estonia,EURO,781,562614,10,2458
14271,2022-06-12,EE,Estonia,EURO,840,563454,2,2460
14272,2022-06-19,EE,Estonia,EURO,822,564276,2,2462
14273,2022-06-26,EE,Estonia,EURO,798,565074,3,2465
14274,2022-07-03,EE,Estonia,EURO,1345,566419,8,2473
14275,2022-07-10,EE,Estonia,EURO,1161,567580,8,2481
14276,2022-07-17,EE,Estonia,EURO,1552,569132,4,2485
14277,2022-07-24,EE,Estonia,EURO,2007,571139,8,2493
14278,2022-07-31,EE,Estonia,EURO,2229,573368,8,2501
14279,2022-08-07,EE,Estonia,EURO,2239,575607,6,2507
14280,2022-08-14,EE,Estonia,EURO,1933,577540,8,2515
14281,2022-08-21,EE,Estonia,EURO,1426,578966,5,2520
14282,2022-08-28,EE,Estonia,EURO,1107,580073,4,2524
14283,2022-09-04,EE,Estonia,EURO,822,580895,6,2530
14284,2022-09-11,EE,Estonia,EURO,914,581809,4,2534
14285,2022-09-18,EE,Estonia,EURO,1189,582998,6,2540
14286,2022-09-25,EE,Estonia,EURO,1188,584186,14,2554
14287,2022-10-02,EE,Estonia,EURO,1316,585502,11,2565
14288,2022-10-09,EE,Estonia,EURO,1196,586698,21,2586
14289,2022-10-16,EE,Estonia,EURO,1063,587761,16,2602
14290,2022-10-23,EE,Estonia,EURO,1055,588816,10,2612
14291,2022-10-30,EE,Estonia,EURO,733,589549,9,2621
14292,2022-11-06,EE,Estonia,EURO,553,590102,9,2630
14293,2022-11-13,EE,Estonia,EURO,490,590592,15,2645
14294,2022-11-20,EE,Estonia,EURO,491,591083,9,2654
14295,2022-11-27,EE,Estonia,EURO,474,591557,9,2663
14296,2022-12-04,EE,Estonia,EURO,536,592093,9,2672
14297,2022-12-11,EE,Estonia,EURO,624,592717,15,2687
14298,2022-12-18,EE,Estonia,EURO,819,593536,23,2710
14299,2022-12-25,EE,Estonia,EURO,681,594217,17,2727
14300,2023-01-01,EE,Estonia,EURO,541,594758,19,2746
14301,2023-01-08,EE,Estonia,EURO,397,595155,13,2759
14302,2023-01-15,EE,Estonia,EURO,377,595532,12,2771
14303,2023-01-22,EE,Estonia,EURO,301,595833,8,2779
14304,2023-01-29,EE,Estonia,EURO,384,596217,8,2787
14305,2023-02-05,EE,Estonia,EURO,306,596523,7,2794
14306,2023-02-12,EE,Estonia,EURO,328,596851,7,2801
14307,2023-02-19,EE,Estonia,EURO,322,597173,8,2809
14308,2023-02-26,EE,Estonia,EURO,271,597444,6,2815
14309,2023-03-05,EE,Estonia,EURO,305,597749,6,2821
14310,2023-03-12,EE,Estonia,EURO,312,598061,3,2824
14311,2023-03-19,EE,Estonia,EURO,364,598425,8,2832
14312,2023-03-26,EE,Estonia,EURO,349,598774,8,2840
14313,2023-04-02,EE,Estonia,EURO,382,599156,6,2846
14314,2023-04-09,EE,Estonia,EURO,392,599548,8,2854
14315,2023-04-16,EE,Estonia,EURO,365,599913,7,2861
14316,2023-04-23,EE,Estonia,EURO,330,600243,14,2875
14317,2023-04-30,EE,Estonia,EURO,284,600527,9,2884
14318,2023-05-07,EE,Estonia,EURO,208,600735,1,2885
14319,2023-05-14,EE,Estonia,EURO,193,600928,3,2888
14320,2023-05-21,EE,Estonia,EURO,181,601109,3,2891
14321,2023-05-28,EE,Estonia,EURO,149,601258,2,2893
14322,2023-06-04,EE,Estonia,EURO,120,601378,2,2895
14323,2023-06-11,EE,Estonia,EURO,96,601474,2,2897
14324,2023-06-18,EE,Estonia,EURO,63,601537,0,2897
14325,2023-06-25,EE,Estonia,EURO,51,601588,1,2898
14326,2023-07-02,EE,Estonia,EURO,36,601624,0,2898
14327,2023-07-09,EE,Estonia,EURO,31,601655,0,2898
14328,2023-07-16,EE,Estonia,EURO,44,601699,1,2899
14329,2023-07-23,EE,Estonia,EURO,47,601746,1,2900
14330,2023-07-30,EE,Estonia,EURO,0,601746,0,2900
14331,2023-08-06,EE,Estonia,EURO,27,601773,1,2901
14332,2023-08-13,EE,Estonia,EURO,17,601790,0,2901
14333,2023-08-20,EE,Estonia,EURO,23,601813,0,2901
14334,2023-08-27,EE,Estonia,EURO,38,601851,0,2901
14335,2023-09-03,EE,Estonia,EURO,60,601911,0,2901
14336,2023-09-10,EE,Estonia,EURO,85,601996,0,2901
14337,2023-09-17,EE,Estonia,EURO,90,602086,0,2901
14338,2023-09-24,EE,Estonia,EURO,101,602187,1,2902
14339,2023-10-01,EE,Estonia,EURO,108,602295,0,2902
14340,2023-10-08,EE,Estonia,EURO,82,602377,0,2902
14341,2023-10-15,EE,Estonia,EURO,101,602478,0,2902
14342,2023-10-22,EE,Estonia,EURO,158,602636,1,2903
14343,2023-10-29,EE,Estonia,EURO,273,602909,3,2906
14344,2023-11-05,EE,Estonia,EURO,0,602909,0,2906
14345,2023-11-12,EE,Estonia,EURO,0,602909,0,2906
14346,2023-11-19,EE,Estonia,EURO,0,602909,0,2906
14347,2023-11-26,EE,Estonia,EURO,0,602909,0,2906
14348,2023-12-03,EE,Estonia,EURO,0,602909,0,2906
14349,2023-12-10,EE,Estonia,EURO,1297,604206,13,2919
14350,2023-12-17,EE,Estonia,EURO,744,604950,15,2934
14351,2023-12-24,EE,Estonia,EURO,808,605758,15,2949
14352,2020-01-05,SZ,Eswatini,AFRO,0,0,0,0
14353,2020-01-12,SZ,Eswatini,AFRO,0,0,0,0
14354,2020-01-19,SZ,Eswatini,AFRO,0,0,0,0
14355,2020-01-26,SZ,Eswatini,AFRO,0,0,0,0
14356,2020-02-02,SZ,Eswatini,AFRO,0,0,0,0
14357,2020-02-09,SZ,Eswatini,AFRO,0,0,0,0
14358,2020-02-16,SZ,Eswatini,AFRO,0,0,0,0
14359,2020-02-23,SZ,Eswatini,AFRO,0,0,0,0
14360,2020-03-01,SZ,Eswatini,AFRO,0,0,0,0
14361,2020-03-08,SZ,Eswatini,AFRO,0,0,0,0
14362,2020-03-15,SZ,Eswatini,AFRO,1,1,0,0
14363,2020-03-22,SZ,Eswatini,AFRO,0,1,0,0
14364,2020-03-29,SZ,Eswatini,AFRO,8,9,0,0
14365,2020-04-05,SZ,Eswatini,AFRO,0,9,0,0
14366,2020-04-12,SZ,Eswatini,AFRO,5,14,0,0
14367,2020-04-19,SZ,Eswatini,AFRO,8,22,1,1
14368,2020-04-26,SZ,Eswatini,AFRO,34,56,0,1
14369,2020-05-03,SZ,Eswatini,AFRO,52,108,0,1
14370,2020-05-10,SZ,Eswatini,AFRO,55,163,1,2
14371,2020-05-17,SZ,Eswatini,AFRO,39,202,0,2
14372,2020-05-24,SZ,Eswatini,AFRO,36,238,0,2
14373,2020-05-31,SZ,Eswatini,AFRO,45,283,0,2
14374,2020-06-07,SZ,Eswatini,AFRO,50,333,1,3
14375,2020-06-14,SZ,Eswatini,AFRO,153,486,0,3
14376,2020-06-21,SZ,Eswatini,AFRO,141,627,2,5
14377,2020-06-28,SZ,Eswatini,AFRO,118,745,3,8
14378,2020-07-05,SZ,Eswatini,AFRO,209,954,5,13
14379,2020-07-12,SZ,Eswatini,AFRO,357,1311,5,18
14380,2020-07-19,SZ,Eswatini,AFRO,418,1729,3,21
14381,2020-07-26,SZ,Eswatini,AFRO,413,2142,7,28
14382,2020-08-02,SZ,Eswatini,AFRO,564,2706,14,42
14383,2020-08-09,SZ,Eswatini,AFRO,422,3128,14,56
14384,2020-08-16,SZ,Eswatini,AFRO,617,3745,13,69
14385,2020-08-23,SZ,Eswatini,AFRO,444,4189,12,81
14386,2020-08-30,SZ,Eswatini,AFRO,321,4510,10,91
14387,2020-09-06,SZ,Eswatini,AFRO,309,4819,3,94
14388,2020-09-13,SZ,Eswatini,AFRO,231,5050,4,98
14389,2020-09-20,SZ,Eswatini,AFRO,195,5245,6,104
14390,2020-09-27,SZ,Eswatini,AFRO,174,5419,4,108
14391,2020-10-04,SZ,Eswatini,AFRO,111,5530,4,112
14392,2020-10-11,SZ,Eswatini,AFRO,130,5660,1,113
14393,2020-10-18,SZ,Eswatini,AFRO,105,5765,2,115
14394,2020-10-25,SZ,Eswatini,AFRO,82,5847,1,116
14395,2020-11-01,SZ,Eswatini,AFRO,70,5917,1,117
14396,2020-11-08,SZ,Eswatini,AFRO,72,5989,0,117
14397,2020-11-15,SZ,Eswatini,AFRO,104,6093,2,119
14398,2020-11-22,SZ,Eswatini,AFRO,112,6205,0,119
14399,2020-11-29,SZ,Eswatini,AFRO,201,6406,2,121
14400,2020-12-06,SZ,Eswatini,AFRO,89,6495,1,122
14401,2020-12-13,SZ,Eswatini,AFRO,219,6714,5,127
14402,2020-12-20,SZ,Eswatini,AFRO,591,7305,10,137
14403,2020-12-27,SZ,Eswatini,AFRO,1060,8365,26,163
14404,2021-01-03,SZ,Eswatini,AFRO,1115,9480,64,227
14405,2021-01-10,SZ,Eswatini,AFRO,1700,11180,64,291
14406,2021-01-17,SZ,Eswatini,AFRO,1556,12736,69,360
14407,2021-01-24,SZ,Eswatini,AFRO,1594,14330,98,458
14408,2021-01-31,SZ,Eswatini,AFRO,1336,15666,104,562
14409,2021-02-07,SZ,Eswatini,AFRO,515,16181,42,604
14410,2021-02-14,SZ,Eswatini,AFRO,307,16488,26,630
14411,2021-02-21,SZ,Eswatini,AFRO,276,16764,15,645
14412,2021-02-28,SZ,Eswatini,AFRO,238,17002,5,650
14413,2021-03-07,SZ,Eswatini,AFRO,171,17173,8,658
14414,2021-03-14,SZ,Eswatini,AFRO,61,17234,3,661
14415,2021-03-21,SZ,Eswatini,AFRO,49,17283,4,665
14416,2021-03-28,SZ,Eswatini,AFRO,35,17318,1,666
14417,2021-04-04,SZ,Eswatini,AFRO,31,17349,2,668
14418,2021-04-11,SZ,Eswatini,AFRO,24,17373,1,669
14419,2021-04-18,SZ,Eswatini,AFRO,1042,18415,2,671
14420,2021-04-25,SZ,Eswatini,AFRO,25,18440,0,671
14421,2021-05-02,SZ,Eswatini,AFRO,18,18458,0,671
14422,2021-05-09,SZ,Eswatini,AFRO,19,18477,0,671
14423,2021-05-16,SZ,Eswatini,AFRO,42,18519,1,672
14424,2021-05-23,SZ,Eswatini,AFRO,31,18550,0,672
14425,2021-05-30,SZ,Eswatini,AFRO,39,18589,0,672
14426,2021-06-06,SZ,Eswatini,AFRO,47,18636,1,673
14427,2021-06-13,SZ,Eswatini,AFRO,96,18732,3,676
14428,2021-06-20,SZ,Eswatini,AFRO,79,18811,1,677
14429,2021-06-27,SZ,Eswatini,AFRO,207,19018,1,678
14430,2021-07-04,SZ,Eswatini,AFRO,66,19084,0,678
14431,2021-07-11,SZ,Eswatini,AFRO,786,19870,9,687
14432,2021-07-18,SZ,Eswatini,AFRO,1192,21062,16,703
14433,2021-07-25,SZ,Eswatini,AFRO,1625,22687,44,747
14434,2021-08-01,SZ,Eswatini,AFRO,3292,25979,40,787
14435,2021-08-08,SZ,Eswatini,AFRO,4808,30787,57,844
14436,2021-08-15,SZ,Eswatini,AFRO,5064,35851,80,924
14437,2021-08-22,SZ,Eswatini,AFRO,4432,40283,67,991
14438,2021-08-29,SZ,Eswatini,AFRO,2436,42719,76,1067
14439,2021-09-05,SZ,Eswatini,AFRO,1415,44134,77,1144
14440,2021-09-12,SZ,Eswatini,AFRO,697,44831,25,1169
14441,2021-09-19,SZ,Eswatini,AFRO,521,45352,25,1194
14442,2021-09-26,SZ,Eswatini,AFRO,390,45742,18,1212
14443,2021-10-03,SZ,Eswatini,AFRO,263,46005,12,1224
14444,2021-10-10,SZ,Eswatini,AFRO,268,46273,3,1227
14445,2021-10-17,SZ,Eswatini,AFRO,88,46361,6,1233
14446,2021-10-24,SZ,Eswatini,AFRO,23,46384,8,1241
14447,2021-10-31,SZ,Eswatini,AFRO,29,46413,1,1242
14448,2021-11-07,SZ,Eswatini,AFRO,44,46457,2,1244
14449,2021-11-14,SZ,Eswatini,AFRO,15,46472,1,1245
14450,2021-11-21,SZ,Eswatini,AFRO,14,46486,3,1248
14451,2021-11-28,SZ,Eswatini,AFRO,42,46528,0,1248
14452,2021-12-05,SZ,Eswatini,AFRO,840,47368,0,1248
14453,2021-12-12,SZ,Eswatini,AFRO,4806,52174,0,1248
14454,2021-12-19,SZ,Eswatini,AFRO,7540,59714,12,1260
14455,2021-12-26,SZ,Eswatini,AFRO,4667,64381,12,1272
14456,2022-01-02,SZ,Eswatini,AFRO,1860,66241,36,1308
14457,2022-01-09,SZ,Eswatini,AFRO,999,67240,24,1332
14458,2022-01-16,SZ,Eswatini,AFRO,590,67830,25,1357
14459,2022-01-23,SZ,Eswatini,AFRO,231,68061,10,1367
14460,2022-01-30,SZ,Eswatini,AFRO,268,68329,7,1374
14461,2022-02-06,SZ,Eswatini,AFRO,222,68551,3,1377
14462,2022-02-13,SZ,Eswatini,AFRO,230,68781,6,1383
14463,2022-02-20,SZ,Eswatini,AFRO,191,68972,5,1388
14464,2022-02-27,SZ,Eswatini,AFRO,153,69125,2,1390
14465,2022-03-06,SZ,Eswatini,AFRO,172,69297,1,1391
14466,2022-03-13,SZ,Eswatini,AFRO,132,69429,1,1392
14467,2022-03-20,SZ,Eswatini,AFRO,119,69548,0,1392
14468,2022-03-27,SZ,Eswatini,AFRO,115,69663,1,1393
14469,2022-04-03,SZ,Eswatini,AFRO,175,69838,1,1394
14470,2022-04-10,SZ,Eswatini,AFRO,128,69966,1,1395
14471,2022-04-17,SZ,Eswatini,AFRO,132,70098,0,1395
14472,2022-04-24,SZ,Eswatini,AFRO,186,70284,2,1397
14473,2022-05-01,SZ,Eswatini,AFRO,359,70643,0,1397
14474,2022-05-08,SZ,Eswatini,AFRO,446,71089,3,1400
14475,2022-05-15,SZ,Eswatini,AFRO,609,71698,2,1402
14476,2022-05-22,SZ,Eswatini,AFRO,427,72125,2,1404
14477,2022-05-29,SZ,Eswatini,AFRO,265,72390,2,1406
14478,2022-06-05,SZ,Eswatini,AFRO,295,72685,4,1410
14479,2022-06-12,SZ,Eswatini,AFRO,194,72879,0,1410
14480,2022-06-19,SZ,Eswatini,AFRO,124,73003,4,1414
14481,2022-06-26,SZ,Eswatini,AFRO,68,73071,1,1415
14482,2022-07-03,SZ,Eswatini,AFRO,62,73133,1,1416
14483,2022-07-10,SZ,Eswatini,AFRO,80,73213,1,1417
14484,2022-07-17,SZ,Eswatini,AFRO,29,73242,0,1417
14485,2022-07-24,SZ,Eswatini,AFRO,11,73253,0,1417
14486,2022-07-31,SZ,Eswatini,AFRO,26,73279,0,1417
14487,2022-08-07,SZ,Eswatini,AFRO,22,73301,2,1419
14488,2022-08-14,SZ,Eswatini,AFRO,25,73326,0,1419
14489,2022-08-21,SZ,Eswatini,AFRO,18,73344,0,1419
14490,2022-08-28,SZ,Eswatini,AFRO,14,73358,3,1422
14491,2022-09-04,SZ,Eswatini,AFRO,10,73368,0,1422
14492,2022-09-11,SZ,Eswatini,AFRO,6,73374,0,1422
14493,2022-09-18,SZ,Eswatini,AFRO,5,73379,0,1422
14494,2022-09-25,SZ,Eswatini,AFRO,11,73390,0,1422
14495,2022-10-02,SZ,Eswatini,AFRO,20,73410,0,1422
14496,2022-10-09,SZ,Eswatini,AFRO,26,73436,0,1422
14497,2022-10-16,SZ,Eswatini,AFRO,0,73436,0,1422
14498,2022-10-23,SZ,Eswatini,AFRO,90,73526,0,1422
14499,2022-10-30,SZ,Eswatini,AFRO,32,73558,0,1422
14500,2022-11-06,SZ,Eswatini,AFRO,60,73618,0,1422
14501,2022-11-13,SZ,Eswatini,AFRO,90,73708,0,1422
14502,2022-11-20,SZ,Eswatini,AFRO,62,73770,0,1422
14503,2022-11-27,SZ,Eswatini,AFRO,0,73770,0,1422
14504,2022-12-04,SZ,Eswatini,AFRO,138,73908,0,1422
14505,2022-12-11,SZ,Eswatini,AFRO,54,73962,0,1422
14506,2022-12-18,SZ,Eswatini,AFRO,30,73992,0,1422
14507,2022-12-25,SZ,Eswatini,AFRO,29,74021,0,1422
14508,2023-01-01,SZ,Eswatini,AFRO,13,74034,0,1422
14509,2023-01-08,SZ,Eswatini,AFRO,19,74053,0,1422
14510,2023-01-15,SZ,Eswatini,AFRO,33,74086,0,1422
14511,2023-01-22,SZ,Eswatini,AFRO,28,74114,0,1422
14512,2023-01-29,SZ,Eswatini,AFRO,19,74133,0,1422
14513,2023-02-05,SZ,Eswatini,AFRO,10,74143,1,1423
14514,2023-02-12,SZ,Eswatini,AFRO,15,74158,0,1423
14515,2023-02-19,SZ,Eswatini,AFRO,41,74199,0,1423
14516,2023-02-26,SZ,Eswatini,AFRO,0,74199,0,1423
14517,2023-03-05,SZ,Eswatini,AFRO,68,74267,2,1425
14518,2023-03-12,SZ,Eswatini,AFRO,56,74323,0,1425
14519,2023-03-19,SZ,Eswatini,AFRO,0,74323,0,1425
14520,2023-03-26,SZ,Eswatini,AFRO,0,74323,0,1425
14521,2023-04-02,SZ,Eswatini,AFRO,0,74323,0,1425
14522,2023-04-09,SZ,Eswatini,AFRO,197,74520,0,1425
14523,2023-04-16,SZ,Eswatini,AFRO,66,74586,0,1425
14524,2023-04-23,SZ,Eswatini,AFRO,41,74627,0,1425
14525,2023-04-30,SZ,Eswatini,AFRO,43,74670,0,1425
14526,2023-05-07,SZ,Eswatini,AFRO,28,74698,0,1425
14527,2023-05-14,SZ,Eswatini,AFRO,30,74728,0,1425
14528,2023-05-21,SZ,Eswatini,AFRO,32,74760,1,1426
14529,2023-05-28,SZ,Eswatini,AFRO,45,74805,1,1427
14530,2023-06-04,SZ,Eswatini,AFRO,47,74852,0,1427
14531,2023-06-11,SZ,Eswatini,AFRO,30,74882,0,1427
14532,2023-06-18,SZ,Eswatini,AFRO,0,74882,0,1427
14533,2023-06-25,SZ,Eswatini,AFRO,0,74882,0,1427
14534,2023-07-02,SZ,Eswatini,AFRO,0,74882,0,1427
14535,2023-07-09,SZ,Eswatini,AFRO,0,74882,0,1427
14536,2023-07-16,SZ,Eswatini,AFRO,0,74882,0,1427
14537,2023-07-23,SZ,Eswatini,AFRO,0,74882,0,1427
14538,2023-07-30,SZ,Eswatini,AFRO,0,74882,0,1427
14539,2023-08-06,SZ,Eswatini,AFRO,0,74882,0,1427
14540,2023-08-13,SZ,Eswatini,AFRO,100,74982,0,1427
14541,2023-08-20,SZ,Eswatini,AFRO,2,74984,0,1427
14542,2023-08-27,SZ,Eswatini,AFRO,3,74987,0,1427
14543,2023-09-03,SZ,Eswatini,AFRO,0,74987,0,1427
14544,2023-09-10,SZ,Eswatini,AFRO,2,74989,0,1427
14545,2023-09-17,SZ,Eswatini,AFRO,2,74991,0,1427
14546,2023-09-24,SZ,Eswatini,AFRO,5,74996,0,1427
14547,2023-10-01,SZ,Eswatini,AFRO,4,75000,0,1427
14548,2023-10-08,SZ,Eswatini,AFRO,7,75007,0,1427
14549,2023-10-15,SZ,Eswatini,AFRO,45,75052,0,1427
14550,2023-10-22,SZ,Eswatini,AFRO,42,75094,0,1427
14551,2023-10-29,SZ,Eswatini,AFRO,33,75127,0,1427
14552,2023-11-05,SZ,Eswatini,AFRO,22,75149,0,1427
14553,2023-11-12,SZ,Eswatini,AFRO,17,75166,0,1427
14554,2023-11-19,SZ,Eswatini,AFRO,5,75171,0,1427
14555,2023-11-26,SZ,Eswatini,AFRO,13,75184,0,1427
14556,2023-12-03,SZ,Eswatini,AFRO,4,75188,0,1427
14557,2023-12-10,SZ,Eswatini,AFRO,1,75189,0,1427
14558,2023-12-17,SZ,Eswatini,AFRO,0,75189,0,1427
14559,2023-12-24,SZ,Eswatini,AFRO,0,75189,0,1427
14560,2020-01-05,ET,Ethiopia,AFRO,0,0,0,0
14561,2020-01-12,ET,Ethiopia,AFRO,0,0,0,0
14562,2020-01-19,ET,Ethiopia,AFRO,0,0,0,0
14563,2020-01-26,ET,Ethiopia,AFRO,0,0,0,0
14564,2020-02-02,ET,Ethiopia,AFRO,0,0,0,0
14565,2020-02-09,ET,Ethiopia,AFRO,0,0,0,0
14566,2020-02-16,ET,Ethiopia,AFRO,0,0,0,0
14567,2020-02-23,ET,Ethiopia,AFRO,0,0,0,0
14568,2020-03-01,ET,Ethiopia,AFRO,0,0,0,0
14569,2020-03-08,ET,Ethiopia,AFRO,0,0,0,0
14570,2020-03-15,ET,Ethiopia,AFRO,1,1,0,0
14571,2020-03-22,ET,Ethiopia,AFRO,8,9,0,0
14572,2020-03-29,ET,Ethiopia,AFRO,7,16,0,0
14573,2020-04-05,ET,Ethiopia,AFRO,22,38,0,0
14574,2020-04-12,ET,Ethiopia,AFRO,31,69,23,23
14575,2020-04-19,ET,Ethiopia,AFRO,36,105,0,23
14576,2020-04-26,ET,Ethiopia,AFRO,17,122,1,24
14577,2020-05-03,ET,Ethiopia,AFRO,11,133,0,24
14578,2020-05-10,ET,Ethiopia,AFRO,77,210,1,25
14579,2020-05-17,ET,Ethiopia,AFRO,96,306,0,25
14580,2020-05-24,ET,Ethiopia,AFRO,188,494,0,25
14581,2020-05-31,ET,Ethiopia,AFRO,569,1063,3,28
14582,2020-06-07,ET,Ethiopia,AFRO,871,1934,9,37
14583,2020-06-14,ET,Ethiopia,AFRO,1232,3166,35,72
14584,2020-06-21,ET,Ethiopia,AFRO,1303,4469,17,89
14585,2020-06-28,ET,Ethiopia,AFRO,1101,5570,22,111
14586,2020-07-05,ET,Ethiopia,AFRO,816,6386,22,133
14587,2020-07-12,ET,Ethiopia,AFRO,1174,7560,11,144
14588,2020-07-19,ET,Ethiopia,AFRO,1943,9503,38,182
14589,2020-07-26,ET,Ethiopia,AFRO,3745,13248,42,224
14590,2020-08-02,ET,Ethiopia,AFRO,4751,17999,75,299
14591,2020-08-09,ET,Ethiopia,AFRO,4254,22253,108,407
14592,2020-08-16,ET,Ethiopia,AFRO,6641,28894,119,526
14593,2020-08-23,ET,Ethiopia,AFRO,10139,39033,153,679
14594,2020-08-30,ET,Ethiopia,AFRO,10621,49654,92,771
14595,2020-09-06,ET,Ethiopia,AFRO,7812,57466,127,898
14596,2020-09-13,ET,Ethiopia,AFRO,6422,63888,99,997
14597,2020-09-20,ET,Ethiopia,AFRO,4243,68131,93,1090
14598,2020-09-27,ET,Ethiopia,AFRO,4569,72700,76,1166
14599,2020-10-04,ET,Ethiopia,AFRO,5160,77860,48,1214
14600,2020-10-11,ET,Ethiopia,AFRO,5569,83429,63,1277
14601,2020-10-18,ET,Ethiopia,AFRO,5005,88434,69,1346
14602,2020-10-25,ET,Ethiopia,AFRO,4424,92858,73,1419
14603,2020-11-01,ET,Ethiopia,AFRO,3311,96169,50,1469
14604,2020-11-08,ET,Ethiopia,AFRO,3035,99204,49,1518
14605,2020-11-15,ET,Ethiopia,AFRO,3117,102321,47,1565
14606,2020-11-22,ET,Ethiopia,AFRO,3031,105352,71,1636
14607,2020-11-29,ET,Ethiopia,AFRO,3578,108930,59,1695
14608,2020-12-06,ET,Ethiopia,AFRO,3810,112740,50,1745
14609,2020-12-13,ET,Ethiopia,AFRO,3557,116297,58,1803
14610,2020-12-20,ET,Ethiopia,AFRO,3197,119494,43,1846
14611,2020-12-27,ET,Ethiopia,AFRO,2919,122413,55,1901
14612,2021-01-03,ET,Ethiopia,AFRO,2636,125049,43,1944
14613,2021-01-10,ET,Ethiopia,AFRO,2743,127792,41,1985
14614,2021-01-17,ET,Ethiopia,AFRO,2980,130772,44,2029
14615,2021-01-24,ET,Ethiopia,AFRO,2526,133298,34,2063
14616,2021-01-31,ET,Ethiopia,AFRO,3723,137021,28,2091
14617,2021-02-07,ET,Ethiopia,AFRO,4432,141453,54,2145
14618,2021-02-14,ET,Ethiopia,AFRO,4251,145704,36,2181
14619,2021-02-21,ET,Ethiopia,AFRO,6153,151857,90,2271
14620,2021-02-28,ET,Ethiopia,AFRO,6201,158058,83,2354
14621,2021-03-07,ET,Ethiopia,AFRO,6971,165029,66,2420
14622,2021-03-14,ET,Ethiopia,AFRO,9025,174054,120,2540
14623,2021-03-21,ET,Ethiopia,AFRO,11587,185641,107,2647
14624,2021-03-28,ET,Ethiopia,AFRO,13153,198794,137,2784
14625,2021-04-04,ET,Ethiopia,AFRO,14517,213311,152,2936
14626,2021-04-11,ET,Ethiopia,AFRO,13944,227255,210,3146
14627,2021-04-18,ET,Ethiopia,AFRO,12981,240236,182,3328
14628,2021-04-25,ET,Ethiopia,AFRO,10719,250955,203,3531
14629,2021-05-02,ET,Ethiopia,AFRO,7107,258062,178,3709
14630,2021-05-09,ET,Ethiopia,AFRO,4155,262217,162,3871
14631,2021-05-16,ET,Ethiopia,AFRO,3615,265832,105,3976
14632,2021-05-23,ET,Ethiopia,AFRO,3069,268901,92,4068
14633,2021-05-30,ET,Ethiopia,AFRO,2299,271200,75,4143
14634,2021-06-06,ET,Ethiopia,AFRO,1605,272805,58,4201
14635,2021-06-13,ET,Ethiopia,AFRO,1223,274028,36,4237
14636,2021-06-20,ET,Ethiopia,AFRO,1008,275036,43,4280
14637,2021-06-27,ET,Ethiopia,AFRO,845,275881,29,4309
14638,2021-07-04,ET,Ethiopia,AFRO,487,276368,21,4330
14639,2021-07-11,ET,Ethiopia,AFRO,616,276984,13,4343
14640,2021-07-18,ET,Ethiopia,AFRO,631,277615,11,4354
14641,2021-07-25,ET,Ethiopia,AFRO,831,278446,13,4367
14642,2021-08-01,ET,Ethiopia,AFRO,1919,280365,18,4385
14643,2021-08-08,ET,Ethiopia,AFRO,3302,283667,36,4421
14644,2021-08-15,ET,Ethiopia,AFRO,5121,288788,50,4471
14645,2021-08-22,ET,Ethiopia,AFRO,6231,295019,82,4553
14646,2021-08-29,ET,Ethiopia,AFRO,10058,305077,78,4631
14647,2021-09-05,ET,Ethiopia,AFRO,8391,313468,118,4749
14648,2021-09-12,ET,Ethiopia,AFRO,9269,322737,158,4907
14649,2021-09-19,ET,Ethiopia,AFRO,9266,332003,208,5115
14650,2021-09-26,ET,Ethiopia,AFRO,8842,340845,254,5369
14651,2021-10-03,ET,Ethiopia,AFRO,7127,347972,306,5675
14652,2021-10-10,ET,Ethiopia,AFRO,6061,354033,275,5950
14653,2021-10-17,ET,Ethiopia,AFRO,4706,358739,247,6197
14654,2021-10-24,ET,Ethiopia,AFRO,2908,361647,136,6333
14655,2021-10-31,ET,Ethiopia,AFRO,3313,364960,118,6451
14656,2021-11-07,ET,Ethiopia,AFRO,2102,367062,80,6531
14657,2021-11-14,ET,Ethiopia,AFRO,1584,368646,82,6613
14658,2021-11-21,ET,Ethiopia,AFRO,1408,370054,59,6672
14659,2021-11-28,ET,Ethiopia,AFRO,1123,371177,64,6736
14660,2021-12-05,ET,Ethiopia,AFRO,913,372090,58,6794
14661,2021-12-12,ET,Ethiopia,AFRO,910,373000,35,6829
14662,2021-12-19,ET,Ethiopia,AFRO,2810,375810,32,6861
14663,2021-12-26,ET,Ethiopia,AFRO,19940,395750,33,6894
14664,2022-01-02,ET,Ethiopia,AFRO,28590,424340,53,6947
14665,2022-01-09,ET,Ethiopia,AFRO,18999,443339,73,7020
14666,2022-01-16,ET,Ethiopia,AFRO,12940,456279,111,7131
14667,2022-01-23,ET,Ethiopia,AFRO,5454,461733,105,7236
14668,2022-01-30,ET,Ethiopia,AFRO,3021,464754,91,7327
14669,2022-02-06,ET,Ethiopia,AFRO,1701,466455,29,7356
14670,2022-02-13,ET,Ethiopia,AFRO,944,467399,65,7421
14671,2022-02-20,ET,Ethiopia,AFRO,885,468284,17,7438
14672,2022-02-27,ET,Ethiopia,AFRO,341,468625,20,7458
14673,2022-03-06,ET,Ethiopia,AFRO,305,468930,18,7476
14674,2022-03-13,ET,Ethiopia,AFRO,240,469170,9,7485
14675,2022-03-20,ET,Ethiopia,AFRO,271,469441,4,7489
14676,2022-03-27,ET,Ethiopia,AFRO,170,469611,3,7492
14677,2022-04-03,ET,Ethiopia,AFRO,195,469806,12,7504
14678,2022-04-10,ET,Ethiopia,AFRO,219,470025,5,7509
14679,2022-04-17,ET,Ethiopia,AFRO,234,470259,0,7509
14680,2022-04-24,ET,Ethiopia,AFRO,158,470417,1,7510
14681,2022-05-01,ET,Ethiopia,AFRO,151,470568,0,7510
14682,2022-05-08,ET,Ethiopia,AFRO,162,470730,0,7510
14683,2022-05-15,ET,Ethiopia,AFRO,207,470937,0,7510
14684,2022-05-22,ET,Ethiopia,AFRO,406,471343,2,7512
14685,2022-05-29,ET,Ethiopia,AFRO,889,472232,1,7513
14686,2022-06-05,ET,Ethiopia,AFRO,2483,474715,2,7515
14687,2022-06-12,ET,Ethiopia,AFRO,3829,478544,1,7516
14688,2022-06-19,ET,Ethiopia,AFRO,5195,483739,6,7522
14689,2022-06-26,ET,Ethiopia,AFRO,3478,487217,8,7530
14690,2022-07-03,ET,Ethiopia,AFRO,2038,489255,8,7538
14691,2022-07-10,ET,Ethiopia,AFRO,1041,490296,13,7551
14692,2022-07-17,ET,Ethiopia,AFRO,735,491031,10,7561
14693,2022-07-24,ET,Ethiopia,AFRO,698,491729,5,7566
14694,2022-07-31,ET,Ethiopia,AFRO,465,492194,2,7568
14695,2022-08-07,ET,Ethiopia,AFRO,282,492476,1,7569
14696,2022-08-14,ET,Ethiopia,AFRO,262,492738,0,7569
14697,2022-08-21,ET,Ethiopia,AFRO,222,492960,2,7571
14698,2022-08-28,ET,Ethiopia,AFRO,172,493132,0,7571
14699,2022-09-04,ET,Ethiopia,AFRO,102,493234,1,7572
14700,2022-09-11,ET,Ethiopia,AFRO,106,493340,0,7572
14701,2022-09-18,ET,Ethiopia,AFRO,89,493429,0,7572
14702,2022-09-25,ET,Ethiopia,AFRO,76,493505,0,7572
14703,2022-10-02,ET,Ethiopia,AFRO,82,493587,0,7572
14704,2022-10-09,ET,Ethiopia,AFRO,95,493682,0,7572
14705,2022-10-16,ET,Ethiopia,AFRO,99,493781,0,7572
14706,2022-10-23,ET,Ethiopia,AFRO,83,493864,0,7572
14707,2022-10-30,ET,Ethiopia,AFRO,75,493939,0,7572
14708,2022-11-06,ET,Ethiopia,AFRO,100,494039,0,7572
14709,2022-11-13,ET,Ethiopia,AFRO,141,494180,0,7572
14710,2022-11-20,ET,Ethiopia,AFRO,120,494300,0,7572
14711,2022-11-27,ET,Ethiopia,AFRO,162,494462,0,7572
14712,2022-12-04,ET,Ethiopia,AFRO,264,494726,0,7572
14713,2022-12-11,ET,Ethiopia,AFRO,470,495196,0,7572
14714,2022-12-18,ET,Ethiopia,AFRO,887,496083,0,7572
14715,2022-12-25,ET,Ethiopia,AFRO,1013,497096,0,7572
14716,2023-01-01,ET,Ethiopia,AFRO,905,498001,0,7572
14717,2023-01-08,ET,Ethiopia,AFRO,659,498660,0,7572
14718,2023-01-15,ET,Ethiopia,AFRO,422,499082,0,7572
14719,2023-01-22,ET,Ethiopia,AFRO,213,499295,0,7572
14720,2023-01-29,ET,Ethiopia,AFRO,171,499466,0,7572
14721,2023-02-05,ET,Ethiopia,AFRO,177,499643,0,7572
14722,2023-02-12,ET,Ethiopia,AFRO,118,499761,0,7572
14723,2023-02-19,ET,Ethiopia,AFRO,98,499859,0,7572
14724,2023-02-26,ET,Ethiopia,AFRO,100,499959,0,7572
14725,2023-03-05,ET,Ethiopia,AFRO,80,500039,0,7572
14726,2023-03-12,ET,Ethiopia,AFRO,111,500150,0,7572
14727,2023-03-19,ET,Ethiopia,AFRO,109,500259,0,7572
14728,2023-03-26,ET,Ethiopia,AFRO,177,500436,1,7573
14729,2023-04-02,ET,Ethiopia,AFRO,128,500564,0,7573
14730,2023-04-09,ET,Ethiopia,AFRO,143,500707,0,7573
14731,2023-04-16,ET,Ethiopia,AFRO,67,500774,1,7574
14732,2023-04-23,ET,Ethiopia,AFRO,40,500814,0,7574
14733,2023-04-30,ET,Ethiopia,AFRO,17,500831,0,7574
14734,2023-05-07,ET,Ethiopia,AFRO,22,500853,0,7574
14735,2023-05-14,ET,Ethiopia,AFRO,15,500868,0,7574
14736,2023-05-21,ET,Ethiopia,AFRO,9,500877,0,7574
14737,2023-05-28,ET,Ethiopia,AFRO,13,500890,0,7574
14738,2023-06-04,ET,Ethiopia,AFRO,18,500908,0,7574
14739,2023-06-11,ET,Ethiopia,AFRO,8,500916,0,7574
14740,2023-06-18,ET,Ethiopia,AFRO,4,500920,0,7574
14741,2023-06-25,ET,Ethiopia,AFRO,0,500920,0,7574
14742,2023-07-02,ET,Ethiopia,AFRO,0,500920,0,7574
14743,2023-07-09,ET,Ethiopia,AFRO,23,500943,0,7574
14744,2023-07-16,ET,Ethiopia,AFRO,3,500946,0,7574
14745,2023-07-23,ET,Ethiopia,AFRO,0,500946,0,7574
14746,2023-07-30,ET,Ethiopia,AFRO,0,500946,0,7574
14747,2023-08-06,ET,Ethiopia,AFRO,45,500991,0,7574
14748,2023-08-13,ET,Ethiopia,AFRO,0,500991,0,7574
14749,2023-08-20,ET,Ethiopia,AFRO,0,500991,0,7574
14750,2023-08-27,ET,Ethiopia,AFRO,0,500991,0,7574
14751,2023-09-03,ET,Ethiopia,AFRO,46,501037,0,7574
14752,2023-09-10,ET,Ethiopia,AFRO,12,501049,0,7574
14753,2023-09-17,ET,Ethiopia,AFRO,11,501060,0,7574
14754,2023-09-24,ET,Ethiopia,AFRO,0,501060,0,7574
14755,2023-10-01,ET,Ethiopia,AFRO,0,501060,0,7574
14756,2023-10-08,ET,Ethiopia,AFRO,4,501064,0,7574
14757,2023-10-15,ET,Ethiopia,AFRO,1,501065,0,7574
14758,2023-10-22,ET,Ethiopia,AFRO,7,501072,0,7574
14759,2023-10-29,ET,Ethiopia,AFRO,5,501077,0,7574
14760,2023-11-05,ET,Ethiopia,AFRO,10,501087,0,7574
14761,2023-11-12,ET,Ethiopia,AFRO,5,501092,0,7574
14762,2023-11-19,ET,Ethiopia,AFRO,1,501093,0,7574
14763,2023-11-26,ET,Ethiopia,AFRO,11,501104,0,7574
14764,2023-12-03,ET,Ethiopia,AFRO,13,501117,0,7574
14765,2023-12-10,ET,Ethiopia,AFRO,0,501117,0,7574
14766,2023-12-17,ET,Ethiopia,AFRO,0,501117,0,7574
14767,2023-12-24,ET,Ethiopia,AFRO,0,501117,0,7574
14768,2020-01-05,FK,Falkland Islands (Malvinas),,0,0,0,0
14769,2020-01-12,FK,Falkland Islands (Malvinas),,0,0,0,0
14770,2020-01-19,FK,Falkland Islands (Malvinas),,0,0,0,0
14771,2020-01-26,FK,Falkland Islands (Malvinas),,0,0,0,0
14772,2020-02-02,FK,Falkland Islands (Malvinas),,0,0,0,0
14773,2020-02-09,FK,Falkland Islands (Malvinas),,0,0,0,0
14774,2020-02-16,FK,Falkland Islands (Malvinas),,0,0,0,0
14775,2020-02-23,FK,Falkland Islands (Malvinas),,0,0,0,0
14776,2020-03-01,FK,Falkland Islands (Malvinas),,0,0,0,0
14777,2020-03-08,FK,Falkland Islands (Malvinas),,0,0,0,0
14778,2020-03-15,FK,Falkland Islands (Malvinas),,0,0,0,0
14779,2020-03-22,FK,Falkland Islands (Malvinas),,0,0,0,0
14780,2020-03-29,FK,Falkland Islands (Malvinas),,0,0,0,0
14781,2020-04-05,FK,Falkland Islands (Malvinas),,1,1,0,0
14782,2020-04-12,FK,Falkland Islands (Malvinas),,4,5,0,0
14783,2020-04-19,FK,Falkland Islands (Malvinas),,6,11,0,0
14784,2020-04-26,FK,Falkland Islands (Malvinas),,2,13,0,0
14785,2020-05-03,FK,Falkland Islands (Malvinas),,0,13,0,0
14786,2020-05-10,FK,Falkland Islands (Malvinas),,0,13,0,0
14787,2020-05-17,FK,Falkland Islands (Malvinas),,0,13,0,0
14788,2020-05-24,FK,Falkland Islands (Malvinas),,0,13,0,0
14789,2020-05-31,FK,Falkland Islands (Malvinas),,0,13,0,0
14790,2020-06-07,FK,Falkland Islands (Malvinas),,0,13,0,0
14791,2020-06-14,FK,Falkland Islands (Malvinas),,0,13,0,0
14792,2020-06-21,FK,Falkland Islands (Malvinas),,0,13,0,0
14793,2020-06-28,FK,Falkland Islands (Malvinas),,0,13,0,0
14794,2020-07-05,FK,Falkland Islands (Malvinas),,0,13,0,0
14795,2020-07-12,FK,Falkland Islands (Malvinas),,0,13,0,0
14796,2020-07-19,FK,Falkland Islands (Malvinas),,0,13,0,0
14797,2020-07-26,FK,Falkland Islands (Malvinas),,0,13,0,0
14798,2020-08-02,FK,Falkland Islands (Malvinas),,0,13,0,0
14799,2020-08-09,FK,Falkland Islands (Malvinas),,0,13,0,0
14800,2020-08-16,FK,Falkland Islands (Malvinas),,0,13,0,0
14801,2020-08-23,FK,Falkland Islands (Malvinas),,0,13,0,0
14802,2020-08-30,FK,Falkland Islands (Malvinas),,0,13,0,0
14803,2020-09-06,FK,Falkland Islands (Malvinas),,0,13,0,0
14804,2020-09-13,FK,Falkland Islands (Malvinas),,0,13,0,0
14805,2020-09-20,FK,Falkland Islands (Malvinas),,0,13,0,0
14806,2020-09-27,FK,Falkland Islands (Malvinas),,0,13,0,0
14807,2020-10-04,FK,Falkland Islands (Malvinas),,0,13,0,0
14808,2020-10-11,FK,Falkland Islands (Malvinas),,0,13,0,0
14809,2020-10-18,FK,Falkland Islands (Malvinas),,0,13,0,0
14810,2020-10-25,FK,Falkland Islands (Malvinas),,0,13,0,0
14811,2020-11-01,FK,Falkland Islands (Malvinas),,0,13,0,0
14812,2020-11-08,FK,Falkland Islands (Malvinas),,0,13,0,0
14813,2020-11-15,FK,Falkland Islands (Malvinas),,2,15,0,0
14814,2020-11-22,FK,Falkland Islands (Malvinas),,1,16,0,0
14815,2020-11-29,FK,Falkland Islands (Malvinas),,1,17,0,0
14816,2020-12-06,FK,Falkland Islands (Malvinas),,0,17,0,0
14817,2020-12-13,FK,Falkland Islands (Malvinas),,2,19,0,0
14818,2020-12-20,FK,Falkland Islands (Malvinas),,4,23,0,0
14819,2020-12-27,FK,Falkland Islands (Malvinas),,6,29,0,0
14820,2021-01-03,FK,Falkland Islands (Malvinas),,0,29,0,0
14821,2021-01-10,FK,Falkland Islands (Malvinas),,0,29,0,0
14822,2021-01-17,FK,Falkland Islands (Malvinas),,3,32,0,0
14823,2021-01-24,FK,Falkland Islands (Malvinas),,5,37,0,0
14824,2021-01-31,FK,Falkland Islands (Malvinas),,3,40,0,0
14825,2021-02-07,FK,Falkland Islands (Malvinas),,4,44,0,0
14826,2021-02-14,FK,Falkland Islands (Malvinas),,5,49,0,0
14827,2021-02-21,FK,Falkland Islands (Malvinas),,0,49,0,0
14828,2021-02-28,FK,Falkland Islands (Malvinas),,2,51,0,0
14829,2021-03-07,FK,Falkland Islands (Malvinas),,0,51,0,0
14830,2021-03-14,FK,Falkland Islands (Malvinas),,0,51,0,0
14831,2021-03-21,FK,Falkland Islands (Malvinas),,0,51,0,0
14832,2021-03-28,FK,Falkland Islands (Malvinas),,0,51,0,0
14833,2021-04-04,FK,Falkland Islands (Malvinas),,1,52,0,0
14834,2021-04-11,FK,Falkland Islands (Malvinas),,8,60,0,0
14835,2021-04-18,FK,Falkland Islands (Malvinas),,0,60,0,0
14836,2021-04-25,FK,Falkland Islands (Malvinas),,0,60,0,0
14837,2021-05-02,FK,Falkland Islands (Malvinas),,0,60,0,0
14838,2021-05-09,FK,Falkland Islands (Malvinas),,0,60,0,0
14839,2021-05-16,FK,Falkland Islands (Malvinas),,0,60,0,0
14840,2021-05-23,FK,Falkland Islands (Malvinas),,0,60,0,0
14841,2021-05-30,FK,Falkland Islands (Malvinas),,0,60,0,0
14842,2021-06-06,FK,Falkland Islands (Malvinas),,0,60,0,0
14843,2021-06-13,FK,Falkland Islands (Malvinas),,0,60,0,0
14844,2021-06-20,FK,Falkland Islands (Malvinas),,0,60,0,0
14845,2021-06-27,FK,Falkland Islands (Malvinas),,0,60,0,0
14846,2021-07-04,FK,Falkland Islands (Malvinas),,0,60,0,0
14847,2021-07-11,FK,Falkland Islands (Malvinas),,0,60,0,0
14848,2021-07-18,FK,Falkland Islands (Malvinas),,0,60,0,0
14849,2021-07-25,FK,Falkland Islands (Malvinas),,0,60,0,0
14850,2021-08-01,FK,Falkland Islands (Malvinas),,0,60,0,0
14851,2021-08-08,FK,Falkland Islands (Malvinas),,4,64,0,0
14852,2021-08-15,FK,Falkland Islands (Malvinas),,0,64,0,0
14853,2021-08-22,FK,Falkland Islands (Malvinas),,0,64,0,0
14854,2021-08-29,FK,Falkland Islands (Malvinas),,0,64,0,0
14855,2021-09-05,FK,Falkland Islands (Malvinas),,0,64,0,0
14856,2021-09-12,FK,Falkland Islands (Malvinas),,0,64,0,0
14857,2021-09-19,FK,Falkland Islands (Malvinas),,0,64,0,0
14858,2021-09-26,FK,Falkland Islands (Malvinas),,3,67,0,0
14859,2021-10-03,FK,Falkland Islands (Malvinas),,0,67,0,0
14860,2021-10-10,FK,Falkland Islands (Malvinas),,2,69,0,0
14861,2021-10-17,FK,Falkland Islands (Malvinas),,0,69,0,0
14862,2021-10-24,FK,Falkland Islands (Malvinas),,0,69,0,0
14863,2021-10-31,FK,Falkland Islands (Malvinas),,0,69,0,0
14864,2021-11-07,FK,Falkland Islands (Malvinas),,9,78,0,0
14865,2021-11-14,FK,Falkland Islands (Malvinas),,1,79,0,0
14866,2021-11-21,FK,Falkland Islands (Malvinas),,0,79,0,0
14867,2021-11-28,FK,Falkland Islands (Malvinas),,0,79,0,0
14868,2021-12-05,FK,Falkland Islands (Malvinas),,0,79,0,0
14869,2021-12-12,FK,Falkland Islands (Malvinas),,1,80,0,0
14870,2021-12-19,FK,Falkland Islands (Malvinas),,1,81,0,0
14871,2021-12-26,FK,Falkland Islands (Malvinas),,0,81,0,0
14872,2022-01-02,FK,Falkland Islands (Malvinas),,1,82,0,0
14873,2022-01-09,FK,Falkland Islands (Malvinas),,3,85,0,0
14874,2022-01-16,FK,Falkland Islands (Malvinas),,0,85,0,0
14875,2022-01-23,FK,Falkland Islands (Malvinas),,1,86,0,0
14876,2022-01-30,FK,Falkland Islands (Malvinas),,3,89,0,0
14877,2022-02-06,FK,Falkland Islands (Malvinas),,2,91,0,0
14878,2022-02-13,FK,Falkland Islands (Malvinas),,7,98,0,0
14879,2022-02-20,FK,Falkland Islands (Malvinas),,7,105,0,0
14880,2022-02-27,FK,Falkland Islands (Malvinas),,5,110,0,0
14881,2022-03-06,FK,Falkland Islands (Malvinas),,5,115,0,0
14882,2022-03-13,FK,Falkland Islands (Malvinas),,3,118,0,0
14883,2022-03-20,FK,Falkland Islands (Malvinas),,1,119,0,0
14884,2022-03-27,FK,Falkland Islands (Malvinas),,0,119,0,0
14885,2022-04-03,FK,Falkland Islands (Malvinas),,5,124,0,0
14886,2022-04-10,FK,Falkland Islands (Malvinas),,5,129,0,0
14887,2022-04-17,FK,Falkland Islands (Malvinas),,2,131,0,0
14888,2022-04-24,FK,Falkland Islands (Malvinas),,21,152,0,0
14889,2022-05-01,FK,Falkland Islands (Malvinas),,29,181,0,0
14890,2022-05-08,FK,Falkland Islands (Malvinas),,211,392,0,0
14891,2022-05-15,FK,Falkland Islands (Malvinas),,734,1126,0,0
14892,2022-05-22,FK,Falkland Islands (Malvinas),,0,1126,0,0
14893,2022-05-29,FK,Falkland Islands (Malvinas),,537,1663,0,0
14894,2022-06-05,FK,Falkland Islands (Malvinas),,54,1717,0,0
14895,2022-06-12,FK,Falkland Islands (Malvinas),,16,1733,0,0
14896,2022-06-19,FK,Falkland Islands (Malvinas),,23,1756,0,0
14897,2022-06-26,FK,Falkland Islands (Malvinas),,51,1807,0,0
14898,2022-07-03,FK,Falkland Islands (Malvinas),,8,1815,0,0
14899,2022-07-10,FK,Falkland Islands (Malvinas),,16,1831,0,0
14900,2022-07-17,FK,Falkland Islands (Malvinas),,0,1831,0,0
14901,2022-07-24,FK,Falkland Islands (Malvinas),,4,1835,0,0
14902,2022-07-31,FK,Falkland Islands (Malvinas),,4,1839,0,0
14903,2022-08-07,FK,Falkland Islands (Malvinas),,8,1847,0,0
14904,2022-08-14,FK,Falkland Islands (Malvinas),,20,1867,0,0
14905,2022-08-21,FK,Falkland Islands (Malvinas),,14,1881,0,0
14906,2022-08-28,FK,Falkland Islands (Malvinas),,5,1886,0,0
14907,2022-09-04,FK,Falkland Islands (Malvinas),,0,1886,0,0
14908,2022-09-11,FK,Falkland Islands (Malvinas),,0,1886,0,0
14909,2022-09-18,FK,Falkland Islands (Malvinas),,0,1886,0,0
14910,2022-09-25,FK,Falkland Islands (Malvinas),,0,1886,0,0
14911,2022-10-02,FK,Falkland Islands (Malvinas),,37,1923,0,0
14912,2022-10-09,FK,Falkland Islands (Malvinas),,0,1923,0,0
14913,2022-10-16,FK,Falkland Islands (Malvinas),,0,1923,0,0
14914,2022-10-23,FK,Falkland Islands (Malvinas),,0,1923,0,0
14915,2022-10-30,FK,Falkland Islands (Malvinas),,0,1923,0,0
14916,2022-11-06,FK,Falkland Islands (Malvinas),,0,1923,0,0
14917,2022-11-13,FK,Falkland Islands (Malvinas),,0,1923,0,0
14918,2022-11-20,FK,Falkland Islands (Malvinas),,0,1923,0,0
14919,2022-11-27,FK,Falkland Islands (Malvinas),,0,1923,0,0
14920,2022-12-04,FK,Falkland Islands (Malvinas),,0,1923,0,0
14921,2022-12-11,FK,Falkland Islands (Malvinas),,0,1923,0,0
14922,2022-12-18,FK,Falkland Islands (Malvinas),,0,1923,0,0
14923,2022-12-25,FK,Falkland Islands (Malvinas),,0,1923,0,0
14924,2023-01-01,FK,Falkland Islands (Malvinas),,0,1923,0,0
14925,2023-01-08,FK,Falkland Islands (Malvinas),,0,1923,0,0
14926,2023-01-15,FK,Falkland Islands (Malvinas),,0,1923,0,0
14927,2023-01-22,FK,Falkland Islands (Malvinas),,0,1923,0,0
14928,2023-01-29,FK,Falkland Islands (Malvinas),,0,1923,0,0
14929,2023-02-05,FK,Falkland Islands (Malvinas),,0,1923,0,0
14930,2023-02-12,FK,Falkland Islands (Malvinas),,0,1923,0,0
14931,2023-02-19,FK,Falkland Islands (Malvinas),,0,1923,0,0
14932,2023-02-26,FK,Falkland Islands (Malvinas),,0,1923,0,0
14933,2023-03-05,FK,Falkland Islands (Malvinas),,0,1923,0,0
14934,2023-03-12,FK,Falkland Islands (Malvinas),,0,1923,0,0
14935,2023-03-19,FK,Falkland Islands (Malvinas),,0,1923,0,0
14936,2023-03-26,FK,Falkland Islands (Malvinas),,0,1923,0,0
14937,2023-04-02,FK,Falkland Islands (Malvinas),,0,1923,0,0
14938,2023-04-09,FK,Falkland Islands (Malvinas),,0,1923,0,0
14939,2023-04-16,FK,Falkland Islands (Malvinas),,0,1923,0,0
14940,2023-04-23,FK,Falkland Islands (Malvinas),,0,1923,0,0
14941,2023-04-30,FK,Falkland Islands (Malvinas),,0,1923,0,0
14942,2023-05-07,FK,Falkland Islands (Malvinas),,0,1923,0,0
14943,2023-05-14,FK,Falkland Islands (Malvinas),,0,1923,0,0
14944,2023-05-21,FK,Falkland Islands (Malvinas),,0,1923,0,0
14945,2023-05-28,FK,Falkland Islands (Malvinas),,0,1923,0,0
14946,2023-06-04,FK,Falkland Islands (Malvinas),,0,1923,0,0
14947,2023-06-11,FK,Falkland Islands (Malvinas),,0,1923,0,0
14948,2023-06-18,FK,Falkland Islands (Malvinas),,0,1923,0,0
14949,2023-06-25,FK,Falkland Islands (Malvinas),,0,1923,0,0
14950,2023-07-02,FK,Falkland Islands (Malvinas),,0,1923,0,0
14951,2023-07-09,FK,Falkland Islands (Malvinas),,0,1923,0,0
14952,2023-07-16,FK,Falkland Islands (Malvinas),,0,1923,0,0
14953,2023-07-23,FK,Falkland Islands (Malvinas),,0,1923,0,0
14954,2023-07-30,FK,Falkland Islands (Malvinas),,0,1923,0,0
14955,2023-08-06,FK,Falkland Islands (Malvinas),,0,1923,0,0
14956,2023-08-13,FK,Falkland Islands (Malvinas),,0,1923,0,0
14957,2023-08-20,FK,Falkland Islands (Malvinas),,0,1923,0,0
14958,2023-08-27,FK,Falkland Islands (Malvinas),,0,1923,0,0
14959,2023-09-03,FK,Falkland Islands (Malvinas),,0,1923,0,0
14960,2023-09-10,FK,Falkland Islands (Malvinas),,0,1923,0,0
14961,2023-09-17,FK,Falkland Islands (Malvinas),,0,1923,0,0
14962,2023-09-24,FK,Falkland Islands (Malvinas),,0,1923,0,0
14963,2023-10-01,FK,Falkland Islands (Malvinas),,0,1923,0,0
14964,2023-10-08,FK,Falkland Islands (Malvinas),,0,1923,0,0
14965,2023-10-15,FK,Falkland Islands (Malvinas),,0,1923,0,0
14966,2023-10-22,FK,Falkland Islands (Malvinas),,0,1923,0,0
14967,2023-10-29,FK,Falkland Islands (Malvinas),,0,1923,0,0
14968,2023-11-05,FK,Falkland Islands (Malvinas),,0,1923,0,0
14969,2023-11-12,FK,Falkland Islands (Malvinas),,0,1923,0,0
14970,2023-11-19,FK,Falkland Islands (Malvinas),,0,1923,0,0
14971,2023-11-26,FK,Falkland Islands (Malvinas),,0,1923,0,0
14972,2023-12-03,FK,Falkland Islands (Malvinas),,0,1923,0,0
14973,2023-12-10,FK,Falkland Islands (Malvinas),,0,1923,0,0
14974,2023-12-17,FK,Falkland Islands (Malvinas),,0,1923,0,0
14975,2023-12-24,FK,Falkland Islands (Malvinas),,0,1923,0,0
14976,2020-01-05,FO,Faroe Islands,,0,0,0,0
14977,2020-01-12,FO,Faroe Islands,,0,0,0,0
14978,2020-01-19,FO,Faroe Islands,,0,0,0,0
14979,2020-01-26,FO,Faroe Islands,,0,0,0,0
14980,2020-02-02,FO,Faroe Islands,,0,0,0,0
14981,2020-02-09,FO,Faroe Islands,,0,0,0,0
14982,2020-02-16,FO,Faroe Islands,,0,0,0,0
14983,2020-02-23,FO,Faroe Islands,,0,0,0,0
14984,2020-03-01,FO,Faroe Islands,,0,0,0,0
14985,2020-03-08,FO,Faroe Islands,,2,2,0,0
14986,2020-03-15,FO,Faroe Islands,,8,10,0,0
14987,2020-03-22,FO,Faroe Islands,,90,100,0,0
14988,2020-03-29,FO,Faroe Islands,,56,156,0,0
14989,2020-04-05,FO,Faroe Islands,,25,181,0,0
14990,2020-04-12,FO,Faroe Islands,,3,184,0,0
14991,2020-04-19,FO,Faroe Islands,,1,185,0,0
14992,2020-04-26,FO,Faroe Islands,,2,187,0,0
14993,2020-05-03,FO,Faroe Islands,,0,187,0,0
14994,2020-05-10,FO,Faroe Islands,,0,187,0,0
14995,2020-05-17,FO,Faroe Islands,,0,187,0,0
14996,2020-05-24,FO,Faroe Islands,,0,187,0,0
14997,2020-05-31,FO,Faroe Islands,,0,187,0,0
14998,2020-06-07,FO,Faroe Islands,,0,187,0,0
14999,2020-06-14,FO,Faroe Islands,,0,187,0,0
15000,2020-06-21,FO,Faroe Islands,,0,187,0,0
15001,2020-06-28,FO,Faroe Islands,,0,187,0,0
15002,2020-07-05,FO,Faroe Islands,,0,187,0,0
15003,2020-07-12,FO,Faroe Islands,,1,188,0,0
15004,2020-07-19,FO,Faroe Islands,,0,188,0,0
15005,2020-07-26,FO,Faroe Islands,,26,214,0,0
15006,2020-08-02,FO,Faroe Islands,,11,225,0,0
15007,2020-08-09,FO,Faroe Islands,,81,306,0,0
15008,2020-08-16,FO,Faroe Islands,,64,370,0,0
15009,2020-08-23,FO,Faroe Islands,,14,384,0,0
15010,2020-08-30,FO,Faroe Islands,,30,414,0,0
15011,2020-09-06,FO,Faroe Islands,,2,416,0,0
15012,2020-09-13,FO,Faroe Islands,,5,421,0,0
15013,2020-09-20,FO,Faroe Islands,,13,434,0,0
15014,2020-09-27,FO,Faroe Islands,,29,463,0,0
15015,2020-10-04,FO,Faroe Islands,,13,476,0,0
15016,2020-10-11,FO,Faroe Islands,,4,480,0,0
15017,2020-10-18,FO,Faroe Islands,,6,486,0,0
15018,2020-10-25,FO,Faroe Islands,,7,493,0,0
15019,2020-11-01,FO,Faroe Islands,,5,498,0,0
15020,2020-11-08,FO,Faroe Islands,,0,498,0,0
15021,2020-11-15,FO,Faroe Islands,,2,500,0,0
15022,2020-11-22,FO,Faroe Islands,,2,502,0,0
15023,2020-11-29,FO,Faroe Islands,,3,505,0,0
15024,2020-12-06,FO,Faroe Islands,,4,509,0,0
15025,2020-12-13,FO,Faroe Islands,,19,528,0,0
15026,2020-12-20,FO,Faroe Islands,,14,542,0,0
15027,2020-12-27,FO,Faroe Islands,,32,574,0,0
15028,2021-01-03,FO,Faroe Islands,,43,617,0,0
15029,2021-01-10,FO,Faroe Islands,,32,649,1,1
15030,2021-01-17,FO,Faroe Islands,,3,652,0,1
15031,2021-01-24,FO,Faroe Islands,,3,655,0,1
15032,2021-01-31,FO,Faroe Islands,,2,657,0,1
15033,2021-02-07,FO,Faroe Islands,,1,658,0,1
15034,2021-02-14,FO,Faroe Islands,,2,660,0,1
15035,2021-02-21,FO,Faroe Islands,,1,661,0,1
15036,2021-02-28,FO,Faroe Islands,,0,661,0,1
15037,2021-03-07,FO,Faroe Islands,,0,661,0,1
15038,2021-03-14,FO,Faroe Islands,,3,664,0,1
15039,2021-03-21,FO,Faroe Islands,,0,664,0,1
15040,2021-03-28,FO,Faroe Islands,,0,664,0,1
15041,2021-04-04,FO,Faroe Islands,,0,664,0,1
15042,2021-04-11,FO,Faroe Islands,,0,664,0,1
15043,2021-04-18,FO,Faroe Islands,,1,665,0,1
15044,2021-04-25,FO,Faroe Islands,,1,666,0,1
15045,2021-05-02,FO,Faroe Islands,,1,667,0,1
15046,2021-05-09,FO,Faroe Islands,,4,671,0,1
15047,2021-05-16,FO,Faroe Islands,,2,673,0,1
15048,2021-05-23,FO,Faroe Islands,,3,676,0,1
15049,2021-05-30,FO,Faroe Islands,,39,715,0,1
15050,2021-06-06,FO,Faroe Islands,,29,744,0,1
15051,2021-06-13,FO,Faroe Islands,,14,758,0,1
15052,2021-06-20,FO,Faroe Islands,,6,764,0,1
15053,2021-06-27,FO,Faroe Islands,,10,774,0,1
15054,2021-07-04,FO,Faroe Islands,,10,784,0,1
15055,2021-07-11,FO,Faroe Islands,,64,848,0,1
15056,2021-07-18,FO,Faroe Islands,,76,924,0,1
15057,2021-07-25,FO,Faroe Islands,,49,973,0,1
15058,2021-08-01,FO,Faroe Islands,,13,986,0,1
15059,2021-08-08,FO,Faroe Islands,,5,991,1,2
15060,2021-08-15,FO,Faroe Islands,,4,995,0,2
15061,2021-08-22,FO,Faroe Islands,,3,998,0,2
15062,2021-08-29,FO,Faroe Islands,,5,1003,0,2
15063,2021-09-05,FO,Faroe Islands,,6,1009,0,2
15064,2021-09-12,FO,Faroe Islands,,29,1038,0,2
15065,2021-09-19,FO,Faroe Islands,,24,1062,0,2
15066,2021-09-26,FO,Faroe Islands,,56,1118,0,2
15067,2021-10-03,FO,Faroe Islands,,95,1213,0,2
15068,2021-10-10,FO,Faroe Islands,,69,1282,0,2
15069,2021-10-17,FO,Faroe Islands,,61,1343,0,2
15070,2021-10-24,FO,Faroe Islands,,197,1540,0,2
15071,2021-10-31,FO,Faroe Islands,,546,2086,0,2
15072,2021-11-07,FO,Faroe Islands,,505,2591,3,5
15073,2021-11-14,FO,Faroe Islands,,318,2909,2,7
15074,2021-11-21,FO,Faroe Islands,,265,3174,5,12
15075,2021-11-28,FO,Faroe Islands,,302,3476,1,13
15076,2021-12-05,FO,Faroe Islands,,387,3863,0,13
15077,2021-12-12,FO,Faroe Islands,,479,4342,0,13
15078,2021-12-19,FO,Faroe Islands,,363,4705,0,13
15079,2021-12-26,FO,Faroe Islands,,445,5150,0,13
15080,2022-01-02,FO,Faroe Islands,,936,6086,1,14
15081,2022-01-09,FO,Faroe Islands,,1473,7559,1,15
15082,2022-01-16,FO,Faroe Islands,,2210,9769,0,15
15083,2022-01-23,FO,Faroe Islands,,4062,13831,2,17
15084,2022-01-30,FO,Faroe Islands,,4791,18622,1,18
15085,2022-02-06,FO,Faroe Islands,,4973,23595,2,20
15086,2022-02-13,FO,Faroe Islands,,4835,28430,2,22
15087,2022-02-20,FO,Faroe Islands,,3454,31884,2,24
15088,2022-02-27,FO,Faroe Islands,,2254,34138,4,28
15089,2022-03-06,FO,Faroe Islands,,520,34658,0,28
15090,2022-03-13,FO,Faroe Islands,,0,34658,0,28
15091,2022-03-20,FO,Faroe Islands,,0,34658,0,28
15092,2022-03-27,FO,Faroe Islands,,0,34658,0,28
15093,2022-04-03,FO,Faroe Islands,,0,34658,0,28
15094,2022-04-10,FO,Faroe Islands,,0,34658,0,28
15095,2022-04-17,FO,Faroe Islands,,0,34658,0,28
15096,2022-04-24,FO,Faroe Islands,,0,34658,0,28
15097,2022-05-01,FO,Faroe Islands,,0,34658,0,28
15098,2022-05-08,FO,Faroe Islands,,0,34658,0,28
15099,2022-05-15,FO,Faroe Islands,,0,34658,0,28
15100,2022-05-22,FO,Faroe Islands,,0,34658,0,28
15101,2022-05-29,FO,Faroe Islands,,0,34658,0,28
15102,2022-06-05,FO,Faroe Islands,,0,34658,0,28
15103,2022-06-12,FO,Faroe Islands,,0,34658,0,28
15104,2022-06-19,FO,Faroe Islands,,0,34658,0,28
15105,2022-06-26,FO,Faroe Islands,,0,34658,0,28
15106,2022-07-03,FO,Faroe Islands,,0,34658,0,28
15107,2022-07-10,FO,Faroe Islands,,0,34658,0,28
15108,2022-07-17,FO,Faroe Islands,,0,34658,0,28
15109,2022-07-24,FO,Faroe Islands,,0,34658,0,28
15110,2022-07-31,FO,Faroe Islands,,0,34658,0,28
15111,2022-08-07,FO,Faroe Islands,,0,34658,0,28
15112,2022-08-14,FO,Faroe Islands,,0,34658,0,28
15113,2022-08-21,FO,Faroe Islands,,0,34658,0,28
15114,2022-08-28,FO,Faroe Islands,,0,34658,0,28
15115,2022-09-04,FO,Faroe Islands,,0,34658,0,28
15116,2022-09-11,FO,Faroe Islands,,0,34658,0,28
15117,2022-09-18,FO,Faroe Islands,,0,34658,0,28
15118,2022-09-25,FO,Faroe Islands,,0,34658,0,28
15119,2022-10-02,FO,Faroe Islands,,0,34658,0,28
15120,2022-10-09,FO,Faroe Islands,,0,34658,0,28
15121,2022-10-16,FO,Faroe Islands,,0,34658,0,28
15122,2022-10-23,FO,Faroe Islands,,0,34658,0,28
15123,2022-10-30,FO,Faroe Islands,,0,34658,0,28
15124,2022-11-06,FO,Faroe Islands,,0,34658,0,28
15125,2022-11-13,FO,Faroe Islands,,0,34658,0,28
15126,2022-11-20,FO,Faroe Islands,,0,34658,0,28
15127,2022-11-27,FO,Faroe Islands,,0,34658,0,28
15128,2022-12-04,FO,Faroe Islands,,0,34658,0,28
15129,2022-12-11,FO,Faroe Islands,,0,34658,0,28
15130,2022-12-18,FO,Faroe Islands,,0,34658,0,28
15131,2022-12-25,FO,Faroe Islands,,0,34658,0,28
15132,2023-01-01,FO,Faroe Islands,,0,34658,0,28
15133,2023-01-08,FO,Faroe Islands,,0,34658,0,28
15134,2023-01-15,FO,Faroe Islands,,0,34658,0,28
15135,2023-01-22,FO,Faroe Islands,,0,34658,0,28
15136,2023-01-29,FO,Faroe Islands,,0,34658,0,28
15137,2023-02-05,FO,Faroe Islands,,0,34658,0,28
15138,2023-02-12,FO,Faroe Islands,,0,34658,0,28
15139,2023-02-19,FO,Faroe Islands,,0,34658,0,28
15140,2023-02-26,FO,Faroe Islands,,0,34658,0,28
15141,2023-03-05,FO,Faroe Islands,,0,34658,0,28
15142,2023-03-12,FO,Faroe Islands,,0,34658,0,28
15143,2023-03-19,FO,Faroe Islands,,0,34658,0,28
15144,2023-03-26,FO,Faroe Islands,,0,34658,0,28
15145,2023-04-02,FO,Faroe Islands,,0,34658,0,28
15146,2023-04-09,FO,Faroe Islands,,0,34658,0,28
15147,2023-04-16,FO,Faroe Islands,,0,34658,0,28
15148,2023-04-23,FO,Faroe Islands,,0,34658,0,28
15149,2023-04-30,FO,Faroe Islands,,0,34658,0,28
15150,2023-05-07,FO,Faroe Islands,,0,34658,0,28
15151,2023-05-14,FO,Faroe Islands,,0,34658,0,28
15152,2023-05-21,FO,Faroe Islands,,0,34658,0,28
15153,2023-05-28,FO,Faroe Islands,,0,34658,0,28
15154,2023-06-04,FO,Faroe Islands,,0,34658,0,28
15155,2023-06-11,FO,Faroe Islands,,0,34658,0,28
15156,2023-06-18,FO,Faroe Islands,,0,34658,0,28
15157,2023-06-25,FO,Faroe Islands,,0,34658,0,28
15158,2023-07-02,FO,Faroe Islands,,0,34658,0,28
15159,2023-07-09,FO,Faroe Islands,,0,34658,0,28
15160,2023-07-16,FO,Faroe Islands,,0,34658,0,28
15161,2023-07-23,FO,Faroe Islands,,0,34658,0,28
15162,2023-07-30,FO,Faroe Islands,,0,34658,0,28
15163,2023-08-06,FO,Faroe Islands,,0,34658,0,28
15164,2023-08-13,FO,Faroe Islands,,0,34658,0,28
15165,2023-08-20,FO,Faroe Islands,,0,34658,0,28
15166,2023-08-27,FO,Faroe Islands,,0,34658,0,28
15167,2023-09-03,FO,Faroe Islands,,0,34658,0,28
15168,2023-09-10,FO,Faroe Islands,,0,34658,0,28
15169,2023-09-17,FO,Faroe Islands,,0,34658,0,28
15170,2023-09-24,FO,Faroe Islands,,0,34658,0,28
15171,2023-10-01,FO,Faroe Islands,,0,34658,0,28
15172,2023-10-08,FO,Faroe Islands,,0,34658,0,28
15173,2023-10-15,FO,Faroe Islands,,0,34658,0,28
15174,2023-10-22,FO,Faroe Islands,,0,34658,0,28
15175,2023-10-29,FO,Faroe Islands,,0,34658,0,28
15176,2023-11-05,FO,Faroe Islands,,0,34658,0,28
15177,2023-11-12,FO,Faroe Islands,,0,34658,0,28
15178,2023-11-19,FO,Faroe Islands,,0,34658,0,28
15179,2023-11-26,FO,Faroe Islands,,0,34658,0,28
15180,2023-12-03,FO,Faroe Islands,,0,34658,0,28
15181,2023-12-10,FO,Faroe Islands,,0,34658,0,28
15182,2023-12-17,FO,Faroe Islands,,0,34658,0,28
15183,2023-12-24,FO,Faroe Islands,,0,34658,0,28
15184,2020-01-05,,,,0,0,0,0
15185,2020-01-12,,,,0,0,0,0
15186,2020-01-19,,,,0,0,0,0
15187,2020-01-26,,,,0,0,0,0
15188,2020-02-02,,,,0,0,0,0
15189,2020-02-09,,,,0,0,0,0
15190,2020-02-16,,,,0,0,0,0
15191,2020-02-23,,,,0,0,0,0
15192,2020-03-01,,,,0,0,0,0
15193,2020-03-08,,,,0,0,0,0
15194,2020-03-15,,,,0,0,0,0
15195,2020-03-22,,,,0,0,0,0
15196,2020-03-29,,,,0,0,0,0
15197,2020-04-05,,,,0,0,0,0
15198,2020-04-12,,,,0,0,0,0
15199,2020-04-19,,,,0,0,0,0
15200,2020-04-26,,,,0,0,0,0
15201,2020-05-03,,,,0,0,0,0
15202,2020-05-10,,,,0,0,0,0
15203,2020-05-17,,,,0,0,0,0
15204,2020-05-24,,,,0,0,0,0
15205,2020-05-31,,,,0,0,0,0
15206,2020-06-07,,,,0,0,0,0
15207,2020-06-14,,,,0,0,0,0
15208,2020-06-21,,,,0,0,0,0
15209,2020-06-28,,,,0,0,0,0
15210,2020-07-05,,,,0,0,0,0
15211,2020-07-12,,,,0,0,0,0
15212,2020-07-19,,,,0,0,0,0
15213,2020-07-26,,,,0,0,0,0
15214,2020-08-02,,,,0,0,0,0
15215,2020-08-09,,,,0,0,0,0
15216,2020-08-16,,,,0,0,0,0
15217,2020-08-23,,,,0,0,0,0
15218,2020-08-30,,,,0,0,0,0
15219,2020-09-06,,,,0,0,0,0
15220,2020-09-13,,,,0,0,0,0
15221,2020-09-20,,,,0,0,0,0
15222,2020-09-27,,,,0,0,0,0
15223,2020-10-04,,,,0,0,0,0
15224,2020-10-11,,,,0,0,0,0
15225,2020-10-18,,,,0,0,0,0
15226,2020-10-25,,,,0,0,0,0
15227,2020-11-01,,,,0,0,0,0
15228,2020-11-08,,,,0,0,0,0
15229,2020-11-15,,,,0,0,0,0
15230,2020-11-22,,,,0,0,0,0
15231,2020-11-29,,,,0,0,0,0
15232,2020-12-06,,,,0,0,0,0
15233,2020-12-13,,,,3,3,0,0
15234,2020-12-20,,,,0,3,0,0
15235,2020-12-27,,,,1,4,0,0
15236,2021-01-03,,,,0,4,0,0
15237,2021-01-10,,,,0,4,0,0
15238,2021-01-17,,,,0,4,0,0
15239,2021-01-24,,,,0,4,0,0
15240,2021-01-31,,,,0,4,0,0
15241,2021-02-07,,,,0,4,0,0
15242,2021-02-14,,,,0,4,0,0
15243,2021-02-21,,,,0,4,0,0
15244,2021-02-28,,,,0,4,0,0
15245,2021-03-07,,,,0,4,0,0
15246,2021-03-14,,,,0,4,0,0
15247,2021-03-21,,,,0,4,0,0
15248,2021-03-28,,,,0,4,0,0
15249,2021-04-04,,,,0,4,0,0
15250,2021-04-11,,,,0,4,0,0
15251,2021-04-18,,,,0,4,0,0
15252,2021-04-25,,,,0,4,0,0
15253,2021-05-02,,,,0,4,0,0
15254,2021-05-09,,,,0,4,0,0
15255,2021-05-16,,,,0,4,0,0
15256,2021-05-23,,,,0,4,0,0
15257,2021-05-30,,,,0,4,0,0
15258,2021-06-06,,,,0,4,0,0
15259,2021-06-13,,,,0,4,0,0
15260,2021-06-20,,,,0,4,0,0
15261,2021-06-27,,,,0,4,0,0
15262,2021-07-04,,,,0,4,0,0
15263,2021-07-11,,,,0,4,0,0
15264,2021-07-18,,,,0,4,0,0
15265,2021-07-25,,,,0,4,0,0
15266,2021-08-01,,,,0,4,0,0
15267,2021-08-08,,,,0,4,0,0
15268,2021-08-15,,,,0,4,0,0
15269,2021-08-22,,,,0,4,0,0
15270,2021-08-29,,,,0,4,0,0
15271,2021-09-05,,,,0,4,0,0
15272,2021-09-12,,,,0,4,0,0
15273,2021-09-19,,,,0,4,0,0
15274,2021-09-26,,,,0,4,0,0
15275,2021-10-03,,,,0,4,0,0
15276,2021-10-10,,,,0,4,0,0
15277,2021-10-17,,,,0,4,0,0
15278,2021-10-24,,,,0,4,0,0
15279,2021-10-31,,,,0,4,0,0
15280,2021-11-07,,,,0,4,0,0
15281,2021-11-14,,,,0,4,0,0
15282,2021-11-21,,,,0,4,0,0
15283,2021-11-28,,,,0,4,0,0
15284,2021-12-05,,,,0,4,0,0
15285,2021-12-12,,,,0,4,0,0
15286,2021-12-19,,,,0,4,0,0
15287,2021-12-26,,,,0,4,0,0
15288,2022-01-02,,,,0,4,0,0
15289,2022-01-09,,,,0,4,0,0
15290,2022-01-16,,,,0,4,0,0
15291,2022-01-23,,,,0,4,0,0
15292,2022-01-30,,,,0,4,0,0
15293,2022-02-06,,,,0,4,0,0
15294,2022-02-13,,,,0,4,0,0
15295,2022-02-20,,,,0,4,0,0
15296,2022-02-27,,,,0,4,0,0
15297,2022-03-06,,,,0,4,0,0
15298,2022-03-13,,,,0,4,0,0
15299,2022-03-20,,,,0,4,0,0
15300,2022-03-27,,,,0,4,0,0
15301,2022-04-03,,,,0,4,0,0
15302,2022-04-10,,,,0,4,0,0
15303,2022-04-17,,,,0,4,0,0
15304,2022-04-24,,,,0,4,0,0
15305,2022-05-01,,,,0,4,0,0
15306,2022-05-08,,,,0,4,0,0
15307,2022-05-15,,,,0,4,0,0
15308,2022-05-22,,,,0,4,0,0
15309,2022-05-29,,,,0,4,0,0
15310,2022-06-05,,,,0,4,0,0
15311,2022-06-12,,,,0,4,0,0
15312,2022-06-19,,,,0,4,0,0
15313,2022-06-26,,,,0,4,0,0
15314,2022-07-03,,,,0,4,0,0
15315,2022-07-10,,,,0,4,0,0
15316,2022-07-17,,,,0,4,0,0
15317,2022-07-24,,,,0,4,0,0
15318,2022-07-31,,,,0,4,0,0
15319,2022-08-07,,,,0,4,0,0
15320,2022-08-14,,,,0,4,0,0
15321,2022-08-21,,,,0,4,0,0
15322,2022-08-28,,,,0,4,0,0
15323,2022-09-04,,,,0,4,0,0
15324,2022-09-11,,,,0,4,0,0
15325,2022-09-18,,,,0,4,0,0
15326,2022-09-25,,,,0,4,0,0
15327,2022-10-02,,,,0,4,0,0
15328,2022-10-09,,,,0,4,0,0
15329,2022-10-16,,,,0,4,0,0
15330,2022-10-23,,,,0,4,0,0
15331,2022-10-30,,,,0,4,0,0
15332,2022-11-06,,,,0,4,0,0
15333,2022-11-13,,,,0,4,0,0
15334,2022-11-20,,,,0,4,0,0
15335,2022-11-27,,,,0,4,0,0
15336,2022-12-04,,,,0,4,0,0
15337,2022-12-11,,,,0,4,0,0
15338,2022-12-18,,,,0,4,0,0
15339,2022-12-25,,,,0,4,0,0
15340,2023-01-01,,,,0,4,0,0
15341,2023-01-08,,,,0,4,0,0
15342,2023-01-15,,,,0,4,0,0
15343,2023-01-22,,,,0,4,0,0
15344,2023-01-29,,,,0,4,0,0
15345,2023-02-05,,,,0,4,0,0
15346,2023-02-12,,,,0,4,0,0
15347,2023-02-19,,,,0,4,0,0
15348,2023-02-26,,,,0,4,0,0
15349,2023-03-05,,,,0,4,0,0
15350,2023-03-12,,,,0,4,0,0
15351,2023-03-19,,,,0,4,0,0
15352,2023-03-26,,,,0,4,0,0
15353,2023-04-02,,,,0,4,0,0
15354,2023-04-09,,,,0,4,0,0
15355,2023-04-16,,,,0,4,0,0
15356,2023-04-23,,,,0,4,0,0
15357,2023-04-30,,,,0,4,0,0
15358,2023-05-07,,,,0,4,0,0
15359,2023-05-14,,,,0,4,0,0
15360,2023-05-21,,,,0,4,0,0
15361,2023-05-28,,,,0,4,0,0
15362,2023-06-04,,,,0,4,0,0
15363,2023-06-11,,,,0,4,0,0
15364,2023-06-18,,,,0,4,0,0
15365,2023-06-25,,,,0,4,0,0
15366,2023-07-02,,,,0,4,0,0
15367,2023-07-09,,,,0,4,0,0
15368,2023-07-16,,,,0,4,0,0
15369,2023-07-23,,,,0,4,0,0
15370,2023-07-30,,,,0,4,0,0
15371,2023-08-06,,,,0,4,0,0
15372,2023-08-13,,,,0,4,0,0
15373,2023-08-20,,,,0,4,0,0
15374,2023-08-27,,,,0,4,0,0
15375,2023-09-03,,,,0,4,0,0
15376,2023-09-10,,,,0,4,0,0
15377,2023-09-17,,,,0,4,0,0
15378,2023-09-24,,,,0,4,0,0
15379,2023-10-01,,,,0,4,0,0
15380,2023-10-08,,,,0,4,0,0
15381,2023-10-15,,,,0,4,0,0
15382,2023-10-22,,,,0,4,0,0
15383,2023-10-29,,,,0,4,0,0
15384,2023-11-05,,,,0,4,0,0
15385,2023-11-12,,,,0,4,0,0
15386,2023-11-19,,,,0,4,0,0
15387,2023-11-26,,,,0,4,0,0
15388,2023-12-03,,,,0,4,0,0
15389,2023-12-10,,,,0,4,0,0
15390,2023-12-17,,,,0,4,0,0
15391,2023-12-24,,,,0,4,0,0
15392,2020-01-05,FJ,Fiji,WPRO,0,0,0,0
15393,2020-01-12,FJ,Fiji,WPRO,0,0,0,0
15394,2020-01-19,FJ,Fiji,WPRO,0,0,0,0
15395,2020-01-26,FJ,Fiji,WPRO,0,0,0,0
15396,2020-02-02,FJ,Fiji,WPRO,0,0,0,0
15397,2020-02-09,FJ,Fiji,WPRO,0,0,0,0
15398,2020-02-16,FJ,Fiji,WPRO,0,0,0,0
15399,2020-02-23,FJ,Fiji,WPRO,0,0,0,0
15400,2020-03-01,FJ,Fiji,WPRO,0,0,0,0
15401,2020-03-08,FJ,Fiji,WPRO,0,0,0,0
15402,2020-03-15,FJ,Fiji,WPRO,0,0,0,0
15403,2020-03-22,FJ,Fiji,WPRO,2,2,0,0
15404,2020-03-29,FJ,Fiji,WPRO,3,5,0,0
15405,2020-04-05,FJ,Fiji,WPRO,7,12,0,0
15406,2020-04-12,FJ,Fiji,WPRO,4,16,0,0
15407,2020-04-19,FJ,Fiji,WPRO,1,17,0,0
15408,2020-04-26,FJ,Fiji,WPRO,1,18,0,0
15409,2020-05-03,FJ,Fiji,WPRO,0,18,0,0
15410,2020-05-10,FJ,Fiji,WPRO,0,18,0,0
15411,2020-05-17,FJ,Fiji,WPRO,0,18,0,0
15412,2020-05-24,FJ,Fiji,WPRO,0,18,0,0
15413,2020-05-31,FJ,Fiji,WPRO,0,18,0,0
15414,2020-06-07,FJ,Fiji,WPRO,0,18,0,0
15415,2020-06-14,FJ,Fiji,WPRO,0,18,0,0
15416,2020-06-21,FJ,Fiji,WPRO,0,18,0,0
15417,2020-06-28,FJ,Fiji,WPRO,0,18,0,0
15418,2020-07-05,FJ,Fiji,WPRO,0,18,0,0
15419,2020-07-12,FJ,Fiji,WPRO,8,26,0,0
15420,2020-07-19,FJ,Fiji,WPRO,0,26,0,0
15421,2020-07-26,FJ,Fiji,WPRO,1,27,0,0
15422,2020-08-02,FJ,Fiji,WPRO,0,27,1,1
15423,2020-08-09,FJ,Fiji,WPRO,0,27,0,1
15424,2020-08-16,FJ,Fiji,WPRO,1,28,0,1
15425,2020-08-23,FJ,Fiji,WPRO,0,28,0,1
15426,2020-08-30,FJ,Fiji,WPRO,0,28,1,2
15427,2020-09-06,FJ,Fiji,WPRO,3,31,0,2
15428,2020-09-13,FJ,Fiji,WPRO,1,32,0,2
15429,2020-09-20,FJ,Fiji,WPRO,0,32,0,2
15430,2020-09-27,FJ,Fiji,WPRO,0,32,0,2
15431,2020-10-04,FJ,Fiji,WPRO,0,32,0,2
15432,2020-10-11,FJ,Fiji,WPRO,0,32,0,2
15433,2020-10-18,FJ,Fiji,WPRO,0,32,0,2
15434,2020-10-25,FJ,Fiji,WPRO,1,33,0,2
15435,2020-11-01,FJ,Fiji,WPRO,1,34,0,2
15436,2020-11-08,FJ,Fiji,WPRO,0,34,0,2
15437,2020-11-15,FJ,Fiji,WPRO,1,35,0,2
15438,2020-11-22,FJ,Fiji,WPRO,0,35,0,2
15439,2020-11-29,FJ,Fiji,WPRO,3,38,0,2
15440,2020-12-06,FJ,Fiji,WPRO,6,44,0,2
15441,2020-12-13,FJ,Fiji,WPRO,0,44,0,2
15442,2020-12-20,FJ,Fiji,WPRO,2,46,0,2
15443,2020-12-27,FJ,Fiji,WPRO,0,46,0,2
15444,2021-01-03,FJ,Fiji,WPRO,3,49,0,2
15445,2021-01-10,FJ,Fiji,WPRO,4,53,0,2
15446,2021-01-17,FJ,Fiji,WPRO,2,55,0,2
15447,2021-01-24,FJ,Fiji,WPRO,0,55,0,2
15448,2021-01-31,FJ,Fiji,WPRO,0,55,0,2
15449,2021-02-07,FJ,Fiji,WPRO,1,56,0,2
15450,2021-02-14,FJ,Fiji,WPRO,0,56,0,2
15451,2021-02-21,FJ,Fiji,WPRO,0,56,0,2
15452,2021-02-28,FJ,Fiji,WPRO,3,59,0,2
15453,2021-03-07,FJ,Fiji,WPRO,4,63,0,2
15454,2021-03-14,FJ,Fiji,WPRO,3,66,0,2
15455,2021-03-21,FJ,Fiji,WPRO,1,67,0,2
15456,2021-03-28,FJ,Fiji,WPRO,0,67,0,2
15457,2021-04-04,FJ,Fiji,WPRO,0,67,0,2
15458,2021-04-11,FJ,Fiji,WPRO,1,68,0,2
15459,2021-04-18,FJ,Fiji,WPRO,6,74,0,2
15460,2021-04-25,FJ,Fiji,WPRO,17,91,0,2
15461,2021-05-02,FJ,Fiji,WPRO,28,119,0,2
15462,2021-05-09,FJ,Fiji,WPRO,20,139,1,3
15463,2021-05-16,FJ,Fiji,WPRO,33,172,1,4
15464,2021-05-23,FJ,Fiji,WPRO,58,230,0,4
15465,2021-05-30,FJ,Fiji,WPRO,171,401,0,4
15466,2021-06-06,FJ,Fiji,WPRO,286,687,0,4
15467,2021-06-13,FJ,Fiji,WPRO,430,1117,0,4
15468,2021-06-20,FJ,Fiji,WPRO,847,1964,3,7
15469,2021-06-27,FJ,Fiji,WPRO,1627,3591,8,15
15470,2021-07-04,FJ,Fiji,WPRO,2570,6161,15,30
15471,2021-07-11,FJ,Fiji,WPRO,4351,10512,25,55
15472,2021-07-18,FJ,Fiji,WPRO,7002,17514,43,98
15473,2021-07-25,FJ,Fiji,WPRO,5625,23139,88,186
15474,2021-08-01,FJ,Fiji,WPRO,7274,30413,55,241
15475,2021-08-08,FJ,Fiji,WPRO,6566,36979,58,299
15476,2021-08-15,FJ,Fiji,WPRO,3258,40237,72,371
15477,2021-08-22,FJ,Fiji,WPRO,3360,43597,67,438
15478,2021-08-29,FJ,Fiji,WPRO,2430,46027,41,479
15479,2021-09-05,FJ,Fiji,WPRO,1838,47865,29,508
15480,2021-09-12,FJ,Fiji,WPRO,1121,48986,27,535
15481,2021-09-19,FJ,Fiji,WPRO,973,49959,31,566
15482,2021-09-26,FJ,Fiji,WPRO,796,50755,24,590
15483,2021-10-03,FJ,Fiji,WPRO,447,51202,43,633
15484,2021-10-10,FJ,Fiji,WPRO,297,51499,20,653
15485,2021-10-17,FJ,Fiji,WPRO,202,51701,8,661
15486,2021-10-24,FJ,Fiji,WPRO,313,52014,12,673
15487,2021-10-31,FJ,Fiji,WPRO,157,52171,1,674
15488,2021-11-07,FJ,Fiji,WPRO,105,52276,0,674
15489,2021-11-14,FJ,Fiji,WPRO,133,52409,20,694
15490,2021-11-21,FJ,Fiji,WPRO,51,52460,1,695
15491,2021-11-28,FJ,Fiji,WPRO,34,52494,1,696
15492,2021-12-05,FJ,Fiji,WPRO,58,52552,1,697
15493,2021-12-12,FJ,Fiji,WPRO,37,52589,0,697
15494,2021-12-19,FJ,Fiji,WPRO,57,52646,0,697
15495,2021-12-26,FJ,Fiji,WPRO,298,52944,0,697
15496,2022-01-02,FJ,Fiji,WPRO,1890,54834,3,700
15497,2022-01-09,FJ,Fiji,WPRO,2922,57756,9,709
15498,2022-01-16,FJ,Fiji,WPRO,1700,59456,21,730
15499,2022-01-23,FJ,Fiji,WPRO,1525,60981,38,768
15500,2022-01-30,FJ,Fiji,WPRO,1414,62395,30,798
15501,2022-02-06,FJ,Fiji,WPRO,886,63281,13,811
15502,2022-02-13,FJ,Fiji,WPRO,220,63501,8,819
15503,2022-02-20,FJ,Fiji,WPRO,123,63624,5,824
15504,2022-02-27,FJ,Fiji,WPRO,203,63827,9,833
15505,2022-03-06,FJ,Fiji,WPRO,192,64019,1,834
15506,2022-03-13,FJ,Fiji,WPRO,48,64067,0,834
15507,2022-03-20,FJ,Fiji,WPRO,242,64309,0,834
15508,2022-03-27,FJ,Fiji,WPRO,67,64376,0,834
15509,2022-04-03,FJ,Fiji,WPRO,41,64417,0,834
15510,2022-04-10,FJ,Fiji,WPRO,75,64492,0,834
15511,2022-04-17,FJ,Fiji,WPRO,10,64502,28,862
15512,2022-04-24,FJ,Fiji,WPRO,22,64524,0,862
15513,2022-05-01,FJ,Fiji,WPRO,110,64634,0,862
15514,2022-05-08,FJ,Fiji,WPRO,65,64699,0,862
15515,2022-05-15,FJ,Fiji,WPRO,74,64773,0,862
15516,2022-05-22,FJ,Fiji,WPRO,68,64841,0,862
15517,2022-05-29,FJ,Fiji,WPRO,100,64941,1,863
15518,2022-06-05,FJ,Fiji,WPRO,121,65062,1,864
15519,2022-06-12,FJ,Fiji,WPRO,95,65157,1,865
15520,2022-06-19,FJ,Fiji,WPRO,109,65266,0,865
15521,2022-06-26,FJ,Fiji,WPRO,197,65463,0,865
15522,2022-07-03,FJ,Fiji,WPRO,250,65713,1,866
15523,2022-07-10,FJ,Fiji,WPRO,403,66116,3,869
15524,2022-07-17,FJ,Fiji,WPRO,591,66707,1,870
15525,2022-07-24,FJ,Fiji,WPRO,480,67187,0,870
15526,2022-07-31,FJ,Fiji,WPRO,362,67549,3,873
15527,2022-08-07,FJ,Fiji,WPRO,254,67803,1,874
15528,2022-08-14,FJ,Fiji,WPRO,119,67922,1,875
15529,2022-08-21,FJ,Fiji,WPRO,106,68028,2,877
15530,2022-08-28,FJ,Fiji,WPRO,88,68116,1,878
15531,2022-09-04,FJ,Fiji,WPRO,61,68177,0,878
15532,2022-09-11,FJ,Fiji,WPRO,29,68206,0,878
15533,2022-09-18,FJ,Fiji,WPRO,15,68221,0,878
15534,2022-09-25,FJ,Fiji,WPRO,21,68242,0,878
15535,2022-10-02,FJ,Fiji,WPRO,3,68245,0,878
15536,2022-10-09,FJ,Fiji,WPRO,0,68245,0,878
15537,2022-10-16,FJ,Fiji,WPRO,3,68248,0,878
15538,2022-10-23,FJ,Fiji,WPRO,9,68257,0,878
15539,2022-10-30,FJ,Fiji,WPRO,7,68264,0,878
15540,2022-11-06,FJ,Fiji,WPRO,6,68270,0,878
15541,2022-11-13,FJ,Fiji,WPRO,17,68287,0,878
15542,2022-11-20,FJ,Fiji,WPRO,20,68307,0,878
15543,2022-11-27,FJ,Fiji,WPRO,68,68375,0,878
15544,2022-12-04,FJ,Fiji,WPRO,76,68451,0,878
15545,2022-12-11,FJ,Fiji,WPRO,102,68553,0,878
15546,2022-12-18,FJ,Fiji,WPRO,72,68625,0,878
15547,2022-12-25,FJ,Fiji,WPRO,77,68702,3,881
15548,2023-01-01,FJ,Fiji,WPRO,48,68750,0,881
15549,2023-01-08,FJ,Fiji,WPRO,21,68771,2,883
15550,2023-01-15,FJ,Fiji,WPRO,22,68793,0,883
15551,2023-01-22,FJ,Fiji,WPRO,15,68808,0,883
15552,2023-01-29,FJ,Fiji,WPRO,12,68820,0,883
15553,2023-02-05,FJ,Fiji,WPRO,28,68848,0,883
15554,2023-02-12,FJ,Fiji,WPRO,16,68864,0,883
15555,2023-02-19,FJ,Fiji,WPRO,12,68876,0,883
15556,2023-02-26,FJ,Fiji,WPRO,13,68889,0,883
15557,2023-03-05,FJ,Fiji,WPRO,8,68897,0,883
15558,2023-03-12,FJ,Fiji,WPRO,1,68898,0,883
15559,2023-03-19,FJ,Fiji,WPRO,6,68904,0,883
15560,2023-03-26,FJ,Fiji,WPRO,7,68911,0,883
15561,2023-04-02,FJ,Fiji,WPRO,3,68914,0,883
15562,2023-04-09,FJ,Fiji,WPRO,3,68917,0,883
15563,2023-04-16,FJ,Fiji,WPRO,1,68918,0,883
15564,2023-04-23,FJ,Fiji,WPRO,0,68918,0,883
15565,2023-04-30,FJ,Fiji,WPRO,3,68921,0,883
15566,2023-05-07,FJ,Fiji,WPRO,0,68921,0,883
15567,2023-05-14,FJ,Fiji,WPRO,0,68921,0,883
15568,2023-05-21,FJ,Fiji,WPRO,0,68921,0,883
15569,2023-05-28,FJ,Fiji,WPRO,0,68921,0,883
15570,2023-06-04,FJ,Fiji,WPRO,0,68921,0,883
15571,2023-06-11,FJ,Fiji,WPRO,108,69029,1,884
15572,2023-06-18,FJ,Fiji,WPRO,7,69036,1,885
15573,2023-06-25,FJ,Fiji,WPRO,0,69036,0,885
15574,2023-07-02,FJ,Fiji,WPRO,11,69047,0,885
15575,2023-07-09,FJ,Fiji,WPRO,0,69047,0,885
15576,2023-07-16,FJ,Fiji,WPRO,0,69047,0,885
15577,2023-07-23,FJ,Fiji,WPRO,0,69047,0,885
15578,2023-07-30,FJ,Fiji,WPRO,0,69047,0,885
15579,2023-08-06,FJ,Fiji,WPRO,0,69047,0,885
15580,2023-08-13,FJ,Fiji,WPRO,0,69047,0,885
15581,2023-08-20,FJ,Fiji,WPRO,0,69047,0,885
15582,2023-08-27,FJ,Fiji,WPRO,0,69047,0,885
15583,2023-09-03,FJ,Fiji,WPRO,0,69047,0,885
15584,2023-09-10,FJ,Fiji,WPRO,0,69047,0,885
15585,2023-09-17,FJ,Fiji,WPRO,0,69047,0,885
15586,2023-09-24,FJ,Fiji,WPRO,0,69047,0,885
15587,2023-10-01,FJ,Fiji,WPRO,0,69047,0,885
15588,2023-10-08,FJ,Fiji,WPRO,0,69047,0,885
15589,2023-10-15,FJ,Fiji,WPRO,-7,69040,0,885
15590,2023-10-22,FJ,Fiji,WPRO,7,69047,0,885
15591,2023-10-29,FJ,Fiji,WPRO,0,69047,0,885
15592,2023-11-05,FJ,Fiji,WPRO,0,69047,0,885
15593,2023-11-12,FJ,Fiji,WPRO,0,69047,0,885
15594,2023-11-19,FJ,Fiji,WPRO,0,69047,0,885
15595,2023-11-26,FJ,Fiji,WPRO,0,69047,0,885
15596,2023-12-03,FJ,Fiji,WPRO,0,69047,0,885
15597,2023-12-10,FJ,Fiji,WPRO,0,69047,0,885
15598,2023-12-17,FJ,Fiji,WPRO,0,69047,0,885
15599,2023-12-24,FJ,Fiji,WPRO,0,69047,0,885
15600,2020-01-05,FI,Finland,EURO,0,0,0,0
15601,2020-01-12,FI,Finland,EURO,0,0,0,0
15602,2020-01-19,FI,Finland,EURO,0,0,0,0
15603,2020-01-26,FI,Finland,EURO,0,0,0,0
15604,2020-02-02,FI,Finland,EURO,1,1,0,0
15605,2020-02-09,FI,Finland,EURO,0,1,0,0
15606,2020-02-16,FI,Finland,EURO,1,2,0,0
15607,2020-02-23,FI,Finland,EURO,0,2,0,0
15608,2020-03-01,FI,Finland,EURO,6,8,0,0
15609,2020-03-08,FI,Finland,EURO,112,120,1,1
15610,2020-03-15,FI,Finland,EURO,652,772,18,19
15611,2020-03-22,FI,Finland,EURO,806,1578,43,62
15612,2020-03-29,FI,Finland,EURO,1105,2683,62,124
15613,2020-04-05,FI,Finland,EURO,769,3452,65,189
15614,2020-04-12,FI,Finland,EURO,743,4195,43,232
15615,2020-04-19,FI,Finland,EURO,699,4894,22,254
15616,2020-04-26,FI,Finland,EURO,627,5521,28,282
15617,2020-05-03,FI,Finland,EURO,444,5965,8,290
15618,2020-05-10,FI,Finland,EURO,260,6225,6,296
15619,2020-05-17,FI,Finland,EURO,190,6415,2,298
15620,2020-05-24,FI,Finland,EURO,112,6527,1,299
15621,2020-05-31,FI,Finland,EURO,64,6591,0,299
15622,2020-06-07,FI,Finland,EURO,56,6647,0,299
15623,2020-06-14,FI,Finland,EURO,57,6704,3,302
15624,2020-06-21,FI,Finland,EURO,47,6751,1,303
15625,2020-06-28,FI,Finland,EURO,39,6790,0,303
15626,2020-07-05,FI,Finland,EURO,35,6825,0,303
15627,2020-07-12,FI,Finland,EURO,52,6877,1,304
15628,2020-07-19,FI,Finland,EURO,63,6940,2,306
15629,2020-07-26,FI,Finland,EURO,151,7091,1,307
15630,2020-08-02,FI,Finland,EURO,152,7243,0,307
15631,2020-08-09,FI,Finland,EURO,224,7467,1,308
15632,2020-08-16,FI,Finland,EURO,136,7603,0,308
15633,2020-08-23,FI,Finland,EURO,210,7813,2,310
15634,2020-08-30,FI,Finland,EURO,308,8121,5,315
15635,2020-09-06,FI,Finland,EURO,398,8519,4,319
15636,2020-09-13,FI,Finland,EURO,663,9182,3,322
15637,2020-09-20,FI,Finland,EURO,890,10072,3,325
15638,2020-09-27,FI,Finland,EURO,1670,11742,5,330
15639,2020-10-04,FI,Finland,EURO,1318,13060,5,335
15640,2020-10-11,FI,Finland,EURO,1249,14309,5,340
15641,2020-10-18,FI,Finland,EURO,1390,15699,3,343
15642,2020-10-25,FI,Finland,EURO,1450,17149,1,344
15643,2020-11-01,FI,Finland,EURO,1515,18664,19,363
15644,2020-11-08,FI,Finland,EURO,2229,20893,19,382
15645,2020-11-15,FI,Finland,EURO,3069,23962,41,423
15646,2020-11-22,FI,Finland,EURO,3042,27004,38,461
15647,2020-11-29,FI,Finland,EURO,2941,29945,41,502
15648,2020-12-06,FI,Finland,EURO,2471,32416,39,541
15649,2020-12-13,FI,Finland,EURO,1952,34368,27,568
15650,2020-12-20,FI,Finland,EURO,1785,36153,23,591
15651,2020-12-27,FI,Finland,EURO,1899,38052,27,618
15652,2021-01-03,FI,Finland,EURO,1772,39824,36,654
15653,2021-01-10,FI,Finland,EURO,2219,42043,23,677
15654,2021-01-17,FI,Finland,EURO,2594,44637,15,692
15655,2021-01-24,FI,Finland,EURO,2633,47270,16,708
15656,2021-01-31,FI,Finland,EURO,2443,49713,16,724
15657,2021-02-07,FI,Finland,EURO,3278,52991,20,744
15658,2021-02-14,FI,Finland,EURO,3726,56717,30,774
15659,2021-02-21,FI,Finland,EURO,4513,61230,17,791
15660,2021-02-28,FI,Finland,EURO,4665,65895,26,817
15661,2021-03-07,FI,Finland,EURO,4876,70771,17,834
15662,2021-03-14,FI,Finland,EURO,4342,75113,29,863
15663,2021-03-21,FI,Finland,EURO,3677,78790,16,879
15664,2021-03-28,FI,Finland,EURO,2740,81530,13,892
15665,2021-04-04,FI,Finland,EURO,2157,83687,12,904
15666,2021-04-11,FI,Finland,EURO,1654,85341,13,917
15667,2021-04-18,FI,Finland,EURO,1495,86836,10,927
15668,2021-04-25,FI,Finland,EURO,1465,88301,7,934
15669,2021-05-02,FI,Finland,EURO,1363,89664,7,941
15670,2021-05-09,FI,Finland,EURO,1495,91159,22,963
15671,2021-05-16,FI,Finland,EURO,984,92143,5,968
15672,2021-05-23,FI,Finland,EURO,778,92921,3,971
15673,2021-05-30,FI,Finland,EURO,618,93539,4,975
15674,2021-06-06,FI,Finland,EURO,491,94030,2,977
15675,2021-06-13,FI,Finland,EURO,744,94774,2,979
15676,2021-06-20,FI,Finland,EURO,1333,96107,0,979
15677,2021-06-27,FI,Finland,EURO,1485,97592,2,981
15678,2021-07-04,FI,Finland,EURO,2048,99640,5,986
15679,2021-07-11,FI,Finland,EURO,2602,102242,2,988
15680,2021-07-18,FI,Finland,EURO,4208,106450,12,1000
15681,2021-07-25,FI,Finland,EURO,4968,111418,12,1012
15682,2021-08-01,FI,Finland,EURO,5280,116698,10,1022
15683,2021-08-08,FI,Finland,EURO,4491,121189,10,1032
15684,2021-08-15,FI,Finland,EURO,4110,125299,11,1043
15685,2021-08-22,FI,Finland,EURO,4299,129598,14,1057
15686,2021-08-29,FI,Finland,EURO,3239,132837,13,1070
15687,2021-09-05,FI,Finland,EURO,3013,135850,11,1081
15688,2021-09-12,FI,Finland,EURO,2851,138701,14,1095
15689,2021-09-19,FI,Finland,EURO,3729,142430,21,1116
15690,2021-09-26,FI,Finland,EURO,4133,146563,29,1145
15691,2021-10-03,FI,Finland,EURO,3916,150479,31,1176
15692,2021-10-10,FI,Finland,EURO,3586,154065,18,1194
15693,2021-10-17,FI,Finland,EURO,4087,158152,41,1235
15694,2021-10-24,FI,Finland,EURO,4805,162957,40,1275
15695,2021-10-31,FI,Finland,EURO,5725,168682,55,1330
15696,2021-11-07,FI,Finland,EURO,6973,175655,49,1379
15697,2021-11-14,FI,Finland,EURO,7953,183608,60,1439
15698,2021-11-21,FI,Finland,EURO,8925,192533,58,1497
15699,2021-11-28,FI,Finland,EURO,9936,202469,44,1541
15700,2021-12-05,FI,Finland,EURO,12486,214955,47,1588
15701,2021-12-12,FI,Finland,EURO,19191,234146,47,1635
15702,2021-12-19,FI,Finland,EURO,36453,270599,83,1718
15703,2021-12-26,FI,Finland,EURO,52236,322835,118,1836
15704,2022-01-02,FI,Finland,EURO,61448,384283,130,1966
15705,2022-01-09,FI,Finland,EURO,59617,443900,137,2103
15706,2022-01-16,FI,Finland,EURO,50478,494378,119,2222
15707,2022-01-23,FI,Finland,EURO,45303,539681,140,2362
15708,2022-01-30,FI,Finland,EURO,45279,584960,122,2484
15709,2022-02-06,FI,Finland,EURO,44745,629705,131,2615
15710,2022-02-13,FI,Finland,EURO,45014,674719,156,2771
15711,2022-02-20,FI,Finland,EURO,44912,719631,161,2932
15712,2022-02-27,FI,Finland,EURO,48818,768449,191,3123
15713,2022-03-06,FI,Finland,EURO,54053,822502,208,3331
15714,2022-03-13,FI,Finland,EURO,54223,876725,255,3586
15715,2022-03-20,FI,Finland,EURO,48332,925057,211,3797
15716,2022-03-27,FI,Finland,EURO,38754,963811,200,3997
15717,2022-04-03,FI,Finland,EURO,33726,997537,205,4202
15718,2022-04-10,FI,Finland,EURO,26539,1024076,151,4353
15719,2022-04-17,FI,Finland,EURO,20917,1044993,139,4492
15720,2022-04-24,FI,Finland,EURO,17852,1062845,84,4576
15721,2022-05-01,FI,Finland,EURO,15720,1078565,82,4658
15722,2022-05-08,FI,Finland,EURO,11808,1090373,80,4738
15723,2022-05-15,FI,Finland,EURO,10247,1100620,76,4814
15724,2022-05-22,FI,Finland,EURO,11545,1112165,44,4858
15725,2022-05-29,FI,Finland,EURO,10612,1122777,62,4920
15726,2022-06-05,FI,Finland,EURO,10572,1133349,62,4982
15727,2022-06-12,FI,Finland,EURO,11536,1144885,53,5035
15728,2022-06-19,FI,Finland,EURO,11488,1156373,56,5091
15729,2022-06-26,FI,Finland,EURO,11565,1167938,82,5173
15730,2022-07-03,FI,Finland,EURO,14574,1182512,86,5259
15731,2022-07-10,FI,Finland,EURO,16971,1199483,92,5351
15732,2022-07-17,FI,Finland,EURO,17749,1217232,111,5462
15733,2022-07-24,FI,Finland,EURO,15829,1233061,108,5570
15734,2022-07-31,FI,Finland,EURO,13367,1246428,121,5691
15735,2022-08-07,FI,Finland,EURO,11624,1258052,104,5795
15736,2022-08-14,FI,Finland,EURO,7926,1265978,75,5870
15737,2022-08-21,FI,Finland,EURO,6134,1272112,59,5929
15738,2022-08-28,FI,Finland,EURO,6404,1278516,79,6008
15739,2022-09-04,FI,Finland,EURO,8414,1286930,105,6113
15740,2022-09-11,FI,Finland,EURO,8323,1295253,92,6205
15741,2022-09-18,FI,Finland,EURO,10024,1305277,142,6347
15742,2022-09-25,FI,Finland,EURO,12296,1317573,168,6515
15743,2022-10-02,FI,Finland,EURO,13920,1331493,201,6716
15744,2022-10-09,FI,Finland,EURO,13466,1344959,213,6929
15745,2022-10-16,FI,Finland,EURO,12837,1357796,178,7107
15746,2022-10-23,FI,Finland,EURO,12153,1369949,189,7296
15747,2022-10-30,FI,Finland,EURO,12416,1382365,206,7502
15748,2022-11-06,FI,Finland,EURO,12234,1394599,172,7674
15749,2022-11-13,FI,Finland,EURO,11580,1406179,158,7832
15750,2022-11-20,FI,Finland,EURO,11967,1418146,140,7972
15751,2022-11-27,FI,Finland,EURO,11488,1429634,164,8136
15752,2022-12-04,FI,Finland,EURO,10908,1440542,142,8278
15753,2022-12-11,FI,Finland,EURO,8283,1448825,163,8441
15754,2022-12-18,FI,Finland,EURO,4406,1453231,135,8576
15755,2022-12-25,FI,Finland,EURO,2918,1456149,122,8698
15756,2023-01-01,FI,Finland,EURO,1521,1457670,77,8775
15757,2023-01-08,FI,Finland,EURO,1003,1458673,49,8824
15758,2023-01-15,FI,Finland,EURO,715,1459388,36,8860
15759,2023-01-22,FI,Finland,EURO,648,1460036,34,8894
15760,2023-01-29,FI,Finland,EURO,579,1460615,22,8916
15761,2023-02-05,FI,Finland,EURO,570,1461185,24,8940
15762,2023-02-12,FI,Finland,EURO,651,1461836,43,8983
15763,2023-02-19,FI,Finland,EURO,693,1462529,29,9012
15764,2023-02-26,FI,Finland,EURO,747,1463276,30,9042
15765,2023-03-05,FI,Finland,EURO,838,1464114,39,9081
15766,2023-03-12,FI,Finland,EURO,1155,1465269,43,9124
15767,2023-03-19,FI,Finland,EURO,1391,1466660,78,9202
15768,2023-03-26,FI,Finland,EURO,1522,1468182,84,9286
15769,2023-04-02,FI,Finland,EURO,1721,1469903,74,9360
15770,2023-04-09,FI,Finland,EURO,1811,1471714,104,9464
15771,2023-04-16,FI,Finland,EURO,1978,1473692,97,9561
15772,2023-04-23,FI,Finland,EURO,1690,1475382,97,9658
15773,2023-04-30,FI,Finland,EURO,1483,1476865,90,9748
15774,2023-05-07,FI,Finland,EURO,1325,1478190,71,9819
15775,2023-05-14,FI,Finland,EURO,979,1479169,69,9888
15776,2023-05-21,FI,Finland,EURO,734,1479903,35,9923
15777,2023-05-28,FI,Finland,EURO,605,1480508,35,9958
15778,2023-06-04,FI,Finland,EURO,628,1481136,58,10016
15779,2023-06-11,FI,Finland,EURO,531,1481667,41,10057
15780,2023-06-18,FI,Finland,EURO,335,1482002,29,10086
15781,2023-06-25,FI,Finland,EURO,226,1482228,21,10107
15782,2023-07-02,FI,Finland,EURO,194,1482422,12,10119
15783,2023-07-09,FI,Finland,EURO,155,1482577,13,10132
15784,2023-07-16,FI,Finland,EURO,164,1482741,13,10145
15785,2023-07-23,FI,Finland,EURO,174,1482915,11,10156
15786,2023-07-30,FI,Finland,EURO,187,1483102,18,10174
15787,2023-08-06,FI,Finland,EURO,246,1483348,15,10189
15788,2023-08-13,FI,Finland,EURO,234,1483582,16,10205
15789,2023-08-20,FI,Finland,EURO,315,1483897,22,10227
15790,2023-08-27,FI,Finland,EURO,346,1484243,22,10249
15791,2023-09-03,FI,Finland,EURO,436,1484679,31,10280
15792,2023-09-10,FI,Finland,EURO,492,1485171,28,10308
15793,2023-09-17,FI,Finland,EURO,564,1485735,36,10344
15794,2023-09-24,FI,Finland,EURO,624,1486359,51,10395
15795,2023-10-01,FI,Finland,EURO,842,1487201,74,10469
15796,2023-10-08,FI,Finland,EURO,1241,1488442,90,10559
15797,2023-10-15,FI,Finland,EURO,1935,1490377,119,10678
15798,2023-10-22,FI,Finland,EURO,2857,1493234,114,10792
15799,2023-10-29,FI,Finland,EURO,3629,1496863,59,10851
15800,2023-11-05,FI,Finland,EURO,2585,1499448,10,10861
15801,2023-11-12,FI,Finland,EURO,264,1499712,3,10864
15802,2023-11-19,FI,Finland,EURO,0,1499712,0,10864
15803,2023-11-26,FI,Finland,EURO,0,1499712,0,10864
15804,2023-12-03,FI,Finland,EURO,0,1499712,0,10864
15805,2023-12-10,FI,Finland,EURO,0,1499712,0,10864
15806,2023-12-17,FI,Finland,EURO,0,1499712,19,10883
15807,2023-12-24,FI,Finland,EURO,0,1499712,18,10901
15808,2020-01-05,FR,France,EURO,0,0,0,0
15809,2020-01-12,FR,France,EURO,0,0,0,0
15810,2020-01-19,FR,France,EURO,0,0,0,0
15811,2020-01-26,FR,France,EURO,3,3,0,0
15812,2020-02-02,FR,France,EURO,3,6,0,0
15813,2020-02-09,FR,France,EURO,6,12,0,0
15814,2020-02-16,FR,France,EURO,0,12,0,0
15815,2020-02-23,FR,France,EURO,4,16,0,0
15816,2020-03-01,FR,France,EURO,0,16,0,0
15817,2020-03-08,FR,France,EURO,0,16,0,0
15818,2020-03-15,FR,France,EURO,0,16,43,43
15819,2020-03-22,FR,France,EURO,0,16,670,713
15820,2020-03-29,FR,France,EURO,0,16,1999,2712
15821,2020-04-05,FR,France,EURO,0,16,3276,5988
15822,2020-04-12,FR,France,EURO,0,16,3344,9332
15823,2020-04-19,FR,France,EURO,0,16,2730,12062
15824,2020-04-26,FR,France,EURO,0,16,2096,14158
15825,2020-05-03,FR,France,EURO,0,16,1406,15564
15826,2020-05-10,FR,France,EURO,0,16,1056,16620
15827,2020-05-17,FR,France,EURO,677,693,810,17430
15828,2020-05-24,FR,France,EURO,4340,5033,562,17992
15829,2020-05-31,FR,France,EURO,3436,8469,471,18463
15830,2020-06-07,FR,France,EURO,2745,11214,331,18794
15831,2020-06-14,FR,France,EURO,2627,13841,258,19052
15832,2020-06-21,FR,France,EURO,2267,16108,159,19211
15833,2020-06-28,FR,France,EURO,2024,18132,111,19322
15834,2020-07-05,FR,France,EURO,2324,20456,100,19422
15835,2020-07-12,FR,France,EURO,2853,23309,120,19542
15836,2020-07-19,FR,France,EURO,3510,26819,94,19636
15837,2020-07-26,FR,France,EURO,5565,32384,98,19734
15838,2020-08-02,FR,France,EURO,7676,40060,77,19811
15839,2020-08-09,FR,France,EURO,10899,50959,69,19880
15840,2020-08-16,FR,France,EURO,16650,67609,92,19972
15841,2020-08-23,FR,France,EURO,25208,92817,118,20090
15842,2020-08-30,FR,France,EURO,37753,130570,111,20201
15843,2020-09-06,FR,France,EURO,50197,180767,126,20327
15844,2020-09-13,FR,France,EURO,61432,242199,258,20585
15845,2020-09-20,FR,France,EURO,73481,315680,429,21014
15846,2020-09-27,FR,France,EURO,72509,388189,559,21573
15847,2020-10-04,FR,France,EURO,74819,463008,561,22134
15848,2020-10-11,FR,France,EURO,116159,579167,690,22824
15849,2020-10-18,FR,France,EURO,167835,747002,963,23787
15850,2020-10-25,FR,France,EURO,261329,1008331,1774,25561
15851,2020-11-01,FR,France,EURO,332505,1340836,3154,28715
15852,2020-11-08,FR,France,EURO,303116,1643952,4794,33509
15853,2020-11-15,FR,France,EURO,176429,1820381,5487,38996
15854,2020-11-22,FR,France,EURO,114947,1935328,5602,44598
15855,2020-11-29,FR,France,EURO,77077,2012405,4679,49277
15856,2020-12-06,FR,France,EURO,71372,2083777,3963,53240
15857,2020-12-13,FR,France,EURO,77674,2161451,3792,57032
15858,2020-12-20,FR,France,EURO,92919,2254370,3383,60415
15859,2020-12-27,FR,France,EURO,83888,2338258,3119,63534
15860,2021-01-03,FR,France,EURO,88948,2427206,2915,66449
15861,2021-01-10,FR,France,EURO,122263,2549469,3429,69878
15862,2021-01-17,FR,France,EURO,118842,2668311,3454,73332
15863,2021-01-24,FR,France,EURO,130149,2798460,3414,76746
15864,2021-01-31,FR,France,EURO,132624,2931084,3159,79905
15865,2021-02-07,FR,France,EURO,128451,3059535,3069,82974
15866,2021-02-14,FR,France,EURO,110436,3169971,2892,85866
15867,2021-02-21,FR,France,EURO,117551,3287522,2516,88382
15868,2021-02-28,FR,France,EURO,127696,3415218,2151,90533
15869,2021-03-07,FR,France,EURO,124259,3539477,2033,92566
15870,2021-03-14,FR,France,EURO,142978,3682455,1872,94438
15871,2021-03-21,FR,France,EURO,183823,3866278,1799,96237
15872,2021-03-28,FR,France,EURO,223964,4090242,1834,98071
15873,2021-04-04,FR,France,EURO,242407,4332649,1959,100030
15874,2021-04-11,FR,France,EURO,203218,4535867,2120,102150
15875,2021-04-18,FR,France,EURO,202154,4738021,1967,104117
15876,2021-04-25,FR,France,EURO,179462,4917483,2062,106179
15877,2021-05-02,FR,France,EURO,142908,5060391,1954,108133
15878,2021-05-09,FR,France,EURO,106629,5167020,1533,109666
15879,2021-05-16,FR,France,EURO,80870,5247890,1189,110855
15880,2021-05-23,FR,France,EURO,83455,5331345,940,111795
15881,2021-05-30,FR,France,EURO,60391,5391736,772,112567
15882,2021-06-06,FR,France,EURO,46483,5438219,565,113132
15883,2021-06-13,FR,France,EURO,27004,5465223,355,113487
15884,2021-06-20,FR,France,EURO,14820,5480043,309,113796
15885,2021-06-27,FR,France,EURO,10690,5490733,234,114030
15886,2021-07-04,FR,France,EURO,13906,5504639,171,114201
15887,2021-07-11,FR,France,EURO,23318,5527957,142,114343
15888,2021-07-18,FR,France,EURO,46656,5574613,96,114439
15889,2021-07-25,FR,France,EURO,118078,5692691,119,114558
15890,2021-08-01,FR,France,EURO,143183,5835874,240,114798
15891,2021-08-08,FR,France,EURO,147135,5983009,282,115080
15892,2021-08-15,FR,France,EURO,150930,6133939,353,115433
15893,2021-08-22,FR,France,EURO,133571,6267510,699,116132
15894,2021-08-29,FR,France,EURO,112124,6379634,464,116596
15895,2021-09-05,FR,France,EURO,85782,6465416,489,117085
15896,2021-09-12,FR,France,EURO,64820,6530236,437,117522
15897,2021-09-19,FR,France,EURO,46736,6576972,386,117908
15898,2021-09-26,FR,France,EURO,36114,6613086,331,118239
15899,2021-10-03,FR,France,EURO,30916,6644002,276,118515
15900,2021-10-10,FR,France,EURO,26346,6670348,191,118706
15901,2021-10-17,FR,France,EURO,31095,6701443,175,118881
15902,2021-10-24,FR,France,EURO,34241,6735684,179,119060
15903,2021-10-31,FR,France,EURO,38425,6774109,177,119237
15904,2021-11-07,FR,France,EURO,48057,6822166,212,119449
15905,2021-11-14,FR,France,EURO,66361,6888527,233,119682
15906,2021-11-21,FR,France,EURO,119701,7008228,317,119999
15907,2021-11-28,FR,France,EURO,195222,7203450,454,120453
15908,2021-12-05,FR,France,EURO,288799,7492249,619,121072
15909,2021-12-12,FR,France,EURO,337285,7829534,903,121975
15910,2021-12-19,FR,France,EURO,360652,8190186,1033,123008
15911,2021-12-26,FR,France,EURO,519740,8709926,1157,124165
15912,2022-01-02,FR,France,EURO,1140724,9850650,1315,125480
15913,2022-01-09,FR,France,EURO,1726217,11576867,1484,126964
15914,2022-01-16,FR,France,EURO,1961912,13538779,1499,128463
15915,2022-01-23,FR,France,EURO,2417043,15955822,1658,130121
15916,2022-01-30,FR,France,EURO,2329374,18285196,1933,132054
15917,2022-02-06,FR,France,EURO,1707588,19992784,1996,134050
15918,2022-02-13,FR,France,EURO,958639,20951423,1988,136038
15919,2022-02-20,FR,France,EURO,565947,21517370,1745,137783
15920,2022-02-27,FR,France,EURO,393549,21910919,1331,139114
15921,2022-03-06,FR,France,EURO,348284,22259203,1094,140208
15922,2022-03-13,FR,France,EURO,419228,22678431,820,141028
15923,2022-03-20,FR,France,EURO,586328,23264759,792,141820
15924,2022-03-27,FR,France,EURO,851993,24116752,727,142547
15925,2022-04-03,FR,France,EURO,959358,25076110,801,143348
15926,2022-04-10,FR,France,EURO,928373,26004483,788,144136
15927,2022-04-17,FR,France,EURO,822438,26826921,852,144988
15928,2022-04-24,FR,France,EURO,539161,27366082,889,145877
15929,2022-05-01,FR,France,EURO,376510,27742592,867,146744
15930,2022-05-08,FR,France,EURO,264928,28007520,749,147493
15931,2022-05-15,FR,France,EURO,216715,28224235,614,148107
15932,2022-05-22,FR,France,EURO,162239,28386474,466,148573
15933,2022-05-29,FR,France,EURO,113355,28499829,300,148873
15934,2022-06-05,FR,France,EURO,148073,28647902,329,149202
15935,2022-06-12,FR,France,EURO,193813,28841715,237,149439
15936,2022-06-19,FR,France,EURO,297927,29139642,265,149704
15937,2022-06-26,FR,France,EURO,456705,29596347,291,149995
15938,2022-07-03,FR,France,EURO,731586,30327933,264,150259
15939,2022-07-10,FR,France,EURO,903969,31231902,424,150683
15940,2022-07-17,FR,France,EURO,683784,31915686,585,151268
15941,2022-07-24,FR,France,EURO,522296,32437982,731,151999
15942,2022-07-31,FR,France,EURO,329431,32767413,597,152596
15943,2022-08-07,FR,France,EURO,212195,32979608,529,153125
15944,2022-08-14,FR,France,EURO,151186,33130794,518,153643
15945,2022-08-21,FR,France,EURO,119216,33250010,413,154056
15946,2022-08-28,FR,France,EURO,117039,33367049,317,154373
15947,2022-09-04,FR,France,EURO,106571,33473620,302,154675
15948,2022-09-11,FR,France,EURO,112374,33585994,263,154938
15949,2022-09-18,FR,France,EURO,188853,33774847,202,155140
15950,2022-09-25,FR,France,EURO,230732,34005579,217,155357
15951,2022-10-02,FR,France,EURO,310114,34315693,217,155574
15952,2022-10-09,FR,France,EURO,385474,34701167,314,155888
15953,2022-10-16,FR,France,EURO,392073,35093240,414,156302
15954,2022-10-23,FR,France,EURO,348646,35441886,522,156824
15955,2022-10-30,FR,France,EURO,222885,35664771,495,157319
15956,2022-11-06,FR,France,EURO,153617,35818388,445,157764
15957,2022-11-13,FR,France,EURO,151055,35969443,397,158161
15958,2022-11-20,FR,France,EURO,221689,36191132,469,158630
15959,2022-11-27,FR,France,EURO,293632,36484764,455,159085
15960,2022-12-04,FR,France,EURO,384070,36868834,485,159570
15961,2022-12-11,FR,France,EURO,429679,37298513,569,160139
15962,2022-12-18,FR,France,EURO,391192,37689705,721,160860
15963,2022-12-25,FR,France,EURO,299842,37989547,807,161667
15964,2023-01-01,FR,France,EURO,151707,38141254,808,162475
15965,2023-01-08,FR,France,EURO,80829,38222083,775,163250
15966,2023-01-15,FR,France,EURO,43524,38265607,506,163756
15967,2023-01-22,FR,France,EURO,31693,38297300,398,164154
15968,2023-01-29,FR,France,EURO,29999,38327299,326,164480
15969,2023-02-05,FR,France,EURO,26127,38353426,260,164740
15970,2023-02-12,FR,France,EURO,22545,38375971,171,164911
15971,2023-02-19,FR,France,EURO,24116,38400087,180,165091
15972,2023-02-26,FR,France,EURO,26274,38426361,170,165261
15973,2023-03-05,FR,France,EURO,25318,38451679,152,165413
15974,2023-03-12,FR,France,EURO,35851,38487530,125,165538
15975,2023-03-19,FR,France,EURO,46305,38533835,163,165701
15976,2023-03-26,FR,France,EURO,54593,38588428,168,165869
15977,2023-04-02,FR,France,EURO,57282,38645710,210,166079
15978,2023-04-09,FR,France,EURO,55344,38701054,188,166267
15979,2023-04-16,FR,France,EURO,52509,38753563,162,166429
15980,2023-04-23,FR,France,EURO,48578,38802141,280,166709
15981,2023-04-30,FR,France,EURO,40443,38842584,249,166958
15982,2023-05-07,FR,France,EURO,31332,38873916,239,167197
15983,2023-05-14,FR,France,EURO,24280,38898196,160,167357
15984,2023-05-21,FR,France,EURO,20650,38918846,132,167489
15985,2023-05-28,FR,France,EURO,25230,38944076,149,167638
15986,2023-06-04,FR,France,EURO,18614,38962690,112,167750
15987,2023-06-11,FR,France,EURO,15618,38978308,106,167856
15988,2023-06-18,FR,France,EURO,11200,38989508,67,167923
15989,2023-06-25,FR,France,EURO,7982,38997490,62,167985
15990,2023-07-02,FR,France,EURO,0,38997490,0,167985
15991,2023-07-09,FR,France,EURO,0,38997490,0,167985
15992,2023-07-16,FR,France,EURO,0,38997490,0,167985
15993,2023-07-23,FR,France,EURO,0,38997490,0,167985
15994,2023-07-30,FR,France,EURO,0,38997490,0,167985
15995,2023-08-06,FR,France,EURO,0,38997490,0,167985
15996,2023-08-13,FR,France,EURO,0,38997490,0,167985
15997,2023-08-20,FR,France,EURO,0,38997490,0,167985
15998,2023-08-27,FR,France,EURO,0,38997490,0,167985
15999,2023-09-03,FR,France,EURO,0,38997490,0,167985
16000,2023-09-10,FR,France,EURO,0,38997490,0,167985
16001,2023-09-17,FR,France,EURO,0,38997490,0,167985
16002,2023-09-24,FR,France,EURO,0,38997490,0,167985
16003,2023-10-01,FR,France,EURO,0,38997490,0,167985
16004,2023-10-08,FR,France,EURO,0,38997490,0,167985
16005,2023-10-15,FR,France,EURO,0,38997490,0,167985
16006,2023-10-22,FR,France,EURO,0,38997490,0,167985
16007,2023-10-29,FR,France,EURO,0,38997490,0,167985
16008,2023-11-05,FR,France,EURO,0,38997490,0,167985
16009,2023-11-12,FR,France,EURO,0,38997490,0,167985
16010,2023-11-19,FR,France,EURO,0,38997490,0,167985
16011,2023-11-26,FR,France,EURO,0,38997490,0,167985
16012,2023-12-03,FR,France,EURO,0,38997490,0,167985
16013,2023-12-10,FR,France,EURO,0,38997490,0,167985
16014,2023-12-17,FR,France,EURO,0,38997490,0,167985
16015,2023-12-24,FR,France,EURO,0,38997490,0,167985
16016,2020-01-05,GF,French Guiana,,0,0,0,0
16017,2020-01-12,GF,French Guiana,,0,0,0,0
16018,2020-01-19,GF,French Guiana,,0,0,0,0
16019,2020-01-26,GF,French Guiana,,0,0,0,0
16020,2020-02-02,GF,French Guiana,,0,0,0,0
16021,2020-02-09,GF,French Guiana,,0,0,0,0
16022,2020-02-16,GF,French Guiana,,0,0,0,0
16023,2020-02-23,GF,French Guiana,,0,0,0,0
16024,2020-03-01,GF,French Guiana,,0,0,0,0
16025,2020-03-08,GF,French Guiana,,5,5,0,0
16026,2020-03-15,GF,French Guiana,,1,6,0,0
16027,2020-03-22,GF,French Guiana,,9,15,0,0
16028,2020-03-29,GF,French Guiana,,16,31,0,0
16029,2020-04-05,GF,French Guiana,,31,62,0,0
16030,2020-04-12,GF,French Guiana,,24,86,0,0
16031,2020-04-19,GF,French Guiana,,10,96,0,0
16032,2020-04-26,GF,French Guiana,,13,109,1,1
16033,2020-05-03,GF,French Guiana,,19,128,0,1
16034,2020-05-10,GF,French Guiana,,13,141,0,1
16035,2020-05-17,GF,French Guiana,,48,189,0,1
16036,2020-05-24,GF,French Guiana,,72,261,0,1
16037,2020-05-31,GF,French Guiana,,175,436,0,1
16038,2020-06-07,GF,French Guiana,,203,639,0,1
16039,2020-06-14,GF,French Guiana,,522,1161,1,2
16040,2020-06-21,GF,French Guiana,,1002,2163,3,5
16041,2020-06-28,GF,French Guiana,,1298,3461,7,12
16042,2020-07-05,GF,French Guiana,,1452,4913,4,16
16043,2020-07-12,GF,French Guiana,,1036,5949,10,26
16044,2020-07-19,GF,French Guiana,,706,6655,11,37
16045,2020-07-26,GF,French Guiana,,677,7332,4,41
16046,2020-08-02,GF,French Guiana,,525,7857,2,43
16047,2020-08-09,GF,French Guiana,,410,8267,5,48
16048,2020-08-16,GF,French Guiana,,321,8588,5,53
16049,2020-08-23,GF,French Guiana,,209,8797,2,55
16050,2020-08-30,GF,French Guiana,,279,9076,3,58
16051,2020-09-06,GF,French Guiana,,246,9322,4,62
16052,2020-09-13,GF,French Guiana,,199,9521,1,63
16053,2020-09-20,GF,French Guiana,,171,9692,2,65
16054,2020-09-27,GF,French Guiana,,171,9863,0,65
16055,2020-10-04,GF,French Guiana,,166,10029,2,67
16056,2020-10-11,GF,French Guiana,,115,10144,2,69
16057,2020-10-18,GF,French Guiana,,95,10239,0,69
16058,2020-10-25,GF,French Guiana,,137,10376,0,69
16059,2020-11-01,GF,French Guiana,,160,10536,1,70
16060,2020-11-08,GF,French Guiana,,168,10704,0,70
16061,2020-11-15,GF,French Guiana,,140,10844,0,70
16062,2020-11-22,GF,French Guiana,,170,11014,0,70
16063,2020-11-29,GF,French Guiana,,165,11179,0,70
16064,2020-12-06,GF,French Guiana,,228,11407,1,71
16065,2020-12-13,GF,French Guiana,,393,11800,0,71
16066,2020-12-20,GF,French Guiana,,569,12369,0,71
16067,2020-12-27,GF,French Guiana,,404,12773,0,71
16068,2021-01-03,GF,French Guiana,,500,13273,0,71
16069,2021-01-10,GF,French Guiana,,840,14113,3,74
16070,2021-01-17,GF,French Guiana,,862,14975,1,75
16071,2021-01-24,GF,French Guiana,,689,15664,1,76
16072,2021-01-31,GF,French Guiana,,419,16083,0,76
16073,2021-02-07,GF,French Guiana,,213,16296,3,79
16074,2021-02-14,GF,French Guiana,,160,16456,1,80
16075,2021-02-21,GF,French Guiana,,73,16529,3,83
16076,2021-02-28,GF,French Guiana,,98,16627,2,85
16077,2021-03-07,GF,French Guiana,,66,16693,2,87
16078,2021-03-14,GF,French Guiana,,71,16764,0,87
16079,2021-03-21,GF,French Guiana,,0,16764,0,87
16080,2021-03-28,GF,French Guiana,,158,16922,2,89
16081,2021-04-04,GF,French Guiana,,210,17132,4,93
16082,2021-04-11,GF,French Guiana,,417,17549,1,94
16083,2021-04-18,GF,French Guiana,,532,18081,1,95
16084,2021-04-25,GF,French Guiana,,745,18826,3,98
16085,2021-05-02,GF,French Guiana,,717,19543,3,101
16086,2021-05-09,GF,French Guiana,,823,20366,3,104
16087,2021-05-16,GF,French Guiana,,1099,21465,4,108
16088,2021-05-23,GF,French Guiana,,1315,22780,4,112
16089,2021-05-30,GF,French Guiana,,983,23763,4,116
16090,2021-06-06,GF,French Guiana,,962,24725,5,121
16091,2021-06-13,GF,French Guiana,,781,25506,12,133
16092,2021-06-20,GF,French Guiana,,944,26450,8,141
16093,2021-06-27,GF,French Guiana,,836,27286,1,142
16094,2021-07-04,GF,French Guiana,,444,27730,6,148
16095,2021-07-11,GF,French Guiana,,551,28281,9,157
16096,2021-07-18,GF,French Guiana,,522,28803,6,163
16097,2021-07-25,GF,French Guiana,,730,29533,11,174
16098,2021-08-01,GF,French Guiana,,631,30164,13,187
16099,2021-08-08,GF,French Guiana,,711,30875,6,193
16100,2021-08-15,GF,French Guiana,,951,31826,5,198
16101,2021-08-22,GF,French Guiana,,1234,33060,6,204
16102,2021-08-29,GF,French Guiana,,1315,34375,11,215
16103,2021-09-05,GF,French Guiana,,1346,35721,6,221
16104,2021-09-12,GF,French Guiana,,1138,36859,6,227
16105,2021-09-19,GF,French Guiana,,1407,38266,8,235
16106,2021-09-26,GF,French Guiana,,1524,39790,21,256
16107,2021-10-03,GF,French Guiana,,1535,41325,12,268
16108,2021-10-10,GF,French Guiana,,1218,42543,18,286
16109,2021-10-17,GF,French Guiana,,833,43376,9,295
16110,2021-10-24,GF,French Guiana,,684,44060,4,299
16111,2021-10-31,GF,French Guiana,,569,44629,9,308
16112,2021-11-07,GF,French Guiana,,399,45028,7,315
16113,2021-11-14,GF,French Guiana,,338,45366,7,322
16114,2021-11-21,GF,French Guiana,,250,45616,0,322
16115,2021-11-28,GF,French Guiana,,248,45864,4,326
16116,2021-12-05,GF,French Guiana,,278,46142,2,328
16117,2021-12-12,GF,French Guiana,,279,46421,4,332
16118,2021-12-19,GF,French Guiana,,311,46732,4,336
16119,2021-12-26,GF,French Guiana,,497,47229,1,337
16120,2022-01-02,GF,French Guiana,,1708,48937,2,339
16121,2022-01-09,GF,French Guiana,,7043,55980,4,343
16122,2022-01-16,GF,French Guiana,,11295,67275,5,348
16123,2022-01-23,GF,French Guiana,,5544,72819,11,359
16124,2022-01-30,GF,French Guiana,,2423,75242,12,371
16125,2022-02-06,GF,French Guiana,,1267,76509,12,383
16126,2022-02-13,GF,French Guiana,,655,77164,1,384
16127,2022-02-20,GF,French Guiana,,290,77454,3,387
16128,2022-02-27,GF,French Guiana,,198,77652,4,391
16129,2022-03-06,GF,French Guiana,,130,77782,2,393
16130,2022-03-13,GF,French Guiana,,293,78075,1,394
16131,2022-03-20,GF,French Guiana,,251,78326,0,394
16132,2022-03-27,GF,French Guiana,,353,78679,0,394
16133,2022-04-03,GF,French Guiana,,396,79075,0,394
16134,2022-04-10,GF,French Guiana,,454,79529,0,394
16135,2022-04-17,GF,French Guiana,,506,80035,0,394
16136,2022-04-24,GF,French Guiana,,387,80422,0,394
16137,2022-05-01,GF,French Guiana,,437,80859,1,395
16138,2022-05-08,GF,French Guiana,,0,80859,0,395
16139,2022-05-15,GF,French Guiana,,925,81784,2,397
16140,2022-05-22,GF,French Guiana,,529,82313,0,397
16141,2022-05-29,GF,French Guiana,,639,82952,0,397
16142,2022-06-05,GF,French Guiana,,719,83671,0,397
16143,2022-06-12,GF,French Guiana,,836,84507,2,399
16144,2022-06-19,GF,French Guiana,,1089,85596,1,400
16145,2022-06-26,GF,French Guiana,,1315,86911,1,401
16146,2022-07-03,GF,French Guiana,,1451,88362,0,401
16147,2022-07-10,GF,French Guiana,,1417,89779,1,402
16148,2022-07-17,GF,French Guiana,,1142,90921,0,402
16149,2022-07-24,GF,French Guiana,,891,91812,2,404
16150,2022-07-31,GF,French Guiana,,763,92575,3,407
16151,2022-08-07,GF,French Guiana,,414,92989,0,407
16152,2022-08-14,GF,French Guiana,,288,93277,1,408
16153,2022-08-21,GF,French Guiana,,143,93420,0,408
16154,2022-08-28,GF,French Guiana,,166,93586,0,408
16155,2022-09-04,GF,French Guiana,,149,93735,0,408
16156,2022-09-11,GF,French Guiana,,102,93837,1,409
16157,2022-09-18,GF,French Guiana,,88,93925,1,410
16158,2022-09-25,GF,French Guiana,,49,93974,0,410
16159,2022-10-02,GF,French Guiana,,49,94023,0,410
16160,2022-10-09,GF,French Guiana,,50,94073,0,410
16161,2022-10-16,GF,French Guiana,,55,94128,0,410
16162,2022-10-23,GF,French Guiana,,68,94196,1,411
16163,2022-10-30,GF,French Guiana,,63,94259,0,411
16164,2022-11-06,GF,French Guiana,,50,94309,0,411
16165,2022-11-13,GF,French Guiana,,112,94421,0,411
16166,2022-11-20,GF,French Guiana,,308,94729,0,411
16167,2022-11-27,GF,French Guiana,,722,95451,0,411
16168,2022-12-04,GF,French Guiana,,938,96389,0,411
16169,2022-12-11,GF,French Guiana,,708,97097,0,411
16170,2022-12-18,GF,French Guiana,,429,97526,1,412
16171,2022-12-25,GF,French Guiana,,250,97776,1,413
16172,2023-01-01,GF,French Guiana,,103,97879,0,413
16173,2023-01-08,GF,French Guiana,,67,97946,0,413
16174,2023-01-15,GF,French Guiana,,36,97982,0,413
16175,2023-01-22,GF,French Guiana,,30,98012,0,413
16176,2023-01-29,GF,French Guiana,,16,98028,0,413
16177,2023-02-05,GF,French Guiana,,13,98041,0,413
16178,2023-02-12,GF,French Guiana,,0,98041,0,413
16179,2023-02-19,GF,French Guiana,,0,98041,0,413
16180,2023-02-26,GF,French Guiana,,0,98041,0,413
16181,2023-03-05,GF,French Guiana,,0,98041,0,413
16182,2023-03-12,GF,French Guiana,,0,98041,0,413
16183,2023-03-19,GF,French Guiana,,0,98041,0,413
16184,2023-03-26,GF,French Guiana,,0,98041,0,413
16185,2023-04-02,GF,French Guiana,,0,98041,0,413
16186,2023-04-09,GF,French Guiana,,0,98041,0,413
16187,2023-04-16,GF,French Guiana,,0,98041,0,413
16188,2023-04-23,GF,French Guiana,,0,98041,0,413
16189,2023-04-30,GF,French Guiana,,0,98041,0,413
16190,2023-05-07,GF,French Guiana,,0,98041,0,413
16191,2023-05-14,GF,French Guiana,,0,98041,0,413
16192,2023-05-21,GF,French Guiana,,0,98041,0,413
16193,2023-05-28,GF,French Guiana,,0,98041,0,413
16194,2023-06-04,GF,French Guiana,,0,98041,0,413
16195,2023-06-11,GF,French Guiana,,0,98041,0,413
16196,2023-06-18,GF,French Guiana,,0,98041,0,413
16197,2023-06-25,GF,French Guiana,,0,98041,0,413
16198,2023-07-02,GF,French Guiana,,0,98041,0,413
16199,2023-07-09,GF,French Guiana,,0,98041,0,413
16200,2023-07-16,GF,French Guiana,,0,98041,0,413
16201,2023-07-23,GF,French Guiana,,0,98041,0,413
16202,2023-07-30,GF,French Guiana,,0,98041,0,413
16203,2023-08-06,GF,French Guiana,,0,98041,0,413
16204,2023-08-13,GF,French Guiana,,0,98041,0,413
16205,2023-08-20,GF,French Guiana,,0,98041,0,413
16206,2023-08-27,GF,French Guiana,,0,98041,0,413
16207,2023-09-03,GF,French Guiana,,0,98041,0,413
16208,2023-09-10,GF,French Guiana,,0,98041,0,413
16209,2023-09-17,GF,French Guiana,,0,98041,0,413
16210,2023-09-24,GF,French Guiana,,0,98041,0,413
16211,2023-10-01,GF,French Guiana,,0,98041,0,413
16212,2023-10-08,GF,French Guiana,,0,98041,0,413
16213,2023-10-15,GF,French Guiana,,0,98041,0,413
16214,2023-10-22,GF,French Guiana,,0,98041,0,413
16215,2023-10-29,GF,French Guiana,,0,98041,0,413
16216,2023-11-05,GF,French Guiana,,0,98041,0,413
16217,2023-11-12,GF,French Guiana,,0,98041,0,413
16218,2023-11-19,GF,French Guiana,,0,98041,0,413
16219,2023-11-26,GF,French Guiana,,0,98041,0,413
16220,2023-12-03,GF,French Guiana,,0,98041,0,413
16221,2023-12-10,GF,French Guiana,,0,98041,0,413
16222,2023-12-17,GF,French Guiana,,0,98041,0,413
16223,2023-12-24,GF,French Guiana,,0,98041,0,413
16224,2020-01-05,PF,French Polynesia,WPRO,0,0,0,0
16225,2020-01-12,PF,French Polynesia,WPRO,0,0,0,0
16226,2020-01-19,PF,French Polynesia,WPRO,0,0,0,0
16227,2020-01-26,PF,French Polynesia,WPRO,0,0,0,0
16228,2020-02-02,PF,French Polynesia,WPRO,0,0,0,0
16229,2020-02-09,PF,French Polynesia,WPRO,0,0,0,0
16230,2020-02-16,PF,French Polynesia,WPRO,0,0,0,0
16231,2020-02-23,PF,French Polynesia,WPRO,0,0,0,0
16232,2020-03-01,PF,French Polynesia,WPRO,0,0,0,0
16233,2020-03-08,PF,French Polynesia,WPRO,0,0,0,0
16234,2020-03-15,PF,French Polynesia,WPRO,3,3,0,0
16235,2020-03-22,PF,French Polynesia,WPRO,15,18,0,0
16236,2020-03-29,PF,French Polynesia,WPRO,17,35,0,0
16237,2020-04-05,PF,French Polynesia,WPRO,5,40,0,0
16238,2020-04-12,PF,French Polynesia,WPRO,11,51,0,0
16239,2020-04-19,PF,French Polynesia,WPRO,4,55,0,0
16240,2020-04-26,PF,French Polynesia,WPRO,2,57,0,0
16241,2020-05-03,PF,French Polynesia,WPRO,1,58,0,0
16242,2020-05-10,PF,French Polynesia,WPRO,2,60,0,0
16243,2020-05-17,PF,French Polynesia,WPRO,0,60,0,0
16244,2020-05-24,PF,French Polynesia,WPRO,0,60,0,0
16245,2020-05-31,PF,French Polynesia,WPRO,0,60,0,0
16246,2020-06-07,PF,French Polynesia,WPRO,0,60,0,0
16247,2020-06-14,PF,French Polynesia,WPRO,0,60,0,0
16248,2020-06-21,PF,French Polynesia,WPRO,0,60,0,0
16249,2020-06-28,PF,French Polynesia,WPRO,2,62,0,0
16250,2020-07-05,PF,French Polynesia,WPRO,0,62,0,0
16251,2020-07-12,PF,French Polynesia,WPRO,0,62,0,0
16252,2020-07-19,PF,French Polynesia,WPRO,0,62,0,0
16253,2020-07-26,PF,French Polynesia,WPRO,0,62,0,0
16254,2020-08-02,PF,French Polynesia,WPRO,0,62,0,0
16255,2020-08-09,PF,French Polynesia,WPRO,7,69,0,0
16256,2020-08-16,PF,French Polynesia,WPRO,97,166,0,0
16257,2020-08-23,PF,French Polynesia,WPRO,132,298,0,0
16258,2020-08-30,PF,French Polynesia,WPRO,184,482,0,0
16259,2020-09-06,PF,French Polynesia,WPRO,238,720,0,0
16260,2020-09-13,PF,French Polynesia,WPRO,300,1020,2,2
16261,2020-09-20,PF,French Polynesia,WPRO,298,1318,0,2
16262,2020-09-27,PF,French Polynesia,WPRO,261,1579,4,6
16263,2020-10-04,PF,French Polynesia,WPRO,447,2026,2,8
16264,2020-10-11,PF,French Polynesia,WPRO,728,2754,2,10
16265,2020-10-18,PF,French Polynesia,WPRO,1043,3797,4,14
16266,2020-10-25,PF,French Polynesia,WPRO,2062,5859,6,20
16267,2020-11-01,PF,French Polynesia,WPRO,1403,7262,9,29
16268,2020-11-08,PF,French Polynesia,WPRO,2733,9995,10,39
16269,2020-11-15,PF,French Polynesia,WPRO,1711,11706,14,53
16270,2020-11-22,PF,French Polynesia,WPRO,1272,12978,10,63
16271,2020-11-29,PF,French Polynesia,WPRO,1118,14096,10,73
16272,2020-12-06,PF,French Polynesia,WPRO,1011,15107,6,79
16273,2020-12-13,PF,French Polynesia,WPRO,511,15618,12,91
16274,2020-12-20,PF,French Polynesia,WPRO,564,16182,12,103
16275,2020-12-27,PF,French Polynesia,WPRO,368,16550,5,108
16276,2021-01-03,PF,French Polynesia,WPRO,376,16926,6,114
16277,2021-01-10,PF,French Polynesia,WPRO,315,17241,8,122
16278,2021-01-17,PF,French Polynesia,WPRO,394,17635,4,126
16279,2021-01-24,PF,French Polynesia,WPRO,217,17852,2,128
16280,2021-01-31,PF,French Polynesia,WPRO,208,18060,3,131
16281,2021-02-07,PF,French Polynesia,WPRO,125,18185,2,133
16282,2021-02-14,PF,French Polynesia,WPRO,78,18263,2,135
16283,2021-02-21,PF,French Polynesia,WPRO,83,18346,2,137
16284,2021-02-28,PF,French Polynesia,WPRO,41,18387,2,139
16285,2021-03-07,PF,French Polynesia,WPRO,72,18459,1,140
16286,2021-03-14,PF,French Polynesia,WPRO,68,18527,1,141
16287,2021-03-21,PF,French Polynesia,WPRO,49,18576,0,141
16288,2021-03-28,PF,French Polynesia,WPRO,31,18607,0,141
16289,2021-04-04,PF,French Polynesia,WPRO,26,18633,0,141
16290,2021-04-11,PF,French Polynesia,WPRO,19,18652,0,141
16291,2021-04-18,PF,French Polynesia,WPRO,44,18696,0,141
16292,2021-04-25,PF,French Polynesia,WPRO,38,18734,0,141
16293,2021-05-02,PF,French Polynesia,WPRO,24,18758,0,141
16294,2021-05-09,PF,French Polynesia,WPRO,32,18790,0,141
16295,2021-05-16,PF,French Polynesia,WPRO,25,18815,0,141
16296,2021-05-23,PF,French Polynesia,WPRO,29,18844,0,141
16297,2021-05-30,PF,French Polynesia,WPRO,16,18860,1,142
16298,2021-06-06,PF,French Polynesia,WPRO,29,18889,0,142
16299,2021-06-13,PF,French Polynesia,WPRO,41,18930,0,142
16300,2021-06-20,PF,French Polynesia,WPRO,33,18963,0,142
16301,2021-06-27,PF,French Polynesia,WPRO,31,18994,0,142
16302,2021-07-04,PF,French Polynesia,WPRO,17,19011,0,142
16303,2021-07-11,PF,French Polynesia,WPRO,15,19026,2,144
16304,2021-07-18,PF,French Polynesia,WPRO,59,19085,0,144
16305,2021-07-25,PF,French Polynesia,WPRO,200,19285,1,145
16306,2021-08-01,PF,French Polynesia,WPRO,763,20048,4,149
16307,2021-08-08,PF,French Polynesia,WPRO,2411,22459,8,157
16308,2021-08-15,PF,French Polynesia,WPRO,5871,28330,31,188
16309,2021-08-22,PF,French Polynesia,WPRO,8042,36372,69,257
16310,2021-08-29,PF,French Polynesia,WPRO,3806,40178,128,385
16311,2021-09-05,PF,French Polynesia,WPRO,1931,42109,95,480
16312,2021-09-12,PF,French Polynesia,WPRO,1602,43711,71,551
16313,2021-09-19,PF,French Polynesia,WPRO,901,44612,42,593
16314,2021-09-26,PF,French Polynesia,WPRO,330,44942,18,611
16315,2021-10-03,PF,French Polynesia,WPRO,239,45181,12,623
16316,2021-10-10,PF,French Polynesia,WPRO,178,45359,3,626
16317,2021-10-17,PF,French Polynesia,WPRO,80,45439,7,633
16318,2021-10-24,PF,French Polynesia,WPRO,67,45506,2,635
16319,2021-10-31,PF,French Polynesia,WPRO,35,45541,1,636
16320,2021-11-07,PF,French Polynesia,WPRO,32,45573,0,636
16321,2021-11-14,PF,French Polynesia,WPRO,28,45601,0,636
16322,2021-11-21,PF,French Polynesia,WPRO,13,45614,0,636
16323,2021-11-28,PF,French Polynesia,WPRO,17,45631,0,636
16324,2021-12-05,PF,French Polynesia,WPRO,693,46324,0,636
16325,2021-12-12,PF,French Polynesia,WPRO,10,46334,0,636
16326,2021-12-19,PF,French Polynesia,WPRO,8,46342,0,636
16327,2021-12-26,PF,French Polynesia,WPRO,40,46382,0,636
16328,2022-01-02,PF,French Polynesia,WPRO,43,46425,0,636
16329,2022-01-09,PF,French Polynesia,WPRO,109,46534,0,636
16330,2022-01-16,PF,French Polynesia,WPRO,598,47132,0,636
16331,2022-01-23,PF,French Polynesia,WPRO,524,47656,0,636
16332,2022-01-30,PF,French Polynesia,WPRO,610,48266,0,636
16333,2022-02-06,PF,French Polynesia,WPRO,1255,49521,0,636
16334,2022-02-13,PF,French Polynesia,WPRO,7137,56658,1,637
16335,2022-02-20,PF,French Polynesia,WPRO,5913,62571,0,637
16336,2022-02-27,PF,French Polynesia,WPRO,4128,66699,2,639
16337,2022-03-06,PF,French Polynesia,WPRO,2276,68975,4,643
16338,2022-03-13,PF,French Polynesia,WPRO,1461,70436,2,645
16339,2022-03-20,PF,French Polynesia,WPRO,1033,71469,0,645
16340,2022-03-27,PF,French Polynesia,WPRO,589,72058,1,646
16341,2022-04-03,PF,French Polynesia,WPRO,328,72386,1,647
16342,2022-04-10,PF,French Polynesia,WPRO,184,72570,1,648
16343,2022-04-17,PF,French Polynesia,WPRO,26,72596,0,648
16344,2022-04-24,PF,French Polynesia,WPRO,82,72678,0,648
16345,2022-05-01,PF,French Polynesia,WPRO,68,72746,0,648
16346,2022-05-08,PF,French Polynesia,WPRO,40,72786,0,648
16347,2022-05-15,PF,French Polynesia,WPRO,50,72836,1,649
16348,2022-05-22,PF,French Polynesia,WPRO,40,72876,0,649
16349,2022-05-29,PF,French Polynesia,WPRO,46,72922,0,649
16350,2022-06-05,PF,French Polynesia,WPRO,92,73014,0,649
16351,2022-06-12,PF,French Polynesia,WPRO,92,73106,0,649
16352,2022-06-19,PF,French Polynesia,WPRO,60,73166,0,649
16353,2022-06-26,PF,French Polynesia,WPRO,102,73268,0,649
16354,2022-07-03,PF,French Polynesia,WPRO,118,73386,0,649
16355,2022-07-10,PF,French Polynesia,WPRO,302,73688,0,649
16356,2022-07-17,PF,French Polynesia,WPRO,425,74113,0,649
16357,2022-07-24,PF,French Polynesia,WPRO,696,74809,0,649
16358,2022-07-31,PF,French Polynesia,WPRO,631,75440,0,649
16359,2022-08-07,PF,French Polynesia,WPRO,518,75958,0,649
16360,2022-08-14,PF,French Polynesia,WPRO,239,76197,0,649
16361,2022-08-21,PF,French Polynesia,WPRO,123,76320,0,649
16362,2022-08-28,PF,French Polynesia,WPRO,119,76439,0,649
16363,2022-09-04,PF,French Polynesia,WPRO,61,76500,0,649
16364,2022-09-11,PF,French Polynesia,WPRO,42,76542,0,649
16365,2022-09-18,PF,French Polynesia,WPRO,36,76578,0,649
16366,2022-09-25,PF,French Polynesia,WPRO,10,76588,0,649
16367,2022-10-02,PF,French Polynesia,WPRO,115,76703,0,649
16368,2022-10-09,PF,French Polynesia,WPRO,3,76706,0,649
16369,2022-10-16,PF,French Polynesia,WPRO,25,76731,0,649
16370,2022-10-23,PF,French Polynesia,WPRO,0,76731,0,649
16371,2022-10-30,PF,French Polynesia,WPRO,27,76758,0,649
16372,2022-11-06,PF,French Polynesia,WPRO,6,76764,0,649
16373,2022-11-13,PF,French Polynesia,WPRO,63,76827,0,649
16374,2022-11-20,PF,French Polynesia,WPRO,0,76827,0,649
16375,2022-11-27,PF,French Polynesia,WPRO,72,76899,0,649
16376,2022-12-04,PF,French Polynesia,WPRO,376,77275,0,649
16377,2022-12-11,PF,French Polynesia,WPRO,429,77704,0,649
16378,2022-12-18,PF,French Polynesia,WPRO,68,77772,0,649
16379,2022-12-25,PF,French Polynesia,WPRO,138,77910,0,649
16380,2023-01-01,PF,French Polynesia,WPRO,47,77957,0,649
16381,2023-01-08,PF,French Polynesia,WPRO,0,77957,0,649
16382,2023-01-15,PF,French Polynesia,WPRO,0,77957,0,649
16383,2023-01-22,PF,French Polynesia,WPRO,0,77957,0,649
16384,2023-01-29,PF,French Polynesia,WPRO,0,77957,0,649
16385,2023-02-05,PF,French Polynesia,WPRO,0,77957,0,649
16386,2023-02-12,PF,French Polynesia,WPRO,0,77957,0,649
16387,2023-02-19,PF,French Polynesia,WPRO,0,77957,0,649
16388,2023-02-26,PF,French Polynesia,WPRO,86,78043,0,649
16389,2023-03-05,PF,French Polynesia,WPRO,12,78055,0,649
16390,2023-03-12,PF,French Polynesia,WPRO,22,78077,0,649
16391,2023-03-19,PF,French Polynesia,WPRO,24,78101,0,649
16392,2023-03-26,PF,French Polynesia,WPRO,52,78153,0,649
16393,2023-04-02,PF,French Polynesia,WPRO,66,78219,0,649
16394,2023-04-09,PF,French Polynesia,WPRO,78,78297,0,649
16395,2023-04-16,PF,French Polynesia,WPRO,81,78378,0,649
16396,2023-04-23,PF,French Polynesia,WPRO,40,78418,0,649
16397,2023-04-30,PF,French Polynesia,WPRO,30,78448,0,649
16398,2023-05-07,PF,French Polynesia,WPRO,70,78518,0,649
16399,2023-05-14,PF,French Polynesia,WPRO,27,78545,0,649
16400,2023-05-21,PF,French Polynesia,WPRO,24,78569,0,649
16401,2023-05-28,PF,French Polynesia,WPRO,12,78581,0,649
16402,2023-06-04,PF,French Polynesia,WPRO,9,78590,0,649
16403,2023-06-11,PF,French Polynesia,WPRO,6,78596,0,649
16404,2023-06-18,PF,French Polynesia,WPRO,4,78600,0,649
16405,2023-06-25,PF,French Polynesia,WPRO,1,78601,0,649
16406,2023-07-02,PF,French Polynesia,WPRO,0,78601,0,649
16407,2023-07-09,PF,French Polynesia,WPRO,12,78613,0,649
16408,2023-07-16,PF,French Polynesia,WPRO,2,78615,0,649
16409,2023-07-23,PF,French Polynesia,WPRO,1,78616,0,649
16410,2023-07-30,PF,French Polynesia,WPRO,1,78617,0,649
16411,2023-08-06,PF,French Polynesia,WPRO,0,78617,0,649
16412,2023-08-13,PF,French Polynesia,WPRO,2,78619,0,649
16413,2023-08-20,PF,French Polynesia,WPRO,2,78621,0,649
16414,2023-08-27,PF,French Polynesia,WPRO,2,78623,0,649
16415,2023-09-03,PF,French Polynesia,WPRO,2,78625,0,649
16416,2023-09-10,PF,French Polynesia,WPRO,0,78625,0,649
16417,2023-09-17,PF,French Polynesia,WPRO,2,78627,0,649
16418,2023-09-24,PF,French Polynesia,WPRO,5,78632,0,649
16419,2023-10-01,PF,French Polynesia,WPRO,0,78632,0,649
16420,2023-10-08,PF,French Polynesia,WPRO,7,78639,0,649
16421,2023-10-15,PF,French Polynesia,WPRO,3,78642,0,649
16422,2023-10-22,PF,French Polynesia,WPRO,7,78649,0,649
16423,2023-10-29,PF,French Polynesia,WPRO,4,78653,0,649
16424,2023-11-05,PF,French Polynesia,WPRO,6,78659,0,649
16425,2023-11-12,PF,French Polynesia,WPRO,11,78670,0,649
16426,2023-11-19,PF,French Polynesia,WPRO,30,78700,0,649
16427,2023-11-26,PF,French Polynesia,WPRO,0,78700,0,649
16428,2023-12-03,PF,French Polynesia,WPRO,0,78700,0,649
16429,2023-12-10,PF,French Polynesia,WPRO,0,78700,0,649
16430,2023-12-17,PF,French Polynesia,WPRO,0,78700,0,649
16431,2023-12-24,PF,French Polynesia,WPRO,0,78700,0,649
16432,2020-01-05,GA,Gabon,AFRO,0,0,0,0
16433,2020-01-12,GA,Gabon,AFRO,0,0,0,0
16434,2020-01-19,GA,Gabon,AFRO,0,0,0,0
16435,2020-01-26,GA,Gabon,AFRO,0,0,0,0
16436,2020-02-02,GA,Gabon,AFRO,0,0,0,0
16437,2020-02-09,GA,Gabon,AFRO,0,0,0,0
16438,2020-02-16,GA,Gabon,AFRO,0,0,0,0
16439,2020-02-23,GA,Gabon,AFRO,0,0,0,0
16440,2020-03-01,GA,Gabon,AFRO,0,0,0,0
16441,2020-03-08,GA,Gabon,AFRO,0,0,0,0
16442,2020-03-15,GA,Gabon,AFRO,1,1,0,0
16443,2020-03-22,GA,Gabon,AFRO,5,6,0,0
16444,2020-03-29,GA,Gabon,AFRO,1,7,0,0
16445,2020-04-05,GA,Gabon,AFRO,14,21,3,3
16446,2020-04-12,GA,Gabon,AFRO,29,50,0,3
16447,2020-04-19,GA,Gabon,AFRO,60,110,0,3
16448,2020-04-26,GA,Gabon,AFRO,67,177,2,5
16449,2020-05-03,GA,Gabon,AFRO,159,336,2,7
16450,2020-05-10,GA,Gabon,AFRO,325,661,1,8
16451,2020-05-17,GA,Gabon,AFRO,659,1320,3,11
16452,2020-05-24,GA,Gabon,AFRO,614,1934,1,12
16453,2020-05-31,GA,Gabon,AFRO,721,2655,5,17
16454,2020-06-07,GA,Gabon,AFRO,446,3101,4,21
16455,2020-06-14,GA,Gabon,AFRO,362,3463,2,23
16456,2020-06-21,GA,Gabon,AFRO,965,4428,11,34
16457,2020-06-28,GA,Gabon,AFRO,781,5209,6,40
16458,2020-07-05,GA,Gabon,AFRO,411,5620,4,44
16459,2020-07-12,GA,Gabon,AFRO,322,5942,2,46
16460,2020-07-19,GA,Gabon,AFRO,373,6315,0,46
16461,2020-07-26,GA,Gabon,AFRO,669,6984,3,49
16462,2020-08-02,GA,Gabon,AFRO,547,7531,1,50
16463,2020-08-09,GA,Gabon,AFRO,392,7923,1,51
16464,2020-08-16,GA,Gabon,AFRO,302,8225,0,51
16465,2020-08-23,GA,Gabon,AFRO,163,8388,2,53
16466,2020-08-30,GA,Gabon,AFRO,117,8505,0,53
16467,2020-09-06,GA,Gabon,AFRO,96,8601,0,53
16468,2020-09-13,GA,Gabon,AFRO,42,8643,0,53
16469,2020-09-20,GA,Gabon,AFRO,53,8696,0,53
16470,2020-09-27,GA,Gabon,AFRO,32,8728,1,54
16471,2020-10-04,GA,Gabon,AFRO,69,8797,0,54
16472,2020-10-11,GA,Gabon,AFRO,18,8815,0,54
16473,2020-10-18,GA,Gabon,AFRO,66,8881,0,54
16474,2020-10-25,GA,Gabon,AFRO,38,8919,0,54
16475,2020-11-01,GA,Gabon,AFRO,49,8968,1,55
16476,2020-11-08,GA,Gabon,AFRO,54,9022,0,55
16477,2020-11-15,GA,Gabon,AFRO,40,9062,3,58
16478,2020-11-22,GA,Gabon,AFRO,69,9131,1,59
16479,2020-11-29,GA,Gabon,AFRO,60,9191,0,59
16480,2020-12-06,GA,Gabon,AFRO,63,9254,1,60
16481,2020-12-13,GA,Gabon,AFRO,76,9330,3,63
16482,2020-12-20,GA,Gabon,AFRO,70,9400,1,64
16483,2020-12-27,GA,Gabon,AFRO,97,9497,0,64
16484,2021-01-03,GA,Gabon,AFRO,74,9571,0,64
16485,2021-01-10,GA,Gabon,AFRO,123,9694,2,66
16486,2021-01-17,GA,Gabon,AFRO,205,9899,0,66
16487,2021-01-24,GA,Gabon,AFRO,379,10278,1,67
16488,2021-01-31,GA,Gabon,AFRO,470,10748,1,68
16489,2021-02-07,GA,Gabon,AFRO,709,11457,3,71
16490,2021-02-14,GA,Gabon,AFRO,1120,12577,2,73
16491,2021-02-21,GA,Gabon,AFRO,976,13553,2,75
16492,2021-02-28,GA,Gabon,AFRO,1011,14564,8,83
16493,2021-03-07,GA,Gabon,AFRO,953,15517,7,90
16494,2021-03-14,GA,Gabon,AFRO,1143,16660,6,96
16495,2021-03-21,GA,Gabon,AFRO,637,17297,9,105
16496,2021-03-28,GA,Gabon,AFRO,1129,18426,4,109
16497,2021-04-04,GA,Gabon,AFRO,1437,19863,10,119
16498,2021-04-11,GA,Gabon,AFRO,773,20636,8,127
16499,2021-04-18,GA,Gabon,AFRO,1222,21858,6,133
16500,2021-04-25,GA,Gabon,AFRO,575,22433,5,138
16501,2021-05-02,GA,Gabon,AFRO,642,23075,1,139
16502,2021-05-09,GA,Gabon,AFRO,357,23432,4,143
16503,2021-05-16,GA,Gabon,AFRO,367,23799,0,143
16504,2021-05-23,GA,Gabon,AFRO,308,24107,4,147
16505,2021-05-30,GA,Gabon,AFRO,258,24365,3,150
16506,2021-06-06,GA,Gabon,AFRO,226,24591,4,154
16507,2021-06-13,GA,Gabon,AFRO,145,24736,2,156
16508,2021-06-20,GA,Gabon,AFRO,0,24736,0,156
16509,2021-06-27,GA,Gabon,AFRO,248,24984,3,159
16510,2021-07-04,GA,Gabon,AFRO,92,25076,0,159
16511,2021-07-11,GA,Gabon,AFRO,88,25164,3,162
16512,2021-07-18,GA,Gabon,AFRO,96,25260,0,162
16513,2021-07-25,GA,Gabon,AFRO,65,25325,1,163
16514,2021-08-01,GA,Gabon,AFRO,59,25384,1,164
16515,2021-08-08,GA,Gabon,AFRO,78,25462,1,165
16516,2021-08-15,GA,Gabon,AFRO,102,25564,0,165
16517,2021-08-22,GA,Gabon,AFRO,103,25667,0,165
16518,2021-08-29,GA,Gabon,AFRO,152,25819,0,165
16519,2021-09-05,GA,Gabon,AFRO,260,26079,2,167
16520,2021-09-12,GA,Gabon,AFRO,559,26638,3,170
16521,2021-09-19,GA,Gabon,AFRO,1005,27643,5,175
16522,2021-09-26,GA,Gabon,AFRO,1483,29126,3,178
16523,2021-10-03,GA,Gabon,AFRO,1522,30648,12,190
16524,2021-10-10,GA,Gabon,AFRO,1487,32135,11,201
16525,2021-10-17,GA,Gabon,AFRO,1307,33442,12,213
16526,2021-10-24,GA,Gabon,AFRO,1159,34601,11,224
16527,2021-10-31,GA,Gabon,AFRO,924,35525,15,239
16528,2021-11-07,GA,Gabon,AFRO,669,36194,15,254
16529,2021-11-14,GA,Gabon,AFRO,498,36692,12,266
16530,2021-11-21,GA,Gabon,AFRO,353,37045,7,273
16531,2021-11-28,GA,Gabon,AFRO,253,37298,6,279
16532,2021-12-05,GA,Gabon,AFRO,44,37342,0,279
16533,2021-12-12,GA,Gabon,AFRO,249,37591,3,282
16534,2021-12-19,GA,Gabon,AFRO,152,37743,3,285
16535,2021-12-26,GA,Gabon,AFRO,1127,38870,2,287
16536,2022-01-02,GA,Gabon,AFRO,2928,41798,1,288
16537,2022-01-09,GA,Gabon,AFRO,2141,43939,7,295
16538,2022-01-16,GA,Gabon,AFRO,1213,45152,2,297
16539,2022-01-23,GA,Gabon,AFRO,1046,46198,3,300
16540,2022-01-30,GA,Gabon,AFRO,524,46722,1,301
16541,2022-02-06,GA,Gabon,AFRO,426,47148,0,301
16542,2022-02-13,GA,Gabon,AFRO,251,47399,1,302
16543,2022-02-20,GA,Gabon,AFRO,85,47484,1,303
16544,2022-02-27,GA,Gabon,AFRO,50,47534,0,303
16545,2022-03-06,GA,Gabon,AFRO,25,47559,0,303
16546,2022-03-13,GA,Gabon,AFRO,5,47564,0,303
16547,2022-03-20,GA,Gabon,AFRO,6,47570,0,303
16548,2022-03-27,GA,Gabon,AFRO,14,47584,0,303
16549,2022-04-03,GA,Gabon,AFRO,2,47586,0,303
16550,2022-04-10,GA,Gabon,AFRO,5,47591,0,303
16551,2022-04-17,GA,Gabon,AFRO,3,47594,0,303
16552,2022-04-24,GA,Gabon,AFRO,3,47597,0,303
16553,2022-05-01,GA,Gabon,AFRO,5,47602,1,304
16554,2022-05-08,GA,Gabon,AFRO,0,47602,0,304
16555,2022-05-15,GA,Gabon,AFRO,6,47608,0,304
16556,2022-05-22,GA,Gabon,AFRO,14,47622,0,304
16557,2022-05-29,GA,Gabon,AFRO,28,47650,0,304
16558,2022-06-05,GA,Gabon,AFRO,27,47677,0,304
16559,2022-06-12,GA,Gabon,AFRO,34,47711,0,304
16560,2022-06-19,GA,Gabon,AFRO,31,47742,0,304
16561,2022-06-26,GA,Gabon,AFRO,82,47824,1,305
16562,2022-07-03,GA,Gabon,AFRO,115,47939,0,305
16563,2022-07-10,GA,Gabon,AFRO,218,48157,0,305
16564,2022-07-17,GA,Gabon,AFRO,132,48289,1,306
16565,2022-07-24,GA,Gabon,AFRO,128,48417,0,306
16566,2022-07-31,GA,Gabon,AFRO,94,48511,0,306
16567,2022-08-07,GA,Gabon,AFRO,81,48592,0,306
16568,2022-08-14,GA,Gabon,AFRO,43,48635,0,306
16569,2022-08-21,GA,Gabon,AFRO,0,48635,0,306
16570,2022-08-28,GA,Gabon,AFRO,14,48649,0,306
16571,2022-09-04,GA,Gabon,AFRO,6,48655,0,306
16572,2022-09-11,GA,Gabon,AFRO,13,48668,0,306
16573,2022-09-18,GA,Gabon,AFRO,14,48682,0,306
16574,2022-09-25,GA,Gabon,AFRO,9,48691,0,306
16575,2022-10-02,GA,Gabon,AFRO,22,48713,0,306
16576,2022-10-09,GA,Gabon,AFRO,59,48772,0,306
16577,2022-10-16,GA,Gabon,AFRO,38,48810,0,306
16578,2022-10-23,GA,Gabon,AFRO,104,48914,0,306
16579,2022-10-30,GA,Gabon,AFRO,31,48945,0,306
16580,2022-11-06,GA,Gabon,AFRO,14,48959,0,306
16581,2022-11-13,GA,Gabon,AFRO,0,48959,0,306
16582,2022-11-20,GA,Gabon,AFRO,13,48972,0,306
16583,2022-11-27,GA,Gabon,AFRO,1,48973,0,306
16584,2022-12-04,GA,Gabon,AFRO,0,48973,0,306
16585,2022-12-11,GA,Gabon,AFRO,0,48973,0,306
16586,2022-12-18,GA,Gabon,AFRO,3,48976,0,306
16587,2022-12-25,GA,Gabon,AFRO,3,48979,0,306
16588,2023-01-01,GA,Gabon,AFRO,1,48980,0,306
16589,2023-01-08,GA,Gabon,AFRO,0,48980,0,306
16590,2023-01-15,GA,Gabon,AFRO,0,48980,0,306
16591,2023-01-22,GA,Gabon,AFRO,1,48981,0,306
16592,2023-01-29,GA,Gabon,AFRO,0,48981,0,306
16593,2023-02-05,GA,Gabon,AFRO,0,48981,0,306
16594,2023-02-12,GA,Gabon,AFRO,0,48981,0,306
16595,2023-02-19,GA,Gabon,AFRO,0,48981,0,306
16596,2023-02-26,GA,Gabon,AFRO,0,48981,0,306
16597,2023-03-05,GA,Gabon,AFRO,0,48981,0,306
16598,2023-03-12,GA,Gabon,AFRO,0,48981,0,306
16599,2023-03-19,GA,Gabon,AFRO,0,48981,0,306
16600,2023-03-26,GA,Gabon,AFRO,0,48981,0,306
16601,2023-04-02,GA,Gabon,AFRO,0,48981,0,306
16602,2023-04-09,GA,Gabon,AFRO,11,48992,1,307
16603,2023-04-16,GA,Gabon,AFRO,0,48992,0,307
16604,2023-04-23,GA,Gabon,AFRO,0,48992,0,307
16605,2023-04-30,GA,Gabon,AFRO,0,48992,0,307
16606,2023-05-07,GA,Gabon,AFRO,0,48992,0,307
16607,2023-05-14,GA,Gabon,AFRO,0,48992,0,307
16608,2023-05-21,GA,Gabon,AFRO,0,48992,0,307
16609,2023-05-28,GA,Gabon,AFRO,0,48992,0,307
16610,2023-06-04,GA,Gabon,AFRO,0,48992,0,307
16611,2023-06-11,GA,Gabon,AFRO,0,48992,0,307
16612,2023-06-18,GA,Gabon,AFRO,0,48992,0,307
16613,2023-06-25,GA,Gabon,AFRO,0,48992,0,307
16614,2023-07-02,GA,Gabon,AFRO,0,48992,0,307
16615,2023-07-09,GA,Gabon,AFRO,0,48992,0,307
16616,2023-07-16,GA,Gabon,AFRO,0,48992,0,307
16617,2023-07-23,GA,Gabon,AFRO,0,48992,0,307
16618,2023-07-30,GA,Gabon,AFRO,0,48992,0,307
16619,2023-08-06,GA,Gabon,AFRO,0,48992,0,307
16620,2023-08-13,GA,Gabon,AFRO,0,48992,0,307
16621,2023-08-20,GA,Gabon,AFRO,0,48992,0,307
16622,2023-08-27,GA,Gabon,AFRO,0,48992,0,307
16623,2023-09-03,GA,Gabon,AFRO,0,48992,0,307
16624,2023-09-10,GA,Gabon,AFRO,0,48992,0,307
16625,2023-09-17,GA,Gabon,AFRO,0,48992,0,307
16626,2023-09-24,GA,Gabon,AFRO,0,48992,0,307
16627,2023-10-01,GA,Gabon,AFRO,0,48992,0,307
16628,2023-10-08,GA,Gabon,AFRO,1,48993,0,307
16629,2023-10-15,GA,Gabon,AFRO,2,48995,0,307
16630,2023-10-22,GA,Gabon,AFRO,0,48995,0,307
16631,2023-10-29,GA,Gabon,AFRO,0,48995,0,307
16632,2023-11-05,GA,Gabon,AFRO,12,49007,0,307
16633,2023-11-12,GA,Gabon,AFRO,10,49017,0,307
16634,2023-11-19,GA,Gabon,AFRO,32,49049,0,307
16635,2023-11-26,GA,Gabon,AFRO,0,49049,0,307
16636,2023-12-03,GA,Gabon,AFRO,0,49049,0,307
16637,2023-12-10,GA,Gabon,AFRO,2,49051,0,307
16638,2023-12-17,GA,Gabon,AFRO,0,49051,0,307
16639,2023-12-24,GA,Gabon,AFRO,0,49051,0,307
16640,2020-01-05,GM,Gambia,AFRO,0,0,0,0
16641,2020-01-12,GM,Gambia,AFRO,0,0,0,0
16642,2020-01-19,GM,Gambia,AFRO,0,0,0,0
16643,2020-01-26,GM,Gambia,AFRO,0,0,0,0
16644,2020-02-02,GM,Gambia,AFRO,0,0,0,0
16645,2020-02-09,GM,Gambia,AFRO,0,0,0,0
16646,2020-02-16,GM,Gambia,AFRO,0,0,0,0
16647,2020-02-23,GM,Gambia,AFRO,0,0,0,0
16648,2020-03-01,GM,Gambia,AFRO,0,0,0,0
16649,2020-03-08,GM,Gambia,AFRO,0,0,0,0
16650,2020-03-15,GM,Gambia,AFRO,0,0,0,0
16651,2020-03-22,GM,Gambia,AFRO,1,1,0,0
16652,2020-03-29,GM,Gambia,AFRO,2,3,0,0
16653,2020-04-05,GM,Gambia,AFRO,1,4,0,0
16654,2020-04-12,GM,Gambia,AFRO,5,9,0,0
16655,2020-04-19,GM,Gambia,AFRO,0,9,0,0
16656,2020-04-26,GM,Gambia,AFRO,1,10,0,0
16657,2020-05-03,GM,Gambia,AFRO,7,17,0,0
16658,2020-05-10,GM,Gambia,AFRO,3,20,0,0
16659,2020-05-17,GM,Gambia,AFRO,4,24,0,0
16660,2020-05-24,GM,Gambia,AFRO,1,25,0,0
16661,2020-05-31,GM,Gambia,AFRO,0,25,0,0
16662,2020-06-07,GM,Gambia,AFRO,1,26,0,0
16663,2020-06-14,GM,Gambia,AFRO,2,28,0,0
16664,2020-06-21,GM,Gambia,AFRO,9,37,0,0
16665,2020-06-28,GM,Gambia,AFRO,8,45,0,0
16666,2020-07-05,GM,Gambia,AFRO,12,57,0,0
16667,2020-07-12,GM,Gambia,AFRO,7,64,0,0
16668,2020-07-19,GM,Gambia,AFRO,48,112,0,0
16669,2020-07-26,GM,Gambia,AFRO,165,277,0,0
16670,2020-08-02,GM,Gambia,AFRO,207,484,0,0
16671,2020-08-09,GM,Gambia,AFRO,848,1332,0,0
16672,2020-08-16,GM,Gambia,AFRO,526,1858,0,0
16673,2020-08-23,GM,Gambia,AFRO,727,2585,0,0
16674,2020-08-30,GM,Gambia,AFRO,378,2963,0,0
16675,2020-09-06,GM,Gambia,AFRO,233,3196,0,0
16676,2020-09-13,GM,Gambia,AFRO,209,3405,0,0
16677,2020-09-20,GM,Gambia,AFRO,121,3526,0,0
16678,2020-09-27,GM,Gambia,AFRO,43,3569,0,0
16679,2020-10-04,GM,Gambia,AFRO,25,3594,115,115
16680,2020-10-11,GM,Gambia,AFRO,38,3632,2,117
16681,2020-10-18,GM,Gambia,AFRO,17,3649,1,118
16682,2020-10-25,GM,Gambia,AFRO,11,3660,1,119
16683,2020-11-01,GM,Gambia,AFRO,12,3672,0,119
16684,2020-11-08,GM,Gambia,AFRO,12,3684,2,121
16685,2020-11-15,GM,Gambia,AFRO,18,3702,1,122
16686,2020-11-22,GM,Gambia,AFRO,24,3726,1,123
16687,2020-11-29,GM,Gambia,AFRO,8,3734,0,123
16688,2020-12-06,GM,Gambia,AFRO,36,3770,0,123
16689,2020-12-13,GM,Gambia,AFRO,12,3782,0,123
16690,2020-12-20,GM,Gambia,AFRO,6,3788,0,123
16691,2020-12-27,GM,Gambia,AFRO,4,3792,0,123
16692,2021-01-03,GM,Gambia,AFRO,10,3802,1,124
16693,2021-01-10,GM,Gambia,AFRO,55,3857,1,125
16694,2021-01-17,GM,Gambia,AFRO,53,3910,3,128
16695,2021-01-24,GM,Gambia,AFRO,62,3972,0,128
16696,2021-01-31,GM,Gambia,AFRO,118,4090,0,128
16697,2021-02-07,GM,Gambia,AFRO,147,4237,6,134
16698,2021-02-14,GM,Gambia,AFRO,177,4414,4,138
16699,2021-02-21,GM,Gambia,AFRO,140,4554,6,144
16700,2021-02-28,GM,Gambia,AFRO,158,4712,6,150
16701,2021-03-07,GM,Gambia,AFRO,80,4792,3,153
16702,2021-03-14,GM,Gambia,AFRO,227,5019,0,153
16703,2021-03-21,GM,Gambia,AFRO,236,5255,8,161
16704,2021-03-28,GM,Gambia,AFRO,165,5420,3,164
16705,2021-04-04,GM,Gambia,AFRO,85,5505,2,166
16706,2021-04-11,GM,Gambia,AFRO,97,5602,2,168
16707,2021-04-18,GM,Gambia,AFRO,131,5733,2,170
16708,2021-04-25,GM,Gambia,AFRO,124,5857,3,173
16709,2021-05-02,GM,Gambia,AFRO,44,5901,2,175
16710,2021-05-09,GM,Gambia,AFRO,28,5929,0,175
16711,2021-05-16,GM,Gambia,AFRO,17,5946,0,175
16712,2021-05-23,GM,Gambia,AFRO,32,5978,3,178
16713,2021-05-30,GM,Gambia,AFRO,15,5993,1,179
16714,2021-06-06,GM,Gambia,AFRO,9,6002,0,179
16715,2021-06-13,GM,Gambia,AFRO,14,6016,1,180
16716,2021-06-20,GM,Gambia,AFRO,29,6045,1,181
16717,2021-06-27,GM,Gambia,AFRO,24,6069,0,181
16718,2021-07-04,GM,Gambia,AFRO,47,6116,1,182
16719,2021-07-11,GM,Gambia,AFRO,212,6328,3,185
16720,2021-07-18,GM,Gambia,AFRO,592,6920,5,190
16721,2021-07-25,GM,Gambia,AFRO,413,7333,18,208
16722,2021-08-01,GM,Gambia,AFRO,963,8296,19,227
16723,2021-08-08,GM,Gambia,AFRO,467,8763,18,245
16724,2021-08-15,GM,Gambia,AFRO,432,9195,26,271
16725,2021-08-22,GM,Gambia,AFRO,275,9470,30,301
16726,2021-08-29,GM,Gambia,AFRO,228,9698,18,319
16727,2021-09-05,GM,Gambia,AFRO,91,9789,9,328
16728,2021-09-12,GM,Gambia,AFRO,59,9848,0,328
16729,2021-09-19,GM,Gambia,AFRO,40,9888,4,332
16730,2021-09-26,GM,Gambia,AFRO,42,9930,3,335
16731,2021-10-03,GM,Gambia,AFRO,5,9935,3,338
16732,2021-10-10,GM,Gambia,AFRO,8,9943,1,339
16733,2021-10-17,GM,Gambia,AFRO,3,9946,0,339
16734,2021-10-24,GM,Gambia,AFRO,16,9962,1,340
16735,2021-10-31,GM,Gambia,AFRO,5,9967,0,340
16736,2021-11-07,GM,Gambia,AFRO,12,9979,1,341
16737,2021-11-14,GM,Gambia,AFRO,7,9986,0,341
16738,2021-11-21,GM,Gambia,AFRO,2,9988,1,342
16739,2021-11-28,GM,Gambia,AFRO,4,9992,0,342
16740,2021-12-05,GM,Gambia,AFRO,6,9998,0,342
16741,2021-12-12,GM,Gambia,AFRO,47,10045,0,342
16742,2021-12-19,GM,Gambia,AFRO,33,10078,0,342
16743,2021-12-26,GM,Gambia,AFRO,58,10136,0,342
16744,2022-01-02,GM,Gambia,AFRO,358,10494,1,343
16745,2022-01-09,GM,Gambia,AFRO,748,11242,1,344
16746,2022-01-16,GM,Gambia,AFRO,330,11572,3,347
16747,2022-01-23,GM,Gambia,AFRO,270,11842,15,362
16748,2022-01-30,GM,Gambia,AFRO,21,11863,2,364
16749,2022-02-06,GM,Gambia,AFRO,17,11880,0,364
16750,2022-02-13,GM,Gambia,AFRO,31,11911,1,365
16751,2022-02-20,GM,Gambia,AFRO,13,11924,0,365
16752,2022-02-27,GM,Gambia,AFRO,15,11939,0,365
16753,2022-03-06,GM,Gambia,AFRO,17,11956,0,365
16754,2022-03-13,GM,Gambia,AFRO,17,11973,0,365
16755,2022-03-20,GM,Gambia,AFRO,5,11978,0,365
16756,2022-03-27,GM,Gambia,AFRO,10,11988,0,365
16757,2022-04-03,GM,Gambia,AFRO,2,11990,0,365
16758,2022-04-10,GM,Gambia,AFRO,0,11990,0,365
16759,2022-04-17,GM,Gambia,AFRO,4,11994,0,365
16760,2022-04-24,GM,Gambia,AFRO,1,11995,0,365
16761,2022-05-01,GM,Gambia,AFRO,1,11996,0,365
16762,2022-05-08,GM,Gambia,AFRO,0,11996,0,365
16763,2022-05-15,GM,Gambia,AFRO,3,11999,0,365
16764,2022-05-22,GM,Gambia,AFRO,3,12002,0,365
16765,2022-05-29,GM,Gambia,AFRO,1,12003,0,365
16766,2022-06-05,GM,Gambia,AFRO,2,12005,0,365
16767,2022-06-12,GM,Gambia,AFRO,2,12007,0,365
16768,2022-06-19,GM,Gambia,AFRO,2,12009,0,365
16769,2022-06-26,GM,Gambia,AFRO,0,12009,0,365
16770,2022-07-03,GM,Gambia,AFRO,0,12009,0,365
16771,2022-07-10,GM,Gambia,AFRO,0,12009,0,365
16772,2022-07-17,GM,Gambia,AFRO,39,12048,3,368
16773,2022-07-24,GM,Gambia,AFRO,43,12091,0,368
16774,2022-07-31,GM,Gambia,AFRO,58,12149,0,368
16775,2022-08-07,GM,Gambia,AFRO,89,12238,0,368
16776,2022-08-14,GM,Gambia,AFRO,73,12311,3,371
16777,2022-08-21,GM,Gambia,AFRO,34,12345,0,371
16778,2022-08-28,GM,Gambia,AFRO,35,12380,0,371
16779,2022-09-04,GM,Gambia,AFRO,27,12407,0,371
16780,2022-09-11,GM,Gambia,AFRO,8,12415,1,372
16781,2022-09-18,GM,Gambia,AFRO,0,12415,0,372
16782,2022-09-25,GM,Gambia,AFRO,27,12442,0,372
16783,2022-10-02,GM,Gambia,AFRO,0,12442,0,372
16784,2022-10-09,GM,Gambia,AFRO,0,12442,0,372
16785,2022-10-16,GM,Gambia,AFRO,0,12442,0,372
16786,2022-10-23,GM,Gambia,AFRO,0,12442,0,372
16787,2022-10-30,GM,Gambia,AFRO,121,12563,0,372
16788,2022-11-06,GM,Gambia,AFRO,23,12586,0,372
16789,2022-11-13,GM,Gambia,AFRO,0,12586,0,372
16790,2022-11-20,GM,Gambia,AFRO,0,12586,0,372
16791,2022-11-27,GM,Gambia,AFRO,0,12586,0,372
16792,2022-12-04,GM,Gambia,AFRO,0,12586,0,372
16793,2022-12-11,GM,Gambia,AFRO,0,12586,0,372
16794,2022-12-18,GM,Gambia,AFRO,0,12586,0,372
16795,2022-12-25,GM,Gambia,AFRO,0,12586,0,372
16796,2023-01-01,GM,Gambia,AFRO,0,12586,0,372
16797,2023-01-08,GM,Gambia,AFRO,0,12586,0,372
16798,2023-01-15,GM,Gambia,AFRO,0,12586,0,372
16799,2023-01-22,GM,Gambia,AFRO,0,12586,0,372
16800,2023-01-29,GM,Gambia,AFRO,0,12586,0,372
16801,2023-02-05,GM,Gambia,AFRO,7,12593,0,372
16802,2023-02-12,GM,Gambia,AFRO,0,12593,0,372
16803,2023-02-19,GM,Gambia,AFRO,1,12594,0,372
16804,2023-02-26,GM,Gambia,AFRO,2,12596,0,372
16805,2023-03-05,GM,Gambia,AFRO,2,12598,0,372
16806,2023-03-12,GM,Gambia,AFRO,3,12601,0,372
16807,2023-03-19,GM,Gambia,AFRO,5,12606,0,372
16808,2023-03-26,GM,Gambia,AFRO,0,12606,0,372
16809,2023-04-02,GM,Gambia,AFRO,16,12622,0,372
16810,2023-04-09,GM,Gambia,AFRO,0,12622,0,372
16811,2023-04-16,GM,Gambia,AFRO,4,12626,0,372
16812,2023-04-23,GM,Gambia,AFRO,0,12626,0,372
16813,2023-04-30,GM,Gambia,AFRO,0,12626,0,372
16814,2023-05-07,GM,Gambia,AFRO,0,12626,0,372
16815,2023-05-14,GM,Gambia,AFRO,0,12626,0,372
16816,2023-05-21,GM,Gambia,AFRO,0,12626,0,372
16817,2023-05-28,GM,Gambia,AFRO,0,12626,0,372
16818,2023-06-04,GM,Gambia,AFRO,0,12626,0,372
16819,2023-06-11,GM,Gambia,AFRO,0,12626,0,372
16820,2023-06-18,GM,Gambia,AFRO,0,12626,0,372
16821,2023-06-25,GM,Gambia,AFRO,0,12626,0,372
16822,2023-07-02,GM,Gambia,AFRO,0,12626,0,372
16823,2023-07-09,GM,Gambia,AFRO,0,12626,0,372
16824,2023-07-16,GM,Gambia,AFRO,0,12626,0,372
16825,2023-07-23,GM,Gambia,AFRO,0,12626,0,372
16826,2023-07-30,GM,Gambia,AFRO,0,12626,0,372
16827,2023-08-06,GM,Gambia,AFRO,0,12626,0,372
16828,2023-08-13,GM,Gambia,AFRO,0,12626,0,372
16829,2023-08-20,GM,Gambia,AFRO,0,12626,0,372
16830,2023-08-27,GM,Gambia,AFRO,0,12626,0,372
16831,2023-09-03,GM,Gambia,AFRO,0,12626,0,372
16832,2023-09-10,GM,Gambia,AFRO,0,12626,0,372
16833,2023-09-17,GM,Gambia,AFRO,0,12626,0,372
16834,2023-09-24,GM,Gambia,AFRO,0,12626,0,372
16835,2023-10-01,GM,Gambia,AFRO,0,12626,0,372
16836,2023-10-08,GM,Gambia,AFRO,0,12626,0,372
16837,2023-10-15,GM,Gambia,AFRO,0,12626,0,372
16838,2023-10-22,GM,Gambia,AFRO,0,12626,0,372
16839,2023-10-29,GM,Gambia,AFRO,0,12626,0,372
16840,2023-11-05,GM,Gambia,AFRO,0,12626,0,372
16841,2023-11-12,GM,Gambia,AFRO,0,12626,0,372
16842,2023-11-19,GM,Gambia,AFRO,0,12626,0,372
16843,2023-11-26,GM,Gambia,AFRO,0,12626,0,372
16844,2023-12-03,GM,Gambia,AFRO,0,12626,0,372
16845,2023-12-10,GM,Gambia,AFRO,0,12626,0,372
16846,2023-12-17,GM,Gambia,AFRO,0,12626,0,372
16847,2023-12-24,GM,Gambia,AFRO,0,12626,0,372
16848,2020-01-05,GE,Georgia,EURO,0,0,0,0
16849,2020-01-12,GE,Georgia,EURO,0,0,0,0
16850,2020-01-19,GE,Georgia,EURO,0,0,0,0
16851,2020-01-26,GE,Georgia,EURO,0,0,0,0
16852,2020-02-02,GE,Georgia,EURO,0,0,0,0
16853,2020-02-09,GE,Georgia,EURO,0,0,0,0
16854,2020-02-16,GE,Georgia,EURO,0,0,0,0
16855,2020-02-23,GE,Georgia,EURO,0,0,0,0
16856,2020-03-01,GE,Georgia,EURO,3,3,0,0
16857,2020-03-08,GE,Georgia,EURO,9,12,0,0
16858,2020-03-15,GE,Georgia,EURO,18,30,0,0
16859,2020-03-22,GE,Georgia,EURO,24,54,0,0
16860,2020-03-29,GE,Georgia,EURO,44,98,0,0
16861,2020-04-05,GE,Georgia,EURO,72,170,1,1
16862,2020-04-12,GE,Georgia,EURO,82,252,2,3
16863,2020-04-19,GE,Georgia,EURO,142,394,1,4
16864,2020-04-26,GE,Georgia,EURO,91,485,1,5
16865,2020-05-03,GE,Georgia,EURO,104,589,3,8
16866,2020-05-10,GE,Georgia,EURO,46,635,2,10
16867,2020-05-17,GE,Georgia,EURO,60,695,2,12
16868,2020-05-24,GE,Georgia,EURO,35,730,0,12
16869,2020-05-31,GE,Georgia,EURO,53,783,0,12
16870,2020-06-07,GE,Georgia,EURO,26,809,1,13
16871,2020-06-14,GE,Georgia,EURO,55,864,1,14
16872,2020-06-21,GE,Georgia,EURO,42,906,0,14
16873,2020-06-28,GE,Georgia,EURO,18,924,1,15
16874,2020-07-05,GE,Georgia,EURO,27,951,0,15
16875,2020-07-12,GE,Georgia,EURO,35,986,0,15
16876,2020-07-19,GE,Georgia,EURO,42,1028,0,15
16877,2020-07-26,GE,Georgia,EURO,103,1131,1,16
16878,2020-08-02,GE,Georgia,EURO,46,1177,1,17
16879,2020-08-09,GE,Georgia,EURO,48,1225,0,17
16880,2020-08-16,GE,Georgia,EURO,111,1336,0,17
16881,2020-08-23,GE,Georgia,EURO,75,1411,0,17
16882,2020-08-30,GE,Georgia,EURO,58,1469,2,19
16883,2020-09-06,GE,Georgia,EURO,181,1650,0,19
16884,2020-09-13,GE,Georgia,EURO,577,2227,0,19
16885,2020-09-20,GE,Georgia,EURO,1275,3502,0,19
16886,2020-09-27,GE,Georgia,EURO,1752,5254,9,28
16887,2020-10-04,GE,Georgia,EURO,2864,8118,22,50
16888,2020-10-11,GE,Georgia,EURO,3676,11794,35,85
16889,2020-10-18,GE,Georgia,EURO,5683,17477,51,136
16890,2020-10-25,GE,Georgia,EURO,10954,28431,65,201
16891,2020-11-01,GE,Georgia,EURO,12296,40727,134,335
16892,2020-11-08,GE,Georgia,EURO,17026,57753,140,475
16893,2020-11-15,GE,Georgia,EURO,21925,79678,228,703
16894,2020-11-22,GE,Georgia,EURO,25054,104732,273,976
16895,2020-11-29,GE,Georgia,EURO,27636,132368,254,1230
16896,2020-12-06,GE,Georgia,EURO,30107,162475,274,1504
16897,2020-12-13,GE,Georgia,EURO,27251,189726,286,1790
16898,2020-12-20,GE,Georgia,EURO,18912,208638,304,2094
16899,2020-12-27,GE,Georgia,EURO,12967,221605,283,2377
16900,2021-01-03,GE,Georgia,EURO,7564,229169,226,2603
16901,2021-01-10,GE,Georgia,EURO,10060,239229,170,2773
16902,2021-01-17,GE,Georgia,EURO,8576,247805,160,2933
16903,2021-01-24,GE,Georgia,EURO,5713,253518,122,3055
16904,2021-01-31,GE,Georgia,EURO,4593,258111,123,3178
16905,2021-02-07,GE,Georgia,EURO,3913,262024,105,3283
16906,2021-02-14,GE,Georgia,EURO,3533,265557,69,3352
16907,2021-02-21,GE,Georgia,EURO,2798,268355,83,3435
16908,2021-02-28,GE,Georgia,EURO,2403,270758,75,3510
16909,2021-03-07,GE,Georgia,EURO,2093,272851,66,3576
16910,2021-03-14,GE,Georgia,EURO,2138,274989,72,3648
16911,2021-03-21,GE,Georgia,EURO,2491,277480,52,3700
16912,2021-03-28,GE,Georgia,EURO,2821,280301,51,3751
16913,2021-04-04,GE,Georgia,EURO,3532,283833,60,3811
16914,2021-04-11,GE,Georgia,EURO,4563,288396,66,3877
16915,2021-04-18,GE,Georgia,EURO,6962,295358,62,3939
16916,2021-04-25,GE,Georgia,EURO,8393,303751,86,4025
16917,2021-05-02,GE,Georgia,EURO,8694,312445,126,4151
16918,2021-05-09,GE,Georgia,EURO,9474,321919,130,4281
16919,2021-05-16,GE,Georgia,EURO,8456,330375,161,4442
16920,2021-05-23,GE,Georgia,EURO,7198,337573,180,4622
16921,2021-05-30,GE,Georgia,EURO,6030,343603,135,4757
16922,2021-06-06,GE,Georgia,EURO,5495,349098,153,4910
16923,2021-06-13,GE,Georgia,EURO,4867,353965,138,5048
16924,2021-06-20,GE,Georgia,EURO,4916,358881,112,5160
16925,2021-06-27,GE,Georgia,EURO,4641,363522,106,5266
16926,2021-07-04,GE,Georgia,EURO,5526,369048,81,5347
16927,2021-07-11,GE,Georgia,EURO,8104,377152,105,5452
16928,2021-07-18,GE,Georgia,EURO,10329,387481,99,5551
16929,2021-07-25,GE,Georgia,EURO,15278,402759,137,5688
16930,2021-08-01,GE,Georgia,EURO,19429,422188,165,5853
16931,2021-08-08,GE,Georgia,EURO,25725,447913,231,6084
16932,2021-08-15,GE,Georgia,EURO,33665,481578,322,6406
16933,2021-08-22,GE,Georgia,EURO,33166,514744,365,6771
16934,2021-08-29,GE,Georgia,EURO,28374,543118,480,7251
16935,2021-09-05,GE,Georgia,EURO,21719,564837,555,7806
16936,2021-09-12,GE,Georgia,EURO,16032,580869,379,8185
16937,2021-09-19,GE,Georgia,EURO,14395,595264,356,8541
16938,2021-09-26,GE,Georgia,EURO,11228,606492,276,8817
16939,2021-10-03,GE,Georgia,EURO,11261,617753,221,9038
16940,2021-10-10,GE,Georgia,EURO,16300,634053,208,9246
16941,2021-10-17,GE,Georgia,EURO,28281,662334,222,9468
16942,2021-10-24,GE,Georgia,EURO,29906,692240,274,9742
16943,2021-10-31,GE,Georgia,EURO,27007,719247,303,10045
16944,2021-11-07,GE,Georgia,EURO,33608,752855,390,10435
16945,2021-11-14,GE,Georgia,EURO,31236,784091,540,10975
16946,2021-11-21,GE,Georgia,EURO,28155,812246,523,11498
16947,2021-11-28,GE,Georgia,EURO,26393,838639,429,11927
16948,2021-12-05,GE,Georgia,EURO,26654,865293,417,12344
16949,2021-12-12,GE,Georgia,EURO,23993,889286,387,12731
16950,2021-12-19,GE,Georgia,EURO,19874,909160,340,13071
16951,2021-12-26,GE,Georgia,EURO,15208,924368,441,13512
16952,2022-01-02,GE,Georgia,EURO,13272,937640,373,13885
16953,2022-01-09,GE,Georgia,EURO,22234,959874,252,14137
16954,2022-01-16,GE,Georgia,EURO,35813,995687,262,14399
16955,2022-01-23,GE,Georgia,EURO,55758,1051445,252,14651
16956,2022-01-30,GE,Georgia,EURO,111328,1162773,244,14895
16957,2022-02-06,GE,Georgia,EURO,151830,1314603,267,15162
16958,2022-02-13,GE,Georgia,EURO,139462,1454065,344,15506
16959,2022-02-20,GE,Georgia,EURO,94828,1548893,300,15806
16960,2022-02-27,GE,Georgia,EURO,54114,1603007,282,16088
16961,2022-03-06,GE,Georgia,EURO,22365,1625372,228,16316
16962,2022-03-13,GE,Georgia,EURO,10137,1635509,188,16504
16963,2022-03-20,GE,Georgia,EURO,6365,1641874,109,16613
16964,2022-03-27,GE,Georgia,EURO,4442,1646316,45,16658
16965,2022-04-03,GE,Georgia,EURO,2906,1649222,48,16706
16966,2022-04-10,GE,Georgia,EURO,2248,1651470,15,16721
16967,2022-04-17,GE,Georgia,EURO,1574,1653044,21,16742
16968,2022-04-24,GE,Georgia,EURO,1211,1654255,8,16750
16969,2022-05-01,GE,Georgia,EURO,915,1655170,10,16760
16970,2022-05-08,GE,Georgia,EURO,51,1655221,1,16761
16971,2022-05-15,GE,Georgia,EURO,745,1655966,8,16769
16972,2022-05-22,GE,Georgia,EURO,602,1656568,3,16772
16973,2022-05-29,GE,Georgia,EURO,586,1657154,5,16777
16974,2022-06-05,GE,Georgia,EURO,575,1657729,1,16778
16975,2022-06-12,GE,Georgia,EURO,1026,1658755,10,16788
16976,2022-06-19,GE,Georgia,EURO,0,1658755,0,16788
16977,2022-06-26,GE,Georgia,EURO,1674,1660429,3,16791
16978,2022-07-03,GE,Georgia,EURO,0,1660429,0,16791
16979,2022-07-10,GE,Georgia,EURO,1870,1662299,3,16794
16980,2022-07-17,GE,Georgia,EURO,5154,1667453,3,16797
16981,2022-07-24,GE,Georgia,EURO,9512,1676965,7,16804
16982,2022-07-31,GE,Georgia,EURO,11253,1688218,5,16809
16983,2022-08-07,GE,Georgia,EURO,12802,1701020,10,16819
16984,2022-08-14,GE,Georgia,EURO,13729,1714749,8,16827
16985,2022-08-21,GE,Georgia,EURO,13338,1728087,6,16833
16986,2022-08-28,GE,Georgia,EURO,13595,1741682,6,16839
16987,2022-09-04,GE,Georgia,EURO,19907,1761589,4,16843
16988,2022-09-11,GE,Georgia,EURO,10340,1771929,6,16849
16989,2022-09-18,GE,Georgia,EURO,8480,1780409,5,16854
16990,2022-09-25,GE,Georgia,EURO,7214,1787623,4,16858
16991,2022-10-02,GE,Georgia,EURO,5150,1792773,4,16862
16992,2022-10-09,GE,Georgia,EURO,3997,1796770,5,16867
16993,2022-10-16,GE,Georgia,EURO,2229,1798999,3,16870
16994,2022-10-23,GE,Georgia,EURO,1814,1800813,1,16871
16995,2022-10-30,GE,Georgia,EURO,1444,1802257,2,16873
16996,2022-11-06,GE,Georgia,EURO,1139,1803396,5,16878
16997,2022-11-13,GE,Georgia,EURO,1169,1804565,0,16878
16998,2022-11-20,GE,Georgia,EURO,1077,1805642,3,16881
16999,2022-11-27,GE,Georgia,EURO,889,1806531,6,16887
17000,2022-12-04,GE,Georgia,EURO,748,1807279,3,16890
17001,2022-12-11,GE,Georgia,EURO,623,1807902,3,16893
17002,2022-12-18,GE,Georgia,EURO,636,1808538,4,16897
17003,2022-12-25,GE,Georgia,EURO,641,1809179,1,16898
17004,2023-01-01,GE,Georgia,EURO,691,1809870,5,16903
17005,2023-01-08,GE,Georgia,EURO,1044,1810914,5,16908
17006,2023-01-15,GE,Georgia,EURO,1152,1812066,7,16915
17007,2023-01-22,GE,Georgia,EURO,1612,1813678,8,16923
17008,2023-01-29,GE,Georgia,EURO,2034,1815712,10,16933
17009,2023-02-05,GE,Georgia,EURO,2940,1818652,7,16940
17010,2023-02-12,GE,Georgia,EURO,3195,1821847,9,16949
17011,2023-02-19,GE,Georgia,EURO,2997,1824844,15,16964
17012,2023-02-26,GE,Georgia,EURO,2531,1827375,5,16969
17013,2023-03-05,GE,Georgia,EURO,2058,1829433,16,16985
17014,2023-03-12,GE,Georgia,EURO,1812,1831245,15,17000
17015,2023-03-19,GE,Georgia,EURO,1791,1833036,13,17013
17016,2023-03-26,GE,Georgia,EURO,1597,1834633,9,17022
17017,2023-04-02,GE,Georgia,EURO,1465,1836098,7,17029
17018,2023-04-09,GE,Georgia,EURO,1558,1837656,11,17040
17019,2023-04-16,GE,Georgia,EURO,1147,1838803,7,17047
17020,2023-04-23,GE,Georgia,EURO,1054,1839857,10,17057
17021,2023-04-30,GE,Georgia,EURO,1008,1840865,7,17064
17022,2023-05-07,GE,Georgia,EURO,874,1841739,2,17066
17023,2023-05-14,GE,Georgia,EURO,686,1842425,8,17074
17024,2023-05-21,GE,Georgia,EURO,684,1843109,7,17081
17025,2023-05-28,GE,Georgia,EURO,558,1843667,5,17086
17026,2023-06-04,GE,Georgia,EURO,533,1844200,3,17089
17027,2023-06-11,GE,Georgia,EURO,410,1844610,3,17092
17028,2023-06-18,GE,Georgia,EURO,422,1845032,3,17095
17029,2023-06-25,GE,Georgia,EURO,376,1845408,4,17099
17030,2023-07-02,GE,Georgia,EURO,423,1845831,3,17102
17031,2023-07-09,GE,Georgia,EURO,460,1846291,4,17106
17032,2023-07-16,GE,Georgia,EURO,442,1846733,1,17107
17033,2023-07-23,GE,Georgia,EURO,610,1847343,3,17110
17034,2023-07-30,GE,Georgia,EURO,781,1848124,4,17114
17035,2023-08-06,GE,Georgia,EURO,1126,1849250,2,17116
17036,2023-08-13,GE,Georgia,EURO,1522,1850772,6,17122
17037,2023-08-20,GE,Georgia,EURO,2093,1852865,5,17127
17038,2023-08-27,GE,Georgia,EURO,2424,1855289,5,17132
17039,2023-09-03,GE,Georgia,EURO,0,1855289,0,17132
17040,2023-09-10,GE,Georgia,EURO,0,1855289,0,17132
17041,2023-09-17,GE,Georgia,EURO,0,1855289,0,17132
17042,2023-09-24,GE,Georgia,EURO,0,1855289,0,17132
17043,2023-10-01,GE,Georgia,EURO,0,1855289,0,17132
17044,2023-10-08,GE,Georgia,EURO,0,1855289,0,17132
17045,2023-10-15,GE,Georgia,EURO,0,1855289,0,17132
17046,2023-10-22,GE,Georgia,EURO,0,1855289,0,17132
17047,2023-10-29,GE,Georgia,EURO,0,1855289,0,17132
17048,2023-11-05,GE,Georgia,EURO,0,1855289,0,17132
17049,2023-11-12,GE,Georgia,EURO,0,1855289,0,17132
17050,2023-11-19,GE,Georgia,EURO,0,1855289,0,17132
17051,2023-11-26,GE,Georgia,EURO,0,1855289,0,17132
17052,2023-12-03,GE,Georgia,EURO,0,1855289,0,17132
17053,2023-12-10,GE,Georgia,EURO,0,1855289,0,17132
17054,2023-12-17,GE,Georgia,EURO,0,1855289,0,17132
17055,2023-12-24,GE,Georgia,EURO,0,1855289,0,17132
17056,2020-01-05,DE,Germany,EURO,1,1,3,3
17057,2020-01-12,DE,Germany,EURO,0,1,0,3
17058,2020-01-19,DE,Germany,EURO,0,1,0,3
17059,2020-01-26,DE,Germany,EURO,1,2,3,6
17060,2020-02-02,DE,Germany,EURO,9,11,3,9
17061,2020-02-09,DE,Germany,EURO,9,20,0,9
17062,2020-02-16,DE,Germany,EURO,5,25,0,9
17063,2020-02-23,DE,Germany,EURO,6,31,1,10
17064,2020-03-01,DE,Germany,EURO,139,170,1,11
17065,2020-03-08,DE,Germany,EURO,905,1075,12,23
17066,2020-03-15,DE,Germany,EURO,6441,7516,84,107
17067,2020-03-22,DE,Germany,EURO,22407,29923,479,586
17068,2020-03-29,DE,Germany,EURO,33981,63904,1459,2045
17069,2020-04-05,DE,Germany,EURO,36067,99971,2273,4318
17070,2020-04-12,DE,Germany,EURO,27145,127116,1878,6196
17071,2020-04-19,DE,Germany,EURO,17345,144461,1226,7422
17072,2020-04-26,DE,Germany,EURO,12351,156812,727,8149
17073,2020-05-03,DE,Germany,EURO,7442,164254,388,8537
17074,2020-05-10,DE,Germany,EURO,6243,170497,258,8795
17075,2020-05-17,DE,Germany,EURO,4775,175272,165,8960
17076,2020-05-24,DE,Germany,EURO,3604,178876,111,9071
17077,2020-05-31,DE,Germany,EURO,3206,182082,65,9136
17078,2020-06-07,DE,Germany,EURO,2354,184436,44,9180
17079,2020-06-14,DE,Germany,EURO,2348,186784,35,9215
17080,2020-06-21,DE,Germany,EURO,4192,190976,41,9256
17081,2020-06-28,DE,Germany,EURO,3167,194143,21,9277
17082,2020-07-05,DE,Germany,EURO,2691,196834,26,9303
17083,2020-07-12,DE,Germany,EURO,2429,199263,25,9328
17084,2020-07-19,DE,Germany,EURO,3044,202307,31,9359
17085,2020-07-26,DE,Germany,EURO,3936,206243,33,9392
17086,2020-08-02,DE,Germany,EURO,4843,211086,37,9429
17087,2020-08-09,DE,Germany,EURO,6067,217153,34,9463
17088,2020-08-16,DE,Germany,EURO,7971,225124,31,9494
17089,2020-08-23,DE,Germany,EURO,9580,234704,31,9525
17090,2020-08-30,DE,Germany,EURO,8844,243548,18,9543
17091,2020-09-06,DE,Germany,EURO,8609,252157,35,9578
17092,2020-09-13,DE,Germany,EURO,9785,261942,68,9646
17093,2020-09-20,DE,Germany,EURO,12285,274227,82,9728
17094,2020-09-27,DE,Germany,EURO,13064,287291,110,9838
17095,2020-10-04,DE,Germany,EURO,15946,303237,121,9959
17096,2020-10-11,DE,Germany,EURO,26145,329382,247,10206
17097,2020-10-18,DE,Germany,EURO,42031,371413,464,10670
17098,2020-10-25,DE,Germany,EURO,74792,446205,1015,11685
17099,2020-11-01,DE,Germany,EURO,111009,557214,1621,13306
17100,2020-11-08,DE,Germany,EURO,125692,682906,1910,15216
17101,2020-11-15,DE,Germany,EURO,127862,810768,2536,17752
17102,2020-11-22,DE,Germany,EURO,128400,939168,3226,20978
17103,2020-11-29,DE,Germany,EURO,123122,1062290,3601,24579
17104,2020-12-06,DE,Germany,EURO,128258,1190548,4480,29059
17105,2020-12-13,DE,Germany,EURO,156213,1346761,5762,34821
17106,2020-12-20,DE,Germany,EURO,174589,1521350,6460,41281
17107,2020-12-27,DE,Germany,EURO,138828,1660178,5728,47009
17108,2021-01-03,DE,Germany,EURO,122953,1783131,5744,52753
17109,2021-01-10,DE,Germany,EURO,145505,1928636,5759,58512
17110,2021-01-17,DE,Germany,EURO,118929,2047565,5096,63608
17111,2021-01-24,DE,Germany,EURO,95553,2143118,4107,67715
17112,2021-01-31,DE,Germany,EURO,78172,2221290,3102,70817
17113,2021-02-07,DE,Germany,EURO,64596,2285886,2268,73085
17114,2021-02-14,DE,Germany,EURO,50827,2336713,1680,74765
17115,2021-02-21,DE,Germany,EURO,52329,2389042,1478,76243
17116,2021-02-28,DE,Germany,EURO,56356,2445398,1227,77470
17117,2021-03-07,DE,Germany,EURO,58425,2503823,1049,78519
17118,2021-03-14,DE,Germany,EURO,71391,2575214,1104,79623
17119,2021-03-21,DE,Germany,EURO,92610,2667824,1277,80900
17120,2021-03-28,DE,Germany,EURO,116309,2784133,1526,82426
17121,2021-04-04,DE,Germany,EURO,110007,2894140,1590,84016
17122,2021-04-11,DE,Germany,EURO,118188,3012328,1582,85598
17123,2021-04-18,DE,Germany,EURO,142021,3154349,1627,87225
17124,2021-04-25,DE,Germany,EURO,144678,3299027,1622,88847
17125,2021-05-02,DE,Germany,EURO,124684,3423711,1307,90154
17126,2021-05-09,DE,Germany,EURO,100847,3524558,1010,91164
17127,2021-05-16,DE,Germany,EURO,70746,3595304,676,91840
17128,2021-05-23,DE,Germany,EURO,52670,3647974,448,92288
17129,2021-05-30,DE,Germany,EURO,29867,3677841,261,92549
17130,2021-06-06,DE,Germany,EURO,20680,3698521,141,92690
17131,2021-06-13,DE,Germany,EURO,14062,3712583,67,92757
17132,2021-06-20,DE,Germany,EURO,7285,3719868,47,92804
17133,2021-06-27,DE,Germany,EURO,4859,3724727,30,92834
17134,2021-07-04,DE,Germany,EURO,4388,3729115,25,92859
17135,2021-07-11,DE,Germany,EURO,5597,3734712,25,92884
17136,2021-07-18,DE,Germany,EURO,9113,3743825,30,92914
17137,2021-07-25,DE,Germany,EURO,12646,3756471,40,92954
17138,2021-08-01,DE,Germany,EURO,15522,3771993,72,93026
17139,2021-08-08,DE,Germany,EURO,20423,3792416,89,93115
17140,2021-08-15,DE,Germany,EURO,32077,3824493,144,93259
17141,2021-08-22,DE,Germany,EURO,49652,3874145,224,93483
17142,2021-08-29,DE,Germany,EURO,66371,3940516,351,93834
17143,2021-09-05,DE,Germany,EURO,74737,4015253,432,94266
17144,2021-09-12,DE,Germany,EURO,71656,4086909,449,94715
17145,2021-09-19,DE,Germany,EURO,61471,4148380,385,95100
17146,2021-09-26,DE,Germany,EURO,53623,4202003,354,95454
17147,2021-10-03,DE,Germany,EURO,56481,4258484,423,95877
17148,2021-10-10,DE,Germany,EURO,58025,4316509,489,96366
17149,2021-10-17,DE,Germany,EURO,65359,4381868,581,96947
17150,2021-10-24,DE,Germany,EURO,97723,4479591,1051,97998
17151,2021-10-31,DE,Germany,EURO,137011,4616602,1274,99272
17152,2021-11-07,DE,Germany,EURO,177868,4794470,1672,100944
17153,2021-11-14,DE,Germany,EURO,271174,5065644,2286,103230
17154,2021-11-21,DE,Germany,EURO,351654,5417298,2710,105940
17155,2021-11-28,DE,Germany,EURO,403348,5820646,3093,109033
17156,2021-12-05,DE,Germany,EURO,388054,6208700,2865,111898
17157,2021-12-12,DE,Germany,EURO,338008,6546708,2513,114411
17158,2021-12-19,DE,Germany,EURO,273503,6820211,1994,116405
17159,2021-12-26,DE,Germany,EURO,193832,7014043,1287,117692
17160,2022-01-02,DE,Germany,EURO,208696,7222739,1029,118721
17161,2022-01-09,DE,Germany,EURO,337882,7560621,870,119591
17162,2022-01-16,DE,Germany,EURO,486124,8046745,693,120284
17163,2022-01-23,DE,Germany,EURO,796815,8843560,867,121151
17164,2022-01-30,DE,Germany,EURO,1114352,9957912,1117,122268
17165,2022-02-06,DE,Germany,EURO,1292740,11250652,1504,123772
17166,2022-02-13,DE,Germany,EURO,1309845,12560497,1705,125477
17167,2022-02-20,DE,Germany,EURO,1193271,13753768,1786,127263
17168,2022-02-27,DE,Germany,EURO,1093093,14846861,1645,128908
17169,2022-03-06,DE,Germany,EURO,1134009,15980870,1606,130514
17170,2022-03-13,DE,Germany,EURO,1413846,17394716,1778,132292
17171,2022-03-20,DE,Germany,EURO,1582504,18977220,1934,134226
17172,2022-03-27,DE,Germany,EURO,1588891,20566111,1881,136107
17173,2022-04-03,DE,Germany,EURO,1295125,21861236,1536,137643
17174,2022-04-10,DE,Germany,EURO,984600,22845836,1292,138935
17175,2022-04-17,DE,Germany,EURO,778948,23624784,985,139920
17176,2022-04-24,DE,Germany,EURO,731499,24356283,808,140728
17177,2022-05-01,DE,Germany,EURO,596917,24953200,678,141406
17178,2022-05-08,DE,Germany,EURO,471440,25424640,541,141947
17179,2022-05-15,DE,Germany,EURO,408745,25833385,418,142365
17180,2022-05-22,DE,Germany,EURO,292505,26125890,330,142695
17181,2022-05-29,DE,Germany,EURO,187159,26313049,213,142908
17182,2022-06-05,DE,Germany,EURO,245141,26558190,223,143131
17183,2022-06-12,DE,Germany,EURO,331434,26889624,285,143416
17184,2022-06-19,DE,Germany,EURO,413791,27303415,402,143818
17185,2022-06-26,DE,Germany,EURO,574225,27877640,566,144384
17186,2022-07-03,DE,Germany,EURO,622776,28500416,610,144994
17187,2022-07-10,DE,Germany,EURO,629349,29129765,702,145696
17188,2022-07-17,DE,Germany,EURO,675130,29804895,960,146656
17189,2022-07-24,DE,Germany,EURO,627179,30432074,1129,147785
17190,2022-07-31,DE,Germany,EURO,495729,30927803,1038,148823
17191,2022-08-07,DE,Germany,EURO,362936,31290739,791,149614
17192,2022-08-14,DE,Germany,EURO,298292,31589031,623,150237
17193,2022-08-21,DE,Germany,EURO,263329,31852360,593,150830
17194,2022-08-28,DE,Germany,EURO,227979,32080339,397,151227
17195,2022-09-04,DE,Germany,EURO,201757,32282096,351,151578
17196,2022-09-11,DE,Germany,EURO,204084,32486180,317,151895
17197,2022-09-18,DE,Germany,EURO,228913,32715093,354,152249
17198,2022-09-25,DE,Germany,EURO,286535,33001628,520,152769
17199,2022-10-02,DE,Germany,EURO,458852,33460480,880,153649
17200,2022-10-09,DE,Germany,EURO,594073,34054553,1284,154933
17201,2022-10-16,DE,Germany,EURO,644986,34699539,1560,156493
17202,2022-10-23,DE,Germany,EURO,544616,35244155,1477,157970
17203,2022-10-30,DE,Germany,EURO,373903,35618058,1049,159019
17204,2022-11-06,DE,Germany,EURO,243578,35861636,698,159717
17205,2022-11-13,DE,Germany,EURO,202015,36063651,640,160357
17206,2022-11-20,DE,Germany,EURO,169667,36233318,553,160910
17207,2022-11-27,DE,Germany,EURO,170589,36403907,640,161550
17208,2022-12-04,DE,Germany,EURO,184825,36588732,800,162350
17209,2022-12-11,DE,Germany,EURO,199505,36788237,961,163311
17210,2022-12-18,DE,Germany,EURO,222953,37011190,1139,164450
17211,2022-12-25,DE,Germany,EURO,230746,37241936,1288,165738
17212,2023-01-01,DE,Germany,EURO,151567,37393503,970,166708
17213,2023-01-08,DE,Germany,EURO,130316,37523819,829,167537
17214,2023-01-15,DE,Germany,EURO,89089,37612908,517,168054
17215,2023-01-22,DE,Germany,EURO,62867,37675775,338,168392
17216,2023-01-29,DE,Germany,EURO,73298,37749073,331,168723
17217,2023-02-05,DE,Germany,EURO,84243,37833316,344,169067
17218,2023-02-12,DE,Germany,EURO,86595,37919911,455,169522
17219,2023-02-19,DE,Germany,EURO,97850,38017761,601,170123
17220,2023-02-26,DE,Germany,EURO,113434,38131195,599,170722
17221,2023-03-05,DE,Germany,EURO,86321,38217516,535,171257
17222,2023-03-12,DE,Germany,EURO,43758,38261274,572,171829
17223,2023-03-19,DE,Germany,EURO,40307,38301581,626,172455
17224,2023-03-26,DE,Germany,EURO,32639,38334220,545,173000
17225,2023-04-02,DE,Germany,EURO,22652,38356872,431,173431
17226,2023-04-09,DE,Germany,EURO,14679,38371551,278,173709
17227,2023-04-16,DE,Germany,EURO,13045,38384596,304,174013
17228,2023-04-23,DE,Germany,EURO,11468,38396064,231,174244
17229,2023-04-30,DE,Germany,EURO,9193,38405257,162,174406
17230,2023-05-07,DE,Germany,EURO,7360,38412617,167,174573
17231,2023-05-14,DE,Germany,EURO,6708,38419325,109,174682
17232,2023-05-21,DE,Germany,EURO,4359,38423684,85,174767
17233,2023-05-28,DE,Germany,EURO,4272,38427956,72,174839
17234,2023-06-04,DE,Germany,EURO,2767,38430723,55,174894
17235,2023-06-11,DE,Germany,EURO,2392,38433115,32,174926
17236,2023-06-18,DE,Germany,EURO,2014,38435129,30,174956
17237,2023-06-25,DE,Germany,EURO,1528,38436657,15,174971
17238,2023-07-02,DE,Germany,EURO,1099,38437756,8,174979
17239,2023-07-09,DE,Germany,EURO,0,38437756,0,174979
17240,2023-07-16,DE,Germany,EURO,0,38437756,0,174979
17241,2023-07-23,DE,Germany,EURO,0,38437756,0,174979
17242,2023-07-30,DE,Germany,EURO,0,38437756,0,174979
17243,2023-08-06,DE,Germany,EURO,0,38437756,0,174979
17244,2023-08-13,DE,Germany,EURO,0,38437756,0,174979
17245,2023-08-20,DE,Germany,EURO,0,38437756,0,174979
17246,2023-08-27,DE,Germany,EURO,0,38437756,0,174979
17247,2023-09-03,DE,Germany,EURO,0,38437756,0,174979
17248,2023-09-10,DE,Germany,EURO,0,38437756,0,174979
17249,2023-09-17,DE,Germany,EURO,0,38437756,0,174979
17250,2023-09-24,DE,Germany,EURO,0,38437756,0,174979
17251,2023-10-01,DE,Germany,EURO,0,38437756,0,174979
17252,2023-10-08,DE,Germany,EURO,0,38437756,0,174979
17253,2023-10-15,DE,Germany,EURO,0,38437756,0,174979
17254,2023-10-22,DE,Germany,EURO,0,38437756,0,174979
17255,2023-10-29,DE,Germany,EURO,0,38437756,0,174979
17256,2023-11-05,DE,Germany,EURO,0,38437756,0,174979
17257,2023-11-12,DE,Germany,EURO,0,38437756,0,174979
17258,2023-11-19,DE,Germany,EURO,0,38437756,0,174979
17259,2023-11-26,DE,Germany,EURO,0,38437756,0,174979
17260,2023-12-03,DE,Germany,EURO,0,38437756,0,174979
17261,2023-12-10,DE,Germany,EURO,0,38437756,0,174979
17262,2023-12-17,DE,Germany,EURO,0,38437756,0,174979
17263,2023-12-24,DE,Germany,EURO,0,38437756,0,174979
17264,2020-01-05,GH,Ghana,AFRO,0,0,0,0
17265,2020-01-12,GH,Ghana,AFRO,0,0,0,0
17266,2020-01-19,GH,Ghana,AFRO,0,0,0,0
17267,2020-01-26,GH,Ghana,AFRO,0,0,0,0
17268,2020-02-02,GH,Ghana,AFRO,0,0,0,0
17269,2020-02-09,GH,Ghana,AFRO,0,0,0,0
17270,2020-02-16,GH,Ghana,AFRO,0,0,0,0
17271,2020-02-23,GH,Ghana,AFRO,0,0,0,0
17272,2020-03-01,GH,Ghana,AFRO,0,0,0,0
17273,2020-03-08,GH,Ghana,AFRO,0,0,0,0
17274,2020-03-15,GH,Ghana,AFRO,8,8,0,0
17275,2020-03-22,GH,Ghana,AFRO,23,31,0,0
17276,2020-03-29,GH,Ghana,AFRO,110,141,0,0
17277,2020-04-05,GH,Ghana,AFRO,73,214,0,0
17278,2020-04-12,GH,Ghana,AFRO,352,566,0,0
17279,2020-04-19,GH,Ghana,AFRO,268,834,0,0
17280,2020-04-26,GH,Ghana,AFRO,445,1279,0,0
17281,2020-05-03,GH,Ghana,AFRO,890,2169,0,0
17282,2020-05-10,GH,Ghana,AFRO,2094,4263,0,0
17283,2020-05-17,GH,Ghana,AFRO,1472,5735,0,0
17284,2020-05-24,GH,Ghana,AFRO,882,6617,0,0
17285,2020-05-31,GH,Ghana,AFRO,1151,7768,0,0
17286,2020-06-07,GH,Ghana,AFRO,1694,9462,0,0
17287,2020-06-14,GH,Ghana,AFRO,2502,11964,0,0
17288,2020-06-21,GH,Ghana,AFRO,2190,14154,0,0
17289,2020-06-28,GH,Ghana,AFRO,3197,17351,0,0
17290,2020-07-05,GH,Ghana,AFRO,4617,21968,0,0
17291,2020-07-12,GH,Ghana,AFRO,3284,25252,0,0
17292,2020-07-19,GH,Ghana,AFRO,3737,28989,0,0
17293,2020-07-26,GH,Ghana,AFRO,4635,33624,0,0
17294,2020-08-02,GH,Ghana,AFRO,4877,38501,0,0
17295,2020-08-09,GH,Ghana,AFRO,2903,41404,0,0
17296,2020-08-16,GH,Ghana,AFRO,1249,42653,0,0
17297,2020-08-23,GH,Ghana,AFRO,1064,43717,0,0
17298,2020-08-30,GH,Ghana,AFRO,743,44460,0,0
17299,2020-09-06,GH,Ghana,AFRO,728,45188,0,0
17300,2020-09-13,GH,Ghana,AFRO,467,45655,0,0
17301,2020-09-20,GH,Ghana,AFRO,461,46116,0,0
17302,2020-09-27,GH,Ghana,AFRO,510,46626,301,301
17303,2020-10-04,GH,Ghana,AFRO,203,46829,2,303
17304,2020-10-11,GH,Ghana,AFRO,297,47126,7,310
17305,2020-10-18,GH,Ghana,AFRO,335,47461,2,312
17306,2020-10-25,GH,Ghana,AFRO,314,47775,4,316
17307,2020-11-01,GH,Ghana,AFRO,736,48511,4,320
17308,2020-11-08,GH,Ghana,AFRO,791,49302,0,320
17309,2020-11-15,GH,Ghana,AFRO,1155,50457,3,323
17310,2020-11-22,GH,Ghana,AFRO,727,51184,0,323
17311,2020-11-29,GH,Ghana,AFRO,606,51790,0,323
17312,2020-12-06,GH,Ghana,AFRO,832,52622,3,326
17313,2020-12-13,GH,Ghana,AFRO,764,53386,1,327
17314,2020-12-20,GH,Ghana,AFRO,657,54043,6,333
17315,2020-12-27,GH,Ghana,AFRO,638,54681,2,335
17316,2021-01-03,GH,Ghana,AFRO,487,55168,0,335
17317,2021-01-10,GH,Ghana,AFRO,1253,56421,3,338
17318,2021-01-17,GH,Ghana,AFRO,2010,58431,20,358
17319,2021-01-24,GH,Ghana,AFRO,4320,62751,19,377
17320,2021-01-31,GH,Ghana,AFRO,5031,67782,47,424
17321,2021-02-07,GH,Ghana,AFRO,5221,73003,58,482
17322,2021-02-14,GH,Ghana,AFRO,4745,77748,79,561
17323,2021-02-21,GH,Ghana,AFRO,3497,81245,23,584
17324,2021-02-28,GH,Ghana,AFRO,3104,84349,27,611
17325,2021-03-07,GH,Ghana,AFRO,2624,86973,51,662
17326,2021-03-14,GH,Ghana,AFRO,1448,88421,43,705
17327,2021-03-21,GH,Ghana,AFRO,1472,89893,29,734
17328,2021-03-28,GH,Ghana,AFRO,659,90552,8,742
17329,2021-04-04,GH,Ghana,AFRO,457,91009,10,752
17330,2021-04-11,GH,Ghana,AFRO,468,91477,11,763
17331,2021-04-18,GH,Ghana,AFRO,306,91783,9,772
17332,2021-04-25,GH,Ghana,AFRO,681,92464,7,779
17333,2021-05-02,GH,Ghana,AFRO,276,92740,1,780
17334,2021-05-09,GH,Ghana,AFRO,271,93011,3,783
17335,2021-05-16,GH,Ghana,AFRO,445,93456,0,783
17336,2021-05-23,GH,Ghana,AFRO,255,93711,0,783
17337,2021-05-30,GH,Ghana,AFRO,300,94011,2,785
17338,2021-06-06,GH,Ghana,AFRO,358,94369,4,789
17339,2021-06-13,GH,Ghana,AFRO,455,94824,1,790
17340,2021-06-20,GH,Ghana,AFRO,412,95236,4,794
17341,2021-06-27,GH,Ghana,AFRO,678,95914,2,796
17342,2021-07-04,GH,Ghana,AFRO,794,96708,1,797
17343,2021-07-11,GH,Ghana,AFRO,1020,97728,5,802
17344,2021-07-18,GH,Ghana,AFRO,2006,99734,15,817
17345,2021-07-25,GH,Ghana,AFRO,2835,102569,6,823
17346,2021-08-01,GH,Ghana,AFRO,450,103019,0,823
17347,2021-08-08,GH,Ghana,AFRO,5658,108677,57,880
17348,2021-08-15,GH,Ghana,AFRO,3701,112378,65,945
17349,2021-08-22,GH,Ghana,AFRO,3147,115525,37,982
17350,2021-08-29,GH,Ghana,AFRO,3911,119436,54,1036
17351,2021-09-05,GH,Ghana,AFRO,2721,122157,47,1083
17352,2021-09-12,GH,Ghana,AFRO,1717,123874,15,1098
17353,2021-09-19,GH,Ghana,AFRO,1956,125830,32,1130
17354,2021-09-26,GH,Ghana,AFRO,1186,127016,20,1150
17355,2021-10-03,GH,Ghana,AFRO,1143,128159,7,1157
17356,2021-10-10,GH,Ghana,AFRO,933,129092,7,1164
17357,2021-10-17,GH,Ghana,AFRO,559,129651,5,1169
17358,2021-10-24,GH,Ghana,AFRO,390,130041,5,1174
17359,2021-10-31,GH,Ghana,AFRO,350,130391,14,1188
17360,2021-11-07,GH,Ghana,AFRO,217,130608,15,1203
17361,2021-11-14,GH,Ghana,AFRO,136,130744,5,1208
17362,2021-11-21,GH,Ghana,AFRO,176,130920,1,1209
17363,2021-11-28,GH,Ghana,AFRO,217,131137,15,1224
17364,2021-12-05,GH,Ghana,AFRO,215,131352,11,1235
17365,2021-12-12,GH,Ghana,AFRO,488,131840,18,1253
17366,2021-12-19,GH,Ghana,AFRO,2194,134034,14,1267
17367,2021-12-26,GH,Ghana,AFRO,7261,141295,20,1287
17368,2022-01-02,GH,Ghana,AFRO,6784,148079,26,1313
17369,2022-01-09,GH,Ghana,AFRO,4650,152729,23,1336
17370,2022-01-16,GH,Ghana,AFRO,2162,154891,21,1357
17371,2022-01-23,GH,Ghana,AFRO,1501,156392,27,1384
17372,2022-01-30,GH,Ghana,AFRO,828,157220,20,1404
17373,2022-02-06,GH,Ghana,AFRO,697,157917,22,1426
17374,2022-02-13,GH,Ghana,AFRO,517,158434,12,1438
17375,2022-02-20,GH,Ghana,AFRO,690,159124,4,1442
17376,2022-02-27,GH,Ghana,AFRO,904,160028,0,1442
17377,2022-03-06,GH,Ghana,AFRO,612,160640,0,1442
17378,2022-03-13,GH,Ghana,AFRO,121,160761,3,1445
17379,2022-03-20,GH,Ghana,AFRO,109,160870,0,1445
17380,2022-03-27,GH,Ghana,AFRO,55,160925,0,1445
17381,2022-04-03,GH,Ghana,AFRO,109,161034,0,1445
17382,2022-04-10,GH,Ghana,AFRO,52,161086,0,1445
17383,2022-04-17,GH,Ghana,AFRO,31,161117,0,1445
17384,2022-04-24,GH,Ghana,AFRO,55,161172,0,1445
17385,2022-05-01,GH,Ghana,AFRO,44,161216,0,1445
17386,2022-05-08,GH,Ghana,AFRO,55,161271,0,1445
17387,2022-05-15,GH,Ghana,AFRO,54,161325,0,1445
17388,2022-05-22,GH,Ghana,AFRO,45,161370,0,1445
17389,2022-05-29,GH,Ghana,AFRO,111,161481,0,1445
17390,2022-06-05,GH,Ghana,AFRO,360,161841,0,1445
17391,2022-06-12,GH,Ghana,AFRO,805,162646,0,1445
17392,2022-06-19,GH,Ghana,AFRO,1895,164541,3,1448
17393,2022-06-26,GH,Ghana,AFRO,1208,165749,1,1449
17394,2022-07-03,GH,Ghana,AFRO,1067,166816,4,1453
17395,2022-07-10,GH,Ghana,AFRO,399,167215,3,1456
17396,2022-07-17,GH,Ghana,AFRO,0,167215,0,1456
17397,2022-07-24,GH,Ghana,AFRO,792,168007,1,1457
17398,2022-07-31,GH,Ghana,AFRO,120,168127,0,1457
17399,2022-08-07,GH,Ghana,AFRO,236,168363,1,1458
17400,2022-08-14,GH,Ghana,AFRO,94,168457,1,1459
17401,2022-08-21,GH,Ghana,AFRO,0,168457,0,1459
17402,2022-08-28,GH,Ghana,AFRO,123,168580,0,1459
17403,2022-09-04,GH,Ghana,AFRO,36,168616,0,1459
17404,2022-09-11,GH,Ghana,AFRO,0,168616,0,1459
17405,2022-09-18,GH,Ghana,AFRO,197,168813,0,1459
17406,2022-09-25,GH,Ghana,AFRO,287,169100,0,1459
17407,2022-10-02,GH,Ghana,AFRO,585,169685,0,1459
17408,2022-10-09,GH,Ghana,AFRO,418,170103,0,1459
17409,2022-10-16,GH,Ghana,AFRO,318,170421,1,1460
17410,2022-10-23,GH,Ghana,AFRO,152,170573,0,1460
17411,2022-10-30,GH,Ghana,AFRO,134,170707,0,1460
17412,2022-11-06,GH,Ghana,AFRO,187,170894,0,1460
17413,2022-11-13,GH,Ghana,AFRO,78,170972,1,1461
17414,2022-11-20,GH,Ghana,AFRO,24,170996,0,1461
17415,2022-11-27,GH,Ghana,AFRO,13,171009,0,1461
17416,2022-12-04,GH,Ghana,AFRO,14,171023,0,1461
17417,2022-12-11,GH,Ghana,AFRO,8,171031,0,1461
17418,2022-12-18,GH,Ghana,AFRO,7,171038,0,1461
17419,2022-12-25,GH,Ghana,AFRO,0,171038,0,1461
17420,2023-01-01,GH,Ghana,AFRO,27,171065,0,1461
17421,2023-01-08,GH,Ghana,AFRO,5,171070,0,1461
17422,2023-01-15,GH,Ghana,AFRO,18,171088,1,1462
17423,2023-01-22,GH,Ghana,AFRO,14,171102,0,1462
17424,2023-01-29,GH,Ghana,AFRO,10,171112,0,1462
17425,2023-02-05,GH,Ghana,AFRO,28,171140,0,1462
17426,2023-02-12,GH,Ghana,AFRO,12,171152,0,1462
17427,2023-02-19,GH,Ghana,AFRO,8,171160,0,1462
17428,2023-02-26,GH,Ghana,AFRO,12,171172,0,1462
17429,2023-03-05,GH,Ghana,AFRO,57,171229,0,1462
17430,2023-03-12,GH,Ghana,AFRO,52,171281,0,1462
17431,2023-03-19,GH,Ghana,AFRO,7,171288,0,1462
17432,2023-03-26,GH,Ghana,AFRO,124,171412,0,1462
17433,2023-04-02,GH,Ghana,AFRO,115,171527,0,1462
17434,2023-04-09,GH,Ghana,AFRO,0,171527,0,1462
17435,2023-04-16,GH,Ghana,AFRO,92,171619,0,1462
17436,2023-04-23,GH,Ghana,AFRO,0,171619,0,1462
17437,2023-04-30,GH,Ghana,AFRO,34,171653,0,1462
17438,2023-05-07,GH,Ghana,AFRO,0,171653,0,1462
17439,2023-05-14,GH,Ghana,AFRO,0,171653,0,1462
17440,2023-05-21,GH,Ghana,AFRO,0,171653,0,1462
17441,2023-05-28,GH,Ghana,AFRO,0,171653,0,1462
17442,2023-06-04,GH,Ghana,AFRO,0,171653,0,1462
17443,2023-06-11,GH,Ghana,AFRO,0,171653,0,1462
17444,2023-06-18,GH,Ghana,AFRO,0,171653,0,1462
17445,2023-06-25,GH,Ghana,AFRO,0,171653,0,1462
17446,2023-07-02,GH,Ghana,AFRO,0,171653,0,1462
17447,2023-07-09,GH,Ghana,AFRO,0,171653,0,1462
17448,2023-07-16,GH,Ghana,AFRO,0,171653,0,1462
17449,2023-07-23,GH,Ghana,AFRO,0,171653,0,1462
17450,2023-07-30,GH,Ghana,AFRO,0,171653,0,1462
17451,2023-08-06,GH,Ghana,AFRO,0,171653,0,1462
17452,2023-08-13,GH,Ghana,AFRO,0,171653,0,1462
17453,2023-08-20,GH,Ghana,AFRO,0,171653,0,1462
17454,2023-08-27,GH,Ghana,AFRO,0,171653,0,1462
17455,2023-09-03,GH,Ghana,AFRO,0,171653,0,1462
17456,2023-09-10,GH,Ghana,AFRO,0,171653,0,1462
17457,2023-09-17,GH,Ghana,AFRO,0,171653,0,1462
17458,2023-09-24,GH,Ghana,AFRO,0,171653,0,1462
17459,2023-10-01,GH,Ghana,AFRO,0,171653,0,1462
17460,2023-10-08,GH,Ghana,AFRO,30,171683,0,1462
17461,2023-10-15,GH,Ghana,AFRO,20,171703,0,1462
17462,2023-10-22,GH,Ghana,AFRO,23,171726,0,1462
17463,2023-10-29,GH,Ghana,AFRO,27,171753,0,1462
17464,2023-11-05,GH,Ghana,AFRO,31,171784,0,1462
17465,2023-11-12,GH,Ghana,AFRO,24,171808,0,1462
17466,2023-11-19,GH,Ghana,AFRO,10,171818,0,1462
17467,2023-11-26,GH,Ghana,AFRO,9,171827,0,1462
17468,2023-12-03,GH,Ghana,AFRO,7,171834,0,1462
17469,2023-12-10,GH,Ghana,AFRO,0,171834,0,1462
17470,2023-12-17,GH,Ghana,AFRO,0,171834,0,1462
17471,2023-12-24,GH,Ghana,AFRO,0,171834,0,1462
17472,2020-01-05,GI,Gibraltar,,0,0,0,0
17473,2020-01-12,GI,Gibraltar,,0,0,0,0
17474,2020-01-19,GI,Gibraltar,,0,0,0,0
17475,2020-01-26,GI,Gibraltar,,0,0,0,0
17476,2020-02-02,GI,Gibraltar,,0,0,0,0
17477,2020-02-09,GI,Gibraltar,,0,0,0,0
17478,2020-02-16,GI,Gibraltar,,0,0,0,0
17479,2020-02-23,GI,Gibraltar,,0,0,0,0
17480,2020-03-01,GI,Gibraltar,,0,0,0,0
17481,2020-03-08,GI,Gibraltar,,1,1,0,0
17482,2020-03-15,GI,Gibraltar,,0,1,0,0
17483,2020-03-22,GI,Gibraltar,,9,10,0,0
17484,2020-03-29,GI,Gibraltar,,38,48,0,0
17485,2020-04-05,GI,Gibraltar,,42,90,0,0
17486,2020-04-12,GI,Gibraltar,,15,105,0,0
17487,2020-04-19,GI,Gibraltar,,20,125,0,0
17488,2020-04-26,GI,Gibraltar,,3,128,0,0
17489,2020-05-03,GI,Gibraltar,,8,136,0,0
17490,2020-05-10,GI,Gibraltar,,2,138,0,0
17491,2020-05-17,GI,Gibraltar,,1,139,0,0
17492,2020-05-24,GI,Gibraltar,,4,143,0,0
17493,2020-05-31,GI,Gibraltar,,10,153,0,0
17494,2020-06-07,GI,Gibraltar,,13,166,0,0
17495,2020-06-14,GI,Gibraltar,,2,168,0,0
17496,2020-06-21,GI,Gibraltar,,0,168,0,0
17497,2020-06-28,GI,Gibraltar,,0,168,0,0
17498,2020-07-05,GI,Gibraltar,,2,170,0,0
17499,2020-07-12,GI,Gibraltar,,2,172,0,0
17500,2020-07-19,GI,Gibraltar,,0,172,0,0
17501,2020-07-26,GI,Gibraltar,,5,177,0,0
17502,2020-08-02,GI,Gibraltar,,2,179,0,0
17503,2020-08-09,GI,Gibraltar,,6,185,0,0
17504,2020-08-16,GI,Gibraltar,,13,198,0,0
17505,2020-08-23,GI,Gibraltar,,23,221,0,0
17506,2020-08-30,GI,Gibraltar,,45,266,0,0
17507,2020-09-06,GI,Gibraltar,,31,297,0,0
17508,2020-09-13,GI,Gibraltar,,18,315,0,0
17509,2020-09-20,GI,Gibraltar,,23,338,0,0
17510,2020-09-27,GI,Gibraltar,,18,356,0,0
17511,2020-10-04,GI,Gibraltar,,52,408,0,0
17512,2020-10-11,GI,Gibraltar,,52,460,0,0
17513,2020-10-18,GI,Gibraltar,,76,536,0,0
17514,2020-10-25,GI,Gibraltar,,97,633,0,0
17515,2020-11-01,GI,Gibraltar,,52,685,0,0
17516,2020-11-08,GI,Gibraltar,,77,762,0,0
17517,2020-11-15,GI,Gibraltar,,106,868,1,1
17518,2020-11-22,GI,Gibraltar,,67,935,2,3
17519,2020-11-29,GI,Gibraltar,,56,991,2,5
17520,2020-12-06,GI,Gibraltar,,43,1034,0,5
17521,2020-12-13,GI,Gibraltar,,28,1062,0,5
17522,2020-12-20,GI,Gibraltar,,114,1176,1,6
17523,2020-12-27,GI,Gibraltar,,350,1526,0,6
17524,2021-01-03,GI,Gibraltar,,678,2204,1,7
17525,2021-01-10,GI,Gibraltar,,809,3013,5,12
17526,2021-01-17,GI,Gibraltar,,554,3567,18,30
17527,2021-01-24,GI,Gibraltar,,330,3897,29,59
17528,2021-01-31,GI,Gibraltar,,191,4088,14,73
17529,2021-02-07,GI,Gibraltar,,74,4162,7,80
17530,2021-02-14,GI,Gibraltar,,42,4204,4,84
17531,2021-02-21,GI,Gibraltar,,16,4220,4,88
17532,2021-02-28,GI,Gibraltar,,8,4228,4,92
17533,2021-03-07,GI,Gibraltar,,8,4236,1,93
17534,2021-03-14,GI,Gibraltar,,19,4255,0,93
17535,2021-03-21,GI,Gibraltar,,7,4262,1,94
17536,2021-03-28,GI,Gibraltar,,3,4265,0,94
17537,2021-04-04,GI,Gibraltar,,2,4267,0,94
17538,2021-04-11,GI,Gibraltar,,2,4269,0,94
17539,2021-04-18,GI,Gibraltar,,14,4283,0,94
17540,2021-04-25,GI,Gibraltar,,0,4283,0,94
17541,2021-05-02,GI,Gibraltar,,0,4283,0,94
17542,2021-05-09,GI,Gibraltar,,3,4286,0,94
17543,2021-05-16,GI,Gibraltar,,0,4286,0,94
17544,2021-05-23,GI,Gibraltar,,0,4286,0,94
17545,2021-05-30,GI,Gibraltar,,7,4293,0,94
17546,2021-06-06,GI,Gibraltar,,7,4300,0,94
17547,2021-06-13,GI,Gibraltar,,8,4308,0,94
17548,2021-06-20,GI,Gibraltar,,10,4318,0,94
17549,2021-06-27,GI,Gibraltar,,20,4338,0,94
17550,2021-07-04,GI,Gibraltar,,19,4357,0,94
17551,2021-07-11,GI,Gibraltar,,46,4403,0,94
17552,2021-07-18,GI,Gibraltar,,152,4555,0,94
17553,2021-07-25,GI,Gibraltar,,198,4753,0,94
17554,2021-08-01,GI,Gibraltar,,194,4947,0,94
17555,2021-08-08,GI,Gibraltar,,154,5101,1,95
17556,2021-08-15,GI,Gibraltar,,104,5205,0,95
17557,2021-08-22,GI,Gibraltar,,64,5269,1,96
17558,2021-08-29,GI,Gibraltar,,54,5323,1,97
17559,2021-09-05,GI,Gibraltar,,63,5386,0,97
17560,2021-09-12,GI,Gibraltar,,33,5419,0,97
17561,2021-09-19,GI,Gibraltar,,50,5469,0,97
17562,2021-09-26,GI,Gibraltar,,33,5502,0,97
17563,2021-10-03,GI,Gibraltar,,53,5555,0,97
17564,2021-10-10,GI,Gibraltar,,58,5613,0,97
17565,2021-10-17,GI,Gibraltar,,127,5740,1,98
17566,2021-10-24,GI,Gibraltar,,102,5842,0,98
17567,2021-10-31,GI,Gibraltar,,132,5974,0,98
17568,2021-11-07,GI,Gibraltar,,164,6138,0,98
17569,2021-11-14,GI,Gibraltar,,326,6464,0,98
17570,2021-11-21,GI,Gibraltar,,427,6891,0,98
17571,2021-11-28,GI,Gibraltar,,271,7162,0,98
17572,2021-12-05,GI,Gibraltar,,198,7360,1,99
17573,2021-12-12,GI,Gibraltar,,148,7508,1,100
17574,2021-12-19,GI,Gibraltar,,270,7778,0,100
17575,2021-12-26,GI,Gibraltar,,364,8142,0,100
17576,2022-01-02,GI,Gibraltar,,652,8794,0,100
17577,2022-01-09,GI,Gibraltar,,924,9718,0,100
17578,2022-01-16,GI,Gibraltar,,1007,10725,0,100
17579,2022-01-23,GI,Gibraltar,,977,11702,0,100
17580,2022-01-30,GI,Gibraltar,,1050,12752,0,100
17581,2022-02-06,GI,Gibraltar,,825,13577,1,101
17582,2022-02-13,GI,Gibraltar,,768,14345,0,101
17583,2022-02-20,GI,Gibraltar,,528,14873,0,101
17584,2022-02-27,GI,Gibraltar,,440,15313,0,101
17585,2022-03-06,GI,Gibraltar,,296,15609,0,101
17586,2022-03-13,GI,Gibraltar,,231,15840,0,101
17587,2022-03-20,GI,Gibraltar,,326,16166,0,101
17588,2022-03-27,GI,Gibraltar,,434,16600,0,101
17589,2022-04-03,GI,Gibraltar,,379,16979,0,101
17590,2022-04-10,GI,Gibraltar,,331,17310,0,101
17591,2022-04-17,GI,Gibraltar,,0,17310,0,101
17592,2022-04-24,GI,Gibraltar,,447,17757,0,101
17593,2022-05-01,GI,Gibraltar,,129,17886,1,102
17594,2022-05-08,GI,Gibraltar,,121,18007,0,102
17595,2022-05-15,GI,Gibraltar,,133,18140,0,102
17596,2022-05-22,GI,Gibraltar,,144,18284,0,102
17597,2022-05-29,GI,Gibraltar,,143,18427,0,102
17598,2022-06-05,GI,Gibraltar,,164,18591,0,102
17599,2022-06-12,GI,Gibraltar,,215,18806,0,102
17600,2022-06-19,GI,Gibraltar,,204,19010,0,102
17601,2022-06-26,GI,Gibraltar,,296,19306,2,104
17602,2022-07-03,GI,Gibraltar,,327,19633,0,104
17603,2022-07-10,GI,Gibraltar,,163,19796,1,105
17604,2022-07-17,GI,Gibraltar,,66,19862,0,105
17605,2022-07-24,GI,Gibraltar,,40,19902,0,105
17606,2022-07-31,GI,Gibraltar,,0,19902,0,105
17607,2022-08-07,GI,Gibraltar,,97,19999,1,106
17608,2022-08-14,GI,Gibraltar,,35,20034,0,106
17609,2022-08-21,GI,Gibraltar,,15,20049,1,107
17610,2022-08-28,GI,Gibraltar,,0,20049,0,107
17611,2022-09-04,GI,Gibraltar,,20,20069,1,108
17612,2022-09-11,GI,Gibraltar,,0,20069,0,108
17613,2022-09-18,GI,Gibraltar,,0,20069,0,108
17614,2022-09-25,GI,Gibraltar,,23,20092,0,108
17615,2022-10-02,GI,Gibraltar,,3,20095,0,108
17616,2022-10-09,GI,Gibraltar,,0,20095,0,108
17617,2022-10-16,GI,Gibraltar,,26,20121,0,108
17618,2022-10-23,GI,Gibraltar,,0,20121,0,108
17619,2022-10-30,GI,Gibraltar,,0,20121,0,108
17620,2022-11-06,GI,Gibraltar,,0,20121,0,108
17621,2022-11-13,GI,Gibraltar,,45,20166,2,110
17622,2022-11-20,GI,Gibraltar,,18,20184,0,110
17623,2022-11-27,GI,Gibraltar,,9,20193,0,110
17624,2022-12-04,GI,Gibraltar,,14,20207,0,110
17625,2022-12-11,GI,Gibraltar,,16,20223,0,110
17626,2022-12-18,GI,Gibraltar,,29,20252,0,110
17627,2022-12-25,GI,Gibraltar,,23,20275,0,110
17628,2023-01-01,GI,Gibraltar,,30,20305,0,110
17629,2023-01-08,GI,Gibraltar,,37,20342,1,111
17630,2023-01-15,GI,Gibraltar,,37,20379,0,111
17631,2023-01-22,GI,Gibraltar,,13,20392,0,111
17632,2023-01-29,GI,Gibraltar,,7,20399,0,111
17633,2023-02-05,GI,Gibraltar,,0,20399,0,111
17634,2023-02-12,GI,Gibraltar,,0,20399,0,111
17635,2023-02-19,GI,Gibraltar,,15,20414,0,111
17636,2023-02-26,GI,Gibraltar,,9,20423,0,111
17637,2023-03-05,GI,Gibraltar,,10,20433,0,111
17638,2023-03-12,GI,Gibraltar,,29,20462,0,111
17639,2023-03-19,GI,Gibraltar,,0,20462,0,111
17640,2023-03-26,GI,Gibraltar,,0,20462,0,111
17641,2023-04-02,GI,Gibraltar,,0,20462,0,111
17642,2023-04-09,GI,Gibraltar,,88,20550,2,113
17643,2023-04-16,GI,Gibraltar,,0,20550,0,113
17644,2023-04-23,GI,Gibraltar,,0,20550,0,113
17645,2023-04-30,GI,Gibraltar,,0,20550,0,113
17646,2023-05-07,GI,Gibraltar,,0,20550,0,113
17647,2023-05-14,GI,Gibraltar,,0,20550,0,113
17648,2023-05-21,GI,Gibraltar,,0,20550,0,113
17649,2023-05-28,GI,Gibraltar,,0,20550,0,113
17650,2023-06-04,GI,Gibraltar,,0,20550,0,113
17651,2023-06-11,GI,Gibraltar,,0,20550,0,113
17652,2023-06-18,GI,Gibraltar,,0,20550,0,113
17653,2023-06-25,GI,Gibraltar,,0,20550,0,113
17654,2023-07-02,GI,Gibraltar,,0,20550,0,113
17655,2023-07-09,GI,Gibraltar,,0,20550,0,113
17656,2023-07-16,GI,Gibraltar,,0,20550,0,113
17657,2023-07-23,GI,Gibraltar,,0,20550,0,113
17658,2023-07-30,GI,Gibraltar,,0,20550,0,113
17659,2023-08-06,GI,Gibraltar,,0,20550,0,113
17660,2023-08-13,GI,Gibraltar,,0,20550,0,113
17661,2023-08-20,GI,Gibraltar,,0,20550,0,113
17662,2023-08-27,GI,Gibraltar,,0,20550,0,113
17663,2023-09-03,GI,Gibraltar,,0,20550,0,113
17664,2023-09-10,GI,Gibraltar,,0,20550,0,113
17665,2023-09-17,GI,Gibraltar,,0,20550,0,113
17666,2023-09-24,GI,Gibraltar,,0,20550,0,113
17667,2023-10-01,GI,Gibraltar,,0,20550,0,113
17668,2023-10-08,GI,Gibraltar,,0,20550,0,113
17669,2023-10-15,GI,Gibraltar,,0,20550,0,113
17670,2023-10-22,GI,Gibraltar,,0,20550,0,113
17671,2023-10-29,GI,Gibraltar,,0,20550,0,113
17672,2023-11-05,GI,Gibraltar,,0,20550,0,113
17673,2023-11-12,GI,Gibraltar,,0,20550,0,113
17674,2023-11-19,GI,Gibraltar,,0,20550,0,113
17675,2023-11-26,GI,Gibraltar,,0,20550,0,113
17676,2023-12-03,GI,Gibraltar,,0,20550,0,113
17677,2023-12-10,GI,Gibraltar,,0,20550,0,113
17678,2023-12-17,GI,Gibraltar,,0,20550,0,113
17679,2023-12-24,GI,Gibraltar,,0,20550,0,113
17680,2020-01-05,GR,Greece,EURO,0,0,0,0
17681,2020-01-12,GR,Greece,EURO,0,0,0,0
17682,2020-01-19,GR,Greece,EURO,0,0,0,0
17683,2020-01-26,GR,Greece,EURO,0,0,0,0
17684,2020-02-02,GR,Greece,EURO,0,0,0,0
17685,2020-02-09,GR,Greece,EURO,0,0,0,0
17686,2020-02-16,GR,Greece,EURO,0,0,0,0
17687,2020-02-23,GR,Greece,EURO,0,0,0,0
17688,2020-03-01,GR,Greece,EURO,6,6,0,0
17689,2020-03-08,GR,Greece,EURO,80,86,0,0
17690,2020-03-15,GR,Greece,EURO,327,413,4,4
17691,2020-03-22,GR,Greece,EURO,381,794,13,17
17692,2020-03-29,GR,Greece,EURO,538,1332,25,42
17693,2020-04-05,GR,Greece,EURO,534,1866,35,77
17694,2020-04-12,GR,Greece,EURO,289,2155,22,99
17695,2020-04-19,GR,Greece,EURO,118,2273,14,113
17696,2020-04-26,GR,Greece,EURO,303,2576,21,134
17697,2020-05-03,GR,Greece,EURO,104,2680,10,144
17698,2020-05-10,GR,Greece,EURO,100,2780,9,153
17699,2020-05-17,GR,Greece,EURO,104,2884,13,166
17700,2020-05-24,GR,Greece,EURO,47,2931,7,173
17701,2020-05-31,GR,Greece,EURO,47,2978,6,179
17702,2020-06-07,GR,Greece,EURO,135,3113,3,182
17703,2020-06-14,GR,Greece,EURO,120,3233,2,184
17704,2020-06-21,GR,Greece,EURO,114,3347,6,190
17705,2020-06-28,GR,Greece,EURO,119,3466,1,191
17706,2020-07-05,GR,Greece,EURO,204,3670,1,192
17707,2020-07-12,GR,Greece,EURO,257,3927,2,194
17708,2020-07-19,GR,Greece,EURO,176,4103,1,195
17709,2020-07-26,GR,Greece,EURO,247,4350,7,202
17710,2020-08-02,GR,Greece,EURO,560,4910,6,208
17711,2020-08-09,GR,Greece,EURO,1081,5991,6,214
17712,2020-08-16,GR,Greece,EURO,1597,7588,17,231
17713,2020-08-23,GR,Greece,EURO,1664,9252,14,245
17714,2020-08-30,GR,Greece,EURO,1446,10698,20,265
17715,2020-09-06,GR,Greece,EURO,1345,12043,26,291
17716,2020-09-13,GR,Greece,EURO,1764,13807,20,311
17717,2020-09-20,GR,Greece,EURO,2242,16049,37,348
17718,2020-09-27,GR,Greece,EURO,2194,18243,39,387
17719,2020-10-04,GR,Greece,EURO,2391,20634,27,414
17720,2020-10-11,GR,Greece,EURO,2491,23125,43,457
17721,2020-10-18,GR,Greece,EURO,3349,26474,62,519
17722,2020-10-25,GR,Greece,EURO,6312,32786,65,584
17723,2020-11-01,GR,Greece,EURO,11329,44115,65,649
17724,2020-11-08,GR,Greece,EURO,17509,61624,182,831
17725,2020-11-15,GR,Greece,EURO,18971,80595,342,1173
17726,2020-11-22,GR,Greece,EURO,17037,97632,590,1763
17727,2020-11-29,GR,Greece,EURO,12862,110494,684,2447
17728,2020-12-06,GR,Greece,EURO,10606,121100,702,3149
17729,2020-12-13,GR,Greece,EURO,8293,129393,605,3754
17730,2020-12-20,GR,Greece,EURO,6012,135405,525,4279
17731,2020-12-27,GR,Greece,EURO,4287,139692,403,4682
17732,2021-01-03,GR,Greece,EURO,4508,144200,320,5002
17733,2021-01-10,GR,Greece,EURO,4622,148822,280,5282
17734,2021-01-17,GR,Greece,EURO,3578,152400,199,5481
17735,2021-01-24,GR,Greece,EURO,3372,155772,177,5658
17736,2021-01-31,GR,Greece,EURO,5467,161239,167,5825
17737,2021-02-07,GR,Greece,EURO,7433,168672,171,5996
17738,2021-02-14,GR,Greece,EURO,8500,177172,154,6150
17739,2021-02-21,GR,Greece,EURO,8138,185310,183,6333
17740,2021-02-28,GR,Greece,EURO,11852,197162,219,6552
17741,2021-03-07,GR,Greece,EURO,14547,211709,271,6823
17742,2021-03-14,GR,Greece,EURO,16805,228514,361,7184
17743,2021-03-21,GR,Greece,EURO,16561,245075,392,7576
17744,2021-03-28,GR,Greece,EURO,17841,262916,435,8011
17745,2021-04-04,GR,Greece,EURO,22224,285140,515,8526
17746,2021-04-11,GR,Greece,EURO,20983,306123,517,9043
17747,2021-04-18,GR,Greece,EURO,19754,325877,560,9603
17748,2021-04-25,GR,Greece,EURO,18135,344012,520,10123
17749,2021-05-02,GR,Greece,EURO,14749,358761,507,10630
17750,2021-05-09,GR,Greece,EURO,15261,374022,512,11142
17751,2021-05-16,GR,Greece,EURO,15062,389084,348,11490
17752,2021-05-23,GR,Greece,EURO,12433,401517,342,11832
17753,2021-05-30,GR,Greece,EURO,11019,412536,269,12101
17754,2021-06-06,GR,Greece,EURO,7484,420020,219,12320
17755,2021-06-13,GR,Greece,EURO,4939,424959,137,12457
17756,2021-06-20,GR,Greece,EURO,3095,428054,129,12586
17757,2021-06-27,GR,Greece,EURO,2575,430629,104,12690
17758,2021-07-04,GR,Greece,EURO,5176,435805,63,12753
17759,2021-07-11,GR,Greece,EURO,13647,449452,56,12809
17760,2021-07-18,GR,Greece,EURO,17965,467417,66,12875
17761,2021-07-25,GR,Greece,EURO,18090,485507,44,12919
17762,2021-08-01,GR,Greece,EURO,18513,504020,87,13006
17763,2021-08-08,GR,Greece,EURO,19592,523612,115,13121
17764,2021-08-15,GR,Greece,EURO,22567,546179,146,13267
17765,2021-08-22,GR,Greece,EURO,22377,568556,208,13475
17766,2021-08-29,GR,Greece,EURO,21722,590278,236,13711
17767,2021-09-05,GR,Greece,EURO,17537,607815,251,13962
17768,2021-09-12,GR,Greece,EURO,14666,622481,278,14240
17769,2021-09-19,GR,Greece,EURO,15318,637799,269,14509
17770,2021-09-26,GR,Greece,EURO,14143,651942,218,14727
17771,2021-10-03,GR,Greece,EURO,14985,666927,242,14969
17772,2021-10-10,GR,Greece,EURO,15378,682305,212,15181
17773,2021-10-17,GR,Greece,EURO,17510,699815,252,15433
17774,2021-10-24,GR,Greece,EURO,22650,722465,254,15687
17775,2021-10-31,GR,Greece,EURO,26713,749178,326,16013
17776,2021-11-07,GR,Greece,EURO,43383,792561,348,16361
17777,2021-11-14,GR,Greece,EURO,46451,839012,470,16831
17778,2021-11-21,GR,Greece,EURO,46907,885919,583,17414
17779,2021-11-28,GR,Greece,EURO,45124,931043,632,18046
17780,2021-12-05,GR,Greece,EURO,41132,972175,638,18684
17781,2021-12-12,GR,Greece,EURO,35783,1007958,668,19352
17782,2021-12-19,GR,Greece,EURO,30829,1038787,623,19975
17783,2021-12-26,GR,Greece,EURO,46300,1085087,530,20505
17784,2022-01-02,GR,Greece,EURO,201474,1286561,503,21008
17785,2022-01-09,GR,Greece,EURO,241321,1527882,496,21504
17786,2022-01-16,GR,Greece,EURO,145818,1673700,615,22119
17787,2022-01-23,GR,Greece,EURO,132225,1805925,675,22794
17788,2022-01-30,GR,Greece,EURO,127646,1933571,732,23526
17789,2022-02-06,GR,Greece,EURO,124694,2058265,714,24240
17790,2022-02-13,GR,Greece,EURO,125161,2183426,605,24845
17791,2022-02-20,GR,Greece,EURO,123794,2307220,572,25417
17792,2022-02-27,GR,Greece,EURO,104776,2411996,452,25869
17793,2022-03-06,GR,Greece,EURO,103664,2515660,402,26271
17794,2022-03-13,GR,Greece,EURO,129982,2645642,390,26661
17795,2022-03-20,GR,Greece,EURO,152111,2797753,367,27028
17796,2022-03-27,GR,Greece,EURO,143814,2941567,366,27394
17797,2022-04-03,GR,Greece,EURO,143843,3085410,416,27810
17798,2022-04-10,GR,Greece,EURO,98897,3184307,456,28266
17799,2022-04-17,GR,Greece,EURO,62234,3246541,419,28685
17800,2022-04-24,GR,Greece,EURO,44022,3290563,319,29004
17801,2022-05-01,GR,Greece,EURO,45138,3335701,269,29273
17802,2022-05-08,GR,Greece,EURO,32496,3368197,189,29462
17803,2022-05-15,GR,Greece,EURO,30781,3398978,153,29615
17804,2022-05-22,GR,Greece,EURO,26875,3425853,132,29747
17805,2022-05-29,GR,Greece,EURO,25494,3451347,102,29849
17806,2022-06-05,GR,Greece,EURO,25086,3476433,93,29942
17807,2022-06-12,GR,Greece,EURO,30745,3507178,99,30041
17808,2022-06-19,GR,Greece,EURO,46178,3553356,71,30112
17809,2022-06-26,GR,Greece,EURO,74364,3627720,96,30208
17810,2022-07-03,GR,Greece,EURO,104747,3732467,129,30337
17811,2022-07-10,GR,Greece,EURO,123806,3856273,180,30517
17812,2022-07-17,GR,Greece,EURO,122642,3978915,223,30740
17813,2022-07-24,GR,Greece,EURO,111500,4090415,307,31047
17814,2022-07-31,GR,Greece,EURO,98860,4189275,395,31442
17815,2022-08-07,GR,Greece,EURO,80050,4269325,363,31805
17816,2022-08-14,GR,Greece,EURO,58577,4327902,295,32100
17817,2022-08-21,GR,Greece,EURO,43917,4371819,269,32369
17818,2022-08-28,GR,Greece,EURO,39307,4411126,223,32592
17819,2022-09-04,GR,Greece,EURO,31034,4442160,188,32780
17820,2022-09-11,GR,Greece,EURO,26254,4468414,129,32909
17821,2022-09-18,GR,Greece,EURO,27374,4495788,115,33024
17822,2022-09-25,GR,Greece,EURO,33079,4528867,101,33125
17823,2022-10-02,GR,Greece,EURO,41207,4570074,91,33216
17824,2022-10-09,GR,Greece,EURO,39791,4609865,118,33334
17825,2022-10-16,GR,Greece,EURO,43578,4653443,114,33448
17826,2022-10-23,GR,Greece,EURO,41373,4694816,151,33599
17827,2022-10-30,GR,Greece,EURO,41133,4735949,170,33769
17828,2022-11-06,GR,Greece,EURO,46212,4782161,152,33921
17829,2022-11-13,GR,Greece,EURO,41738,4823899,126,34047
17830,2022-11-20,GR,Greece,EURO,39464,4863363,166,34213
17831,2022-11-27,GR,Greece,EURO,31609,4894972,132,34345
17832,2022-12-04,GR,Greece,EURO,31490,4926462,159,34504
17833,2022-12-11,GR,Greece,EURO,36508,4962970,144,34648
17834,2022-12-18,GR,Greece,EURO,33272,4996242,158,34806
17835,2022-12-25,GR,Greece,EURO,26921,5023163,170,34976
17836,2023-01-01,GR,Greece,EURO,34711,5057874,154,35130
17837,2023-01-08,GR,Greece,EURO,39318,5097192,169,35299
17838,2023-01-15,GR,Greece,EURO,34620,5131812,206,35505
17839,2023-01-22,GR,Greece,EURO,24354,5156166,183,35688
17840,2023-01-29,GR,Greece,EURO,15380,5171546,179,35867
17841,2023-02-05,GR,Greece,EURO,12032,5183578,120,35987
17842,2023-02-12,GR,Greece,EURO,11224,5194802,113,36100
17843,2023-02-19,GR,Greece,EURO,13029,5207831,101,36201
17844,2023-02-26,GR,Greece,EURO,14969,5222800,93,36294
17845,2023-03-05,GR,Greece,EURO,13365,5236165,96,36390
17846,2023-03-12,GR,Greece,EURO,10361,5246526,76,36466
17847,2023-03-19,GR,Greece,EURO,7500,5254026,77,36543
17848,2023-03-26,GR,Greece,EURO,7318,5261344,66,36609
17849,2023-04-02,GR,Greece,EURO,7142,5268486,50,36659
17850,2023-04-09,GR,Greece,EURO,6466,5274952,48,36707
17851,2023-04-16,GR,Greece,EURO,6149,5281101,46,36753
17852,2023-04-23,GR,Greece,EURO,8656,5289757,47,36800
17853,2023-04-30,GR,Greece,EURO,7292,5297049,61,36861
17854,2023-05-07,GR,Greece,EURO,6621,5303670,55,36916
17855,2023-05-14,GR,Greece,EURO,7212,5310882,56,36972
17856,2023-05-21,GR,Greece,EURO,7592,5318474,56,37028
17857,2023-05-28,GR,Greece,EURO,6130,5324604,49,37077
17858,2023-06-04,GR,Greece,EURO,4259,5328863,44,37121
17859,2023-06-11,GR,Greece,EURO,3145,5332008,39,37160
17860,2023-06-18,GR,Greece,EURO,2467,5334475,20,37180
17861,2023-06-25,GR,Greece,EURO,2367,5336842,20,37200
17862,2023-07-02,GR,Greece,EURO,1850,5338692,18,37218
17863,2023-07-09,GR,Greece,EURO,1873,5340565,16,37234
17864,2023-07-16,GR,Greece,EURO,1989,5342554,17,37251
17865,2023-07-23,GR,Greece,EURO,2598,5345152,17,37268
17866,2023-07-30,GR,Greece,EURO,3375,5348527,26,37294
17867,2023-08-06,GR,Greece,EURO,4424,5352951,27,37321
17868,2023-08-13,GR,Greece,EURO,5477,5358428,21,37342
17869,2023-08-20,GR,Greece,EURO,5781,5364209,37,37379
17870,2023-08-27,GR,Greece,EURO,6876,5371085,43,37422
17871,2023-09-03,GR,Greece,EURO,7378,5378463,39,37461
17872,2023-09-10,GR,Greece,EURO,7542,5386005,39,37500
17873,2023-09-17,GR,Greece,EURO,8636,5394641,44,37544
17874,2023-09-24,GR,Greece,EURO,11333,5405974,44,37588
17875,2023-10-01,GR,Greece,EURO,11478,5417452,56,37644
17876,2023-10-08,GR,Greece,EURO,12532,5429984,55,37699
17877,2023-10-15,GR,Greece,EURO,13137,5443121,55,37754
17878,2023-10-22,GR,Greece,EURO,11849,5454970,52,37806
17879,2023-10-29,GR,Greece,EURO,9555,5464525,63,37869
17880,2023-11-05,GR,Greece,EURO,0,5464525,0,37869
17881,2023-11-12,GR,Greece,EURO,0,5464525,0,37869
17882,2023-11-19,GR,Greece,EURO,0,5464525,0,37869
17883,2023-11-26,GR,Greece,EURO,0,5464525,0,37869
17884,2023-12-03,GR,Greece,EURO,0,5464525,0,37869
17885,2023-12-10,GR,Greece,EURO,18172,5482697,90,37959
17886,2023-12-17,GR,Greece,EURO,11897,5494594,50,38009
17887,2023-12-24,GR,Greece,EURO,14542,5509136,67,38076
17888,2020-01-05,GL,Greenland,EURO,0,0,0,0
17889,2020-01-12,GL,Greenland,EURO,0,0,0,0
17890,2020-01-19,GL,Greenland,EURO,0,0,0,0
17891,2020-01-26,GL,Greenland,EURO,0,0,0,0
17892,2020-02-02,GL,Greenland,EURO,0,0,0,0
17893,2020-02-09,GL,Greenland,EURO,0,0,0,0
17894,2020-02-16,GL,Greenland,EURO,0,0,0,0
17895,2020-02-23,GL,Greenland,EURO,0,0,0,0
17896,2020-03-01,GL,Greenland,EURO,0,0,0,0
17897,2020-03-08,GL,Greenland,EURO,0,0,0,0
17898,2020-03-15,GL,Greenland,EURO,0,0,0,0
17899,2020-03-22,GL,Greenland,EURO,2,2,0,0
17900,2020-03-29,GL,Greenland,EURO,8,10,0,0
17901,2020-04-05,GL,Greenland,EURO,0,10,0,0
17902,2020-04-12,GL,Greenland,EURO,1,11,0,0
17903,2020-04-19,GL,Greenland,EURO,0,11,0,0
17904,2020-04-26,GL,Greenland,EURO,0,11,0,0
17905,2020-05-03,GL,Greenland,EURO,0,11,0,0
17906,2020-05-10,GL,Greenland,EURO,0,11,0,0
17907,2020-05-17,GL,Greenland,EURO,0,11,0,0
17908,2020-05-24,GL,Greenland,EURO,0,11,0,0
17909,2020-05-31,GL,Greenland,EURO,2,13,0,0
17910,2020-06-07,GL,Greenland,EURO,0,13,0,0
17911,2020-06-14,GL,Greenland,EURO,0,13,0,0
17912,2020-06-21,GL,Greenland,EURO,0,13,0,0
17913,2020-06-28,GL,Greenland,EURO,0,13,0,0
17914,2020-07-05,GL,Greenland,EURO,0,13,0,0
17915,2020-07-12,GL,Greenland,EURO,0,13,0,0
17916,2020-07-19,GL,Greenland,EURO,0,13,0,0
17917,2020-07-26,GL,Greenland,EURO,0,13,0,0
17918,2020-08-02,GL,Greenland,EURO,1,14,0,0
17919,2020-08-09,GL,Greenland,EURO,0,14,0,0
17920,2020-08-16,GL,Greenland,EURO,0,14,0,0
17921,2020-08-23,GL,Greenland,EURO,0,14,0,0
17922,2020-08-30,GL,Greenland,EURO,0,14,0,0
17923,2020-09-06,GL,Greenland,EURO,0,14,0,0
17924,2020-09-13,GL,Greenland,EURO,0,14,0,0
17925,2020-09-20,GL,Greenland,EURO,0,14,0,0
17926,2020-09-27,GL,Greenland,EURO,0,14,0,0
17927,2020-10-04,GL,Greenland,EURO,0,14,0,0
17928,2020-10-11,GL,Greenland,EURO,2,16,0,0
17929,2020-10-18,GL,Greenland,EURO,0,16,0,0
17930,2020-10-25,GL,Greenland,EURO,1,17,0,0
17931,2020-11-01,GL,Greenland,EURO,0,17,0,0
17932,2020-11-08,GL,Greenland,EURO,0,17,0,0
17933,2020-11-15,GL,Greenland,EURO,0,17,0,0
17934,2020-11-22,GL,Greenland,EURO,1,18,0,0
17935,2020-11-29,GL,Greenland,EURO,0,18,0,0
17936,2020-12-06,GL,Greenland,EURO,0,18,0,0
17937,2020-12-13,GL,Greenland,EURO,1,19,0,0
17938,2020-12-20,GL,Greenland,EURO,0,19,0,0
17939,2020-12-27,GL,Greenland,EURO,7,26,0,0
17940,2021-01-03,GL,Greenland,EURO,1,27,0,0
17941,2021-01-10,GL,Greenland,EURO,2,29,0,0
17942,2021-01-17,GL,Greenland,EURO,1,30,0,0
17943,2021-01-24,GL,Greenland,EURO,0,30,0,0
17944,2021-01-31,GL,Greenland,EURO,0,30,0,0
17945,2021-02-07,GL,Greenland,EURO,0,30,0,0
17946,2021-02-14,GL,Greenland,EURO,0,30,0,0
17947,2021-02-21,GL,Greenland,EURO,0,30,0,0
17948,2021-02-28,GL,Greenland,EURO,0,30,0,0
17949,2021-03-07,GL,Greenland,EURO,1,31,0,0
17950,2021-03-14,GL,Greenland,EURO,0,31,0,0
17951,2021-03-21,GL,Greenland,EURO,0,31,0,0
17952,2021-03-28,GL,Greenland,EURO,0,31,0,0
17953,2021-04-04,GL,Greenland,EURO,0,31,0,0
17954,2021-04-11,GL,Greenland,EURO,0,31,0,0
17955,2021-04-18,GL,Greenland,EURO,0,31,0,0
17956,2021-04-25,GL,Greenland,EURO,0,31,0,0
17957,2021-05-02,GL,Greenland,EURO,0,31,0,0
17958,2021-05-09,GL,Greenland,EURO,0,31,0,0
17959,2021-05-16,GL,Greenland,EURO,0,31,0,0
17960,2021-05-23,GL,Greenland,EURO,3,34,0,0
17961,2021-05-30,GL,Greenland,EURO,6,40,0,0
17962,2021-06-06,GL,Greenland,EURO,3,43,0,0
17963,2021-06-13,GL,Greenland,EURO,1,44,0,0
17964,2021-06-20,GL,Greenland,EURO,5,49,0,0
17965,2021-06-27,GL,Greenland,EURO,1,50,0,0
17966,2021-07-04,GL,Greenland,EURO,0,50,0,0
17967,2021-07-11,GL,Greenland,EURO,2,52,0,0
17968,2021-07-18,GL,Greenland,EURO,20,72,0,0
17969,2021-07-25,GL,Greenland,EURO,20,92,0,0
17970,2021-08-01,GL,Greenland,EURO,27,119,0,0
17971,2021-08-08,GL,Greenland,EURO,49,168,0,0
17972,2021-08-15,GL,Greenland,EURO,77,245,0,0
17973,2021-08-22,GL,Greenland,EURO,53,298,0,0
17974,2021-08-29,GL,Greenland,EURO,31,329,0,0
17975,2021-09-05,GL,Greenland,EURO,20,349,0,0
17976,2021-09-12,GL,Greenland,EURO,41,390,0,0
17977,2021-09-19,GL,Greenland,EURO,74,464,0,0
17978,2021-09-26,GL,Greenland,EURO,89,553,0,0
17979,2021-10-03,GL,Greenland,EURO,31,584,0,0
17980,2021-10-10,GL,Greenland,EURO,39,623,0,0
17981,2021-10-17,GL,Greenland,EURO,31,654,0,0
17982,2021-10-24,GL,Greenland,EURO,77,731,0,0
17983,2021-10-31,GL,Greenland,EURO,68,799,0,0
17984,2021-11-07,GL,Greenland,EURO,60,859,0,0
17985,2021-11-14,GL,Greenland,EURO,131,990,0,0
17986,2021-11-21,GL,Greenland,EURO,139,1129,0,0
17987,2021-11-28,GL,Greenland,EURO,129,1258,0,0
17988,2021-12-05,GL,Greenland,EURO,250,1508,0,0
17989,2021-12-12,GL,Greenland,EURO,233,1741,0,0
17990,2021-12-19,GL,Greenland,EURO,170,1911,0,0
17991,2021-12-26,GL,Greenland,EURO,230,2141,1,1
17992,2022-01-02,GL,Greenland,EURO,475,2616,0,1
17993,2022-01-09,GL,Greenland,EURO,1883,4499,0,1
17994,2022-01-16,GL,Greenland,EURO,3047,7546,1,2
17995,2022-01-23,GL,Greenland,EURO,1939,9485,2,4
17996,2022-01-30,GL,Greenland,EURO,1142,10627,1,5
17997,2022-02-06,GL,Greenland,EURO,450,11077,1,6
17998,2022-02-13,GL,Greenland,EURO,352,11429,1,7
17999,2022-02-20,GL,Greenland,EURO,186,11615,5,12
18000,2022-02-27,GL,Greenland,EURO,110,11725,6,18
18001,2022-03-06,GL,Greenland,EURO,85,11810,2,20
18002,2022-03-13,GL,Greenland,EURO,69,11879,0,20
18003,2022-03-20,GL,Greenland,EURO,57,11936,0,20
18004,2022-03-27,GL,Greenland,EURO,35,11971,1,21
18005,2022-04-03,GL,Greenland,EURO,0,11971,0,21
18006,2022-04-10,GL,Greenland,EURO,0,11971,0,21
18007,2022-04-17,GL,Greenland,EURO,0,11971,0,21
18008,2022-04-24,GL,Greenland,EURO,0,11971,0,21
18009,2022-05-01,GL,Greenland,EURO,0,11971,0,21
18010,2022-05-08,GL,Greenland,EURO,0,11971,0,21
18011,2022-05-15,GL,Greenland,EURO,0,11971,0,21
18012,2022-05-22,GL,Greenland,EURO,0,11971,0,21
18013,2022-05-29,GL,Greenland,EURO,0,11971,0,21
18014,2022-06-05,GL,Greenland,EURO,0,11971,0,21
18015,2022-06-12,GL,Greenland,EURO,0,11971,0,21
18016,2022-06-19,GL,Greenland,EURO,0,11971,0,21
18017,2022-06-26,GL,Greenland,EURO,0,11971,0,21
18018,2022-07-03,GL,Greenland,EURO,0,11971,0,21
18019,2022-07-10,GL,Greenland,EURO,0,11971,0,21
18020,2022-07-17,GL,Greenland,EURO,0,11971,0,21
18021,2022-07-24,GL,Greenland,EURO,0,11971,0,21
18022,2022-07-31,GL,Greenland,EURO,0,11971,0,21
18023,2022-08-07,GL,Greenland,EURO,0,11971,0,21
18024,2022-08-14,GL,Greenland,EURO,0,11971,0,21
18025,2022-08-21,GL,Greenland,EURO,0,11971,0,21
18026,2022-08-28,GL,Greenland,EURO,0,11971,0,21
18027,2022-09-04,GL,Greenland,EURO,0,11971,0,21
18028,2022-09-11,GL,Greenland,EURO,0,11971,0,21
18029,2022-09-18,GL,Greenland,EURO,0,11971,0,21
18030,2022-09-25,GL,Greenland,EURO,0,11971,0,21
18031,2022-10-02,GL,Greenland,EURO,0,11971,0,21
18032,2022-10-09,GL,Greenland,EURO,0,11971,0,21
18033,2022-10-16,GL,Greenland,EURO,0,11971,0,21
18034,2022-10-23,GL,Greenland,EURO,0,11971,0,21
18035,2022-10-30,GL,Greenland,EURO,0,11971,0,21
18036,2022-11-06,GL,Greenland,EURO,0,11971,0,21
18037,2022-11-13,GL,Greenland,EURO,0,11971,0,21
18038,2022-11-20,GL,Greenland,EURO,0,11971,0,21
18039,2022-11-27,GL,Greenland,EURO,0,11971,0,21
18040,2022-12-04,GL,Greenland,EURO,0,11971,0,21
18041,2022-12-11,GL,Greenland,EURO,0,11971,0,21
18042,2022-12-18,GL,Greenland,EURO,0,11971,0,21
18043,2022-12-25,GL,Greenland,EURO,0,11971,0,21
18044,2023-01-01,GL,Greenland,EURO,0,11971,0,21
18045,2023-01-08,GL,Greenland,EURO,0,11971,0,21
18046,2023-01-15,GL,Greenland,EURO,0,11971,0,21
18047,2023-01-22,GL,Greenland,EURO,0,11971,0,21
18048,2023-01-29,GL,Greenland,EURO,0,11971,0,21
18049,2023-02-05,GL,Greenland,EURO,0,11971,0,21
18050,2023-02-12,GL,Greenland,EURO,0,11971,0,21
18051,2023-02-19,GL,Greenland,EURO,0,11971,0,21
18052,2023-02-26,GL,Greenland,EURO,0,11971,0,21
18053,2023-03-05,GL,Greenland,EURO,0,11971,0,21
18054,2023-03-12,GL,Greenland,EURO,0,11971,0,21
18055,2023-03-19,GL,Greenland,EURO,0,11971,0,21
18056,2023-03-26,GL,Greenland,EURO,0,11971,0,21
18057,2023-04-02,GL,Greenland,EURO,0,11971,0,21
18058,2023-04-09,GL,Greenland,EURO,0,11971,0,21
18059,2023-04-16,GL,Greenland,EURO,0,11971,0,21
18060,2023-04-23,GL,Greenland,EURO,0,11971,0,21
18061,2023-04-30,GL,Greenland,EURO,0,11971,0,21
18062,2023-05-07,GL,Greenland,EURO,0,11971,0,21
18063,2023-05-14,GL,Greenland,EURO,0,11971,0,21
18064,2023-05-21,GL,Greenland,EURO,0,11971,0,21
18065,2023-05-28,GL,Greenland,EURO,0,11971,0,21
18066,2023-06-04,GL,Greenland,EURO,0,11971,0,21
18067,2023-06-11,GL,Greenland,EURO,0,11971,0,21
18068,2023-06-18,GL,Greenland,EURO,0,11971,0,21
18069,2023-06-25,GL,Greenland,EURO,0,11971,0,21
18070,2023-07-02,GL,Greenland,EURO,0,11971,0,21
18071,2023-07-09,GL,Greenland,EURO,0,11971,0,21
18072,2023-07-16,GL,Greenland,EURO,0,11971,0,21
18073,2023-07-23,GL,Greenland,EURO,0,11971,0,21
18074,2023-07-30,GL,Greenland,EURO,0,11971,0,21
18075,2023-08-06,GL,Greenland,EURO,0,11971,0,21
18076,2023-08-13,GL,Greenland,EURO,0,11971,0,21
18077,2023-08-20,GL,Greenland,EURO,0,11971,0,21
18078,2023-08-27,GL,Greenland,EURO,0,11971,0,21
18079,2023-09-03,GL,Greenland,EURO,0,11971,0,21
18080,2023-09-10,GL,Greenland,EURO,0,11971,0,21
18081,2023-09-17,GL,Greenland,EURO,0,11971,0,21
18082,2023-09-24,GL,Greenland,EURO,0,11971,0,21
18083,2023-10-01,GL,Greenland,EURO,0,11971,0,21
18084,2023-10-08,GL,Greenland,EURO,0,11971,0,21
18085,2023-10-15,GL,Greenland,EURO,0,11971,0,21
18086,2023-10-22,GL,Greenland,EURO,0,11971,0,21
18087,2023-10-29,GL,Greenland,EURO,0,11971,0,21
18088,2023-11-05,GL,Greenland,EURO,0,11971,0,21
18089,2023-11-12,GL,Greenland,EURO,0,11971,0,21
18090,2023-11-19,GL,Greenland,EURO,0,11971,0,21
18091,2023-11-26,GL,Greenland,EURO,0,11971,0,21
18092,2023-12-03,GL,Greenland,EURO,0,11971,0,21
18093,2023-12-10,GL,Greenland,EURO,0,11971,0,21
18094,2023-12-17,GL,Greenland,EURO,0,11971,0,21
18095,2023-12-24,GL,Greenland,EURO,0,11971,0,21
18096,2020-01-05,GD,Grenada,AMRO,0,0,0,0
18097,2020-01-12,GD,Grenada,AMRO,0,0,0,0
18098,2020-01-19,GD,Grenada,AMRO,0,0,0,0
18099,2020-01-26,GD,Grenada,AMRO,0,0,0,0
18100,2020-02-02,GD,Grenada,AMRO,0,0,0,0
18101,2020-02-09,GD,Grenada,AMRO,0,0,0,0
18102,2020-02-16,GD,Grenada,AMRO,0,0,0,0
18103,2020-02-23,GD,Grenada,AMRO,0,0,0,0
18104,2020-03-01,GD,Grenada,AMRO,0,0,0,0
18105,2020-03-08,GD,Grenada,AMRO,0,0,0,0
18106,2020-03-15,GD,Grenada,AMRO,0,0,0,0
18107,2020-03-22,GD,Grenada,AMRO,0,0,0,0
18108,2020-03-29,GD,Grenada,AMRO,7,7,0,0
18109,2020-04-05,GD,Grenada,AMRO,5,12,0,0
18110,2020-04-12,GD,Grenada,AMRO,1,13,0,0
18111,2020-04-19,GD,Grenada,AMRO,0,13,0,0
18112,2020-04-26,GD,Grenada,AMRO,2,15,0,0
18113,2020-05-03,GD,Grenada,AMRO,5,20,0,0
18114,2020-05-10,GD,Grenada,AMRO,1,21,0,0
18115,2020-05-17,GD,Grenada,AMRO,1,22,0,0
18116,2020-05-24,GD,Grenada,AMRO,0,22,0,0
18117,2020-05-31,GD,Grenada,AMRO,1,23,0,0
18118,2020-06-07,GD,Grenada,AMRO,0,23,0,0
18119,2020-06-14,GD,Grenada,AMRO,0,23,0,0
18120,2020-06-21,GD,Grenada,AMRO,0,23,0,0
18121,2020-06-28,GD,Grenada,AMRO,0,23,0,0
18122,2020-07-05,GD,Grenada,AMRO,0,23,0,0
18123,2020-07-12,GD,Grenada,AMRO,0,23,0,0
18124,2020-07-19,GD,Grenada,AMRO,0,23,0,0
18125,2020-07-26,GD,Grenada,AMRO,0,23,0,0
18126,2020-08-02,GD,Grenada,AMRO,1,24,0,0
18127,2020-08-09,GD,Grenada,AMRO,0,24,0,0
18128,2020-08-16,GD,Grenada,AMRO,0,24,0,0
18129,2020-08-23,GD,Grenada,AMRO,0,24,0,0
18130,2020-08-30,GD,Grenada,AMRO,0,24,0,0
18131,2020-09-06,GD,Grenada,AMRO,0,24,0,0
18132,2020-09-13,GD,Grenada,AMRO,0,24,0,0
18133,2020-09-20,GD,Grenada,AMRO,0,24,0,0
18134,2020-09-27,GD,Grenada,AMRO,0,24,0,0
18135,2020-10-04,GD,Grenada,AMRO,0,24,0,0
18136,2020-10-11,GD,Grenada,AMRO,0,24,0,0
18137,2020-10-18,GD,Grenada,AMRO,3,27,0,0
18138,2020-10-25,GD,Grenada,AMRO,1,28,0,0
18139,2020-11-01,GD,Grenada,AMRO,0,28,0,0
18140,2020-11-08,GD,Grenada,AMRO,2,30,0,0
18141,2020-11-15,GD,Grenada,AMRO,2,32,0,0
18142,2020-11-22,GD,Grenada,AMRO,9,41,0,0
18143,2020-11-29,GD,Grenada,AMRO,0,41,0,0
18144,2020-12-06,GD,Grenada,AMRO,0,41,0,0
18145,2020-12-13,GD,Grenada,AMRO,2,43,0,0
18146,2020-12-20,GD,Grenada,AMRO,51,94,0,0
18147,2020-12-27,GD,Grenada,AMRO,22,116,0,0
18148,2021-01-03,GD,Grenada,AMRO,13,129,0,0
18149,2021-01-10,GD,Grenada,AMRO,6,135,1,1
18150,2021-01-17,GD,Grenada,AMRO,4,139,0,1
18151,2021-01-24,GD,Grenada,AMRO,8,147,0,1
18152,2021-01-31,GD,Grenada,AMRO,1,148,0,1
18153,2021-02-07,GD,Grenada,AMRO,0,148,0,1
18154,2021-02-14,GD,Grenada,AMRO,0,148,0,1
18155,2021-02-21,GD,Grenada,AMRO,0,148,0,1
18156,2021-02-28,GD,Grenada,AMRO,0,148,0,1
18157,2021-03-07,GD,Grenada,AMRO,3,151,0,1
18158,2021-03-14,GD,Grenada,AMRO,0,151,0,1
18159,2021-03-21,GD,Grenada,AMRO,3,154,0,1
18160,2021-03-28,GD,Grenada,AMRO,1,155,0,1
18161,2021-04-04,GD,Grenada,AMRO,0,155,0,1
18162,2021-04-11,GD,Grenada,AMRO,2,157,0,1
18163,2021-04-18,GD,Grenada,AMRO,2,159,0,1
18164,2021-04-25,GD,Grenada,AMRO,0,159,0,1
18165,2021-05-02,GD,Grenada,AMRO,2,161,0,1
18166,2021-05-09,GD,Grenada,AMRO,0,161,0,1
18167,2021-05-16,GD,Grenada,AMRO,0,161,0,1
18168,2021-05-23,GD,Grenada,AMRO,0,161,0,1
18169,2021-05-30,GD,Grenada,AMRO,0,161,0,1
18170,2021-06-06,GD,Grenada,AMRO,0,161,0,1
18171,2021-06-13,GD,Grenada,AMRO,0,161,0,1
18172,2021-06-20,GD,Grenada,AMRO,0,161,0,1
18173,2021-06-27,GD,Grenada,AMRO,1,162,0,1
18174,2021-07-04,GD,Grenada,AMRO,0,162,0,1
18175,2021-07-11,GD,Grenada,AMRO,0,162,0,1
18176,2021-07-18,GD,Grenada,AMRO,1,163,0,1
18177,2021-07-25,GD,Grenada,AMRO,2,165,0,1
18178,2021-08-01,GD,Grenada,AMRO,4,169,0,1
18179,2021-08-08,GD,Grenada,AMRO,3,172,0,1
18180,2021-08-15,GD,Grenada,AMRO,13,185,0,1
18181,2021-08-22,GD,Grenada,AMRO,27,212,0,1
18182,2021-08-29,GD,Grenada,AMRO,84,296,0,1
18183,2021-09-05,GD,Grenada,AMRO,802,1098,4,5
18184,2021-09-12,GD,Grenada,AMRO,1065,2163,17,22
18185,2021-09-19,GD,Grenada,AMRO,1327,3490,26,48
18186,2021-09-26,GD,Grenada,AMRO,1276,4766,57,105
18187,2021-10-03,GD,Grenada,AMRO,470,5236,45,150
18188,2021-10-10,GD,Grenada,AMRO,355,5591,23,173
18189,2021-10-17,GD,Grenada,AMRO,130,5721,19,192
18190,2021-10-24,GD,Grenada,AMRO,88,5809,4,196
18191,2021-10-31,GD,Grenada,AMRO,30,5839,2,198
18192,2021-11-07,GD,Grenada,AMRO,18,5857,0,198
18193,2021-11-14,GD,Grenada,AMRO,6,5863,2,200
18194,2021-11-21,GD,Grenada,AMRO,3,5866,0,200
18195,2021-11-28,GD,Grenada,AMRO,22,5888,0,200
18196,2021-12-05,GD,Grenada,AMRO,19,5907,0,200
18197,2021-12-12,GD,Grenada,AMRO,6,5913,0,200
18198,2021-12-19,GD,Grenada,AMRO,6,5919,0,200
18199,2021-12-26,GD,Grenada,AMRO,37,5956,0,200
18200,2022-01-02,GD,Grenada,AMRO,343,6299,0,200
18201,2022-01-09,GD,Grenada,AMRO,1370,7669,0,200
18202,2022-01-16,GD,Grenada,AMRO,1866,9535,3,203
18203,2022-01-23,GD,Grenada,AMRO,1655,11190,2,205
18204,2022-01-30,GD,Grenada,AMRO,1056,12246,5,210
18205,2022-02-06,GD,Grenada,AMRO,588,12834,1,211
18206,2022-02-13,GD,Grenada,AMRO,408,13242,2,213
18207,2022-02-20,GD,Grenada,AMRO,283,13525,1,214
18208,2022-02-27,GD,Grenada,AMRO,154,13679,2,216
18209,2022-03-06,GD,Grenada,AMRO,11,13690,0,216
18210,2022-03-13,GD,Grenada,AMRO,0,13690,0,216
18211,2022-03-20,GD,Grenada,AMRO,246,13936,1,217
18212,2022-03-27,GD,Grenada,AMRO,46,13982,1,218
18213,2022-04-03,GD,Grenada,AMRO,42,14024,0,218
18214,2022-04-10,GD,Grenada,AMRO,0,14024,0,218
18215,2022-04-17,GD,Grenada,AMRO,141,14165,1,219
18216,2022-04-24,GD,Grenada,AMRO,263,14428,1,220
18217,2022-05-01,GD,Grenada,AMRO,315,14743,0,220
18218,2022-05-08,GD,Grenada,AMRO,740,15483,0,220
18219,2022-05-15,GD,Grenada,AMRO,1029,16512,1,221
18220,2022-05-22,GD,Grenada,AMRO,722,17234,2,223
18221,2022-05-29,GD,Grenada,AMRO,428,17662,3,226
18222,2022-06-05,GD,Grenada,AMRO,204,17866,4,230
18223,2022-06-12,GD,Grenada,AMRO,169,18035,1,231
18224,2022-06-19,GD,Grenada,AMRO,80,18115,0,231
18225,2022-06-26,GD,Grenada,AMRO,155,18270,1,232
18226,2022-07-03,GD,Grenada,AMRO,106,18376,0,232
18227,2022-07-10,GD,Grenada,AMRO,184,18560,1,233
18228,2022-07-17,GD,Grenada,AMRO,95,18655,0,233
18229,2022-07-24,GD,Grenada,AMRO,65,18720,0,233
18230,2022-07-31,GD,Grenada,AMRO,66,18786,1,234
18231,2022-08-07,GD,Grenada,AMRO,36,18822,0,234
18232,2022-08-14,GD,Grenada,AMRO,73,18895,0,234
18233,2022-08-21,GD,Grenada,AMRO,266,19161,0,234
18234,2022-08-28,GD,Grenada,AMRO,128,19289,2,236
18235,2022-09-04,GD,Grenada,AMRO,57,19346,0,236
18236,2022-09-11,GD,Grenada,AMRO,57,19403,0,236
18237,2022-09-18,GD,Grenada,AMRO,70,19473,0,236
18238,2022-09-25,GD,Grenada,AMRO,63,19536,1,237
18239,2022-10-02,GD,Grenada,AMRO,0,19536,0,237
18240,2022-10-09,GD,Grenada,AMRO,0,19536,0,237
18241,2022-10-16,GD,Grenada,AMRO,38,19574,0,237
18242,2022-10-23,GD,Grenada,AMRO,17,19591,0,237
18243,2022-10-30,GD,Grenada,AMRO,0,19591,0,237
18244,2022-11-06,GD,Grenada,AMRO,13,19604,0,237
18245,2022-11-13,GD,Grenada,AMRO,9,19613,0,237
18246,2022-11-20,GD,Grenada,AMRO,3,19616,0,237
18247,2022-11-27,GD,Grenada,AMRO,0,19616,0,237
18248,2022-12-04,GD,Grenada,AMRO,20,19636,0,237
18249,2022-12-11,GD,Grenada,AMRO,8,19644,1,238
18250,2022-12-18,GD,Grenada,AMRO,0,19644,0,238
18251,2022-12-25,GD,Grenada,AMRO,16,19660,0,238
18252,2023-01-01,GD,Grenada,AMRO,11,19671,0,238
18253,2023-01-08,GD,Grenada,AMRO,9,19680,0,238
18254,2023-01-15,GD,Grenada,AMRO,0,19680,0,238
18255,2023-01-22,GD,Grenada,AMRO,0,19680,0,238
18256,2023-01-29,GD,Grenada,AMRO,0,19680,0,238
18257,2023-02-05,GD,Grenada,AMRO,0,19680,0,238
18258,2023-02-12,GD,Grenada,AMRO,0,19680,0,238
18259,2023-02-19,GD,Grenada,AMRO,0,19680,0,238
18260,2023-02-26,GD,Grenada,AMRO,0,19680,0,238
18261,2023-03-05,GD,Grenada,AMRO,0,19680,0,238
18262,2023-03-12,GD,Grenada,AMRO,0,19680,0,238
18263,2023-03-19,GD,Grenada,AMRO,0,19680,0,238
18264,2023-03-26,GD,Grenada,AMRO,0,19680,0,238
18265,2023-04-02,GD,Grenada,AMRO,3,19683,0,238
18266,2023-04-09,GD,Grenada,AMRO,0,19683,0,238
18267,2023-04-16,GD,Grenada,AMRO,0,19683,0,238
18268,2023-04-23,GD,Grenada,AMRO,10,19693,0,238
18269,2023-04-30,GD,Grenada,AMRO,0,19693,0,238
18270,2023-05-07,GD,Grenada,AMRO,0,19693,0,238
18271,2023-05-14,GD,Grenada,AMRO,0,19693,0,238
18272,2023-05-21,GD,Grenada,AMRO,0,19693,0,238
18273,2023-05-28,GD,Grenada,AMRO,0,19693,0,238
18274,2023-06-04,GD,Grenada,AMRO,0,19693,0,238
18275,2023-06-11,GD,Grenada,AMRO,0,19693,0,238
18276,2023-06-18,GD,Grenada,AMRO,0,19693,0,238
18277,2023-06-25,GD,Grenada,AMRO,0,19693,0,238
18278,2023-07-02,GD,Grenada,AMRO,0,19693,0,238
18279,2023-07-09,GD,Grenada,AMRO,0,19693,0,238
18280,2023-07-16,GD,Grenada,AMRO,0,19693,0,238
18281,2023-07-23,GD,Grenada,AMRO,0,19693,0,238
18282,2023-07-30,GD,Grenada,AMRO,0,19693,0,238
18283,2023-08-06,GD,Grenada,AMRO,0,19693,0,238
18284,2023-08-13,GD,Grenada,AMRO,0,19693,0,238
18285,2023-08-20,GD,Grenada,AMRO,0,19693,0,238
18286,2023-08-27,GD,Grenada,AMRO,0,19693,0,238
18287,2023-09-03,GD,Grenada,AMRO,0,19693,0,238
18288,2023-09-10,GD,Grenada,AMRO,0,19693,0,238
18289,2023-09-17,GD,Grenada,AMRO,0,19693,0,238
18290,2023-09-24,GD,Grenada,AMRO,0,19693,0,238
18291,2023-10-01,GD,Grenada,AMRO,0,19693,0,238
18292,2023-10-08,GD,Grenada,AMRO,0,19693,0,238
18293,2023-10-15,GD,Grenada,AMRO,0,19693,0,238
18294,2023-10-22,GD,Grenada,AMRO,0,19693,0,238
18295,2023-10-29,GD,Grenada,AMRO,0,19693,0,238
18296,2023-11-05,GD,Grenada,AMRO,0,19693,0,238
18297,2023-11-12,GD,Grenada,AMRO,0,19693,0,238
18298,2023-11-19,GD,Grenada,AMRO,0,19693,0,238
18299,2023-11-26,GD,Grenada,AMRO,0,19693,0,238
18300,2023-12-03,GD,Grenada,AMRO,0,19693,0,238
18301,2023-12-10,GD,Grenada,AMRO,0,19693,0,238
18302,2023-12-17,GD,Grenada,AMRO,0,19693,0,238
18303,2023-12-24,GD,Grenada,AMRO,0,19693,0,238
18304,2020-01-05,GP,Guadeloupe,,0,0,0,0
18305,2020-01-12,GP,Guadeloupe,,0,0,0,0
18306,2020-01-19,GP,Guadeloupe,,0,0,0,0
18307,2020-01-26,GP,Guadeloupe,,0,0,0,0
18308,2020-02-02,GP,Guadeloupe,,0,0,0,0
18309,2020-02-09,GP,Guadeloupe,,0,0,0,0
18310,2020-02-16,GP,Guadeloupe,,0,0,0,0
18311,2020-02-23,GP,Guadeloupe,,0,0,0,0
18312,2020-03-01,GP,Guadeloupe,,0,0,0,0
18313,2020-03-08,GP,Guadeloupe,,0,0,0,0
18314,2020-03-15,GP,Guadeloupe,,1,1,0,0
18315,2020-03-22,GP,Guadeloupe,,50,51,0,0
18316,2020-03-29,GP,Guadeloupe,,45,96,2,2
18317,2020-04-05,GP,Guadeloupe,,34,130,5,7
18318,2020-04-12,GP,Guadeloupe,,13,143,1,8
18319,2020-04-19,GP,Guadeloupe,,2,145,3,11
18320,2020-04-26,GP,Guadeloupe,,4,149,1,12
18321,2020-05-03,GP,Guadeloupe,,3,152,0,12
18322,2020-05-10,GP,Guadeloupe,,2,154,1,13
18323,2020-05-17,GP,Guadeloupe,,1,155,0,13
18324,2020-05-24,GP,Guadeloupe,,1,156,0,13
18325,2020-05-31,GP,Guadeloupe,,6,162,1,14
18326,2020-06-07,GP,Guadeloupe,,2,164,0,14
18327,2020-06-14,GP,Guadeloupe,,7,171,0,14
18328,2020-06-21,GP,Guadeloupe,,3,174,0,14
18329,2020-06-28,GP,Guadeloupe,,8,182,0,14
18330,2020-07-05,GP,Guadeloupe,,2,184,0,14
18331,2020-07-12,GP,Guadeloupe,,6,190,0,14
18332,2020-07-19,GP,Guadeloupe,,5,195,0,14
18333,2020-07-26,GP,Guadeloupe,,8,203,0,14
18334,2020-08-02,GP,Guadeloupe,,62,265,0,14
18335,2020-08-09,GP,Guadeloupe,,25,290,0,14
18336,2020-08-16,GP,Guadeloupe,,156,446,0,14
18337,2020-08-23,GP,Guadeloupe,,325,771,1,15
18338,2020-08-30,GP,Guadeloupe,,164,935,0,15
18339,2020-09-06,GP,Guadeloupe,,428,1363,5,20
18340,2020-09-13,GP,Guadeloupe,,1717,3080,4,24
18341,2020-09-20,GP,Guadeloupe,,346,3426,2,26
18342,2020-09-27,GP,Guadeloupe,,1528,4954,16,42
18343,2020-10-04,GP,Guadeloupe,,949,5903,33,75
18344,2020-10-11,GP,Guadeloupe,,580,6483,20,95
18345,2020-10-18,GP,Guadeloupe,,639,7122,16,111
18346,2020-10-25,GP,Guadeloupe,,352,7474,16,127
18347,2020-11-01,GP,Guadeloupe,,268,7742,-1,126
18348,2020-11-08,GP,Guadeloupe,,161,7903,7,133
18349,2020-11-15,GP,Guadeloupe,,195,8098,6,139
18350,2020-11-22,GP,Guadeloupe,,127,8225,5,144
18351,2020-11-29,GP,Guadeloupe,,119,8344,5,149
18352,2020-12-06,GP,Guadeloupe,,83,8427,0,149
18353,2020-12-13,GP,Guadeloupe,,24,8451,3,152
18354,2020-12-20,GP,Guadeloupe,,106,8557,3,155
18355,2020-12-27,GP,Guadeloupe,,63,8620,0,155
18356,2021-01-03,GP,Guadeloupe,,0,8620,0,155
18357,2021-01-10,GP,Guadeloupe,,82,8702,0,155
18358,2021-01-17,GP,Guadeloupe,,132,8834,1,156
18359,2021-01-24,GP,Guadeloupe,,222,9056,1,157
18360,2021-01-31,GP,Guadeloupe,,100,9156,0,157
18361,2021-02-07,GP,Guadeloupe,,0,9156,1,158
18362,2021-02-14,GP,Guadeloupe,,299,9455,2,160
18363,2021-02-21,GP,Guadeloupe,,0,9455,0,160
18364,2021-02-28,GP,Guadeloupe,,513,9968,4,164
18365,2021-03-07,GP,Guadeloupe,,490,10458,4,168
18366,2021-03-14,GP,Guadeloupe,,267,10725,0,168
18367,2021-03-21,GP,Guadeloupe,,370,11095,1,169
18368,2021-03-28,GP,Guadeloupe,,417,11512,9,178
18369,2021-04-04,GP,Guadeloupe,,378,11890,5,183
18370,2021-04-11,GP,Guadeloupe,,414,12304,6,189
18371,2021-04-18,GP,Guadeloupe,,623,12927,5,194
18372,2021-04-25,GP,Guadeloupe,,843,13770,17,211
18373,2021-05-02,GP,Guadeloupe,,864,14634,17,228
18374,2021-05-09,GP,Guadeloupe,,795,15429,8,236
18375,2021-05-16,GP,Guadeloupe,,650,16079,9,245
18376,2021-05-23,GP,Guadeloupe,,438,16517,10,255
18377,2021-05-30,GP,Guadeloupe,,357,16874,0,255
18378,2021-06-06,GP,Guadeloupe,,234,17108,5,260
18379,2021-06-13,GP,Guadeloupe,,180,17288,5,265
18380,2021-06-20,GP,Guadeloupe,,139,17427,1,266
18381,2021-06-27,GP,Guadeloupe,,112,17539,1,267
18382,2021-07-04,GP,Guadeloupe,,145,17684,3,270
18383,2021-07-11,GP,Guadeloupe,,125,17809,4,274
18384,2021-07-18,GP,Guadeloupe,,173,17982,4,278
18385,2021-07-25,GP,Guadeloupe,,331,18313,2,280
18386,2021-08-01,GP,Guadeloupe,,1093,19406,3,283
18387,2021-08-08,GP,Guadeloupe,,3220,22626,8,291
18388,2021-08-15,GP,Guadeloupe,,7134,29760,44,335
18389,2021-08-22,GP,Guadeloupe,,8195,37955,54,389
18390,2021-08-29,GP,Guadeloupe,,7438,45393,114,503
18391,2021-09-05,GP,Guadeloupe,,4122,49515,103,606
18392,2021-09-12,GP,Guadeloupe,,1970,51485,89,695
18393,2021-09-19,GP,Guadeloupe,,978,52463,52,747
18394,2021-09-26,GP,Guadeloupe,,643,53106,20,767
18395,2021-10-03,GP,Guadeloupe,,438,53544,18,785
18396,2021-10-10,GP,Guadeloupe,,292,53836,15,800
18397,2021-10-17,GP,Guadeloupe,,259,54095,9,809
18398,2021-10-24,GP,Guadeloupe,,193,54288,6,815
18399,2021-10-31,GP,Guadeloupe,,186,54474,5,820
18400,2021-11-07,GP,Guadeloupe,,198,54672,2,822
18401,2021-11-14,GP,Guadeloupe,,182,54854,0,822
18402,2021-11-21,GP,Guadeloupe,,226,55080,1,823
18403,2021-11-28,GP,Guadeloupe,,0,55080,0,823
18404,2021-12-05,GP,Guadeloupe,,138,55218,2,825
18405,2021-12-12,GP,Guadeloupe,,157,55375,3,828
18406,2021-12-19,GP,Guadeloupe,,189,55564,2,830
18407,2021-12-26,GP,Guadeloupe,,231,55795,1,831
18408,2022-01-02,GP,Guadeloupe,,720,56515,1,832
18409,2022-01-09,GP,Guadeloupe,,4138,60653,1,833
18410,2022-01-16,GP,Guadeloupe,,13007,73660,2,835
18411,2022-01-23,GP,Guadeloupe,,17089,90749,9,844
18412,2022-01-30,GP,Guadeloupe,,13430,104179,11,855
18413,2022-02-06,GP,Guadeloupe,,8489,112668,18,873
18414,2022-02-13,GP,Guadeloupe,,5509,118177,16,889
18415,2022-02-20,GP,Guadeloupe,,4034,122211,20,909
18416,2022-02-27,GP,Guadeloupe,,2317,124528,9,918
18417,2022-03-06,GP,Guadeloupe,,1728,126256,1,919
18418,2022-03-13,GP,Guadeloupe,,2097,128353,5,924
18419,2022-03-20,GP,Guadeloupe,,4006,132359,4,928
18420,2022-03-27,GP,Guadeloupe,,3622,135981,3,931
18421,2022-04-03,GP,Guadeloupe,,3535,139516,7,938
18422,2022-04-10,GP,Guadeloupe,,3057,142573,2,940
18423,2022-04-17,GP,Guadeloupe,,2655,145228,1,941
18424,2022-04-24,GP,Guadeloupe,,2379,147607,1,942
18425,2022-05-01,GP,Guadeloupe,,2348,149955,2,944
18426,2022-05-08,GP,Guadeloupe,,2561,152516,1,945
18427,2022-05-15,GP,Guadeloupe,,2576,155092,0,945
18428,2022-05-22,GP,Guadeloupe,,2773,157865,2,947
18429,2022-05-29,GP,Guadeloupe,,2498,160363,1,948
18430,2022-06-05,GP,Guadeloupe,,1827,162190,1,949
18431,2022-06-12,GP,Guadeloupe,,2135,164325,1,950
18432,2022-06-19,GP,Guadeloupe,,2099,166424,0,950
18433,2022-06-26,GP,Guadeloupe,,2290,168714,5,955
18434,2022-07-03,GP,Guadeloupe,,2717,171431,2,957
18435,2022-07-10,GP,Guadeloupe,,3917,175348,1,958
18436,2022-07-17,GP,Guadeloupe,,3937,179285,2,960
18437,2022-07-24,GP,Guadeloupe,,3733,183018,5,965
18438,2022-07-31,GP,Guadeloupe,,3362,186380,6,971
18439,2022-08-07,GP,Guadeloupe,,2236,188616,4,975
18440,2022-08-14,GP,Guadeloupe,,1438,190054,3,978
18441,2022-08-21,GP,Guadeloupe,,1063,191117,4,982
18442,2022-08-28,GP,Guadeloupe,,880,191997,4,986
18443,2022-09-04,GP,Guadeloupe,,767,192764,0,986
18444,2022-09-11,GP,Guadeloupe,,729,193493,1,987
18445,2022-09-18,GP,Guadeloupe,,653,194146,2,989
18446,2022-09-25,GP,Guadeloupe,,563,194709,1,990
18447,2022-10-02,GP,Guadeloupe,,505,195214,0,990
18448,2022-10-09,GP,Guadeloupe,,379,195593,0,990
18449,2022-10-16,GP,Guadeloupe,,361,195954,1,991
18450,2022-10-23,GP,Guadeloupe,,316,196270,2,993
18451,2022-10-30,GP,Guadeloupe,,0,196270,0,993
18452,2022-11-06,GP,Guadeloupe,,455,196725,0,993
18453,2022-11-13,GP,Guadeloupe,,380,197105,0,993
18454,2022-11-20,GP,Guadeloupe,,389,197494,2,995
18455,2022-11-27,GP,Guadeloupe,,0,197494,0,995
18456,2022-12-04,GP,Guadeloupe,,824,198318,0,995
18457,2022-12-11,GP,Guadeloupe,,290,198608,2,997
18458,2022-12-18,GP,Guadeloupe,,716,199324,2,999
18459,2022-12-25,GP,Guadeloupe,,664,199988,0,999
18460,2023-01-01,GP,Guadeloupe,,545,200533,1,1000
18461,2023-01-08,GP,Guadeloupe,,432,200965,3,1003
18462,2023-01-15,GP,Guadeloupe,,277,201242,3,1006
18463,2023-01-22,GP,Guadeloupe,,152,201394,1,1007
18464,2023-01-29,GP,Guadeloupe,,169,201563,2,1009
18465,2023-02-05,GP,Guadeloupe,,141,201704,1,1010
18466,2023-02-12,GP,Guadeloupe,,92,201796,0,1010
18467,2023-02-19,GP,Guadeloupe,,56,201852,0,1010
18468,2023-02-26,GP,Guadeloupe,,15,201867,0,1010
18469,2023-03-05,GP,Guadeloupe,,19,201886,0,1010
18470,2023-03-12,GP,Guadeloupe,,52,201938,0,1010
18471,2023-03-19,GP,Guadeloupe,,121,202059,0,1010
18472,2023-03-26,GP,Guadeloupe,,104,202163,2,1012
18473,2023-04-02,GP,Guadeloupe,,0,202163,0,1012
18474,2023-04-09,GP,Guadeloupe,,0,202163,0,1012
18475,2023-04-16,GP,Guadeloupe,,201,202364,3,1015
18476,2023-04-23,GP,Guadeloupe,,118,202482,2,1017
18477,2023-04-30,GP,Guadeloupe,,171,202653,0,1017
18478,2023-05-07,GP,Guadeloupe,,0,202653,0,1017
18479,2023-05-14,GP,Guadeloupe,,0,202653,0,1017
18480,2023-05-21,GP,Guadeloupe,,183,202836,0,1017
18481,2023-05-28,GP,Guadeloupe,,0,202836,0,1017
18482,2023-06-04,GP,Guadeloupe,,0,202836,0,1017
18483,2023-06-11,GP,Guadeloupe,,0,202836,0,1017
18484,2023-06-18,GP,Guadeloupe,,0,202836,0,1017
18485,2023-06-25,GP,Guadeloupe,,399,203235,4,1021
18486,2023-07-02,GP,Guadeloupe,,0,203235,0,1021
18487,2023-07-09,GP,Guadeloupe,,0,203235,0,1021
18488,2023-07-16,GP,Guadeloupe,,0,203235,0,1021
18489,2023-07-23,GP,Guadeloupe,,0,203235,0,1021
18490,2023-07-30,GP,Guadeloupe,,0,203235,0,1021
18491,2023-08-06,GP,Guadeloupe,,0,203235,0,1021
18492,2023-08-13,GP,Guadeloupe,,0,203235,0,1021
18493,2023-08-20,GP,Guadeloupe,,0,203235,0,1021
18494,2023-08-27,GP,Guadeloupe,,0,203235,0,1021
18495,2023-09-03,GP,Guadeloupe,,0,203235,0,1021
18496,2023-09-10,GP,Guadeloupe,,0,203235,0,1021
18497,2023-09-17,GP,Guadeloupe,,0,203235,0,1021
18498,2023-09-24,GP,Guadeloupe,,0,203235,0,1021
18499,2023-10-01,GP,Guadeloupe,,0,203235,0,1021
18500,2023-10-08,GP,Guadeloupe,,0,203235,0,1021
18501,2023-10-15,GP,Guadeloupe,,0,203235,0,1021
18502,2023-10-22,GP,Guadeloupe,,0,203235,0,1021
18503,2023-10-29,GP,Guadeloupe,,0,203235,0,1021
18504,2023-11-05,GP,Guadeloupe,,0,203235,0,1021
18505,2023-11-12,GP,Guadeloupe,,0,203235,0,1021
18506,2023-11-19,GP,Guadeloupe,,0,203235,0,1021
18507,2023-11-26,GP,Guadeloupe,,0,203235,0,1021
18508,2023-12-03,GP,Guadeloupe,,0,203235,0,1021
18509,2023-12-10,GP,Guadeloupe,,0,203235,0,1021
18510,2023-12-17,GP,Guadeloupe,,0,203235,0,1021
18511,2023-12-24,GP,Guadeloupe,,0,203235,0,1021
18512,2020-01-05,GU,Guam,WPRO,0,0,0,0
18513,2020-01-12,GU,Guam,WPRO,0,0,0,0
18514,2020-01-19,GU,Guam,WPRO,0,0,0,0
18515,2020-01-26,GU,Guam,WPRO,0,0,0,0
18516,2020-02-02,GU,Guam,WPRO,0,0,0,0
18517,2020-02-09,GU,Guam,WPRO,0,0,0,0
18518,2020-02-16,GU,Guam,WPRO,0,0,0,0
18519,2020-02-23,GU,Guam,WPRO,0,0,0,0
18520,2020-03-01,GU,Guam,WPRO,0,0,0,0
18521,2020-03-08,GU,Guam,WPRO,0,0,0,0
18522,2020-03-15,GU,Guam,WPRO,0,0,0,0
18523,2020-03-22,GU,Guam,WPRO,15,15,0,0
18524,2020-03-29,GU,Guam,WPRO,40,55,1,1
18525,2020-04-05,GU,Guam,WPRO,38,93,3,4
18526,2020-04-12,GU,Guam,WPRO,40,133,1,5
18527,2020-04-19,GU,Guam,WPRO,0,133,0,5
18528,2020-04-26,GU,Guam,WPRO,4,137,0,5
18529,2020-05-03,GU,Guam,WPRO,7,144,0,5
18530,2020-05-10,GU,Guam,WPRO,3,147,0,5
18531,2020-05-17,GU,Guam,WPRO,2,149,0,5
18532,2020-05-24,GU,Guam,WPRO,12,161,0,5
18533,2020-05-31,GU,Guam,WPRO,5,166,0,5
18534,2020-06-07,GU,Guam,WPRO,5,171,0,5
18535,2020-06-14,GU,Guam,WPRO,6,177,0,5
18536,2020-06-21,GU,Guam,WPRO,37,214,0,5
18537,2020-06-28,GU,Guam,WPRO,26,240,0,5
18538,2020-07-05,GU,Guam,WPRO,40,280,0,5
18539,2020-07-12,GU,Guam,WPRO,24,304,0,5
18540,2020-07-19,GU,Guam,WPRO,3,307,0,5
18541,2020-07-26,GU,Guam,WPRO,22,329,0,5
18542,2020-08-02,GU,Guam,WPRO,22,351,0,5
18543,2020-08-09,GU,Guam,WPRO,53,404,0,5
18544,2020-08-16,GU,Guam,WPRO,104,508,0,5
18545,2020-08-23,GU,Guam,WPRO,304,812,2,7
18546,2020-08-30,GU,Guam,WPRO,527,1339,3,10
18547,2020-09-06,GU,Guam,WPRO,332,1671,6,16
18548,2020-09-13,GU,Guam,WPRO,220,1891,9,25
18549,2020-09-20,GU,Guam,WPRO,226,2117,9,34
18550,2020-09-27,GU,Guam,WPRO,237,2354,9,43
18551,2020-10-04,GU,Guam,WPRO,343,2697,8,51
18552,2020-10-11,GU,Guam,WPRO,352,3049,8,59
18553,2020-10-18,GU,Guam,WPRO,557,3606,7,66
18554,2020-10-25,GU,Guam,WPRO,549,4155,5,71
18555,2020-11-01,GU,Guam,WPRO,477,4632,8,79
18556,2020-11-08,GU,Guam,WPRO,402,5034,10,89
18557,2020-11-15,GU,Guam,WPRO,820,5854,4,93
18558,2020-11-22,GU,Guam,WPRO,501,6355,11,104
18559,2020-11-29,GU,Guam,WPRO,300,6655,8,112
18560,2020-12-06,GU,Guam,WPRO,190,6845,1,113
18561,2020-12-13,GU,Guam,WPRO,108,6953,4,117
18562,2020-12-20,GU,Guam,WPRO,78,7031,2,119
18563,2020-12-27,GU,Guam,WPRO,63,7094,2,121
18564,2021-01-03,GU,Guam,WPRO,55,7149,2,123
18565,2021-01-10,GU,Guam,WPRO,77,7226,1,124
18566,2021-01-17,GU,Guam,WPRO,60,7286,2,126
18567,2021-01-24,GU,Guam,WPRO,54,7340,2,128
18568,2021-01-31,GU,Guam,WPRO,40,7380,1,129
18569,2021-02-07,GU,Guam,WPRO,62,7442,0,129
18570,2021-02-14,GU,Guam,WPRO,45,7487,1,130
18571,2021-02-21,GU,Guam,WPRO,24,7511,0,130
18572,2021-02-28,GU,Guam,WPRO,16,7527,1,131
18573,2021-03-07,GU,Guam,WPRO,13,7540,2,133
18574,2021-03-14,GU,Guam,WPRO,18,7558,0,133
18575,2021-03-21,GU,Guam,WPRO,12,7570,1,134
18576,2021-03-28,GU,Guam,WPRO,20,7590,0,134
18577,2021-04-04,GU,Guam,WPRO,16,7606,2,136
18578,2021-04-11,GU,Guam,WPRO,21,7627,0,136
18579,2021-04-18,GU,Guam,WPRO,31,7658,0,136
18580,2021-04-25,GU,Guam,WPRO,39,7697,0,136
18581,2021-05-02,GU,Guam,WPRO,66,7763,0,136
18582,2021-05-09,GU,Guam,WPRO,52,7815,3,139
18583,2021-05-16,GU,Guam,WPRO,41,7856,0,139
18584,2021-05-23,GU,Guam,WPRO,42,7898,0,139
18585,2021-05-30,GU,Guam,WPRO,20,7918,0,139
18586,2021-06-06,GU,Guam,WPRO,39,7957,0,139
18587,2021-06-13,GU,Guam,WPRO,27,7984,0,139
18588,2021-06-20,GU,Guam,WPRO,30,8014,0,139
18589,2021-06-27,GU,Guam,WPRO,58,8072,0,139
18590,2021-07-04,GU,Guam,WPRO,35,8107,1,140
18591,2021-07-11,GU,Guam,WPRO,57,8164,1,141
18592,2021-07-18,GU,Guam,WPRO,45,8209,1,142
18593,2021-07-25,GU,Guam,WPRO,23,8232,1,143
18594,2021-08-01,GU,Guam,WPRO,39,8271,0,143
18595,2021-08-08,GU,Guam,WPRO,118,8389,0,143
18596,2021-08-15,GU,Guam,WPRO,195,8584,0,143
18597,2021-08-22,GU,Guam,WPRO,371,8955,1,144
18598,2021-08-29,GU,Guam,WPRO,721,9676,1,145
18599,2021-09-05,GU,Guam,WPRO,890,10566,6,151
18600,2021-09-12,GU,Guam,WPRO,1049,11615,17,168
18601,2021-09-19,GU,Guam,WPRO,616,12231,11,179
18602,2021-09-26,GU,Guam,WPRO,329,12560,5,184
18603,2021-10-03,GU,Guam,WPRO,597,13157,14,198
18604,2021-10-10,GU,Guam,WPRO,524,13681,14,212
18605,2021-10-17,GU,Guam,WPRO,349,14030,10,222
18606,2021-10-24,GU,Guam,WPRO,315,14345,5,227
18607,2021-10-31,GU,Guam,WPRO,369,14714,11,238
18608,2021-11-07,GU,Guam,WPRO,193,14907,10,248
18609,2021-11-14,GU,Guam,WPRO,72,14979,10,258
18610,2021-11-21,GU,Guam,WPRO,83,15062,4,262
18611,2021-11-28,GU,Guam,WPRO,59,15121,1,263
18612,2021-12-05,GU,Guam,WPRO,57,15178,3,266
18613,2021-12-12,GU,Guam,WPRO,17,15195,1,267
18614,2021-12-19,GU,Guam,WPRO,45,15240,3,270
18615,2021-12-26,GU,Guam,WPRO,20,15260,0,270
18616,2022-01-02,GU,Guam,WPRO,146,15406,0,270
18617,2022-01-09,GU,Guam,WPRO,612,16018,4,274
18618,2022-01-16,GU,Guam,WPRO,1949,17967,0,274
18619,2022-01-23,GU,Guam,WPRO,2600,20567,2,276
18620,2022-01-30,GU,Guam,WPRO,5050,25617,9,285
18621,2022-02-06,GU,Guam,WPRO,2620,28237,11,296
18622,2022-02-13,GU,Guam,WPRO,5903,34140,10,306
18623,2022-02-20,GU,Guam,WPRO,2078,36218,10,316
18624,2022-02-27,GU,Guam,WPRO,1082,37300,6,322
18625,2022-03-06,GU,Guam,WPRO,1062,38362,9,331
18626,2022-03-13,GU,Guam,WPRO,653,39015,6,337
18627,2022-03-20,GU,Guam,WPRO,356,39371,3,340
18628,2022-03-27,GU,Guam,WPRO,273,39644,0,340
18629,2022-04-03,GU,Guam,WPRO,266,39910,9,349
18630,2022-04-10,GU,Guam,WPRO,143,40053,3,352
18631,2022-04-17,GU,Guam,WPRO,0,40053,0,352
18632,2022-04-24,GU,Guam,WPRO,318,40371,1,353
18633,2022-05-01,GU,Guam,WPRO,186,40557,0,353
18634,2022-05-08,GU,Guam,WPRO,166,40723,2,355
18635,2022-05-15,GU,Guam,WPRO,151,40874,6,361
18636,2022-05-22,GU,Guam,WPRO,153,41027,0,361
18637,2022-05-29,GU,Guam,WPRO,240,41267,2,363
18638,2022-06-05,GU,Guam,WPRO,283,41550,2,365
18639,2022-06-12,GU,Guam,WPRO,479,42029,4,369
18640,2022-06-19,GU,Guam,WPRO,534,42563,2,371
18641,2022-06-26,GU,Guam,WPRO,510,43073,0,371
18642,2022-07-03,GU,Guam,WPRO,656,43729,0,371
18643,2022-07-10,GU,Guam,WPRO,603,44332,2,373
18644,2022-07-17,GU,Guam,WPRO,582,44914,3,376
18645,2022-07-24,GU,Guam,WPRO,448,45362,1,377
18646,2022-07-31,GU,Guam,WPRO,819,46181,3,380
18647,2022-08-07,GU,Guam,WPRO,618,46799,3,383
18648,2022-08-14,GU,Guam,WPRO,572,47371,3,386
18649,2022-08-21,GU,Guam,WPRO,448,47819,3,389
18650,2022-08-28,GU,Guam,WPRO,367,48186,0,389
18651,2022-09-04,GU,Guam,WPRO,202,48388,1,390
18652,2022-09-11,GU,Guam,WPRO,236,48624,4,394
18653,2022-09-18,GU,Guam,WPRO,218,48842,7,401
18654,2022-09-25,GU,Guam,WPRO,28,48870,0,401
18655,2022-10-02,GU,Guam,WPRO,85,48955,0,401
18656,2022-10-09,GU,Guam,WPRO,54,49009,0,401
18657,2022-10-16,GU,Guam,WPRO,0,49009,0,401
18658,2022-10-23,GU,Guam,WPRO,8,49017,0,401
18659,2022-10-30,GU,Guam,WPRO,110,49127,2,403
18660,2022-11-06,GU,Guam,WPRO,47,49174,1,404
18661,2022-11-13,GU,Guam,WPRO,61,49235,2,406
18662,2022-11-20,GU,Guam,WPRO,128,49363,1,407
18663,2022-11-27,GU,Guam,WPRO,214,49577,2,409
18664,2022-12-04,GU,Guam,WPRO,0,49577,1,410
18665,2022-12-11,GU,Guam,WPRO,123,49700,0,410
18666,2022-12-18,GU,Guam,WPRO,107,49807,1,411
18667,2022-12-25,GU,Guam,WPRO,131,49938,0,411
18668,2023-01-01,GU,Guam,WPRO,64,50002,0,411
18669,2023-01-08,GU,Guam,WPRO,0,50002,0,411
18670,2023-01-15,GU,Guam,WPRO,403,50405,0,411
18671,2023-01-22,GU,Guam,WPRO,37,50442,0,411
18672,2023-01-29,GU,Guam,WPRO,193,50635,0,411
18673,2023-02-05,GU,Guam,WPRO,90,50725,2,413
18674,2023-02-12,GU,Guam,WPRO,59,50784,0,413
18675,2023-02-19,GU,Guam,WPRO,33,50817,0,413
18676,2023-02-26,GU,Guam,WPRO,23,50840,0,413
18677,2023-03-05,GU,Guam,WPRO,29,50869,0,413
18678,2023-03-12,GU,Guam,WPRO,45,50914,0,413
18679,2023-03-19,GU,Guam,WPRO,41,50955,0,413
18680,2023-03-26,GU,Guam,WPRO,19,50974,0,413
18681,2023-04-02,GU,Guam,WPRO,31,51005,0,413
18682,2023-04-09,GU,Guam,WPRO,12,51017,0,413
18683,2023-04-16,GU,Guam,WPRO,45,51062,0,413
18684,2023-04-23,GU,Guam,WPRO,48,51110,0,413
18685,2023-04-30,GU,Guam,WPRO,69,51179,0,413
18686,2023-05-07,GU,Guam,WPRO,61,51240,0,413
18687,2023-05-14,GU,Guam,WPRO,105,51345,0,413
18688,2023-05-21,GU,Guam,WPRO,95,51440,0,413
18689,2023-05-28,GU,Guam,WPRO,0,51440,0,413
18690,2023-06-04,GU,Guam,WPRO,53,51493,0,413
18691,2023-06-11,GU,Guam,WPRO,24,51517,0,413
18692,2023-06-18,GU,Guam,WPRO,32,51549,0,413
18693,2023-06-25,GU,Guam,WPRO,74,51623,0,413
18694,2023-07-02,GU,Guam,WPRO,52,51675,0,413
18695,2023-07-09,GU,Guam,WPRO,56,51731,2,415
18696,2023-07-16,GU,Guam,WPRO,7,51738,0,415
18697,2023-07-23,GU,Guam,WPRO,31,51769,0,415
18698,2023-07-30,GU,Guam,WPRO,17,51786,0,415
18699,2023-08-06,GU,Guam,WPRO,0,51786,0,415
18700,2023-08-13,GU,Guam,WPRO,42,51828,1,416
18701,2023-08-20,GU,Guam,WPRO,17,51845,0,416
18702,2023-08-27,GU,Guam,WPRO,0,51845,0,416
18703,2023-09-03,GU,Guam,WPRO,88,51933,0,416
18704,2023-09-10,GU,Guam,WPRO,26,51959,0,416
18705,2023-09-17,GU,Guam,WPRO,0,51959,0,416
18706,2023-09-24,GU,Guam,WPRO,41,52000,0,416
18707,2023-10-01,GU,Guam,WPRO,17,52017,0,416
18708,2023-10-08,GU,Guam,WPRO,15,52032,1,417
18709,2023-10-15,GU,Guam,WPRO,0,52032,0,417
18710,2023-10-22,GU,Guam,WPRO,18,52050,0,417
18711,2023-10-29,GU,Guam,WPRO,10,52060,0,417
18712,2023-11-05,GU,Guam,WPRO,15,52075,0,417
18713,2023-11-12,GU,Guam,WPRO,4,52079,0,417
18714,2023-11-19,GU,Guam,WPRO,102,52181,0,417
18715,2023-11-26,GU,Guam,WPRO,6,52187,0,417
18716,2023-12-03,GU,Guam,WPRO,0,52187,0,417
18717,2023-12-10,GU,Guam,WPRO,0,52187,0,417
18718,2023-12-17,GU,Guam,WPRO,0,52187,0,417
18719,2023-12-24,GU,Guam,WPRO,0,52187,0,417
18720,2020-01-05,GT,Guatemala,AMRO,0,0,0,0
18721,2020-01-12,GT,Guatemala,AMRO,0,0,0,0
18722,2020-01-19,GT,Guatemala,AMRO,0,0,0,0
18723,2020-01-26,GT,Guatemala,AMRO,0,0,0,0
18724,2020-02-02,GT,Guatemala,AMRO,0,0,0,0
18725,2020-02-09,GT,Guatemala,AMRO,0,0,0,0
18726,2020-02-16,GT,Guatemala,AMRO,0,0,0,0
18727,2020-02-23,GT,Guatemala,AMRO,0,0,0,0
18728,2020-03-01,GT,Guatemala,AMRO,0,0,0,0
18729,2020-03-08,GT,Guatemala,AMRO,0,0,0,0
18730,2020-03-15,GT,Guatemala,AMRO,1,1,0,0
18731,2020-03-22,GT,Guatemala,AMRO,11,12,1,1
18732,2020-03-29,GT,Guatemala,AMRO,65,77,0,1
18733,2020-04-05,GT,Guatemala,AMRO,-27,50,0,1
18734,2020-04-12,GT,Guatemala,AMRO,87,137,2,3
18735,2020-04-19,GT,Guatemala,AMRO,98,235,4,7
18736,2020-04-26,GT,Guatemala,AMRO,195,430,6,13
18737,2020-05-03,GT,Guatemala,AMRO,214,644,5,18
18738,2020-05-10,GT,Guatemala,AMRO,256,900,6,24
18739,2020-05-17,GT,Guatemala,AMRO,743,1643,6,30
18740,2020-05-24,GT,Guatemala,AMRO,1100,2743,23,53
18741,2020-05-31,GT,Guatemala,AMRO,1864,4607,37,90
18742,2020-06-07,GT,Guatemala,AMRO,1878,6485,126,216
18743,2020-06-14,GT,Guatemala,AMRO,2497,8982,135,351
18744,2020-06-21,GT,Guatemala,AMRO,3527,12509,132,483
18745,2020-06-28,GT,Guatemala,AMRO,3319,15828,189,672
18746,2020-07-05,GT,Guatemala,AMRO,5465,21293,208,880
18747,2020-07-12,GT,Guatemala,AMRO,6326,27619,259,1139
18748,2020-07-19,GT,Guatemala,AMRO,6190,33809,304,1443
18749,2020-07-26,GT,Guatemala,AMRO,10683,44492,256,1699
18750,2020-08-02,GT,Guatemala,AMRO,6487,50979,258,1957
18751,2020-08-09,GT,Guatemala,AMRO,5210,56189,240,2197
18752,2020-08-16,GT,Guatemala,AMRO,6124,62313,158,2355
18753,2020-08-23,GT,Guatemala,AMRO,5543,67856,225,2580
18754,2020-08-30,GT,Guatemala,AMRO,5823,73679,148,2728
18755,2020-09-06,GT,Guatemala,AMRO,3802,77481,117,2845
18756,2020-09-13,GT,Guatemala,AMRO,4177,81658,104,2949
18757,2020-09-20,GT,Guatemala,AMRO,3494,85152,156,3105
18758,2020-09-27,GT,Guatemala,AMRO,4550,89702,108,3213
18759,2020-10-04,GT,Guatemala,AMRO,4046,93748,72,3285
18760,2020-10-11,GT,Guatemala,AMRO,3796,97544,80,3365
18761,2020-10-18,GT,Guatemala,AMRO,3484,101028,150,3515
18762,2020-10-25,GT,Guatemala,AMRO,3604,104632,94,3609
18763,2020-11-01,GT,Guatemala,AMRO,3307,107939,120,3729
18764,2020-11-08,GT,Guatemala,AMRO,3111,111050,82,3811
18765,2020-11-15,GT,Guatemala,AMRO,3669,114719,109,3920
18766,2020-11-22,GT,Guatemala,AMRO,3698,118417,154,4074
18767,2020-11-29,GT,Guatemala,AMRO,3381,121798,87,4161
18768,2020-12-06,GT,Guatemala,AMRO,3554,125352,78,4239
18769,2020-12-13,GT,Guatemala,AMRO,3747,129099,166,4405
18770,2020-12-20,GT,Guatemala,AMRO,3496,132595,219,4624
18771,2020-12-27,GT,Guatemala,AMRO,2576,135171,139,4763
18772,2021-01-03,GT,Guatemala,AMRO,3145,138316,64,4827
18773,2021-01-10,GT,Guatemala,AMRO,4811,143127,172,4999
18774,2021-01-17,GT,Guatemala,AMRO,5471,148598,221,5220
18775,2021-01-24,GT,Guatemala,AMRO,5292,153890,236,5456
18776,2021-01-31,GT,Guatemala,AMRO,5228,159118,162,5618
18777,2021-02-07,GT,Guatemala,AMRO,3819,162937,236,5854
18778,2021-02-14,GT,Guatemala,AMRO,4134,167071,240,6094
18779,2021-02-21,GT,Guatemala,AMRO,3860,170931,155,6249
18780,2021-02-28,GT,Guatemala,AMRO,3404,174335,125,6374
18781,2021-03-07,GT,Guatemala,AMRO,4002,178337,93,6467
18782,2021-03-14,GT,Guatemala,AMRO,4342,182679,96,6563
18783,2021-03-21,GT,Guatemala,AMRO,4980,187659,122,6685
18784,2021-03-28,GT,Guatemala,AMRO,5391,193050,109,6794
18785,2021-04-04,GT,Guatemala,AMRO,2189,195239,90,6884
18786,2021-04-11,GT,Guatemala,AMRO,7401,202640,117,7001
18787,2021-04-18,GT,Guatemala,AMRO,9667,212307,189,7190
18788,2021-04-25,GT,Guatemala,AMRO,9000,221307,205,7395
18789,2021-05-02,GT,Guatemala,AMRO,7170,228477,148,7543
18790,2021-05-09,GT,Guatemala,AMRO,6406,234883,174,7717
18791,2021-05-16,GT,Guatemala,AMRO,6234,241117,155,7872
18792,2021-05-23,GT,Guatemala,AMRO,5989,247106,124,7996
18793,2021-05-30,GT,Guatemala,AMRO,6731,253837,125,8121
18794,2021-06-06,GT,Guatemala,AMRO,7555,261392,159,8280
18795,2021-06-13,GT,Guatemala,AMRO,9739,271131,159,8439
18796,2021-06-20,GT,Guatemala,AMRO,8816,279947,206,8645
18797,2021-06-27,GT,Guatemala,AMRO,10905,290852,363,9008
18798,2021-07-04,GT,Guatemala,AMRO,10337,301189,411,9419
18799,2021-07-11,GT,Guatemala,AMRO,16122,317311,269,9688
18800,2021-07-18,GT,Guatemala,AMRO,15815,333126,210,9898
18801,2021-07-25,GT,Guatemala,AMRO,17690,350816,195,10093
18802,2021-08-01,GT,Guatemala,AMRO,17668,368484,246,10339
18803,2021-08-08,GT,Guatemala,AMRO,21026,389510,375,10714
18804,2021-08-15,GT,Guatemala,AMRO,22221,411731,371,11085
18805,2021-08-22,GT,Guatemala,AMRO,26188,437919,365,11450
18806,2021-08-29,GT,Guatemala,AMRO,25834,463753,368,11818
18807,2021-09-05,GT,Guatemala,AMRO,23066,486819,385,12203
18808,2021-09-12,GT,Guatemala,AMRO,22835,509654,462,12665
18809,2021-09-19,GT,Guatemala,AMRO,19768,529422,375,13040
18810,2021-09-26,GT,Guatemala,AMRO,19182,548604,291,13331
18811,2021-10-03,GT,Guatemala,AMRO,16962,565566,369,13700
18812,2021-10-10,GT,Guatemala,AMRO,13243,578809,286,13986
18813,2021-10-17,GT,Guatemala,AMRO,8878,587687,280,14266
18814,2021-10-24,GT,Guatemala,AMRO,5772,593459,349,14615
18815,2021-10-31,GT,Guatemala,AMRO,7943,601402,405,15020
18816,2021-11-07,GT,Guatemala,AMRO,4013,605415,369,15389
18817,2021-11-14,GT,Guatemala,AMRO,3721,609136,286,15675
18818,2021-11-21,GT,Guatemala,AMRO,4577,613713,162,15837
18819,2021-11-28,GT,Guatemala,AMRO,3782,617495,80,15917
18820,2021-12-05,GT,Guatemala,AMRO,1545,619040,55,15972
18821,2021-12-12,GT,Guatemala,AMRO,2804,621844,57,16029
18822,2021-12-19,GT,Guatemala,AMRO,1605,623449,36,16065
18823,2021-12-26,GT,Guatemala,AMRO,1580,625029,30,16095
18824,2022-01-02,GT,Guatemala,AMRO,3330,628359,12,16107
18825,2022-01-09,GT,Guatemala,AMRO,7254,635613,11,16118
18826,2022-01-16,GT,Guatemala,AMRO,13334,648947,42,16160
18827,2022-01-23,GT,Guatemala,AMRO,17070,666017,85,16245
18828,2022-01-30,GT,Guatemala,AMRO,19525,685542,98,16343
18829,2022-02-06,GT,Guatemala,AMRO,20072,705614,127,16470
18830,2022-02-13,GT,Guatemala,AMRO,24363,729977,141,16611
18831,2022-02-20,GT,Guatemala,AMRO,23304,753281,133,16744
18832,2022-02-27,GT,Guatemala,AMRO,20294,773575,195,16939
18833,2022-03-06,GT,Guatemala,AMRO,15779,789354,106,17045
18834,2022-03-13,GT,Guatemala,AMRO,13390,802744,94,17139
18835,2022-03-20,GT,Guatemala,AMRO,11367,814111,67,17206
18836,2022-03-27,GT,Guatemala,AMRO,9034,823145,68,17274
18837,2022-04-03,GT,Guatemala,AMRO,6736,829881,44,17318
18838,2022-04-10,GT,Guatemala,AMRO,4600,834481,49,17367
18839,2022-04-17,GT,Guatemala,AMRO,2896,837377,55,17422
18840,2022-04-24,GT,Guatemala,AMRO,3964,841341,74,17496
18841,2022-05-01,GT,Guatemala,AMRO,4527,845868,70,17566
18842,2022-05-08,GT,Guatemala,AMRO,2939,848807,117,17683
18843,2022-05-15,GT,Guatemala,AMRO,3070,851877,109,17792
18844,2022-05-22,GT,Guatemala,AMRO,3925,855802,131,17923
18845,2022-05-29,GT,Guatemala,AMRO,3509,859311,161,18084
18846,2022-06-05,GT,Guatemala,AMRO,4284,863595,112,18196
18847,2022-06-12,GT,Guatemala,AMRO,6050,869645,74,18270
18848,2022-06-19,GT,Guatemala,AMRO,8756,878401,101,18371
18849,2022-06-26,GT,Guatemala,AMRO,14670,893071,98,18469
18850,2022-07-03,GT,Guatemala,AMRO,22250,915321,103,18572
18851,2022-07-10,GT,Guatemala,AMRO,23979,939300,106,18678
18852,2022-07-17,GT,Guatemala,AMRO,38239,977539,104,18782
18853,2022-07-24,GT,Guatemala,AMRO,26772,1004311,99,18881
18854,2022-07-31,GT,Guatemala,AMRO,33440,1037751,124,19005
18855,2022-08-07,GT,Guatemala,AMRO,16376,1054127,91,19096
18856,2022-08-14,GT,Guatemala,AMRO,16199,1070326,109,19205
18857,2022-08-21,GT,Guatemala,AMRO,14792,1085118,134,19339
18858,2022-08-28,GT,Guatemala,AMRO,11412,1096530,112,19451
18859,2022-09-04,GT,Guatemala,AMRO,8006,1104536,116,19567
18860,2022-09-11,GT,Guatemala,AMRO,6437,1110973,98,19665
18861,2022-09-18,GT,Guatemala,AMRO,3830,1114803,37,19702
18862,2022-09-25,GT,Guatemala,AMRO,4474,1119277,46,19748
18863,2022-10-02,GT,Guatemala,AMRO,5190,1124467,47,19795
18864,2022-10-09,GT,Guatemala,AMRO,4248,1128715,29,19824
18865,2022-10-16,GT,Guatemala,AMRO,3977,1132692,24,19848
18866,2022-10-23,GT,Guatemala,AMRO,2998,1135690,14,19862
18867,2022-10-30,GT,Guatemala,AMRO,4155,1139845,20,19882
18868,2022-11-06,GT,Guatemala,AMRO,2093,1141938,19,19901
18869,2022-11-13,GT,Guatemala,AMRO,2833,1144771,15,19916
18870,2022-11-20,GT,Guatemala,AMRO,2928,1147699,20,19936
18871,2022-11-27,GT,Guatemala,AMRO,5099,1152798,8,19944
18872,2022-12-04,GT,Guatemala,AMRO,5700,1158498,9,19953
18873,2022-12-11,GT,Guatemala,AMRO,10137,1168635,8,19961
18874,2022-12-18,GT,Guatemala,AMRO,13657,1182292,16,19977
18875,2022-12-25,GT,Guatemala,AMRO,13352,1195644,13,19990
18876,2023-01-01,GT,Guatemala,AMRO,7736,1203380,10,20000
18877,2023-01-08,GT,Guatemala,AMRO,4534,1207914,7,20007
18878,2023-01-15,GT,Guatemala,AMRO,9525,1217439,38,20045
18879,2023-01-22,GT,Guatemala,AMRO,4570,1222009,24,20069
18880,2023-01-29,GT,Guatemala,AMRO,4520,1226529,23,20092
18881,2023-02-05,GT,Guatemala,AMRO,2644,1229173,28,20120
18882,2023-02-12,GT,Guatemala,AMRO,2334,1231507,22,20142
18883,2023-02-19,GT,Guatemala,AMRO,2072,1233579,13,20155
18884,2023-02-26,GT,Guatemala,AMRO,1868,1235447,10,20165
18885,2023-03-05,GT,Guatemala,AMRO,1888,1237335,12,20177
18886,2023-03-12,GT,Guatemala,AMRO,1254,1238589,5,20182
18887,2023-03-19,GT,Guatemala,AMRO,1791,1240380,1,20183
18888,2023-03-26,GT,Guatemala,AMRO,1882,1242262,1,20184
18889,2023-04-02,GT,Guatemala,AMRO,2550,1244812,3,20187
18890,2023-04-09,GT,Guatemala,AMRO,0,1244812,0,20187
18891,2023-04-16,GT,Guatemala,AMRO,1918,1246730,2,20189
18892,2023-04-23,GT,Guatemala,AMRO,691,1247421,0,20189
18893,2023-04-30,GT,Guatemala,AMRO,750,1248171,0,20189
18894,2023-05-07,GT,Guatemala,AMRO,652,1248823,7,20196
18895,2023-05-14,GT,Guatemala,AMRO,1445,1250268,3,20199
18896,2023-05-21,GT,Guatemala,AMRO,0,1250268,0,20199
18897,2023-05-28,GT,Guatemala,AMRO,2,1250270,0,20199
18898,2023-06-04,GT,Guatemala,AMRO,2,1250272,0,20199
18899,2023-06-11,GT,Guatemala,AMRO,3,1250275,0,20199
18900,2023-06-18,GT,Guatemala,AMRO,1,1250276,0,20199
18901,2023-06-25,GT,Guatemala,AMRO,0,1250276,0,20199
18902,2023-07-02,GT,Guatemala,AMRO,2,1250278,1,20200
18903,2023-07-09,GT,Guatemala,AMRO,2,1250280,0,20200
18904,2023-07-16,GT,Guatemala,AMRO,3,1250283,0,20200
18905,2023-07-23,GT,Guatemala,AMRO,3,1250286,0,20200
18906,2023-07-30,GT,Guatemala,AMRO,2,1250288,0,20200
18907,2023-08-06,GT,Guatemala,AMRO,3,1250291,1,20201
18908,2023-08-13,GT,Guatemala,AMRO,1,1250292,0,20201
18909,2023-08-20,GT,Guatemala,AMRO,4,1250296,0,20201
18910,2023-08-27,GT,Guatemala,AMRO,1,1250297,0,20201
18911,2023-09-03,GT,Guatemala,AMRO,2,1250299,0,20201
18912,2023-09-10,GT,Guatemala,AMRO,1,1250300,0,20201
18913,2023-09-17,GT,Guatemala,AMRO,0,1250300,0,20201
18914,2023-09-24,GT,Guatemala,AMRO,1,1250301,0,20201
18915,2023-10-01,GT,Guatemala,AMRO,0,1250301,0,20201
18916,2023-10-08,GT,Guatemala,AMRO,0,1250301,0,20201
18917,2023-10-15,GT,Guatemala,AMRO,0,1250301,0,20201
18918,2023-10-22,GT,Guatemala,AMRO,0,1250301,0,20201
18919,2023-10-29,GT,Guatemala,AMRO,0,1250301,0,20201
18920,2023-11-05,GT,Guatemala,AMRO,0,1250301,0,20201
18921,2023-11-12,GT,Guatemala,AMRO,1,1250302,0,20201
18922,2023-11-19,GT,Guatemala,AMRO,0,1250302,0,20201
18923,2023-11-26,GT,Guatemala,AMRO,0,1250302,0,20201
18924,2023-12-03,GT,Guatemala,AMRO,2,1250304,0,20201
18925,2023-12-10,GT,Guatemala,AMRO,0,1250304,0,20201
18926,2023-12-17,GT,Guatemala,AMRO,0,1250304,0,20201
18927,2023-12-24,GT,Guatemala,AMRO,0,1250304,0,20201
18928,2020-01-05,GG,Guernsey,,0,0,0,0
18929,2020-01-12,GG,Guernsey,,0,0,0,0
18930,2020-01-19,GG,Guernsey,,0,0,0,0
18931,2020-01-26,GG,Guernsey,,0,0,0,0
18932,2020-02-02,GG,Guernsey,,0,0,0,0
18933,2020-02-09,GG,Guernsey,,0,0,0,0
18934,2020-02-16,GG,Guernsey,,0,0,0,0
18935,2020-02-23,GG,Guernsey,,0,0,0,0
18936,2020-03-01,GG,Guernsey,,0,0,0,0
18937,2020-03-08,GG,Guernsey,,1,1,0,0
18938,2020-03-15,GG,Guernsey,,0,1,0,0
18939,2020-03-22,GG,Guernsey,,22,23,0,0
18940,2020-03-29,GG,Guernsey,,23,46,0,0
18941,2020-04-05,GG,Guernsey,,81,127,4,4
18942,2020-04-12,GG,Guernsey,,82,209,5,9
18943,2020-04-19,GG,Guernsey,,30,239,4,13
18944,2020-04-26,GG,Guernsey,,6,245,3,16
18945,2020-05-03,GG,Guernsey,,7,252,0,16
18946,2020-05-10,GG,Guernsey,,0,252,0,16
18947,2020-05-17,GG,Guernsey,,0,252,0,16
18948,2020-05-24,GG,Guernsey,,0,252,0,16
18949,2020-05-31,GG,Guernsey,,0,252,0,16
18950,2020-06-07,GG,Guernsey,,0,252,0,16
18951,2020-06-14,GG,Guernsey,,0,252,0,16
18952,2020-06-21,GG,Guernsey,,0,252,0,16
18953,2020-06-28,GG,Guernsey,,0,252,0,16
18954,2020-07-05,GG,Guernsey,,0,252,0,16
18955,2020-07-12,GG,Guernsey,,0,252,0,16
18956,2020-07-19,GG,Guernsey,,0,252,0,16
18957,2020-07-26,GG,Guernsey,,0,252,0,16
18958,2020-08-02,GG,Guernsey,,0,252,0,16
18959,2020-08-09,GG,Guernsey,,0,252,0,16
18960,2020-08-16,GG,Guernsey,,0,252,0,16
18961,2020-08-23,GG,Guernsey,,0,252,0,16
18962,2020-08-30,GG,Guernsey,,0,252,0,16
18963,2020-09-06,GG,Guernsey,,1,253,0,16
18964,2020-09-13,GG,Guernsey,,1,254,0,16
18965,2020-09-20,GG,Guernsey,,1,255,0,16
18966,2020-09-27,GG,Guernsey,,2,257,0,16
18967,2020-10-04,GG,Guernsey,,0,257,0,16
18968,2020-10-11,GG,Guernsey,,1,258,0,16
18969,2020-10-18,GG,Guernsey,,0,258,0,16
18970,2020-10-25,GG,Guernsey,,7,265,0,16
18971,2020-11-01,GG,Guernsey,,3,268,0,16
18972,2020-11-08,GG,Guernsey,,11,279,0,16
18973,2020-11-15,GG,Guernsey,,3,282,0,16
18974,2020-11-22,GG,Guernsey,,1,283,0,16
18975,2020-11-29,GG,Guernsey,,3,286,0,16
18976,2020-12-06,GG,Guernsey,,2,288,0,16
18977,2020-12-13,GG,Guernsey,,1,289,0,16
18978,2020-12-20,GG,Guernsey,,3,292,0,16
18979,2020-12-27,GG,Guernsey,,5,297,0,16
18980,2021-01-03,GG,Guernsey,,2,299,0,16
18981,2021-01-10,GG,Guernsey,,5,304,0,16
18982,2021-01-17,GG,Guernsey,,5,309,0,16
18983,2021-01-24,GG,Guernsey,,5,314,0,16
18984,2021-01-31,GG,Guernsey,,179,493,0,16
18985,2021-02-07,GG,Guernsey,,218,711,0,16
18986,2021-02-14,GG,Guernsey,,78,789,1,17
18987,2021-02-21,GG,Guernsey,,23,812,0,17
18988,2021-02-28,GG,Guernsey,,9,821,0,17
18989,2021-03-07,GG,Guernsey,,0,821,0,17
18990,2021-03-14,GG,Guernsey,,0,821,0,17
18991,2021-03-21,GG,Guernsey,,0,821,0,17
18992,2021-03-28,GG,Guernsey,,0,821,0,17
18993,2021-04-04,GG,Guernsey,,0,821,0,17
18994,2021-04-11,GG,Guernsey,,0,821,0,17
18995,2021-04-18,GG,Guernsey,,1,822,0,17
18996,2021-04-25,GG,Guernsey,,0,822,0,17
18997,2021-05-02,GG,Guernsey,,0,822,0,17
18998,2021-05-09,GG,Guernsey,,0,822,0,17
18999,2021-05-16,GG,Guernsey,,0,822,0,17
19000,2021-05-23,GG,Guernsey,,0,822,0,17
19001,2021-05-30,GG,Guernsey,,0,822,0,17
19002,2021-06-06,GG,Guernsey,,1,823,0,17
19003,2021-06-13,GG,Guernsey,,0,823,0,17
19004,2021-06-20,GG,Guernsey,,3,826,0,17
19005,2021-06-27,GG,Guernsey,,8,834,0,17
19006,2021-07-04,GG,Guernsey,,13,847,0,17
19007,2021-07-11,GG,Guernsey,,8,855,0,17
19008,2021-07-18,GG,Guernsey,,27,882,0,17
19009,2021-07-25,GG,Guernsey,,43,925,0,17
19010,2021-08-01,GG,Guernsey,,29,954,0,17
19011,2021-08-08,GG,Guernsey,,46,1000,1,18
19012,2021-08-15,GG,Guernsey,,71,1071,0,18
19013,2021-08-22,GG,Guernsey,,90,1161,0,18
19014,2021-08-29,GG,Guernsey,,89,1250,0,18
19015,2021-09-05,GG,Guernsey,,93,1343,0,18
19016,2021-09-12,GG,Guernsey,,86,1429,0,18
19017,2021-09-19,GG,Guernsey,,80,1509,3,21
19018,2021-09-26,GG,Guernsey,,53,1562,0,21
19019,2021-10-03,GG,Guernsey,,69,1631,0,21
19020,2021-10-10,GG,Guernsey,,59,1690,0,21
19021,2021-10-17,GG,Guernsey,,145,1835,0,21
19022,2021-10-24,GG,Guernsey,,166,2001,1,22
19023,2021-10-31,GG,Guernsey,,133,2134,1,23
19024,2021-11-07,GG,Guernsey,,203,2337,0,23
19025,2021-11-14,GG,Guernsey,,341,2678,0,23
19026,2021-11-21,GG,Guernsey,,423,3101,0,23
19027,2021-11-28,GG,Guernsey,,646,3747,0,23
19028,2021-12-05,GG,Guernsey,,777,4524,0,23
19029,2021-12-12,GG,Guernsey,,560,5084,0,23
19030,2021-12-19,GG,Guernsey,,578,5662,0,23
19031,2021-12-26,GG,Guernsey,,984,6646,0,23
19032,2022-01-02,GG,Guernsey,,1683,8329,1,24
19033,2022-01-09,GG,Guernsey,,1363,9692,4,28
19034,2022-01-16,GG,Guernsey,,679,10371,2,30
19035,2022-01-23,GG,Guernsey,,318,10689,0,30
19036,2022-01-30,GG,Guernsey,,447,11136,0,30
19037,2022-02-06,GG,Guernsey,,641,11777,1,31
19038,2022-02-13,GG,Guernsey,,757,12534,0,31
19039,2022-02-20,GG,Guernsey,,686,13220,3,34
19040,2022-02-27,GG,Guernsey,,508,13728,1,35
19041,2022-03-06,GG,Guernsey,,931,14659,0,35
19042,2022-03-13,GG,Guernsey,,1196,15855,0,35
19043,2022-03-20,GG,Guernsey,,2077,17932,1,36
19044,2022-03-27,GG,Guernsey,,2936,20868,0,36
19045,2022-04-03,GG,Guernsey,,1389,22257,0,36
19046,2022-04-10,GG,Guernsey,,767,23024,3,39
19047,2022-04-17,GG,Guernsey,,660,23684,0,39
19048,2022-04-24,GG,Guernsey,,517,24201,0,39
19049,2022-05-01,GG,Guernsey,,372,24573,0,39
19050,2022-05-08,GG,Guernsey,,259,24832,2,41
19051,2022-05-15,GG,Guernsey,,283,25115,1,42
19052,2022-05-22,GG,Guernsey,,258,25373,1,43
19053,2022-05-29,GG,Guernsey,,251,25624,0,43
19054,2022-06-05,GG,Guernsey,,124,25748,0,43
19055,2022-06-12,GG,Guernsey,,171,25919,0,43
19056,2022-06-19,GG,Guernsey,,257,26176,0,43
19057,2022-06-26,GG,Guernsey,,365,26541,0,43
19058,2022-07-03,GG,Guernsey,,560,27101,1,44
19059,2022-07-10,GG,Guernsey,,997,28098,1,45
19060,2022-07-17,GG,Guernsey,,947,29045,1,46
19061,2022-07-24,GG,Guernsey,,556,29601,4,50
19062,2022-07-31,GG,Guernsey,,323,29924,0,50
19063,2022-08-07,GG,Guernsey,,274,30198,3,53
19064,2022-08-14,GG,Guernsey,,167,30365,2,55
19065,2022-08-21,GG,Guernsey,,154,30519,0,55
19066,2022-08-28,GG,Guernsey,,132,30651,0,55
19067,2022-09-04,GG,Guernsey,,116,30767,0,55
19068,2022-09-11,GG,Guernsey,,116,30883,0,55
19069,2022-09-18,GG,Guernsey,,109,30992,0,55
19070,2022-09-25,GG,Guernsey,,107,31099,0,55
19071,2022-10-02,GG,Guernsey,,210,31309,1,56
19072,2022-10-09,GG,Guernsey,,236,31545,0,56
19073,2022-10-16,GG,Guernsey,,291,31836,0,56
19074,2022-10-23,GG,Guernsey,,282,32118,0,56
19075,2022-10-30,GG,Guernsey,,206,32324,1,57
19076,2022-11-06,GG,Guernsey,,142,32466,0,57
19077,2022-11-13,GG,Guernsey,,96,32562,1,58
19078,2022-11-20,GG,Guernsey,,104,32666,0,58
19079,2022-11-27,GG,Guernsey,,100,32766,0,58
19080,2022-12-04,GG,Guernsey,,134,32900,0,58
19081,2022-12-11,GG,Guernsey,,180,33080,1,59
19082,2022-12-18,GG,Guernsey,,369,33449,0,59
19083,2022-12-25,GG,Guernsey,,345,33794,1,60
19084,2023-01-01,GG,Guernsey,,323,34117,1,61
19085,2023-01-08,GG,Guernsey,,280,34397,1,62
19086,2023-01-15,GG,Guernsey,,167,34564,0,62
19087,2023-01-22,GG,Guernsey,,108,34672,4,66
19088,2023-01-29,GG,Guernsey,,43,34715,0,66
19089,2023-02-05,GG,Guernsey,,54,34769,0,66
19090,2023-02-12,GG,Guernsey,,45,34814,0,66
19091,2023-02-19,GG,Guernsey,,53,34867,0,66
19092,2023-02-26,GG,Guernsey,,62,34929,0,66
19093,2023-03-05,GG,Guernsey,,62,34991,0,66
19094,2023-03-12,GG,Guernsey,,67,35058,0,66
19095,2023-03-19,GG,Guernsey,,81,35139,1,67
19096,2023-03-26,GG,Guernsey,,96,35235,0,67
19097,2023-04-02,GG,Guernsey,,0,35235,0,67
19098,2023-04-09,GG,Guernsey,,0,35235,0,67
19099,2023-04-16,GG,Guernsey,,91,35326,0,67
19100,2023-04-23,GG,Guernsey,,0,35326,0,67
19101,2023-04-30,GG,Guernsey,,0,35326,0,67
19102,2023-05-07,GG,Guernsey,,0,35326,0,67
19103,2023-05-14,GG,Guernsey,,0,35326,0,67
19104,2023-05-21,GG,Guernsey,,0,35326,0,67
19105,2023-05-28,GG,Guernsey,,0,35326,0,67
19106,2023-06-04,GG,Guernsey,,0,35326,0,67
19107,2023-06-11,GG,Guernsey,,0,35326,0,67
19108,2023-06-18,GG,Guernsey,,0,35326,0,67
19109,2023-06-25,GG,Guernsey,,0,35326,0,67
19110,2023-07-02,GG,Guernsey,,0,35326,0,67
19111,2023-07-09,GG,Guernsey,,0,35326,0,67
19112,2023-07-16,GG,Guernsey,,0,35326,0,67
19113,2023-07-23,GG,Guernsey,,0,35326,0,67
19114,2023-07-30,GG,Guernsey,,0,35326,0,67
19115,2023-08-06,GG,Guernsey,,0,35326,0,67
19116,2023-08-13,GG,Guernsey,,0,35326,0,67
19117,2023-08-20,GG,Guernsey,,0,35326,0,67
19118,2023-08-27,GG,Guernsey,,0,35326,0,67
19119,2023-09-03,GG,Guernsey,,0,35326,0,67
19120,2023-09-10,GG,Guernsey,,0,35326,0,67
19121,2023-09-17,GG,Guernsey,,0,35326,0,67
19122,2023-09-24,GG,Guernsey,,0,35326,0,67
19123,2023-10-01,GG,Guernsey,,0,35326,0,67
19124,2023-10-08,GG,Guernsey,,0,35326,0,67
19125,2023-10-15,GG,Guernsey,,0,35326,0,67
19126,2023-10-22,GG,Guernsey,,0,35326,0,67
19127,2023-10-29,GG,Guernsey,,0,35326,0,67
19128,2023-11-05,GG,Guernsey,,0,35326,0,67
19129,2023-11-12,GG,Guernsey,,0,35326,0,67
19130,2023-11-19,GG,Guernsey,,0,35326,0,67
19131,2023-11-26,GG,Guernsey,,0,35326,0,67
19132,2023-12-03,GG,Guernsey,,0,35326,0,67
19133,2023-12-10,GG,Guernsey,,0,35326,0,67
19134,2023-12-17,GG,Guernsey,,0,35326,0,67
19135,2023-12-24,GG,Guernsey,,0,35326,0,67
19136,2020-01-05,GN,Guinea,AFRO,0,0,0,0
19137,2020-01-12,GN,Guinea,AFRO,0,0,0,0
19138,2020-01-19,GN,Guinea,AFRO,0,0,0,0
19139,2020-01-26,GN,Guinea,AFRO,0,0,0,0
19140,2020-02-02,GN,Guinea,AFRO,0,0,0,0
19141,2020-02-09,GN,Guinea,AFRO,0,0,0,0
19142,2020-02-16,GN,Guinea,AFRO,0,0,0,0
19143,2020-02-23,GN,Guinea,AFRO,0,0,0,0
19144,2020-03-01,GN,Guinea,AFRO,0,0,0,0
19145,2020-03-08,GN,Guinea,AFRO,0,0,0,0
19146,2020-03-15,GN,Guinea,AFRO,1,1,0,0
19147,2020-03-22,GN,Guinea,AFRO,3,4,0,0
19148,2020-03-29,GN,Guinea,AFRO,5,9,0,0
19149,2020-04-05,GN,Guinea,AFRO,112,121,0,0
19150,2020-04-12,GN,Guinea,AFRO,129,250,0,0
19151,2020-04-19,GN,Guinea,AFRO,227,477,4,4
19152,2020-04-26,GN,Guinea,AFRO,617,1094,4,8
19153,2020-05-03,GN,Guinea,AFRO,492,1586,0,8
19154,2020-05-10,GN,Guinea,AFRO,456,2042,4,12
19155,2020-05-17,GN,Guinea,AFRO,621,2663,4,16
19156,2020-05-24,GN,Guinea,AFRO,513,3176,4,20
19157,2020-05-31,GN,Guinea,AFRO,530,3706,3,23
19158,2020-06-07,GN,Guinea,AFRO,411,4117,0,23
19159,2020-06-14,GN,Guinea,AFRO,367,4484,2,25
19160,2020-06-21,GN,Guinea,AFRO,476,4960,2,27
19161,2020-06-28,GN,Guinea,AFRO,331,5291,3,30
19162,2020-07-05,GN,Guinea,AFRO,279,5570,4,34
19163,2020-07-12,GN,Guinea,AFRO,571,6141,3,37
19164,2020-07-19,GN,Guinea,AFRO,350,6491,2,39
19165,2020-07-26,GN,Guinea,AFRO,436,6927,3,42
19166,2020-08-02,GN,Guinea,AFRO,381,7308,4,46
19167,2020-08-09,GN,Guinea,AFRO,567,7875,4,50
19168,2020-08-16,GN,Guinea,AFRO,468,8343,0,50
19169,2020-08-23,GN,Guinea,AFRO,624,8967,3,53
19170,2020-08-30,GN,Guinea,AFRO,284,9251,6,59
19171,2020-09-06,GN,Guinea,AFRO,471,9722,2,61
19172,2020-09-13,GN,Guinea,AFRO,298,10020,2,63
19173,2020-09-20,GN,Guinea,AFRO,266,10286,0,63
19174,2020-09-27,GN,Guinea,AFRO,262,10548,3,66
19175,2020-10-04,GN,Guinea,AFRO,206,10754,0,66
19176,2020-10-11,GN,Guinea,AFRO,268,11022,3,69
19177,2020-10-18,GN,Guinea,AFRO,456,11478,1,70
19178,2020-10-25,GN,Guinea,AFRO,191,11669,1,71
19179,2020-11-01,GN,Guinea,AFRO,403,12072,1,72
19180,2020-11-08,GN,Guinea,AFRO,342,12414,2,74
19181,2020-11-15,GN,Guinea,AFRO,197,12611,1,75
19182,2020-11-22,GN,Guinea,AFRO,215,12826,0,75
19183,2020-11-29,GN,Guinea,AFRO,213,13039,1,76
19184,2020-12-06,GN,Guinea,AFRO,194,13233,0,76
19185,2020-12-13,GN,Guinea,AFRO,187,13420,3,79
19186,2020-12-20,GN,Guinea,AFRO,125,13545,1,80
19187,2020-12-27,GN,Guinea,AFRO,129,13674,0,80
19188,2021-01-03,GN,Guinea,AFRO,110,13784,1,81
19189,2021-01-10,GN,Guinea,AFRO,158,13942,0,81
19190,2021-01-17,GN,Guinea,AFRO,172,14114,0,81
19191,2021-01-24,GN,Guinea,AFRO,205,14319,0,81
19192,2021-01-31,GN,Guinea,AFRO,213,14532,1,82
19193,2021-02-07,GN,Guinea,AFRO,155,14687,2,84
19194,2021-02-14,GN,Guinea,AFRO,259,14946,0,84
19195,2021-02-21,GN,Guinea,AFRO,449,15395,2,86
19196,2021-02-28,GN,Guinea,AFRO,597,15992,3,89
19197,2021-03-07,GN,Guinea,AFRO,833,16825,2,91
19198,2021-03-14,GN,Guinea,AFRO,767,17592,9,100
19199,2021-03-21,GN,Guinea,AFRO,1125,18717,10,110
19200,2021-03-28,GN,Guinea,AFRO,953,19670,10,120
19201,2021-04-04,GN,Guinea,AFRO,735,20405,10,130
19202,2021-04-11,GN,Guinea,AFRO,544,20949,4,134
19203,2021-04-18,GN,Guinea,AFRO,511,21460,4,138
19204,2021-04-25,GN,Guinea,AFRO,493,21953,2,140
19205,2021-05-02,GN,Guinea,AFRO,351,22304,5,145
19206,2021-05-09,GN,Guinea,AFRO,329,22633,5,150
19207,2021-05-16,GN,Guinea,AFRO,113,22746,1,151
19208,2021-05-23,GN,Guinea,AFRO,242,22988,7,158
19209,2021-05-30,GN,Guinea,AFRO,184,23172,3,161
19210,2021-06-06,GN,Guinea,AFRO,83,23255,1,162
19211,2021-06-13,GN,Guinea,AFRO,134,23389,5,167
19212,2021-06-20,GN,Guinea,AFRO,61,23450,0,167
19213,2021-06-27,GN,Guinea,AFRO,242,23692,1,168
19214,2021-07-04,GN,Guinea,AFRO,179,23871,5,173
19215,2021-07-11,GN,Guinea,AFRO,263,24134,6,179
19216,2021-07-18,GN,Guinea,AFRO,577,24711,11,190
19217,2021-07-25,GN,Guinea,AFRO,282,24993,8,198
19218,2021-08-01,GN,Guinea,AFRO,921,25914,34,232
19219,2021-08-08,GN,Guinea,AFRO,1055,26969,28,260
19220,2021-08-15,GN,Guinea,AFRO,1149,28118,32,292
19221,2021-08-22,GN,Guinea,AFRO,684,28802,22,314
19222,2021-08-29,GN,Guinea,AFRO,598,29400,21,335
19223,2021-09-05,GN,Guinea,AFRO,464,29864,20,355
19224,2021-09-12,GN,Guinea,AFRO,183,30047,13,368
19225,2021-09-19,GN,Guinea,AFRO,89,30136,2,370
19226,2021-09-26,GN,Guinea,AFRO,228,30364,8,378
19227,2021-10-03,GN,Guinea,AFRO,81,30445,3,381
19228,2021-10-10,GN,Guinea,AFRO,34,30479,2,383
19229,2021-10-17,GN,Guinea,AFRO,93,30572,2,385
19230,2021-10-24,GN,Guinea,AFRO,54,30626,0,385
19231,2021-10-31,GN,Guinea,AFRO,27,30653,0,385
19232,2021-11-07,GN,Guinea,AFRO,28,30681,0,385
19233,2021-11-14,GN,Guinea,AFRO,34,30715,2,387
19234,2021-11-21,GN,Guinea,AFRO,0,30715,0,387
19235,2021-11-28,GN,Guinea,AFRO,48,30763,0,387
19236,2021-12-05,GN,Guinea,AFRO,35,30798,1,388
19237,2021-12-12,GN,Guinea,AFRO,15,30813,0,388
19238,2021-12-19,GN,Guinea,AFRO,1,30814,0,388
19239,2021-12-26,GN,Guinea,AFRO,316,31130,1,389
19240,2022-01-02,GN,Guinea,AFRO,1737,32867,2,391
19241,2022-01-09,GN,Guinea,AFRO,1806,34673,9,400
19242,2022-01-16,GN,Guinea,AFRO,929,35602,8,408
19243,2022-01-23,GN,Guinea,AFRO,306,35908,8,416
19244,2022-01-30,GN,Guinea,AFRO,105,36013,0,416
19245,2022-02-06,GN,Guinea,AFRO,257,36270,16,432
19246,2022-02-13,GN,Guinea,AFRO,59,36329,4,436
19247,2022-02-20,GN,Guinea,AFRO,25,36354,2,438
19248,2022-02-27,GN,Guinea,AFRO,39,36393,2,440
19249,2022-03-06,GN,Guinea,AFRO,4,36397,0,440
19250,2022-03-13,GN,Guinea,AFRO,30,36427,0,440
19251,2022-03-20,GN,Guinea,AFRO,28,36455,0,440
19252,2022-03-27,GN,Guinea,AFRO,4,36459,0,440
19253,2022-04-03,GN,Guinea,AFRO,43,36502,0,440
19254,2022-04-10,GN,Guinea,AFRO,0,36502,0,440
19255,2022-04-17,GN,Guinea,AFRO,38,36540,1,441
19256,2022-04-24,GN,Guinea,AFRO,9,36549,1,442
19257,2022-05-01,GN,Guinea,AFRO,0,36549,0,442
19258,2022-05-08,GN,Guinea,AFRO,48,36597,0,442
19259,2022-05-15,GN,Guinea,AFRO,64,36661,0,442
19260,2022-05-22,GN,Guinea,AFRO,38,36699,0,442
19261,2022-05-29,GN,Guinea,AFRO,65,36764,0,442
19262,2022-06-05,GN,Guinea,AFRO,53,36817,0,442
19263,2022-06-12,GN,Guinea,AFRO,56,36873,0,442
19264,2022-06-19,GN,Guinea,AFRO,151,37024,0,442
19265,2022-06-26,GN,Guinea,AFRO,99,37123,1,443
19266,2022-07-03,GN,Guinea,AFRO,150,37273,0,443
19267,2022-07-10,GN,Guinea,AFRO,78,37351,2,445
19268,2022-07-17,GN,Guinea,AFRO,18,37369,0,445
19269,2022-07-24,GN,Guinea,AFRO,39,37408,0,445
19270,2022-07-31,GN,Guinea,AFRO,21,37429,0,445
19271,2022-08-07,GN,Guinea,AFRO,41,37470,2,447
19272,2022-08-14,GN,Guinea,AFRO,0,37470,0,447
19273,2022-08-21,GN,Guinea,AFRO,0,37470,0,447
19274,2022-08-28,GN,Guinea,AFRO,97,37567,1,448
19275,2022-09-04,GN,Guinea,AFRO,85,37652,1,449
19276,2022-09-11,GN,Guinea,AFRO,78,37730,0,449
19277,2022-09-18,GN,Guinea,AFRO,99,37829,1,450
19278,2022-09-25,GN,Guinea,AFRO,80,37909,3,453
19279,2022-10-02,GN,Guinea,AFRO,41,37950,2,455
19280,2022-10-09,GN,Guinea,AFRO,49,37999,1,456
19281,2022-10-16,GN,Guinea,AFRO,48,38047,0,456
19282,2022-10-23,GN,Guinea,AFRO,43,38090,2,458
19283,2022-10-30,GN,Guinea,AFRO,32,38122,0,458
19284,2022-11-06,GN,Guinea,AFRO,0,38122,0,458
19285,2022-11-13,GN,Guinea,AFRO,31,38153,6,464
19286,2022-11-20,GN,Guinea,AFRO,9,38162,1,465
19287,2022-11-27,GN,Guinea,AFRO,14,38176,0,465
19288,2022-12-04,GN,Guinea,AFRO,15,38191,0,465
19289,2022-12-11,GN,Guinea,AFRO,10,38201,0,465
19290,2022-12-18,GN,Guinea,AFRO,9,38210,1,466
19291,2022-12-25,GN,Guinea,AFRO,1,38211,0,466
19292,2023-01-01,GN,Guinea,AFRO,13,38224,1,467
19293,2023-01-08,GN,Guinea,AFRO,1,38225,0,467
19294,2023-01-15,GN,Guinea,AFRO,15,38240,0,467
19295,2023-01-22,GN,Guinea,AFRO,10,38250,0,467
19296,2023-01-29,GN,Guinea,AFRO,5,38255,0,467
19297,2023-02-05,GN,Guinea,AFRO,12,38267,0,467
19298,2023-02-12,GN,Guinea,AFRO,0,38267,0,467
19299,2023-02-19,GN,Guinea,AFRO,13,38280,0,467
19300,2023-02-26,GN,Guinea,AFRO,0,38280,0,467
19301,2023-03-05,GN,Guinea,AFRO,0,38280,0,467
19302,2023-03-12,GN,Guinea,AFRO,0,38280,0,467
19303,2023-03-19,GN,Guinea,AFRO,102,38382,0,467
19304,2023-03-26,GN,Guinea,AFRO,18,38400,0,467
19305,2023-04-02,GN,Guinea,AFRO,30,38430,0,467
19306,2023-04-09,GN,Guinea,AFRO,32,38462,0,467
19307,2023-04-16,GN,Guinea,AFRO,57,38519,1,468
19308,2023-04-23,GN,Guinea,AFRO,28,38547,0,468
19309,2023-04-30,GN,Guinea,AFRO,16,38563,0,468
19310,2023-05-07,GN,Guinea,AFRO,0,38563,0,468
19311,2023-05-14,GN,Guinea,AFRO,0,38563,0,468
19312,2023-05-21,GN,Guinea,AFRO,0,38563,0,468
19313,2023-05-28,GN,Guinea,AFRO,0,38563,0,468
19314,2023-06-04,GN,Guinea,AFRO,0,38563,0,468
19315,2023-06-11,GN,Guinea,AFRO,0,38563,0,468
19316,2023-06-18,GN,Guinea,AFRO,0,38563,0,468
19317,2023-06-25,GN,Guinea,AFRO,0,38563,0,468
19318,2023-07-02,GN,Guinea,AFRO,0,38563,0,468
19319,2023-07-09,GN,Guinea,AFRO,0,38563,0,468
19320,2023-07-16,GN,Guinea,AFRO,0,38563,0,468
19321,2023-07-23,GN,Guinea,AFRO,0,38563,0,468
19322,2023-07-30,GN,Guinea,AFRO,0,38563,0,468
19323,2023-08-06,GN,Guinea,AFRO,0,38563,0,468
19324,2023-08-13,GN,Guinea,AFRO,0,38563,0,468
19325,2023-08-20,GN,Guinea,AFRO,0,38563,0,468
19326,2023-08-27,GN,Guinea,AFRO,0,38563,0,468
19327,2023-09-03,GN,Guinea,AFRO,0,38563,0,468
19328,2023-09-10,GN,Guinea,AFRO,0,38563,0,468
19329,2023-09-17,GN,Guinea,AFRO,0,38563,0,468
19330,2023-09-24,GN,Guinea,AFRO,0,38563,0,468
19331,2023-10-01,GN,Guinea,AFRO,0,38563,0,468
19332,2023-10-08,GN,Guinea,AFRO,0,38563,0,468
19333,2023-10-15,GN,Guinea,AFRO,3,38566,0,468
19334,2023-10-22,GN,Guinea,AFRO,1,38567,0,468
19335,2023-10-29,GN,Guinea,AFRO,1,38568,0,468
19336,2023-11-05,GN,Guinea,AFRO,4,38572,0,468
19337,2023-11-12,GN,Guinea,AFRO,0,38572,0,468
19338,2023-11-19,GN,Guinea,AFRO,0,38572,0,468
19339,2023-11-26,GN,Guinea,AFRO,0,38572,0,468
19340,2023-12-03,GN,Guinea,AFRO,0,38572,0,468
19341,2023-12-10,GN,Guinea,AFRO,0,38572,0,468
19342,2023-12-17,GN,Guinea,AFRO,0,38572,0,468
19343,2023-12-24,GN,Guinea,AFRO,0,38572,0,468
19344,2020-01-05,GW,Guinea-Bissau,AFRO,0,0,0,0
19345,2020-01-12,GW,Guinea-Bissau,AFRO,0,0,0,0
19346,2020-01-19,GW,Guinea-Bissau,AFRO,0,0,0,0
19347,2020-01-26,GW,Guinea-Bissau,AFRO,0,0,0,0
19348,2020-02-02,GW,Guinea-Bissau,AFRO,0,0,0,0
19349,2020-02-09,GW,Guinea-Bissau,AFRO,0,0,0,0
19350,2020-02-16,GW,Guinea-Bissau,AFRO,0,0,0,0
19351,2020-02-23,GW,Guinea-Bissau,AFRO,0,0,0,0
19352,2020-03-01,GW,Guinea-Bissau,AFRO,0,0,0,0
19353,2020-03-08,GW,Guinea-Bissau,AFRO,0,0,0,0
19354,2020-03-15,GW,Guinea-Bissau,AFRO,0,0,0,0
19355,2020-03-22,GW,Guinea-Bissau,AFRO,0,0,0,0
19356,2020-03-29,GW,Guinea-Bissau,AFRO,2,2,0,0
19357,2020-04-05,GW,Guinea-Bissau,AFRO,16,18,0,0
19358,2020-04-12,GW,Guinea-Bissau,AFRO,21,39,0,0
19359,2020-04-19,GW,Guinea-Bissau,AFRO,11,50,0,0
19360,2020-04-26,GW,Guinea-Bissau,AFRO,2,52,0,0
19361,2020-05-03,GW,Guinea-Bissau,AFRO,208,260,2,2
19362,2020-05-10,GW,Guinea-Bissau,AFRO,382,642,1,3
19363,2020-05-17,GW,Guinea-Bissau,AFRO,271,913,0,3
19364,2020-05-24,GW,Guinea-Bissau,AFRO,201,1114,3,6
19365,2020-05-31,GW,Guinea-Bissau,AFRO,142,1256,2,8
19366,2020-06-07,GW,Guinea-Bissau,AFRO,112,1368,4,12
19367,2020-06-14,GW,Guinea-Bissau,AFRO,115,1483,3,15
19368,2020-06-21,GW,Guinea-Bissau,AFRO,58,1541,2,17
19369,2020-06-28,GW,Guinea-Bissau,AFRO,73,1614,4,21
19370,2020-07-05,GW,Guinea-Bissau,AFRO,176,1790,4,25
19371,2020-07-12,GW,Guinea-Bissau,AFRO,52,1842,0,25
19372,2020-07-19,GW,Guinea-Bissau,AFRO,108,1950,1,26
19373,2020-07-26,GW,Guinea-Bissau,AFRO,4,1954,0,26
19374,2020-08-02,GW,Guinea-Bissau,AFRO,27,1981,1,27
19375,2020-08-09,GW,Guinea-Bissau,AFRO,71,2052,2,29
19376,2020-08-16,GW,Guinea-Bissau,AFRO,65,2117,4,33
19377,2020-08-23,GW,Guinea-Bissau,AFRO,32,2149,0,33
19378,2020-08-30,GW,Guinea-Bissau,AFRO,0,2149,0,33
19379,2020-09-06,GW,Guinea-Bissau,AFRO,96,2245,5,38
19380,2020-09-13,GW,Guinea-Bissau,AFRO,30,2275,1,39
19381,2020-09-20,GW,Guinea-Bissau,AFRO,28,2303,0,39
19382,2020-09-27,GW,Guinea-Bissau,AFRO,21,2324,0,39
19383,2020-10-04,GW,Guinea-Bissau,AFRO,38,2362,0,39
19384,2020-10-11,GW,Guinea-Bissau,AFRO,23,2385,1,40
19385,2020-10-18,GW,Guinea-Bissau,AFRO,18,2403,1,41
19386,2020-10-25,GW,Guinea-Bissau,AFRO,0,2403,0,41
19387,2020-11-01,GW,Guinea-Bissau,AFRO,10,2413,0,41
19388,2020-11-08,GW,Guinea-Bissau,AFRO,1,2414,1,42
19389,2020-11-15,GW,Guinea-Bissau,AFRO,5,2419,1,43
19390,2020-11-22,GW,Guinea-Bissau,AFRO,2,2421,0,43
19391,2020-11-29,GW,Guinea-Bissau,AFRO,1,2422,0,43
19392,2020-12-06,GW,Guinea-Bissau,AFRO,19,2441,1,44
19393,2020-12-13,GW,Guinea-Bissau,AFRO,3,2444,0,44
19394,2020-12-20,GW,Guinea-Bissau,AFRO,3,2447,0,44
19395,2020-12-27,GW,Guinea-Bissau,AFRO,0,2447,1,45
19396,2021-01-03,GW,Guinea-Bissau,AFRO,8,2455,0,45
19397,2021-01-10,GW,Guinea-Bissau,AFRO,23,2478,0,45
19398,2021-01-17,GW,Guinea-Bissau,AFRO,0,2478,0,45
19399,2021-01-24,GW,Guinea-Bissau,AFRO,55,2533,0,45
19400,2021-01-31,GW,Guinea-Bissau,AFRO,102,2635,0,45
19401,2021-02-07,GW,Guinea-Bissau,AFRO,145,2780,1,46
19402,2021-02-14,GW,Guinea-Bissau,AFRO,144,2924,0,46
19403,2021-02-21,GW,Guinea-Bissau,AFRO,191,3115,1,47
19404,2021-02-28,GW,Guinea-Bissau,AFRO,147,3262,1,48
19405,2021-03-07,GW,Guinea-Bissau,AFRO,50,3312,1,49
19406,2021-03-14,GW,Guinea-Bissau,AFRO,135,3447,3,52
19407,2021-03-21,GW,Guinea-Bissau,AFRO,121,3568,3,55
19408,2021-03-28,GW,Guinea-Bissau,AFRO,66,3634,6,61
19409,2021-04-04,GW,Guinea-Bissau,AFRO,28,3662,5,66
19410,2021-04-11,GW,Guinea-Bissau,AFRO,18,3680,0,66
19411,2021-04-18,GW,Guinea-Bissau,AFRO,32,3712,0,66
19412,2021-04-25,GW,Guinea-Bissau,AFRO,14,3726,1,67
19413,2021-05-02,GW,Guinea-Bissau,AFRO,10,3736,0,67
19414,2021-05-09,GW,Guinea-Bissau,AFRO,5,3741,0,67
19415,2021-05-16,GW,Guinea-Bissau,AFRO,5,3746,0,67
19416,2021-05-23,GW,Guinea-Bissau,AFRO,5,3751,1,68
19417,2021-05-30,GW,Guinea-Bissau,AFRO,15,3766,0,68
19418,2021-06-06,GW,Guinea-Bissau,AFRO,21,3787,0,68
19419,2021-06-13,GW,Guinea-Bissau,AFRO,16,3803,1,69
19420,2021-06-20,GW,Guinea-Bissau,AFRO,22,3825,0,69
19421,2021-06-27,GW,Guinea-Bissau,AFRO,21,3846,0,69
19422,2021-07-04,GW,Guinea-Bissau,AFRO,35,3881,0,69
19423,2021-07-11,GW,Guinea-Bissau,AFRO,66,3947,1,70
19424,2021-07-18,GW,Guinea-Bissau,AFRO,105,4052,3,73
19425,2021-07-25,GW,Guinea-Bissau,AFRO,161,4213,1,74
19426,2021-08-01,GW,Guinea-Bissau,AFRO,285,4498,2,76
19427,2021-08-08,GW,Guinea-Bissau,AFRO,290,4788,3,79
19428,2021-08-15,GW,Guinea-Bissau,AFRO,335,5123,11,90
19429,2021-08-22,GW,Guinea-Bissau,AFRO,395,5518,13,103
19430,2021-08-29,GW,Guinea-Bissau,AFRO,248,5766,14,117
19431,2021-09-05,GW,Guinea-Bissau,AFRO,136,5902,4,121
19432,2021-09-12,GW,Guinea-Bissau,AFRO,119,6021,4,125
19433,2021-09-19,GW,Guinea-Bissau,AFRO,57,6078,5,130
19434,2021-09-26,GW,Guinea-Bissau,AFRO,25,6103,5,135
19435,2021-10-03,GW,Guinea-Bissau,AFRO,9,6112,0,135
19436,2021-10-10,GW,Guinea-Bissau,AFRO,7,6119,6,141
19437,2021-10-17,GW,Guinea-Bissau,AFRO,11,6130,0,141
19438,2021-10-24,GW,Guinea-Bissau,AFRO,1,6131,0,141
19439,2021-10-31,GW,Guinea-Bissau,AFRO,3,6134,0,141
19440,2021-11-07,GW,Guinea-Bissau,AFRO,16,6150,2,143
19441,2021-11-14,GW,Guinea-Bissau,AFRO,252,6402,1,144
19442,2021-11-21,GW,Guinea-Bissau,AFRO,32,6434,2,146
19443,2021-11-28,GW,Guinea-Bissau,AFRO,6,6440,2,148
19444,2021-12-05,GW,Guinea-Bissau,AFRO,4,6444,1,149
19445,2021-12-12,GW,Guinea-Bissau,AFRO,4,6448,0,149
19446,2021-12-19,GW,Guinea-Bissau,AFRO,8,6456,0,149
19447,2021-12-26,GW,Guinea-Bissau,AFRO,10,6466,0,149
19448,2022-01-02,GW,Guinea-Bissau,AFRO,33,6499,0,149
19449,2022-01-09,GW,Guinea-Bissau,AFRO,195,6694,0,149
19450,2022-01-16,GW,Guinea-Bissau,AFRO,340,7034,3,152
19451,2022-01-23,GW,Guinea-Bissau,AFRO,430,7464,2,154
19452,2022-01-30,GW,Guinea-Bissau,AFRO,122,7586,2,156
19453,2022-02-06,GW,Guinea-Bissau,AFRO,186,7772,2,158
19454,2022-02-13,GW,Guinea-Bissau,AFRO,77,7849,6,164
19455,2022-02-20,GW,Guinea-Bissau,AFRO,96,7945,2,166
19456,2022-02-27,GW,Guinea-Bissau,AFRO,56,8001,1,167
19457,2022-03-06,GW,Guinea-Bissau,AFRO,32,8033,0,167
19458,2022-03-13,GW,Guinea-Bissau,AFRO,38,8071,2,169
19459,2022-03-20,GW,Guinea-Bissau,AFRO,42,8113,0,169
19460,2022-03-27,GW,Guinea-Bissau,AFRO,18,8131,0,169
19461,2022-04-03,GW,Guinea-Bissau,AFRO,20,8151,1,170
19462,2022-04-10,GW,Guinea-Bissau,AFRO,22,8173,0,170
19463,2022-04-17,GW,Guinea-Bissau,AFRO,9,8182,1,171
19464,2022-04-24,GW,Guinea-Bissau,AFRO,4,8186,0,171
19465,2022-05-01,GW,Guinea-Bissau,AFRO,16,8202,0,171
19466,2022-05-08,GW,Guinea-Bissau,AFRO,13,8215,0,171
19467,2022-05-15,GW,Guinea-Bissau,AFRO,7,8222,0,171
19468,2022-05-22,GW,Guinea-Bissau,AFRO,24,8246,0,171
19469,2022-05-29,GW,Guinea-Bissau,AFRO,23,8269,0,171
19470,2022-06-05,GW,Guinea-Bissau,AFRO,21,8290,0,171
19471,2022-06-12,GW,Guinea-Bissau,AFRO,17,8307,0,171
19472,2022-06-19,GW,Guinea-Bissau,AFRO,0,8307,0,171
19473,2022-06-26,GW,Guinea-Bissau,AFRO,41,8348,0,171
19474,2022-07-03,GW,Guinea-Bissau,AFRO,43,8391,0,171
19475,2022-07-10,GW,Guinea-Bissau,AFRO,9,8400,0,171
19476,2022-07-17,GW,Guinea-Bissau,AFRO,2,8402,1,172
19477,2022-07-24,GW,Guinea-Bissau,AFRO,10,8412,0,172
19478,2022-07-31,GW,Guinea-Bissau,AFRO,28,8440,2,174
19479,2022-08-07,GW,Guinea-Bissau,AFRO,12,8452,0,174
19480,2022-08-14,GW,Guinea-Bissau,AFRO,30,8482,0,174
19481,2022-08-21,GW,Guinea-Bissau,AFRO,0,8482,0,174
19482,2022-08-28,GW,Guinea-Bissau,AFRO,9,8491,1,175
19483,2022-09-04,GW,Guinea-Bissau,AFRO,305,8796,0,175
19484,2022-09-11,GW,Guinea-Bissau,AFRO,0,8796,0,175
19485,2022-09-18,GW,Guinea-Bissau,AFRO,0,8796,0,175
19486,2022-09-25,GW,Guinea-Bissau,AFRO,18,8814,1,176
19487,2022-10-02,GW,Guinea-Bissau,AFRO,17,8831,0,176
19488,2022-10-09,GW,Guinea-Bissau,AFRO,17,8848,0,176
19489,2022-10-16,GW,Guinea-Bissau,AFRO,0,8848,0,176
19490,2022-10-23,GW,Guinea-Bissau,AFRO,0,8848,0,176
19491,2022-10-30,GW,Guinea-Bissau,AFRO,0,8848,0,176
19492,2022-11-06,GW,Guinea-Bissau,AFRO,0,8848,0,176
19493,2022-11-13,GW,Guinea-Bissau,AFRO,0,8848,0,176
19494,2022-11-20,GW,Guinea-Bissau,AFRO,0,8848,0,176
19495,2022-11-27,GW,Guinea-Bissau,AFRO,0,8848,0,176
19496,2022-12-04,GW,Guinea-Bissau,AFRO,93,8941,0,176
19497,2022-12-11,GW,Guinea-Bissau,AFRO,4,8945,0,176
19498,2022-12-18,GW,Guinea-Bissau,AFRO,0,8945,0,176
19499,2022-12-25,GW,Guinea-Bissau,AFRO,2,8947,0,176
19500,2023-01-01,GW,Guinea-Bissau,AFRO,0,8947,0,176
19501,2023-01-08,GW,Guinea-Bissau,AFRO,6,8953,0,176
19502,2023-01-15,GW,Guinea-Bissau,AFRO,0,8953,0,176
19503,2023-01-22,GW,Guinea-Bissau,AFRO,0,8953,0,176
19504,2023-01-29,GW,Guinea-Bissau,AFRO,0,8953,0,176
19505,2023-02-05,GW,Guinea-Bissau,AFRO,0,8953,0,176
19506,2023-02-12,GW,Guinea-Bissau,AFRO,0,8953,0,176
19507,2023-02-19,GW,Guinea-Bissau,AFRO,1,8954,0,176
19508,2023-02-26,GW,Guinea-Bissau,AFRO,6,8960,0,176
19509,2023-03-05,GW,Guinea-Bissau,AFRO,0,8960,0,176
19510,2023-03-12,GW,Guinea-Bissau,AFRO,174,9134,0,176
19511,2023-03-19,GW,Guinea-Bissau,AFRO,96,9230,0,176
19512,2023-03-26,GW,Guinea-Bissau,AFRO,120,9350,0,176
19513,2023-04-02,GW,Guinea-Bissau,AFRO,0,9350,0,176
19514,2023-04-09,GW,Guinea-Bissau,AFRO,0,9350,0,176
19515,2023-04-16,GW,Guinea-Bissau,AFRO,264,9614,1,177
19516,2023-04-23,GW,Guinea-Bissau,AFRO,0,9614,0,177
19517,2023-04-30,GW,Guinea-Bissau,AFRO,0,9614,0,177
19518,2023-05-07,GW,Guinea-Bissau,AFRO,0,9614,0,177
19519,2023-05-14,GW,Guinea-Bissau,AFRO,0,9614,0,177
19520,2023-05-21,GW,Guinea-Bissau,AFRO,0,9614,0,177
19521,2023-05-28,GW,Guinea-Bissau,AFRO,0,9614,0,177
19522,2023-06-04,GW,Guinea-Bissau,AFRO,0,9614,0,177
19523,2023-06-11,GW,Guinea-Bissau,AFRO,0,9614,0,177
19524,2023-06-18,GW,Guinea-Bissau,AFRO,0,9614,0,177
19525,2023-06-25,GW,Guinea-Bissau,AFRO,0,9614,0,177
19526,2023-07-02,GW,Guinea-Bissau,AFRO,0,9614,0,177
19527,2023-07-09,GW,Guinea-Bissau,AFRO,0,9614,0,177
19528,2023-07-16,GW,Guinea-Bissau,AFRO,0,9614,0,177
19529,2023-07-23,GW,Guinea-Bissau,AFRO,0,9614,0,177
19530,2023-07-30,GW,Guinea-Bissau,AFRO,0,9614,0,177
19531,2023-08-06,GW,Guinea-Bissau,AFRO,0,9614,0,177
19532,2023-08-13,GW,Guinea-Bissau,AFRO,0,9614,0,177
19533,2023-08-20,GW,Guinea-Bissau,AFRO,0,9614,0,177
19534,2023-08-27,GW,Guinea-Bissau,AFRO,0,9614,0,177
19535,2023-09-03,GW,Guinea-Bissau,AFRO,0,9614,0,177
19536,2023-09-10,GW,Guinea-Bissau,AFRO,0,9614,0,177
19537,2023-09-17,GW,Guinea-Bissau,AFRO,0,9614,0,177
19538,2023-09-24,GW,Guinea-Bissau,AFRO,0,9614,0,177
19539,2023-10-01,GW,Guinea-Bissau,AFRO,0,9614,0,177
19540,2023-10-08,GW,Guinea-Bissau,AFRO,0,9614,0,177
19541,2023-10-15,GW,Guinea-Bissau,AFRO,0,9614,0,177
19542,2023-10-22,GW,Guinea-Bissau,AFRO,0,9614,0,177
19543,2023-10-29,GW,Guinea-Bissau,AFRO,0,9614,0,177
19544,2023-11-05,GW,Guinea-Bissau,AFRO,0,9614,0,177
19545,2023-11-12,GW,Guinea-Bissau,AFRO,0,9614,0,177
19546,2023-11-19,GW,Guinea-Bissau,AFRO,0,9614,0,177
19547,2023-11-26,GW,Guinea-Bissau,AFRO,0,9614,0,177
19548,2023-12-03,GW,Guinea-Bissau,AFRO,0,9614,0,177
19549,2023-12-10,GW,Guinea-Bissau,AFRO,0,9614,0,177
19550,2023-12-17,GW,Guinea-Bissau,AFRO,0,9614,0,177
19551,2023-12-24,GW,Guinea-Bissau,AFRO,0,9614,0,177
19552,2020-01-05,GY,Guyana,AMRO,0,0,0,0
19553,2020-01-12,GY,Guyana,AMRO,0,0,0,0
19554,2020-01-19,GY,Guyana,AMRO,0,0,0,0
19555,2020-01-26,GY,Guyana,AMRO,0,0,0,0
19556,2020-02-02,GY,Guyana,AMRO,0,0,0,0
19557,2020-02-09,GY,Guyana,AMRO,0,0,0,0
19558,2020-02-16,GY,Guyana,AMRO,0,0,0,0
19559,2020-02-23,GY,Guyana,AMRO,0,0,0,0
19560,2020-03-01,GY,Guyana,AMRO,0,0,0,0
19561,2020-03-08,GY,Guyana,AMRO,0,0,0,0
19562,2020-03-15,GY,Guyana,AMRO,1,1,1,1
19563,2020-03-22,GY,Guyana,AMRO,4,5,0,1
19564,2020-03-29,GY,Guyana,AMRO,0,5,0,1
19565,2020-04-05,GY,Guyana,AMRO,18,23,3,4
19566,2020-04-12,GY,Guyana,AMRO,14,37,2,6
19567,2020-04-19,GY,Guyana,AMRO,26,63,0,6
19568,2020-04-26,GY,Guyana,AMRO,10,73,1,7
19569,2020-05-03,GY,Guyana,AMRO,9,82,2,9
19570,2020-05-10,GY,Guyana,AMRO,11,93,1,10
19571,2020-05-17,GY,Guyana,AMRO,23,116,0,10
19572,2020-05-24,GY,Guyana,AMRO,11,127,0,10
19573,2020-05-31,GY,Guyana,AMRO,23,150,1,11
19574,2020-06-07,GY,Guyana,AMRO,3,153,1,12
19575,2020-06-14,GY,Guyana,AMRO,6,159,0,12
19576,2020-06-21,GY,Guyana,AMRO,24,183,0,12
19577,2020-06-28,GY,Guyana,AMRO,47,230,0,12
19578,2020-07-05,GY,Guyana,AMRO,26,256,2,14
19579,2020-07-12,GY,Guyana,AMRO,34,290,2,16
19580,2020-07-19,GY,Guyana,AMRO,30,320,3,19
19581,2020-07-26,GY,Guyana,AMRO,32,352,1,20
19582,2020-08-02,GY,Guyana,AMRO,61,413,0,20
19583,2020-08-09,GY,Guyana,AMRO,125,538,2,22
19584,2020-08-16,GY,Guyana,AMRO,111,649,0,22
19585,2020-08-23,GY,Guyana,AMRO,232,881,8,30
19586,2020-08-30,GY,Guyana,AMRO,299,1180,5,35
19587,2020-09-06,GY,Guyana,AMRO,236,1416,9,44
19588,2020-09-13,GY,Guyana,AMRO,347,1763,8,52
19589,2020-09-20,GY,Guyana,AMRO,339,2102,10,62
19590,2020-09-27,GY,Guyana,AMRO,607,2709,11,73
19591,2020-10-04,GY,Guyana,AMRO,259,2968,12,85
19592,2020-10-11,GY,Guyana,AMRO,390,3358,15,100
19593,2020-10-18,GY,Guyana,AMRO,314,3672,7,107
19594,2020-10-25,GY,Guyana,AMRO,288,3960,10,117
19595,2020-11-01,GY,Guyana,AMRO,183,4143,7,124
19596,2020-11-08,GY,Guyana,AMRO,314,4457,9,133
19597,2020-11-15,GY,Guyana,AMRO,267,4724,5,138
19598,2020-11-22,GY,Guyana,AMRO,281,5005,5,143
19599,2020-11-29,GY,Guyana,AMRO,305,5310,6,149
19600,2020-12-06,GY,Guyana,AMRO,291,5601,2,151
19601,2020-12-13,GY,Guyana,AMRO,238,5839,3,154
19602,2020-12-20,GY,Guyana,AMRO,237,6076,5,159
19603,2020-12-27,GY,Guyana,AMRO,213,6289,3,162
19604,2021-01-03,GY,Guyana,AMRO,62,6351,2,164
19605,2021-01-10,GY,Guyana,AMRO,118,6469,3,167
19606,2021-01-17,GY,Guyana,AMRO,336,6805,3,170
19607,2021-01-24,GY,Guyana,AMRO,338,7143,0,170
19608,2021-01-31,GY,Guyana,AMRO,385,7528,5,175
19609,2021-02-07,GY,Guyana,AMRO,359,7887,4,179
19610,2021-02-14,GY,Guyana,AMRO,294,8181,7,186
19611,2021-02-21,GY,Guyana,AMRO,176,8357,3,189
19612,2021-02-28,GY,Guyana,AMRO,156,8513,6,195
19613,2021-03-07,GY,Guyana,AMRO,216,8729,5,200
19614,2021-03-14,GY,Guyana,AMRO,340,9069,6,206
19615,2021-03-21,GY,Guyana,AMRO,417,9486,6,212
19616,2021-03-28,GY,Guyana,AMRO,521,10007,13,225
19617,2021-04-04,GY,Guyana,AMRO,439,10446,10,235
19618,2021-04-11,GY,Guyana,AMRO,512,10958,17,252
19619,2021-04-18,GY,Guyana,AMRO,684,11642,15,267
19620,2021-04-25,GY,Guyana,AMRO,806,12448,10,277
19621,2021-05-02,GY,Guyana,AMRO,835,13283,19,296
19622,2021-05-09,GY,Guyana,AMRO,754,14037,18,314
19623,2021-05-16,GY,Guyana,AMRO,951,14988,21,335
19624,2021-05-23,GY,Guyana,AMRO,755,15743,14,349
19625,2021-05-30,GY,Guyana,AMRO,981,16724,31,380
19626,2021-06-06,GY,Guyana,AMRO,735,17459,23,403
19627,2021-06-13,GY,Guyana,AMRO,629,18088,16,419
19628,2021-06-20,GY,Guyana,AMRO,749,18837,23,442
19629,2021-06-27,GY,Guyana,AMRO,837,19674,17,459
19630,2021-07-04,GY,Guyana,AMRO,631,20305,19,478
19631,2021-07-11,GY,Guyana,AMRO,529,20834,11,489
19632,2021-07-18,GY,Guyana,AMRO,517,21351,18,507
19633,2021-07-25,GY,Guyana,AMRO,499,21850,11,518
19634,2021-08-01,GY,Guyana,AMRO,608,22458,17,535
19635,2021-08-08,GY,Guyana,AMRO,385,22843,19,554
19636,2021-08-15,GY,Guyana,AMRO,501,23344,16,570
19637,2021-08-22,GY,Guyana,AMRO,703,24047,21,591
19638,2021-08-29,GY,Guyana,AMRO,920,24967,18,609
19639,2021-09-05,GY,Guyana,AMRO,1145,26112,27,636
19640,2021-09-12,GY,Guyana,AMRO,1407,27519,33,669
19641,2021-09-19,GY,Guyana,AMRO,1553,29072,37,706
19642,2021-09-26,GY,Guyana,AMRO,1624,30696,43,749
19643,2021-10-03,GY,Guyana,AMRO,1359,32055,43,792
19644,2021-10-10,GY,Guyana,AMRO,1511,33566,43,835
19645,2021-10-17,GY,Guyana,AMRO,674,34240,27,862
19646,2021-10-24,GY,Guyana,AMRO,637,34877,31,893
19647,2021-10-31,GY,Guyana,AMRO,567,35444,17,910
19648,2021-11-07,GY,Guyana,AMRO,485,35929,20,930
19649,2021-11-14,GY,Guyana,AMRO,723,36652,25,955
19650,2021-11-21,GY,Guyana,AMRO,532,37184,16,971
19651,2021-11-28,GY,Guyana,AMRO,479,37663,14,985
19652,2021-12-05,GY,Guyana,AMRO,405,38068,16,1001
19653,2021-12-12,GY,Guyana,AMRO,385,38453,15,1016
19654,2021-12-19,GY,Guyana,AMRO,298,38751,12,1028
19655,2021-12-26,GY,Guyana,AMRO,291,39042,14,1042
19656,2022-01-02,GY,Guyana,AMRO,531,39573,12,1054
19657,2022-01-09,GY,Guyana,AMRO,3656,43229,12,1066
19658,2022-01-16,GY,Guyana,AMRO,5827,49056,15,1081
19659,2022-01-23,GY,Guyana,AMRO,6572,55628,41,1122
19660,2022-01-30,GY,Guyana,AMRO,3351,58979,38,1160
19661,2022-02-06,GY,Guyana,AMRO,2129,61108,19,1179
19662,2022-02-13,GY,Guyana,AMRO,1048,62156,11,1190
19663,2022-02-20,GY,Guyana,AMRO,429,62585,18,1208
19664,2022-02-27,GY,Guyana,AMRO,271,62856,8,1216
19665,2022-03-06,GY,Guyana,AMRO,168,63024,7,1223
19666,2022-03-13,GY,Guyana,AMRO,103,63127,1,1224
19667,2022-03-20,GY,Guyana,AMRO,54,63181,2,1226
19668,2022-03-27,GY,Guyana,AMRO,42,63223,0,1226
19669,2022-04-03,GY,Guyana,AMRO,35,63258,0,1226
19670,2022-04-10,GY,Guyana,AMRO,52,63310,0,1226
19671,2022-04-17,GY,Guyana,AMRO,54,63364,2,1228
19672,2022-04-24,GY,Guyana,AMRO,43,63407,0,1228
19673,2022-05-01,GY,Guyana,AMRO,50,63457,0,1228
19674,2022-05-08,GY,Guyana,AMRO,82,63539,0,1228
19675,2022-05-15,GY,Guyana,AMRO,233,63772,0,1228
19676,2022-05-22,GY,Guyana,AMRO,402,64174,3,1231
19677,2022-05-29,GY,Guyana,AMRO,347,64521,1,1232
19678,2022-06-05,GY,Guyana,AMRO,627,65148,5,1237
19679,2022-06-12,GY,Guyana,AMRO,651,65799,2,1239
19680,2022-06-19,GY,Guyana,AMRO,586,66385,6,1245
19681,2022-06-26,GY,Guyana,AMRO,562,66947,4,1249
19682,2022-07-03,GY,Guyana,AMRO,525,67472,6,1255
19683,2022-07-10,GY,Guyana,AMRO,548,68020,4,1259
19684,2022-07-17,GY,Guyana,AMRO,710,68730,5,1264
19685,2022-07-24,GY,Guyana,AMRO,602,69332,4,1268
19686,2022-07-31,GY,Guyana,AMRO,413,69745,3,1271
19687,2022-08-07,GY,Guyana,AMRO,338,70083,0,1271
19688,2022-08-14,GY,Guyana,AMRO,315,70398,4,1275
19689,2022-08-21,GY,Guyana,AMRO,390,70788,3,1278
19690,2022-08-28,GY,Guyana,AMRO,155,70943,0,1278
19691,2022-09-04,GY,Guyana,AMRO,133,71076,1,1279
19692,2022-09-11,GY,Guyana,AMRO,110,71186,0,1279
19693,2022-09-18,GY,Guyana,AMRO,57,71243,2,1281
19694,2022-09-25,GY,Guyana,AMRO,68,71311,0,1281
19695,2022-10-02,GY,Guyana,AMRO,29,71340,0,1281
19696,2022-10-09,GY,Guyana,AMRO,21,71361,0,1281
19697,2022-10-16,GY,Guyana,AMRO,38,71399,0,1281
19698,2022-10-23,GY,Guyana,AMRO,20,71419,0,1281
19699,2022-10-30,GY,Guyana,AMRO,17,71436,0,1281
19700,2022-11-06,GY,Guyana,AMRO,6,71442,0,1281
19701,2022-11-13,GY,Guyana,AMRO,19,71461,0,1281
19702,2022-11-20,GY,Guyana,AMRO,61,71522,0,1281
19703,2022-11-27,GY,Guyana,AMRO,43,71565,3,1284
19704,2022-12-04,GY,Guyana,AMRO,62,71627,1,1285
19705,2022-12-11,GY,Guyana,AMRO,101,71728,0,1285
19706,2022-12-18,GY,Guyana,AMRO,29,71757,0,1285
19707,2022-12-25,GY,Guyana,AMRO,247,72004,1,1286
19708,2023-01-01,GY,Guyana,AMRO,159,72163,0,1286
19709,2023-01-08,GY,Guyana,AMRO,234,72397,4,1290
19710,2023-01-15,GY,Guyana,AMRO,241,72638,3,1293
19711,2023-01-22,GY,Guyana,AMRO,177,72815,0,1293
19712,2023-01-29,GY,Guyana,AMRO,107,72922,1,1294
19713,2023-02-05,GY,Guyana,AMRO,62,72984,1,1295
19714,2023-02-12,GY,Guyana,AMRO,48,73032,2,1297
19715,2023-02-19,GY,Guyana,AMRO,25,73057,1,1298
19716,2023-02-26,GY,Guyana,AMRO,9,73066,0,1298
19717,2023-03-05,GY,Guyana,AMRO,9,73075,0,1298
19718,2023-03-12,GY,Guyana,AMRO,6,73081,0,1298
19719,2023-03-19,GY,Guyana,AMRO,24,73105,0,1298
19720,2023-03-26,GY,Guyana,AMRO,9,73114,0,1298
19721,2023-04-02,GY,Guyana,AMRO,5,73119,0,1298
19722,2023-04-09,GY,Guyana,AMRO,0,73119,0,1298
19723,2023-04-16,GY,Guyana,AMRO,2,73121,0,1298
19724,2023-04-23,GY,Guyana,AMRO,12,73133,0,1298
19725,2023-04-30,GY,Guyana,AMRO,29,73162,0,1298
19726,2023-05-07,GY,Guyana,AMRO,6,73168,0,1298
19727,2023-05-14,GY,Guyana,AMRO,39,73207,0,1298
19728,2023-05-21,GY,Guyana,AMRO,19,73226,0,1298
19729,2023-05-28,GY,Guyana,AMRO,9,73235,0,1298
19730,2023-06-04,GY,Guyana,AMRO,15,73250,0,1298
19731,2023-06-11,GY,Guyana,AMRO,28,73278,0,1298
19732,2023-06-18,GY,Guyana,AMRO,32,73310,0,1298
19733,2023-06-25,GY,Guyana,AMRO,44,73354,0,1298
19734,2023-07-02,GY,Guyana,AMRO,44,73398,1,1299
19735,2023-07-09,GY,Guyana,AMRO,62,73460,0,1299
19736,2023-07-16,GY,Guyana,AMRO,41,73501,0,1299
19737,2023-07-23,GY,Guyana,AMRO,37,73538,0,1299
19738,2023-07-30,GY,Guyana,AMRO,30,73568,0,1299
19739,2023-08-06,GY,Guyana,AMRO,13,73581,0,1299
19740,2023-08-13,GY,Guyana,AMRO,15,73596,0,1299
19741,2023-08-20,GY,Guyana,AMRO,16,73612,0,1299
19742,2023-08-27,GY,Guyana,AMRO,10,73622,0,1299
19743,2023-09-03,GY,Guyana,AMRO,2,73624,0,1299
19744,2023-09-10,GY,Guyana,AMRO,8,73632,0,1299
19745,2023-09-17,GY,Guyana,AMRO,14,73646,0,1299
19746,2023-09-24,GY,Guyana,AMRO,7,73653,0,1299
19747,2023-10-01,GY,Guyana,AMRO,7,73660,0,1299
19748,2023-10-08,GY,Guyana,AMRO,5,73665,0,1299
19749,2023-10-15,GY,Guyana,AMRO,4,73669,0,1299
19750,2023-10-22,GY,Guyana,AMRO,1,73670,0,1299
19751,2023-10-29,GY,Guyana,AMRO,0,73670,0,1299
19752,2023-11-05,GY,Guyana,AMRO,2,73672,0,1299
19753,2023-11-12,GY,Guyana,AMRO,1,73673,0,1299
19754,2023-11-19,GY,Guyana,AMRO,1,73674,0,1299
19755,2023-11-26,GY,Guyana,AMRO,0,73674,0,1299
19756,2023-12-03,GY,Guyana,AMRO,2,73676,0,1299
19757,2023-12-10,GY,Guyana,AMRO,0,73676,0,1299
19758,2023-12-17,GY,Guyana,AMRO,3,73679,0,1299
19759,2023-12-24,GY,Guyana,AMRO,0,73679,0,1299
19760,2020-01-05,HT,Haiti,AMRO,0,0,0,0
19761,2020-01-12,HT,Haiti,AMRO,0,0,0,0
19762,2020-01-19,HT,Haiti,AMRO,0,0,0,0
19763,2020-01-26,HT,Haiti,AMRO,0,0,0,0
19764,2020-02-02,HT,Haiti,AMRO,0,0,0,0
19765,2020-02-09,HT,Haiti,AMRO,0,0,0,0
19766,2020-02-16,HT,Haiti,AMRO,0,0,0,0
19767,2020-02-23,HT,Haiti,AMRO,0,0,0,0
19768,2020-03-01,HT,Haiti,AMRO,0,0,0,0
19769,2020-03-08,HT,Haiti,AMRO,0,0,0,0
19770,2020-03-15,HT,Haiti,AMRO,0,0,0,0
19771,2020-03-22,HT,Haiti,AMRO,2,2,0,0
19772,2020-03-29,HT,Haiti,AMRO,6,8,0,0
19773,2020-04-05,HT,Haiti,AMRO,10,18,0,0
19774,2020-04-12,HT,Haiti,AMRO,13,31,2,2
19775,2020-04-19,HT,Haiti,AMRO,13,44,1,3
19776,2020-04-26,HT,Haiti,AMRO,28,72,3,6
19777,2020-05-03,HT,Haiti,AMRO,13,85,2,8
19778,2020-05-10,HT,Haiti,AMRO,61,146,4,12
19779,2020-05-17,HT,Haiti,AMRO,164,310,8,20
19780,2020-05-24,HT,Haiti,AMRO,502,812,5,25
19781,2020-05-31,HT,Haiti,AMRO,772,1584,10,35
19782,2020-06-07,HT,Haiti,AMRO,1340,2924,15,50
19783,2020-06-14,HT,Haiti,AMRO,1017,3941,14,64
19784,2020-06-21,HT,Haiti,AMRO,1039,4980,23,87
19785,2020-06-28,HT,Haiti,AMRO,742,5722,11,98
19786,2020-07-05,HT,Haiti,AMRO,508,6230,12,110
19787,2020-07-12,HT,Haiti,AMRO,387,6617,25,135
19788,2020-07-19,HT,Haiti,AMRO,358,6975,11,146
19789,2020-07-26,HT,Haiti,AMRO,285,7260,10,156
19790,2020-08-02,HT,Haiti,AMRO,164,7424,5,161
19791,2020-08-09,HT,Haiti,AMRO,175,7599,16,177
19792,2020-08-16,HT,Haiti,AMRO,232,7831,19,196
19793,2020-08-23,HT,Haiti,AMRO,219,8050,0,196
19794,2020-08-30,HT,Haiti,AMRO,124,8174,5,201
19795,2020-09-06,HT,Haiti,AMRO,152,8326,11,212
19796,2020-09-13,HT,Haiti,AMRO,131,8457,4,216
19797,2020-09-20,HT,Haiti,AMRO,143,8600,5,221
19798,2020-09-27,HT,Haiti,AMRO,84,8684,6,227
19799,2020-10-04,HT,Haiti,AMRO,108,8792,2,229
19800,2020-10-11,HT,Haiti,AMRO,68,8860,1,230
19801,2020-10-18,HT,Haiti,AMRO,65,8925,1,231
19802,2020-10-25,HT,Haiti,AMRO,90,9015,0,231
19803,2020-11-01,HT,Haiti,AMRO,39,9054,1,232
19804,2020-11-08,HT,Haiti,AMRO,73,9127,0,232
19805,2020-11-15,HT,Haiti,AMRO,41,9168,0,232
19806,2020-11-22,HT,Haiti,AMRO,46,9214,0,232
19807,2020-11-29,HT,Haiti,AMRO,50,9264,0,232
19808,2020-12-06,HT,Haiti,AMRO,106,9370,1,233
19809,2020-12-13,HT,Haiti,AMRO,121,9491,0,233
19810,2020-12-20,HT,Haiti,AMRO,183,9674,1,234
19811,2020-12-27,HT,Haiti,AMRO,172,9846,1,235
19812,2021-01-03,HT,Haiti,AMRO,231,10077,1,236
19813,2021-01-10,HT,Haiti,AMRO,164,10241,1,237
19814,2021-01-17,HT,Haiti,AMRO,540,10781,3,240
19815,2021-01-24,HT,Haiti,AMRO,318,11099,3,243
19816,2021-01-31,HT,Haiti,AMRO,573,11672,2,245
19817,2021-02-07,HT,Haiti,AMRO,297,11969,1,246
19818,2021-02-14,HT,Haiti,AMRO,237,12206,1,247
19819,2021-02-21,HT,Haiti,AMRO,146,12352,0,247
19820,2021-02-28,HT,Haiti,AMRO,179,12531,3,250
19821,2021-03-07,HT,Haiti,AMRO,101,12632,0,250
19822,2021-03-14,HT,Haiti,AMRO,66,12698,1,251
19823,2021-03-21,HT,Haiti,AMRO,60,12758,0,251
19824,2021-03-28,HT,Haiti,AMRO,45,12803,0,251
19825,2021-04-04,HT,Haiti,AMRO,54,12857,0,251
19826,2021-04-11,HT,Haiti,AMRO,63,12920,0,251
19827,2021-04-18,HT,Haiti,AMRO,85,13005,2,253
19828,2021-04-25,HT,Haiti,AMRO,89,13094,1,254
19829,2021-05-02,HT,Haiti,AMRO,76,13170,10,264
19830,2021-05-09,HT,Haiti,AMRO,97,13267,5,269
19831,2021-05-16,HT,Haiti,AMRO,331,13598,7,276
19832,2021-05-23,HT,Haiti,AMRO,530,14128,26,302
19833,2021-05-30,HT,Haiti,AMRO,917,15045,19,321
19834,2021-06-06,HT,Haiti,AMRO,956,16001,21,342
19835,2021-06-13,HT,Haiti,AMRO,858,16859,19,361
19836,2021-06-20,HT,Haiti,AMRO,1043,17902,37,398
19837,2021-06-27,HT,Haiti,AMRO,756,18658,39,437
19838,2021-07-04,HT,Haiti,AMRO,514,19172,30,467
19839,2021-07-11,HT,Haiti,AMRO,375,19547,41,508
19840,2021-07-18,HT,Haiti,AMRO,264,19811,18,526
19841,2021-07-25,HT,Haiti,AMRO,305,20116,26,552
19842,2021-08-01,HT,Haiti,AMRO,229,20345,14,566
19843,2021-08-08,HT,Haiti,AMRO,211,20556,10,576
19844,2021-08-15,HT,Haiti,AMRO,163,20719,7,583
19845,2021-08-22,HT,Haiti,AMRO,131,20850,1,584
19846,2021-08-29,HT,Haiti,AMRO,127,20977,2,586
19847,2021-09-05,HT,Haiti,AMRO,185,21162,2,588
19848,2021-09-12,HT,Haiti,AMRO,156,21318,8,596
19849,2021-09-19,HT,Haiti,AMRO,190,21508,11,607
19850,2021-09-26,HT,Haiti,AMRO,408,21916,4,611
19851,2021-10-03,HT,Haiti,AMRO,466,22382,25,636
19852,2021-10-10,HT,Haiti,AMRO,529,22911,18,654
19853,2021-10-17,HT,Haiti,AMRO,535,23446,4,658
19854,2021-10-24,HT,Haiti,AMRO,463,23909,8,666
19855,2021-10-31,HT,Haiti,AMRO,182,24091,20,686
19856,2021-11-07,HT,Haiti,AMRO,292,24383,19,705
19857,2021-11-14,HT,Haiti,AMRO,385,24768,6,711
19858,2021-11-21,HT,Haiti,AMRO,248,25016,14,725
19859,2021-11-28,HT,Haiti,AMRO,249,25265,13,738
19860,2021-12-05,HT,Haiti,AMRO,409,25674,12,750
19861,2021-12-12,HT,Haiti,AMRO,191,25865,12,762
19862,2021-12-19,HT,Haiti,AMRO,69,25934,3,765
19863,2021-12-26,HT,Haiti,AMRO,40,25974,1,766
19864,2022-01-02,HT,Haiti,AMRO,281,26255,7,773
19865,2022-01-09,HT,Haiti,AMRO,552,26807,7,780
19866,2022-01-16,HT,Haiti,AMRO,1166,27973,0,780
19867,2022-01-23,HT,Haiti,AMRO,736,28709,3,783
19868,2022-01-30,HT,Haiti,AMRO,735,29444,16,799
19869,2022-02-06,HT,Haiti,AMRO,404,29848,5,804
19870,2022-02-13,HT,Haiti,AMRO,207,30055,5,809
19871,2022-02-20,HT,Haiti,AMRO,218,30273,10,819
19872,2022-02-27,HT,Haiti,AMRO,69,30342,1,820
19873,2022-03-06,HT,Haiti,AMRO,88,30430,7,827
19874,2022-03-13,HT,Haiti,AMRO,43,30473,0,827
19875,2022-03-20,HT,Haiti,AMRO,36,30509,0,827
19876,2022-03-27,HT,Haiti,AMRO,19,30528,6,833
19877,2022-04-03,HT,Haiti,AMRO,47,30575,0,833
19878,2022-04-10,HT,Haiti,AMRO,11,30586,2,835
19879,2022-04-17,HT,Haiti,AMRO,54,30640,0,835
19880,2022-04-24,HT,Haiti,AMRO,19,30659,0,835
19881,2022-05-01,HT,Haiti,AMRO,45,30704,0,835
19882,2022-05-08,HT,Haiti,AMRO,9,30713,0,835
19883,2022-05-15,HT,Haiti,AMRO,33,30746,0,835
19884,2022-05-22,HT,Haiti,AMRO,43,30789,0,835
19885,2022-05-29,HT,Haiti,AMRO,29,30818,0,835
19886,2022-06-05,HT,Haiti,AMRO,145,30963,0,835
19887,2022-06-12,HT,Haiti,AMRO,112,31075,2,837
19888,2022-06-19,HT,Haiti,AMRO,151,31226,0,837
19889,2022-06-26,HT,Haiti,AMRO,244,31470,0,837
19890,2022-07-03,HT,Haiti,AMRO,325,31795,0,837
19891,2022-07-10,HT,Haiti,AMRO,185,31980,0,837
19892,2022-07-17,HT,Haiti,AMRO,198,32178,1,838
19893,2022-07-24,HT,Haiti,AMRO,85,32263,0,838
19894,2022-07-31,HT,Haiti,AMRO,142,32405,0,838
19895,2022-08-07,HT,Haiti,AMRO,298,32703,0,838
19896,2022-08-14,HT,Haiti,AMRO,239,32942,2,840
19897,2022-08-21,HT,Haiti,AMRO,247,33189,1,841
19898,2022-08-28,HT,Haiti,AMRO,253,33442,0,841
19899,2022-09-04,HT,Haiti,AMRO,177,33619,5,846
19900,2022-09-11,HT,Haiti,AMRO,88,33707,11,857
19901,2022-09-18,HT,Haiti,AMRO,39,33746,0,857
19902,2022-09-25,HT,Haiti,AMRO,15,33761,0,857
19903,2022-10-02,HT,Haiti,AMRO,0,33761,0,857
19904,2022-10-09,HT,Haiti,AMRO,30,33791,0,857
19905,2022-10-16,HT,Haiti,AMRO,20,33811,0,857
19906,2022-10-23,HT,Haiti,AMRO,0,33811,0,857
19907,2022-10-30,HT,Haiti,AMRO,17,33828,3,860
19908,2022-11-06,HT,Haiti,AMRO,4,33832,0,860
19909,2022-11-13,HT,Haiti,AMRO,5,33837,0,860
19910,2022-11-20,HT,Haiti,AMRO,25,33862,0,860
19911,2022-11-27,HT,Haiti,AMRO,0,33862,0,860
19912,2022-12-04,HT,Haiti,AMRO,14,33876,0,860
19913,2022-12-11,HT,Haiti,AMRO,0,33876,0,860
19914,2022-12-18,HT,Haiti,AMRO,28,33904,0,860
19915,2022-12-25,HT,Haiti,AMRO,8,33912,0,860
19916,2023-01-01,HT,Haiti,AMRO,57,33969,0,860
19917,2023-01-08,HT,Haiti,AMRO,39,34008,0,860
19918,2023-01-15,HT,Haiti,AMRO,0,34008,0,860
19919,2023-01-22,HT,Haiti,AMRO,68,34076,0,860
19920,2023-01-29,HT,Haiti,AMRO,0,34076,0,860
19921,2023-02-05,HT,Haiti,AMRO,67,34143,0,860
19922,2023-02-12,HT,Haiti,AMRO,12,34155,0,860
19923,2023-02-19,HT,Haiti,AMRO,0,34155,0,860
19924,2023-02-26,HT,Haiti,AMRO,47,34202,0,860
19925,2023-03-05,HT,Haiti,AMRO,0,34202,0,860
19926,2023-03-12,HT,Haiti,AMRO,0,34202,0,860
19927,2023-03-19,HT,Haiti,AMRO,0,34202,0,860
19928,2023-03-26,HT,Haiti,AMRO,0,34202,0,860
19929,2023-04-02,HT,Haiti,AMRO,0,34202,0,860
19930,2023-04-09,HT,Haiti,AMRO,0,34202,0,860
19931,2023-04-16,HT,Haiti,AMRO,12,34214,0,860
19932,2023-04-23,HT,Haiti,AMRO,12,34226,0,860
19933,2023-04-30,HT,Haiti,AMRO,2,34228,0,860
19934,2023-05-07,HT,Haiti,AMRO,0,34228,0,860
19935,2023-05-14,HT,Haiti,AMRO,0,34228,0,860
19936,2023-05-21,HT,Haiti,AMRO,0,34228,0,860
19937,2023-05-28,HT,Haiti,AMRO,10,34238,0,860
19938,2023-06-04,HT,Haiti,AMRO,15,34253,0,860
19939,2023-06-11,HT,Haiti,AMRO,25,34278,0,860
19940,2023-06-18,HT,Haiti,AMRO,5,34283,0,860
19941,2023-06-25,HT,Haiti,AMRO,9,34292,0,860
19942,2023-07-02,HT,Haiti,AMRO,6,34298,0,860
19943,2023-07-09,HT,Haiti,AMRO,10,34308,0,860
19944,2023-07-16,HT,Haiti,AMRO,2,34310,0,860
19945,2023-07-23,HT,Haiti,AMRO,3,34313,0,860
19946,2023-07-30,HT,Haiti,AMRO,3,34316,0,860
19947,2023-08-06,HT,Haiti,AMRO,4,34320,0,860
19948,2023-08-13,HT,Haiti,AMRO,4,34324,0,860
19949,2023-08-20,HT,Haiti,AMRO,3,34327,0,860
19950,2023-08-27,HT,Haiti,AMRO,1,34328,0,860
19951,2023-09-03,HT,Haiti,AMRO,3,34331,0,860
19952,2023-09-10,HT,Haiti,AMRO,6,34337,0,860
19953,2023-09-17,HT,Haiti,AMRO,8,34345,0,860
19954,2023-09-24,HT,Haiti,AMRO,10,34355,0,860
19955,2023-10-01,HT,Haiti,AMRO,19,34374,0,860
19956,2023-10-08,HT,Haiti,AMRO,27,34401,0,860
19957,2023-10-15,HT,Haiti,AMRO,20,34421,0,860
19958,2023-10-22,HT,Haiti,AMRO,14,34435,0,860
19959,2023-10-29,HT,Haiti,AMRO,34,34469,0,860
19960,2023-11-05,HT,Haiti,AMRO,7,34476,0,860
19961,2023-11-12,HT,Haiti,AMRO,8,34484,0,860
19962,2023-11-19,HT,Haiti,AMRO,9,34493,0,860
19963,2023-11-26,HT,Haiti,AMRO,8,34501,0,860
19964,2023-12-03,HT,Haiti,AMRO,0,34501,0,860
19965,2023-12-10,HT,Haiti,AMRO,0,34501,0,860
19966,2023-12-17,HT,Haiti,AMRO,0,34501,0,860
19967,2023-12-24,HT,Haiti,AMRO,0,34501,0,860
19968,2020-01-05,VA,Holy See,,0,0,0,0
19969,2020-01-12,VA,Holy See,,0,0,0,0
19970,2020-01-19,VA,Holy See,,0,0,0,0
19971,2020-01-26,VA,Holy See,,0,0,0,0
19972,2020-02-02,VA,Holy See,,0,0,0,0
19973,2020-02-09,VA,Holy See,,0,0,0,0
19974,2020-02-16,VA,Holy See,,0,0,0,0
19975,2020-02-23,VA,Holy See,,0,0,0,0
19976,2020-03-01,VA,Holy See,,0,0,0,0
19977,2020-03-08,VA,Holy See,,1,1,0,0
19978,2020-03-15,VA,Holy See,,0,1,0,0
19979,2020-03-22,VA,Holy See,,0,1,0,0
19980,2020-03-29,VA,Holy See,,3,4,0,0
19981,2020-04-05,VA,Holy See,,3,7,0,0
19982,2020-04-12,VA,Holy See,,1,8,0,0
19983,2020-04-19,VA,Holy See,,0,8,0,0
19984,2020-04-26,VA,Holy See,,1,9,0,0
19985,2020-05-03,VA,Holy See,,2,11,0,0
19986,2020-05-10,VA,Holy See,,1,12,0,0
19987,2020-05-17,VA,Holy See,,0,12,0,0
19988,2020-05-24,VA,Holy See,,0,12,0,0
19989,2020-05-31,VA,Holy See,,0,12,0,0
19990,2020-06-07,VA,Holy See,,0,12,0,0
19991,2020-06-14,VA,Holy See,,0,12,0,0
19992,2020-06-21,VA,Holy See,,0,12,0,0
19993,2020-06-28,VA,Holy See,,0,12,0,0
19994,2020-07-05,VA,Holy See,,0,12,0,0
19995,2020-07-12,VA,Holy See,,0,12,0,0
19996,2020-07-19,VA,Holy See,,0,12,0,0
19997,2020-07-26,VA,Holy See,,0,12,0,0
19998,2020-08-02,VA,Holy See,,0,12,0,0
19999,2020-08-09,VA,Holy See,,0,12,0,0
20000,2020-08-16,VA,Holy See,,0,12,0,0
20001,2020-08-23,VA,Holy See,,0,12,0,0
20002,2020-08-30,VA,Holy See,,0,12,0,0
20003,2020-09-06,VA,Holy See,,0,12,0,0
20004,2020-09-13,VA,Holy See,,0,12,0,0
20005,2020-09-20,VA,Holy See,,0,12,0,0
20006,2020-09-27,VA,Holy See,,0,12,0,0
20007,2020-10-04,VA,Holy See,,0,12,0,0
20008,2020-10-11,VA,Holy See,,0,12,0,0
20009,2020-10-18,VA,Holy See,,14,26,0,0
20010,2020-10-25,VA,Holy See,,0,26,0,0
20011,2020-11-01,VA,Holy See,,0,26,0,0
20012,2020-11-08,VA,Holy See,,0,26,0,0
20013,2020-11-15,VA,Holy See,,0,26,0,0
20014,2020-11-22,VA,Holy See,,0,26,0,0
20015,2020-11-29,VA,Holy See,,0,26,0,0
20016,2020-12-06,VA,Holy See,,0,26,0,0
20017,2020-12-13,VA,Holy See,,0,26,0,0
20018,2020-12-20,VA,Holy See,,0,26,0,0
20019,2020-12-27,VA,Holy See,,0,26,0,0
20020,2021-01-03,VA,Holy See,,0,26,0,0
20021,2021-01-10,VA,Holy See,,0,26,0,0
20022,2021-01-17,VA,Holy See,,0,26,0,0
20023,2021-01-24,VA,Holy See,,0,26,0,0
20024,2021-01-31,VA,Holy See,,0,26,0,0
20025,2021-02-07,VA,Holy See,,0,26,0,0
20026,2021-02-14,VA,Holy See,,0,26,0,0
20027,2021-02-21,VA,Holy See,,0,26,0,0
20028,2021-02-28,VA,Holy See,,0,26,0,0
20029,2021-03-07,VA,Holy See,,0,26,0,0
20030,2021-03-14,VA,Holy See,,0,26,0,0
20031,2021-03-21,VA,Holy See,,0,26,0,0
20032,2021-03-28,VA,Holy See,,0,26,0,0
20033,2021-04-04,VA,Holy See,,0,26,0,0
20034,2021-04-11,VA,Holy See,,0,26,0,0
20035,2021-04-18,VA,Holy See,,0,26,0,0
20036,2021-04-25,VA,Holy See,,0,26,0,0
20037,2021-05-02,VA,Holy See,,0,26,0,0
20038,2021-05-09,VA,Holy See,,0,26,0,0
20039,2021-05-16,VA,Holy See,,0,26,0,0
20040,2021-05-23,VA,Holy See,,0,26,0,0
20041,2021-05-30,VA,Holy See,,0,26,0,0
20042,2021-06-06,VA,Holy See,,0,26,0,0
20043,2021-06-13,VA,Holy See,,0,26,0,0
20044,2021-06-20,VA,Holy See,,0,26,0,0
20045,2021-06-27,VA,Holy See,,0,26,0,0
20046,2021-07-04,VA,Holy See,,0,26,0,0
20047,2021-07-11,VA,Holy See,,0,26,0,0
20048,2021-07-18,VA,Holy See,,0,26,0,0
20049,2021-07-25,VA,Holy See,,0,26,0,0
20050,2021-08-01,VA,Holy See,,0,26,0,0
20051,2021-08-08,VA,Holy See,,0,26,0,0
20052,2021-08-15,VA,Holy See,,0,26,0,0
20053,2021-08-22,VA,Holy See,,0,26,0,0
20054,2021-08-29,VA,Holy See,,0,26,0,0
20055,2021-09-05,VA,Holy See,,0,26,0,0
20056,2021-09-12,VA,Holy See,,0,26,0,0
20057,2021-09-19,VA,Holy See,,0,26,0,0
20058,2021-09-26,VA,Holy See,,0,26,0,0
20059,2021-10-03,VA,Holy See,,0,26,0,0
20060,2021-10-10,VA,Holy See,,0,26,0,0
20061,2021-10-17,VA,Holy See,,0,26,0,0
20062,2021-10-24,VA,Holy See,,0,26,0,0
20063,2021-10-31,VA,Holy See,,0,26,0,0
20064,2021-11-07,VA,Holy See,,0,26,0,0
20065,2021-11-14,VA,Holy See,,0,26,0,0
20066,2021-11-21,VA,Holy See,,0,26,0,0
20067,2021-11-28,VA,Holy See,,0,26,0,0
20068,2021-12-05,VA,Holy See,,0,26,0,0
20069,2021-12-12,VA,Holy See,,0,26,0,0
20070,2021-12-19,VA,Holy See,,0,26,0,0
20071,2021-12-26,VA,Holy See,,0,26,0,0
20072,2022-01-02,VA,Holy See,,0,26,0,0
20073,2022-01-09,VA,Holy See,,0,26,0,0
20074,2022-01-16,VA,Holy See,,0,26,0,0
20075,2022-01-23,VA,Holy See,,0,26,0,0
20076,2022-01-30,VA,Holy See,,0,26,0,0
20077,2022-02-06,VA,Holy See,,0,26,0,0
20078,2022-02-13,VA,Holy See,,0,26,0,0
20079,2022-02-20,VA,Holy See,,0,26,0,0
20080,2022-02-27,VA,Holy See,,0,26,0,0
20081,2022-03-06,VA,Holy See,,0,26,0,0
20082,2022-03-13,VA,Holy See,,0,26,0,0
20083,2022-03-20,VA,Holy See,,0,26,0,0
20084,2022-03-27,VA,Holy See,,0,26,0,0
20085,2022-04-03,VA,Holy See,,0,26,0,0
20086,2022-04-10,VA,Holy See,,0,26,0,0
20087,2022-04-17,VA,Holy See,,0,26,0,0
20088,2022-04-24,VA,Holy See,,0,26,0,0
20089,2022-05-01,VA,Holy See,,0,26,0,0
20090,2022-05-08,VA,Holy See,,0,26,0,0
20091,2022-05-15,VA,Holy See,,0,26,0,0
20092,2022-05-22,VA,Holy See,,0,26,0,0
20093,2022-05-29,VA,Holy See,,0,26,0,0
20094,2022-06-05,VA,Holy See,,0,26,0,0
20095,2022-06-12,VA,Holy See,,0,26,0,0
20096,2022-06-19,VA,Holy See,,0,26,0,0
20097,2022-06-26,VA,Holy See,,0,26,0,0
20098,2022-07-03,VA,Holy See,,0,26,0,0
20099,2022-07-10,VA,Holy See,,0,26,0,0
20100,2022-07-17,VA,Holy See,,0,26,0,0
20101,2022-07-24,VA,Holy See,,0,26,0,0
20102,2022-07-31,VA,Holy See,,0,26,0,0
20103,2022-08-07,VA,Holy See,,0,26,0,0
20104,2022-08-14,VA,Holy See,,0,26,0,0
20105,2022-08-21,VA,Holy See,,0,26,0,0
20106,2022-08-28,VA,Holy See,,0,26,0,0
20107,2022-09-04,VA,Holy See,,0,26,0,0
20108,2022-09-11,VA,Holy See,,0,26,0,0
20109,2022-09-18,VA,Holy See,,0,26,0,0
20110,2022-09-25,VA,Holy See,,0,26,0,0
20111,2022-10-02,VA,Holy See,,0,26,0,0
20112,2022-10-09,VA,Holy See,,0,26,0,0
20113,2022-10-16,VA,Holy See,,0,26,0,0
20114,2022-10-23,VA,Holy See,,0,26,0,0
20115,2022-10-30,VA,Holy See,,0,26,0,0
20116,2022-11-06,VA,Holy See,,0,26,0,0
20117,2022-11-13,VA,Holy See,,0,26,0,0
20118,2022-11-20,VA,Holy See,,0,26,0,0
20119,2022-11-27,VA,Holy See,,0,26,0,0
20120,2022-12-04,VA,Holy See,,0,26,0,0
20121,2022-12-11,VA,Holy See,,0,26,0,0
20122,2022-12-18,VA,Holy See,,0,26,0,0
20123,2022-12-25,VA,Holy See,,0,26,0,0
20124,2023-01-01,VA,Holy See,,0,26,0,0
20125,2023-01-08,VA,Holy See,,0,26,0,0
20126,2023-01-15,VA,Holy See,,0,26,0,0
20127,2023-01-22,VA,Holy See,,0,26,0,0
20128,2023-01-29,VA,Holy See,,0,26,0,0
20129,2023-02-05,VA,Holy See,,0,26,0,0
20130,2023-02-12,VA,Holy See,,0,26,0,0
20131,2023-02-19,VA,Holy See,,0,26,0,0
20132,2023-02-26,VA,Holy See,,0,26,0,0
20133,2023-03-05,VA,Holy See,,0,26,0,0
20134,2023-03-12,VA,Holy See,,0,26,0,0
20135,2023-03-19,VA,Holy See,,0,26,0,0
20136,2023-03-26,VA,Holy See,,0,26,0,0
20137,2023-04-02,VA,Holy See,,0,26,0,0
20138,2023-04-09,VA,Holy See,,0,26,0,0
20139,2023-04-16,VA,Holy See,,0,26,0,0
20140,2023-04-23,VA,Holy See,,0,26,0,0
20141,2023-04-30,VA,Holy See,,0,26,0,0
20142,2023-05-07,VA,Holy See,,0,26,0,0
20143,2023-05-14,VA,Holy See,,0,26,0,0
20144,2023-05-21,VA,Holy See,,0,26,0,0
20145,2023-05-28,VA,Holy See,,0,26,0,0
20146,2023-06-04,VA,Holy See,,0,26,0,0
20147,2023-06-11,VA,Holy See,,0,26,0,0
20148,2023-06-18,VA,Holy See,,0,26,0,0
20149,2023-06-25,VA,Holy See,,0,26,0,0
20150,2023-07-02,VA,Holy See,,0,26,0,0
20151,2023-07-09,VA,Holy See,,0,26,0,0
20152,2023-07-16,VA,Holy See,,0,26,0,0
20153,2023-07-23,VA,Holy See,,0,26,0,0
20154,2023-07-30,VA,Holy See,,0,26,0,0
20155,2023-08-06,VA,Holy See,,0,26,0,0
20156,2023-08-13,VA,Holy See,,0,26,0,0
20157,2023-08-20,VA,Holy See,,0,26,0,0
20158,2023-08-27,VA,Holy See,,0,26,0,0
20159,2023-09-03,VA,Holy See,,0,26,0,0
20160,2023-09-10,VA,Holy See,,0,26,0,0
20161,2023-09-17,VA,Holy See,,0,26,0,0
20162,2023-09-24,VA,Holy See,,0,26,0,0
20163,2023-10-01,VA,Holy See,,0,26,0,0
20164,2023-10-08,VA,Holy See,,0,26,0,0
20165,2023-10-15,VA,Holy See,,0,26,0,0
20166,2023-10-22,VA,Holy See,,0,26,0,0
20167,2023-10-29,VA,Holy See,,0,26,0,0
20168,2023-11-05,VA,Holy See,,0,26,0,0
20169,2023-11-12,VA,Holy See,,0,26,0,0
20170,2023-11-19,VA,Holy See,,0,26,0,0
20171,2023-11-26,VA,Holy See,,0,26,0,0
20172,2023-12-03,VA,Holy See,,0,26,0,0
20173,2023-12-10,VA,Holy See,,0,26,0,0
20174,2023-12-17,VA,Holy See,,0,26,0,0
20175,2023-12-24,VA,Holy See,,0,26,0,0
20176,2020-01-05,HN,Honduras,AMRO,0,0,0,0
20177,2020-01-12,HN,Honduras,AMRO,0,0,0,0
20178,2020-01-19,HN,Honduras,AMRO,0,0,0,0
20179,2020-01-26,HN,Honduras,AMRO,0,0,0,0
20180,2020-02-02,HN,Honduras,AMRO,0,0,0,0
20181,2020-02-09,HN,Honduras,AMRO,0,0,0,0
20182,2020-02-16,HN,Honduras,AMRO,0,0,0,0
20183,2020-02-23,HN,Honduras,AMRO,0,0,0,0
20184,2020-03-01,HN,Honduras,AMRO,0,0,0,0
20185,2020-03-08,HN,Honduras,AMRO,0,0,0,0
20186,2020-03-15,HN,Honduras,AMRO,3,3,0,0
20187,2020-03-22,HN,Honduras,AMRO,21,24,0,0
20188,2020-03-29,HN,Honduras,AMRO,43,67,1,1
20189,2020-04-05,HN,Honduras,AMRO,197,264,14,15
20190,2020-04-12,HN,Honduras,AMRO,128,392,9,24
20191,2020-04-19,HN,Honduras,AMRO,65,457,22,46
20192,2020-04-26,HN,Honduras,AMRO,134,591,9,55
20193,2020-05-03,HN,Honduras,AMRO,308,899,20,75
20194,2020-05-10,HN,Honduras,AMRO,872,1771,32,107
20195,2020-05-17,HN,Honduras,AMRO,689,2460,27,134
20196,2020-05-24,HN,Honduras,AMRO,1017,3477,33,167
20197,2020-05-31,HN,Honduras,AMRO,1409,4886,32,199
20198,2020-06-07,HN,Honduras,AMRO,1085,5971,49,248
20199,2020-06-14,HN,Honduras,AMRO,2161,8132,58,306
20200,2020-06-21,HN,Honduras,AMRO,3126,11258,43,349
20201,2020-06-28,HN,Honduras,AMRO,4736,15994,122,471
20202,2020-07-05,HN,Honduras,AMRO,6122,22116,134,605
20203,2020-07-12,HN,Honduras,AMRO,4937,27053,145,750
20204,2020-07-19,HN,Honduras,AMRO,4692,31745,107,857
20205,2020-07-26,HN,Honduras,AMRO,5814,37559,204,1061
20206,2020-08-02,HN,Honduras,AMRO,4455,42014,276,1337
20207,2020-08-09,HN,Honduras,AMRO,4621,46635,128,1465
20208,2020-08-16,HN,Honduras,AMRO,2832,49467,83,1548
20209,2020-08-23,HN,Honduras,AMRO,3914,53381,84,1632
20210,2020-08-30,HN,Honduras,AMRO,5429,58810,195,1827
20211,2020-09-06,HN,Honduras,AMRO,4988,63798,157,1984
20212,2020-09-13,HN,Honduras,AMRO,2251,66049,74,2058
20213,2020-09-20,HN,Honduras,AMRO,4562,70611,88,2146
20214,2020-09-27,HN,Honduras,AMRO,3229,73840,125,2271
20215,2020-10-04,HN,Honduras,AMRO,4429,78269,115,2386
20216,2020-10-11,HN,Honduras,AMRO,4283,82552,106,2492
20217,2020-10-18,HN,Honduras,AMRO,4139,86691,64,2556
20218,2020-10-25,HN,Honduras,AMRO,5191,91882,56,2612
20219,2020-11-01,HN,Honduras,AMRO,5006,96888,57,2669
20220,2020-11-08,HN,Honduras,AMRO,2688,99576,72,2741
20221,2020-11-15,HN,Honduras,AMRO,2503,102079,79,2820
20222,2020-11-22,HN,Honduras,AMRO,2100,104179,35,2855
20223,2020-11-29,HN,Honduras,AMRO,2955,107134,44,2899
20224,2020-12-06,HN,Honduras,AMRO,2826,109960,42,2941
20225,2020-12-13,HN,Honduras,AMRO,3748,113708,30,2971
20226,2020-12-20,HN,Honduras,AMRO,2504,116212,52,3023
20227,2020-12-27,HN,Honduras,AMRO,2447,118659,38,3061
20228,2021-01-03,HN,Honduras,AMRO,4315,122974,99,3160
20229,2021-01-10,HN,Honduras,AMRO,3422,126396,106,3266
20230,2021-01-17,HN,Honduras,AMRO,6016,132412,78,3344
20231,2021-01-24,HN,Honduras,AMRO,6770,139182,95,3439
20232,2021-01-31,HN,Honduras,AMRO,6928,146110,136,3575
20233,2021-02-07,HN,Honduras,AMRO,7143,153253,119,3694
20234,2021-02-14,HN,Honduras,AMRO,5771,159024,154,3848
20235,2021-02-21,HN,Honduras,AMRO,5053,164077,127,3975
20236,2021-02-28,HN,Honduras,AMRO,4834,168911,142,4117
20237,2021-03-07,HN,Honduras,AMRO,4109,173020,130,4247
20238,2021-03-14,HN,Honduras,AMRO,4148,177168,78,4325
20239,2021-03-21,HN,Honduras,AMRO,4189,181357,97,4422
20240,2021-03-28,HN,Honduras,AMRO,4980,186337,114,4536
20241,2021-04-04,HN,Honduras,AMRO,3389,189726,86,4622
20242,2021-04-11,HN,Honduras,AMRO,4822,194548,144,4766
20243,2021-04-18,HN,Honduras,AMRO,5134,199682,168,4934
20244,2021-04-25,HN,Honduras,AMRO,6014,205696,161,5095
20245,2021-05-02,HN,Honduras,AMRO,6637,212333,186,5281
20246,2021-05-09,HN,Honduras,AMRO,5997,218330,304,5585
20247,2021-05-16,HN,Honduras,AMRO,6926,225256,352,5937
20248,2021-05-23,HN,Honduras,AMRO,6304,231560,196,6133
20249,2021-05-30,HN,Honduras,AMRO,4891,236451,151,6284
20250,2021-06-06,HN,Honduras,AMRO,4588,241039,170,6454
20251,2021-06-13,HN,Honduras,AMRO,4656,245695,145,6599
20252,2021-06-20,HN,Honduras,AMRO,6271,251966,149,6748
20253,2021-06-27,HN,Honduras,AMRO,6383,258349,154,6902
20254,2021-07-04,HN,Honduras,AMRO,6825,265174,157,7059
20255,2021-07-11,HN,Honduras,AMRO,7556,272730,162,7221
20256,2021-07-18,HN,Honduras,AMRO,6527,279257,206,7427
20257,2021-07-25,HN,Honduras,AMRO,7378,286635,167,7594
20258,2021-08-01,HN,Honduras,AMRO,10476,297111,240,7834
20259,2021-08-08,HN,Honduras,AMRO,8825,305936,286,8120
20260,2021-08-15,HN,Honduras,AMRO,10299,316235,253,8373
20261,2021-08-22,HN,Honduras,AMRO,10595,326830,221,8594
20262,2021-08-29,HN,Honduras,AMRO,8568,335398,238,8832
20263,2021-09-05,HN,Honduras,AMRO,8409,343807,191,9023
20264,2021-09-12,HN,Honduras,AMRO,7072,350879,296,9319
20265,2021-09-19,HN,Honduras,AMRO,6775,357654,172,9491
20266,2021-09-26,HN,Honduras,AMRO,5363,363017,188,9679
20267,2021-10-03,HN,Honduras,AMRO,4258,367275,176,9855
20268,2021-10-10,HN,Honduras,AMRO,1755,369030,94,9949
20269,2021-10-17,HN,Honduras,AMRO,3149,372179,148,10097
20270,2021-10-24,HN,Honduras,AMRO,1969,374148,95,10192
20271,2021-10-31,HN,Honduras,AMRO,1233,375381,48,10240
20272,2021-11-07,HN,Honduras,AMRO,900,376281,69,10309
20273,2021-11-14,HN,Honduras,AMRO,686,376967,44,10353
20274,2021-11-21,HN,Honduras,AMRO,453,377420,35,10388
20275,2021-11-28,HN,Honduras,AMRO,468,377888,15,10403
20276,2021-12-05,HN,Honduras,AMRO,225,378113,10,10413
20277,2021-12-12,HN,Honduras,AMRO,448,378561,8,10421
20278,2021-12-19,HN,Honduras,AMRO,243,378804,7,10428
20279,2021-12-26,HN,Honduras,AMRO,269,379073,1,10429
20280,2022-01-02,HN,Honduras,AMRO,469,379542,5,10434
20281,2022-01-09,HN,Honduras,AMRO,1712,381254,10,10444
20282,2022-01-16,HN,Honduras,AMRO,2823,384077,10,10454
20283,2022-01-23,HN,Honduras,AMRO,4359,388436,15,10469
20284,2022-01-30,HN,Honduras,AMRO,3438,391874,35,10504
20285,2022-02-06,HN,Honduras,AMRO,7026,398900,47,10551
20286,2022-02-13,HN,Honduras,AMRO,5864,404764,57,10608
20287,2022-02-20,HN,Honduras,AMRO,3692,408456,63,10671
20288,2022-02-27,HN,Honduras,AMRO,3717,412173,104,10775
20289,2022-03-06,HN,Honduras,AMRO,2138,414311,24,10799
20290,2022-03-13,HN,Honduras,AMRO,2418,416729,35,10834
20291,2022-03-20,HN,Honduras,AMRO,1571,418300,23,10857
20292,2022-03-27,HN,Honduras,AMRO,2321,420621,14,10871
20293,2022-04-03,HN,Honduras,AMRO,549,421170,14,10885
20294,2022-04-10,HN,Honduras,AMRO,489,421659,6,10891
20295,2022-04-17,HN,Honduras,AMRO,0,421659,0,10891
20296,2022-04-24,HN,Honduras,AMRO,886,422545,2,10893
20297,2022-05-01,HN,Honduras,AMRO,634,423179,0,10893
20298,2022-05-08,HN,Honduras,AMRO,700,423879,2,10895
20299,2022-05-15,HN,Honduras,AMRO,568,424447,1,10896
20300,2022-05-22,HN,Honduras,AMRO,412,424859,0,10896
20301,2022-05-29,HN,Honduras,AMRO,254,425113,3,10899
20302,2022-06-05,HN,Honduras,AMRO,358,425471,1,10900
20303,2022-06-12,HN,Honduras,AMRO,184,425655,2,10902
20304,2022-06-19,HN,Honduras,AMRO,275,425930,1,10903
20305,2022-06-26,HN,Honduras,AMRO,949,426879,2,10905
20306,2022-07-03,HN,Honduras,AMRO,839,427718,1,10906
20307,2022-07-10,HN,Honduras,AMRO,2130,429848,6,10912
20308,2022-07-17,HN,Honduras,AMRO,2291,432139,7,10919
20309,2022-07-24,HN,Honduras,AMRO,2657,434796,11,10930
20310,2022-07-31,HN,Honduras,AMRO,5105,439901,2,10932
20311,2022-08-07,HN,Honduras,AMRO,5370,445271,13,10945
20312,2022-08-14,HN,Honduras,AMRO,2094,447365,9,10954
20313,2022-08-21,HN,Honduras,AMRO,3028,450393,11,10965
20314,2022-08-28,HN,Honduras,AMRO,3600,453993,8,10973
20315,2022-09-04,HN,Honduras,AMRO,786,454779,16,10989
20316,2022-09-11,HN,Honduras,AMRO,232,455011,0,10989
20317,2022-09-18,HN,Honduras,AMRO,825,455836,3,10992
20318,2022-09-25,HN,Honduras,AMRO,500,456336,0,10992
20319,2022-10-02,HN,Honduras,AMRO,55,456391,1,10993
20320,2022-10-09,HN,Honduras,AMRO,273,456664,3,10996
20321,2022-10-16,HN,Honduras,AMRO,222,456886,11,11007
20322,2022-10-23,HN,Honduras,AMRO,138,457024,30,11037
20323,2022-10-30,HN,Honduras,AMRO,110,457134,2,11039
20324,2022-11-06,HN,Honduras,AMRO,128,457262,1,11040
20325,2022-11-13,HN,Honduras,AMRO,144,457406,1,11041
20326,2022-11-20,HN,Honduras,AMRO,102,457508,2,11043
20327,2022-11-27,HN,Honduras,AMRO,515,458023,0,11043
20328,2022-12-04,HN,Honduras,AMRO,898,458921,8,11051
20329,2022-12-11,HN,Honduras,AMRO,1793,460714,3,11054
20330,2022-12-18,HN,Honduras,AMRO,2028,462742,6,11060
20331,2022-12-25,HN,Honduras,AMRO,943,463685,3,11063
20332,2023-01-01,HN,Honduras,AMRO,2230,465915,8,11071
20333,2023-01-08,HN,Honduras,AMRO,2429,468344,23,11094
20334,2023-01-15,HN,Honduras,AMRO,886,469230,1,11095
20335,2023-01-22,HN,Honduras,AMRO,960,470190,7,11102
20336,2023-01-29,HN,Honduras,AMRO,366,470556,2,11104
20337,2023-02-05,HN,Honduras,AMRO,384,470940,0,11104
20338,2023-02-12,HN,Honduras,AMRO,477,471417,5,11109
20339,2023-02-19,HN,Honduras,AMRO,347,471764,0,11109
20340,2023-02-26,HN,Honduras,AMRO,352,472116,2,11111
20341,2023-03-05,HN,Honduras,AMRO,134,472250,0,11111
20342,2023-03-12,HN,Honduras,AMRO,58,472308,0,11111
20343,2023-03-19,HN,Honduras,AMRO,32,472340,0,11111
20344,2023-03-26,HN,Honduras,AMRO,103,472443,0,11111
20345,2023-04-02,HN,Honduras,AMRO,24,472467,0,11111
20346,2023-04-09,HN,Honduras,AMRO,0,472467,0,11111
20347,2023-04-16,HN,Honduras,AMRO,18,472485,0,11111
20348,2023-04-23,HN,Honduras,AMRO,48,472533,1,11112
20349,2023-04-30,HN,Honduras,AMRO,0,472533,0,11112
20350,2023-05-07,HN,Honduras,AMRO,0,472533,0,11112
20351,2023-05-14,HN,Honduras,AMRO,61,472594,2,11114
20352,2023-05-21,HN,Honduras,AMRO,0,472594,0,11114
20353,2023-05-28,HN,Honduras,AMRO,0,472594,0,11114
20354,2023-06-04,HN,Honduras,AMRO,4,472598,0,11114
20355,2023-06-11,HN,Honduras,AMRO,2,472600,0,11114
20356,2023-06-18,HN,Honduras,AMRO,2,472602,0,11114
20357,2023-06-25,HN,Honduras,AMRO,3,472605,0,11114
20358,2023-07-02,HN,Honduras,AMRO,15,472620,0,11114
20359,2023-07-09,HN,Honduras,AMRO,8,472628,0,11114
20360,2023-07-16,HN,Honduras,AMRO,29,472657,0,11114
20361,2023-07-23,HN,Honduras,AMRO,28,472685,0,11114
20362,2023-07-30,HN,Honduras,AMRO,31,472716,0,11114
20363,2023-08-06,HN,Honduras,AMRO,3,472719,0,11114
20364,2023-08-13,HN,Honduras,AMRO,9,472728,0,11114
20365,2023-08-20,HN,Honduras,AMRO,5,472733,0,11114
20366,2023-08-27,HN,Honduras,AMRO,1,472734,0,11114
20367,2023-09-03,HN,Honduras,AMRO,3,472737,0,11114
20368,2023-09-10,HN,Honduras,AMRO,2,472739,0,11114
20369,2023-09-17,HN,Honduras,AMRO,0,472739,0,11114
20370,2023-09-24,HN,Honduras,AMRO,1,472740,0,11114
20371,2023-10-01,HN,Honduras,AMRO,2,472742,0,11114
20372,2023-10-08,HN,Honduras,AMRO,0,472742,0,11114
20373,2023-10-15,HN,Honduras,AMRO,0,472742,0,11114
20374,2023-10-22,HN,Honduras,AMRO,0,472742,0,11114
20375,2023-10-29,HN,Honduras,AMRO,1,472743,0,11114
20376,2023-11-05,HN,Honduras,AMRO,0,472743,0,11114
20377,2023-11-12,HN,Honduras,AMRO,0,472743,0,11114
20378,2023-11-19,HN,Honduras,AMRO,0,472743,0,11114
20379,2023-11-26,HN,Honduras,AMRO,0,472743,0,11114
20380,2023-12-03,HN,Honduras,AMRO,0,472743,0,11114
20381,2023-12-10,HN,Honduras,AMRO,0,472743,0,11114
20382,2023-12-17,HN,Honduras,AMRO,0,472743,0,11114
20383,2023-12-24,HN,Honduras,AMRO,0,472743,0,11114
20384,2020-01-05,HU,Hungary,EURO,0,0,0,0
20385,2020-01-12,HU,Hungary,EURO,0,0,0,0
20386,2020-01-19,HU,Hungary,EURO,0,0,0,0
20387,2020-01-26,HU,Hungary,EURO,0,0,0,0
20388,2020-02-02,HU,Hungary,EURO,0,0,0,0
20389,2020-02-09,HU,Hungary,EURO,0,0,0,0
20390,2020-02-16,HU,Hungary,EURO,0,0,0,0
20391,2020-02-23,HU,Hungary,EURO,0,0,0,0
20392,2020-03-01,HU,Hungary,EURO,0,0,0,0
20393,2020-03-08,HU,Hungary,EURO,7,7,0,0
20394,2020-03-15,HU,Hungary,EURO,24,31,0,0
20395,2020-03-22,HU,Hungary,EURO,100,131,4,4
20396,2020-03-29,HU,Hungary,EURO,277,408,9,13
20397,2020-04-05,HU,Hungary,EURO,325,733,21,34
20398,2020-04-12,HU,Hungary,EURO,677,1410,65,99
20399,2020-04-19,HU,Hungary,EURO,506,1916,90,189
20400,2020-04-26,HU,Hungary,EURO,584,2500,83,272
20401,2020-05-03,HU,Hungary,EURO,498,2998,68,340
20402,2020-05-10,HU,Hungary,EURO,265,3263,73,413
20403,2020-05-17,HU,Hungary,EURO,246,3509,38,451
20404,2020-05-24,HU,Hungary,EURO,232,3741,35,486
20405,2020-05-31,HU,Hungary,EURO,126,3867,38,524
20406,2020-06-07,HU,Hungary,EURO,103,3970,18,542
20407,2020-06-14,HU,Hungary,EURO,94,4064,17,559
20408,2020-06-21,HU,Hungary,EURO,30,4094,11,570
20409,2020-06-28,HU,Hungary,EURO,44,4138,8,578
20410,2020-07-05,HU,Hungary,EURO,45,4183,11,589
20411,2020-07-12,HU,Hungary,EURO,46,4229,6,595
20412,2020-07-19,HU,Hungary,EURO,86,4315,1,596
20413,2020-07-26,HU,Hungary,EURO,120,4435,0,596
20414,2020-08-02,HU,Hungary,EURO,91,4526,1,597
20415,2020-08-09,HU,Hungary,EURO,127,4653,5,602
20416,2020-08-16,HU,Hungary,EURO,224,4877,5,607
20417,2020-08-23,HU,Hungary,EURO,256,5133,4,611
20418,2020-08-30,HU,Hungary,EURO,536,5669,3,614
20419,2020-09-06,HU,Hungary,EURO,2223,7892,10,624
20420,2020-09-13,HU,Hungary,EURO,3933,11825,9,633
20421,2020-09-20,HU,Hungary,EURO,6165,17990,50,683
20422,2020-09-27,HU,Hungary,EURO,6024,24014,53,736
20423,2020-10-04,HU,Hungary,EURO,6561,30575,86,822
20424,2020-10-11,HU,Hungary,EURO,7089,37664,132,954
20425,2020-10-18,HU,Hungary,EURO,8626,46290,188,1142
20426,2020-10-25,HU,Hungary,EURO,12957,59247,283,1425
20427,2020-11-01,HU,Hungary,EURO,19952,79199,394,1819
20428,2020-11-08,HU,Hungary,EURO,30417,109616,619,2438
20429,2020-11-15,HU,Hungary,EURO,31345,140961,659,3097
20430,2020-11-22,HU,Hungary,EURO,33657,174618,703,3800
20431,2020-11-29,HU,Hungary,EURO,36909,211527,872,4672
20432,2020-12-06,HU,Hungary,EURO,38751,250278,1196,5868
20433,2020-12-13,HU,Hungary,EURO,30122,280400,1097,6965
20434,2020-12-20,HU,Hungary,EURO,22589,302989,1134,8099
20435,2020-12-27,HU,Hungary,EURO,13071,316060,948,9047
20436,2021-01-03,HU,Hungary,EURO,11935,327995,837,9884
20437,2021-01-10,HU,Hungary,EURO,14242,342237,764,10648
20438,2021-01-17,HU,Hungary,EURO,9591,351828,693,11341
20439,2021-01-24,HU,Hungary,EURO,7746,359574,627,11968
20440,2021-01-31,HU,Hungary,EURO,8012,367586,556,12524
20441,2021-02-07,HU,Hungary,EURO,8909,376495,566,13090
20442,2021-02-14,HU,Hungary,EURO,10967,387462,616,13706
20443,2021-02-21,HU,Hungary,EURO,15561,403023,593,14299
20444,2021-02-28,HU,Hungary,EURO,25576,428599,675,14974
20445,2021-03-07,HU,Hungary,EURO,37418,466017,899,15873
20446,2021-03-14,HU,Hungary,EURO,50473,516490,1079,16952
20447,2021-03-21,HU,Hungary,EURO,55106,571596,1310,18262
20448,2021-03-28,HU,Hungary,EURO,62265,633861,1710,19972
20449,2021-04-04,HU,Hungary,EURO,52118,685979,1743,21715
20450,2021-04-11,HU,Hungary,EURO,34185,720164,1702,23417
20451,2021-04-18,HU,Hungary,EURO,30344,750508,1767,25184
20452,2021-04-25,HU,Hungary,EURO,19010,769518,1441,26625
20453,2021-05-02,HU,Hungary,EURO,13374,782892,1177,27802
20454,2021-05-09,HU,Hungary,EURO,8817,791709,800,28602
20455,2021-05-16,HU,Hungary,EURO,6438,798147,573,29175
20456,2021-05-23,HU,Hungary,EURO,3941,802088,344,29519
20457,2021-05-30,HU,Hungary,EURO,1944,804032,190,29709
20458,2021-06-06,HU,Hungary,EURO,1976,806008,146,29855
20459,2021-06-13,HU,Hungary,EURO,782,806790,50,29905
20460,2021-06-20,HU,Hungary,EURO,638,807428,46,29951
20461,2021-06-27,HU,Hungary,EURO,482,807910,30,29981
20462,2021-07-04,HU,Hungary,EURO,287,808197,11,29992
20463,2021-07-11,HU,Hungary,EURO,240,808437,12,30004
20464,2021-07-18,HU,Hungary,EURO,288,808725,11,30015
20465,2021-07-25,HU,Hungary,EURO,376,809101,5,30020
20466,2021-08-01,HU,Hungary,EURO,390,809491,6,30026
20467,2021-08-08,HU,Hungary,EURO,364,809855,7,30033
20468,2021-08-15,HU,Hungary,EURO,461,810316,5,30038
20469,2021-08-22,HU,Hungary,EURO,465,810781,8,30046
20470,2021-08-29,HU,Hungary,EURO,925,811706,11,30057
20471,2021-09-05,HU,Hungary,EURO,1334,813040,4,30061
20472,2021-09-12,HU,Hungary,EURO,1692,814732,25,30086
20473,2021-09-19,HU,Hungary,EURO,2427,817159,37,30123
20474,2021-09-26,HU,Hungary,EURO,2919,820078,28,30151
20475,2021-10-03,HU,Hungary,EURO,3306,823384,48,30199
20476,2021-10-10,HU,Hungary,EURO,4026,827410,76,30275
20477,2021-10-17,HU,Hungary,EURO,5705,833115,76,30351
20478,2021-10-24,HU,Hungary,EURO,10710,843825,141,30492
20479,2021-10-31,HU,Hungary,EURO,19594,863419,237,30729
20480,2021-11-07,HU,Hungary,EURO,28745,892164,455,31184
20481,2021-11-14,HU,Hungary,EURO,47620,939784,683,31867
20482,2021-11-21,HU,Hungary,EURO,58704,998488,913,32780
20483,2021-11-28,HU,Hungary,EURO,70400,1068888,1086,33866
20484,2021-12-05,HU,Hungary,EURO,65981,1134869,1256,35122
20485,2021-12-12,HU,Hungary,EURO,48053,1182922,1307,36429
20486,2021-12-19,HU,Hungary,EURO,35373,1218295,1101,37530
20487,2021-12-26,HU,Hungary,EURO,19035,1237330,777,38307
20488,2022-01-02,HU,Hungary,EURO,19085,1256415,879,39186
20489,2022-01-09,HU,Hungary,EURO,26542,1282957,594,39780
20490,2022-01-16,HU,Hungary,EURO,44057,1327014,457,40237
20491,2022-01-23,HU,Hungary,EURO,74443,1401457,585,40822
20492,2022-01-30,HU,Hungary,EURO,106901,1508358,407,41229
20493,2022-02-06,HU,Hungary,EURO,108488,1616846,512,41741
20494,2022-02-13,HU,Hungary,EURO,79145,1695991,619,42360
20495,2022-02-20,HU,Hungary,EURO,50433,1746424,706,43066
20496,2022-02-27,HU,Hungary,EURO,32750,1779174,686,43752
20497,2022-03-06,HU,Hungary,EURO,20872,1800046,534,44286
20498,2022-03-13,HU,Hungary,EURO,14316,1814362,367,44653
20499,2022-03-20,HU,Hungary,EURO,9727,1824089,308,44961
20500,2022-03-27,HU,Hungary,EURO,15269,1839358,297,45258
20501,2022-04-03,HU,Hungary,EURO,14840,1854198,252,45510
20502,2022-04-10,HU,Hungary,EURO,13809,1868007,211,45721
20503,2022-04-17,HU,Hungary,EURO,11473,1879480,144,45865
20504,2022-04-24,HU,Hungary,EURO,11473,1890953,183,46048
20505,2022-05-01,HU,Hungary,EURO,10064,1901017,153,46201
20506,2022-05-08,HU,Hungary,EURO,2183,1903200,65,46266
20507,2022-05-15,HU,Hungary,EURO,6748,1909948,77,46343
20508,2022-05-22,HU,Hungary,EURO,4749,1914697,103,46446
20509,2022-05-29,HU,Hungary,EURO,3080,1917777,61,46507
20510,2022-06-05,HU,Hungary,EURO,2063,1919840,40,46547
20511,2022-06-12,HU,Hungary,EURO,1646,1921486,24,46571
20512,2022-06-19,HU,Hungary,EURO,1636,1923122,23,46594
20513,2022-06-26,HU,Hungary,EURO,1961,1925083,32,46626
20514,2022-07-03,HU,Hungary,EURO,3042,1928125,21,46647
20515,2022-07-10,HU,Hungary,EURO,4663,1932788,14,46661
20516,2022-07-17,HU,Hungary,EURO,8036,1940824,35,46696
20517,2022-07-24,HU,Hungary,EURO,10255,1951079,40,46736
20518,2022-07-31,HU,Hungary,EURO,14402,1965481,54,46790
20519,2022-08-07,HU,Hungary,EURO,21840,1987321,96,46886
20520,2022-08-14,HU,Hungary,EURO,18078,2005399,80,46966
20521,2022-08-21,HU,Hungary,EURO,16249,2021648,117,47083
20522,2022-08-28,HU,Hungary,EURO,14742,2036390,108,47191
20523,2022-09-04,HU,Hungary,EURO,12157,2048547,100,47291
20524,2022-09-11,HU,Hungary,EURO,10300,2058847,76,47367
20525,2022-09-18,HU,Hungary,EURO,11596,2070443,42,47409
20526,2022-09-25,HU,Hungary,EURO,12307,2082750,48,47457
20527,2022-10-02,HU,Hungary,EURO,11392,2094142,46,47503
20528,2022-10-09,HU,Hungary,EURO,13765,2107907,73,47576
20529,2022-10-16,HU,Hungary,EURO,12636,2120543,104,47680
20530,2022-10-23,HU,Hungary,EURO,11947,2132490,118,47798
20531,2022-10-30,HU,Hungary,EURO,9023,2141513,140,47938
20532,2022-11-06,HU,Hungary,EURO,7495,2149008,81,48019
20533,2022-11-13,HU,Hungary,EURO,4556,2153564,92,48111
20534,2022-11-20,HU,Hungary,EURO,4431,2157995,73,48184
20535,2022-11-27,HU,Hungary,EURO,4098,2162093,61,48245
20536,2022-12-04,HU,Hungary,EURO,4259,2166352,42,48287
20537,2022-12-11,HU,Hungary,EURO,4704,2171056,50,48337
20538,2022-12-18,HU,Hungary,EURO,5193,2176249,43,48380
20539,2022-12-25,HU,Hungary,EURO,5170,2181419,59,48439
20540,2023-01-01,HU,Hungary,EURO,4397,2185816,56,48495
20541,2023-01-08,HU,Hungary,EURO,2921,2188737,65,48560
20542,2023-01-15,HU,Hungary,EURO,1596,2190333,44,48604
20543,2023-01-22,HU,Hungary,EURO,866,2191199,17,48621
20544,2023-01-29,HU,Hungary,EURO,627,2191826,17,48638
20545,2023-02-05,HU,Hungary,EURO,621,2192447,9,48647
20546,2023-02-12,HU,Hungary,EURO,825,2193272,8,48655
20547,2023-02-19,HU,Hungary,EURO,830,2194102,9,48664
20548,2023-02-26,HU,Hungary,EURO,867,2194969,6,48670
20549,2023-03-05,HU,Hungary,EURO,957,2195926,11,48681
20550,2023-03-12,HU,Hungary,EURO,878,2196804,12,48693
20551,2023-03-19,HU,Hungary,EURO,1016,2197820,16,48709
20552,2023-03-26,HU,Hungary,EURO,641,2198461,11,48720
20553,2023-04-02,HU,Hungary,EURO,685,2199146,10,48730
20554,2023-04-09,HU,Hungary,EURO,618,2199764,15,48745
20555,2023-04-16,HU,Hungary,EURO,447,2200211,8,48753
20556,2023-04-23,HU,Hungary,EURO,528,2200739,11,48764
20557,2023-04-30,HU,Hungary,EURO,616,2201355,6,48770
20558,2023-05-07,HU,Hungary,EURO,469,2201824,8,48778
20559,2023-05-14,HU,Hungary,EURO,355,2202179,4,48782
20560,2023-05-21,HU,Hungary,EURO,312,2202491,4,48786
20561,2023-05-28,HU,Hungary,EURO,225,2202716,5,48791
20562,2023-06-04,HU,Hungary,EURO,171,2202887,3,48794
20563,2023-06-11,HU,Hungary,EURO,103,2202990,1,48795
20564,2023-06-18,HU,Hungary,EURO,92,2203082,2,48797
20565,2023-06-25,HU,Hungary,EURO,47,2203129,0,48797
20566,2023-07-02,HU,Hungary,EURO,42,2203171,1,48798
20567,2023-07-09,HU,Hungary,EURO,29,2203200,1,48799
20568,2023-07-16,HU,Hungary,EURO,22,2203222,0,48799
20569,2023-07-23,HU,Hungary,EURO,40,2203262,0,48799
20570,2023-07-30,HU,Hungary,EURO,27,2203289,1,48800
20571,2023-08-06,HU,Hungary,EURO,26,2203315,1,48801
20572,2023-08-13,HU,Hungary,EURO,41,2203356,1,48802
20573,2023-08-20,HU,Hungary,EURO,85,2203441,0,48802
20574,2023-08-27,HU,Hungary,EURO,123,2203564,1,48803
20575,2023-09-03,HU,Hungary,EURO,197,2203761,0,48803
20576,2023-09-10,HU,Hungary,EURO,329,2204090,0,48803
20577,2023-09-17,HU,Hungary,EURO,398,2204488,3,48806
20578,2023-09-24,HU,Hungary,EURO,834,2205322,1,48807
20579,2023-10-01,HU,Hungary,EURO,989,2206311,5,48812
20580,2023-10-08,HU,Hungary,EURO,869,2207180,3,48815
20581,2023-10-15,HU,Hungary,EURO,789,2207969,4,48819
20582,2023-10-22,HU,Hungary,EURO,981,2208950,3,48822
20583,2023-10-29,HU,Hungary,EURO,1022,2209972,9,48831
20584,2023-11-05,HU,Hungary,EURO,1164,2211136,7,48838
20585,2023-11-12,HU,Hungary,EURO,874,2212010,9,48847
20586,2023-11-19,HU,Hungary,EURO,984,2212994,1,48848
20587,2023-11-26,HU,Hungary,EURO,0,2212994,0,48848
20588,2023-12-03,HU,Hungary,EURO,0,2212994,0,48848
20589,2023-12-10,HU,Hungary,EURO,4138,2217132,14,48862
20590,2023-12-17,HU,Hungary,EURO,3036,2220168,12,48874
20591,2023-12-24,HU,Hungary,EURO,3611,2223779,22,48896
20592,2020-01-05,IS,Iceland,EURO,0,0,0,0
20593,2020-01-12,IS,Iceland,EURO,0,0,0,0
20594,2020-01-19,IS,Iceland,EURO,0,0,0,0
20595,2020-01-26,IS,Iceland,EURO,0,0,0,0
20596,2020-02-02,IS,Iceland,EURO,0,0,0,0
20597,2020-02-09,IS,Iceland,EURO,15,15,0,0
20598,2020-02-16,IS,Iceland,EURO,0,15,0,0
20599,2020-02-23,IS,Iceland,EURO,0,15,0,0
20600,2020-03-01,IS,Iceland,EURO,7,22,0,0
20601,2020-03-08,IS,Iceland,EURO,53,75,0,0
20602,2020-03-15,IS,Iceland,EURO,117,192,0,0
20603,2020-03-22,IS,Iceland,EURO,461,653,1,1
20604,2020-03-29,IS,Iceland,EURO,509,1162,1,2
20605,2020-04-05,IS,Iceland,EURO,440,1602,4,6
20606,2020-04-12,IS,Iceland,EURO,135,1737,2,8
20607,2020-04-19,IS,Iceland,EURO,53,1790,1,9
20608,2020-04-26,IS,Iceland,EURO,16,1806,1,10
20609,2020-05-03,IS,Iceland,EURO,7,1813,0,10
20610,2020-05-10,IS,Iceland,EURO,2,1815,0,10
20611,2020-05-17,IS,Iceland,EURO,1,1816,0,10
20612,2020-05-24,IS,Iceland,EURO,2,1818,0,10
20613,2020-05-31,IS,Iceland,EURO,2,1820,0,10
20614,2020-06-07,IS,Iceland,EURO,1,1821,0,10
20615,2020-06-14,IS,Iceland,EURO,2,1823,0,10
20616,2020-06-21,IS,Iceland,EURO,5,1828,0,10
20617,2020-06-28,IS,Iceland,EURO,6,1834,0,10
20618,2020-07-05,IS,Iceland,EURO,9,1843,0,10
20619,2020-07-12,IS,Iceland,EURO,3,1846,0,10
20620,2020-07-19,IS,Iceland,EURO,6,1852,0,10
20621,2020-07-26,IS,Iceland,EURO,16,1868,0,10
20622,2020-08-02,IS,Iceland,EURO,59,1927,0,10
20623,2020-08-09,IS,Iceland,EURO,47,1974,0,10
20624,2020-08-16,IS,Iceland,EURO,54,2028,0,10
20625,2020-08-23,IS,Iceland,EURO,55,2083,0,10
20626,2020-08-30,IS,Iceland,EURO,41,2124,0,10
20627,2020-09-06,IS,Iceland,EURO,32,2156,0,10
20628,2020-09-13,IS,Iceland,EURO,25,2181,0,10
20629,2020-09-20,IS,Iceland,EURO,212,2393,0,10
20630,2020-09-27,IS,Iceland,EURO,280,2673,0,10
20631,2020-10-04,IS,Iceland,EURO,321,2994,0,10
20632,2020-10-11,IS,Iceland,EURO,603,3597,1,11
20633,2020-10-18,IS,Iceland,EURO,532,4129,1,12
20634,2020-10-25,IS,Iceland,EURO,397,4526,0,12
20635,2020-11-01,IS,Iceland,EURO,408,4934,5,17
20636,2020-11-08,IS,Iceland,EURO,174,5108,7,24
20637,2020-11-15,IS,Iceland,EURO,108,5216,1,25
20638,2020-11-22,IS,Iceland,EURO,80,5296,1,26
20639,2020-11-29,IS,Iceland,EURO,107,5403,0,26
20640,2020-12-06,IS,Iceland,EURO,105,5508,1,27
20641,2020-12-13,IS,Iceland,EURO,64,5572,1,28
20642,2020-12-20,IS,Iceland,EURO,89,5661,0,28
20643,2020-12-27,IS,Iceland,EURO,82,5743,0,28
20644,2021-01-03,IS,Iceland,EURO,73,5816,1,29
20645,2021-01-10,IS,Iceland,EURO,102,5918,0,29
20646,2021-01-17,IS,Iceland,EURO,70,5988,0,29
20647,2021-01-24,IS,Iceland,EURO,19,6007,0,29
20648,2021-01-31,IS,Iceland,EURO,22,6029,0,29
20649,2021-02-07,IS,Iceland,EURO,12,6041,0,29
20650,2021-02-14,IS,Iceland,EURO,15,6056,0,29
20651,2021-02-21,IS,Iceland,EURO,10,6066,0,29
20652,2021-02-28,IS,Iceland,EURO,10,6076,0,29
20653,2021-03-07,IS,Iceland,EURO,11,6087,0,29
20654,2021-03-14,IS,Iceland,EURO,19,6106,0,29
20655,2021-03-21,IS,Iceland,EURO,38,6144,0,29
20656,2021-03-28,IS,Iceland,EURO,61,6205,0,29
20657,2021-04-04,IS,Iceland,EURO,50,6255,0,29
20658,2021-04-11,IS,Iceland,EURO,34,6289,0,29
20659,2021-04-18,IS,Iceland,EURO,62,6351,0,29
20660,2021-04-25,IS,Iceland,EURO,65,6416,0,29
20661,2021-05-02,IS,Iceland,EURO,54,6470,0,29
20662,2021-05-09,IS,Iceland,EURO,35,6505,0,29
20663,2021-05-16,IS,Iceland,EURO,30,6535,0,29
20664,2021-05-23,IS,Iceland,EURO,7,6542,1,30
20665,2021-05-30,IS,Iceland,EURO,30,6572,0,30
20666,2021-06-06,IS,Iceland,EURO,28,6600,0,30
20667,2021-06-13,IS,Iceland,EURO,11,6611,0,30
20668,2021-06-20,IS,Iceland,EURO,10,6621,0,30
20669,2021-06-27,IS,Iceland,EURO,17,6638,0,30
20670,2021-07-04,IS,Iceland,EURO,16,6654,0,30
20671,2021-07-11,IS,Iceland,EURO,25,6679,0,30
20672,2021-07-18,IS,Iceland,EURO,99,6778,0,30
20673,2021-07-25,IS,Iceland,EURO,519,7297,0,30
20674,2021-08-01,IS,Iceland,EURO,815,8112,0,30
20675,2021-08-08,IS,Iceland,EURO,776,8888,0,30
20676,2021-08-15,IS,Iceland,EURO,680,9568,0,30
20677,2021-08-22,IS,Iceland,EURO,605,10173,0,30
20678,2021-08-29,IS,Iceland,EURO,525,10698,3,33
20679,2021-09-05,IS,Iceland,EURO,355,11053,0,33
20680,2021-09-12,IS,Iceland,EURO,219,11272,0,33
20681,2021-09-19,IS,Iceland,EURO,189,11461,0,33
20682,2021-09-26,IS,Iceland,EURO,251,11712,0,33
20683,2021-10-03,IS,Iceland,EURO,235,11947,0,33
20684,2021-10-10,IS,Iceland,EURO,285,12232,0,33
20685,2021-10-17,IS,Iceland,EURO,373,12605,0,33
20686,2021-10-24,IS,Iceland,EURO,525,13130,0,33
20687,2021-10-31,IS,Iceland,EURO,601,13731,1,34
20688,2021-11-07,IS,Iceland,EURO,827,14558,0,34
20689,2021-11-14,IS,Iceland,EURO,1175,15733,0,34
20690,2021-11-21,IS,Iceland,EURO,1058,16791,0,34
20691,2021-11-28,IS,Iceland,EURO,975,17766,1,35
20692,2021-12-05,IS,Iceland,EURO,868,18634,0,35
20693,2021-12-12,IS,Iceland,EURO,901,19535,1,36
20694,2021-12-19,IS,Iceland,EURO,1352,20887,1,37
20695,2021-12-26,IS,Iceland,EURO,3319,24206,0,37
20696,2022-01-02,IS,Iceland,EURO,6853,31059,1,38
20697,2022-01-09,IS,Iceland,EURO,8921,39980,3,41
20698,2022-01-16,IS,Iceland,EURO,131,40111,0,41
20699,2022-01-23,IS,Iceland,EURO,9874,49985,0,41
20700,2022-01-30,IS,Iceland,EURO,9188,59173,2,43
20701,2022-02-06,IS,Iceland,EURO,10475,69648,3,46
20702,2022-02-13,IS,Iceland,EURO,13792,83440,5,51
20703,2022-02-20,IS,Iceland,EURO,17366,100806,5,56
20704,2022-02-27,IS,Iceland,EURO,13322,114128,3,59
20705,2022-03-06,IS,Iceland,EURO,16895,131023,8,67
20706,2022-03-13,IS,Iceland,EURO,19640,150663,6,73
20707,2022-03-20,IS,Iceland,EURO,13313,163976,10,83
20708,2022-03-27,IS,Iceland,EURO,7342,171318,4,87
20709,2022-04-03,IS,Iceland,EURO,3024,174342,8,95
20710,2022-04-10,IS,Iceland,EURO,1622,175964,9,104
20711,2022-04-17,IS,Iceland,EURO,875,176839,1,105
20712,2022-04-24,IS,Iceland,EURO,866,177705,5,110
20713,2022-05-01,IS,Iceland,EURO,551,178256,0,110
20714,2022-05-08,IS,Iceland,EURO,451,178707,1,111
20715,2022-05-15,IS,Iceland,EURO,778,179485,0,111
20716,2022-05-22,IS,Iceland,EURO,863,180348,0,111
20717,2022-05-29,IS,Iceland,EURO,809,181157,0,111
20718,2022-06-05,IS,Iceland,EURO,1159,182316,0,111
20719,2022-06-12,IS,Iceland,EURO,1412,183728,0,111
20720,2022-06-19,IS,Iceland,EURO,1535,185263,2,113
20721,2022-06-26,IS,Iceland,EURO,2409,187672,2,115
20722,2022-07-03,IS,Iceland,EURO,3196,190868,2,117
20723,2022-07-10,IS,Iceland,EURO,3196,194064,0,117
20724,2022-07-17,IS,Iceland,EURO,2338,196402,0,117
20725,2022-07-24,IS,Iceland,EURO,1695,198097,0,117
20726,2022-07-31,IS,Iceland,EURO,1337,199434,0,117
20727,2022-08-07,IS,Iceland,EURO,803,200237,0,117
20728,2022-08-14,IS,Iceland,EURO,860,201097,0,117
20729,2022-08-21,IS,Iceland,EURO,717,201814,0,117
20730,2022-08-28,IS,Iceland,EURO,547,202361,0,117
20731,2022-09-04,IS,Iceland,EURO,424,202785,0,117
20732,2022-09-11,IS,Iceland,EURO,357,203142,0,117
20733,2022-09-18,IS,Iceland,EURO,250,203392,0,117
20734,2022-09-25,IS,Iceland,EURO,239,203631,0,117
20735,2022-10-02,IS,Iceland,EURO,240,203871,0,117
20736,2022-10-09,IS,Iceland,EURO,188,204059,0,117
20737,2022-10-16,IS,Iceland,EURO,217,204276,0,117
20738,2022-10-23,IS,Iceland,EURO,324,204600,0,117
20739,2022-10-30,IS,Iceland,EURO,295,204895,0,117
20740,2022-11-06,IS,Iceland,EURO,305,205200,0,117
20741,2022-11-13,IS,Iceland,EURO,310,205510,69,186
20742,2022-11-20,IS,Iceland,EURO,276,205786,0,186
20743,2022-11-27,IS,Iceland,EURO,274,206060,0,186
20744,2022-12-04,IS,Iceland,EURO,207,206267,0,186
20745,2022-12-11,IS,Iceland,EURO,207,206474,0,186
20746,2022-12-18,IS,Iceland,EURO,384,206858,0,186
20747,2022-12-25,IS,Iceland,EURO,355,207213,0,186
20748,2023-01-01,IS,Iceland,EURO,223,207436,0,186
20749,2023-01-08,IS,Iceland,EURO,192,207628,0,186
20750,2023-01-15,IS,Iceland,EURO,0,207628,0,186
20751,2023-01-22,IS,Iceland,EURO,76,207704,0,186
20752,2023-01-29,IS,Iceland,EURO,105,207809,0,186
20753,2023-02-05,IS,Iceland,EURO,190,207999,0,186
20754,2023-02-12,IS,Iceland,EURO,115,208114,0,186
20755,2023-02-19,IS,Iceland,EURO,101,208215,0,186
20756,2023-02-26,IS,Iceland,EURO,117,208332,0,186
20757,2023-03-05,IS,Iceland,EURO,75,208407,0,186
20758,2023-03-12,IS,Iceland,EURO,32,208439,0,186
20759,2023-03-19,IS,Iceland,EURO,44,208483,0,186
20760,2023-03-26,IS,Iceland,EURO,28,208511,0,186
20761,2023-04-02,IS,Iceland,EURO,37,208548,0,186
20762,2023-04-09,IS,Iceland,EURO,28,208576,0,186
20763,2023-04-16,IS,Iceland,EURO,16,208592,0,186
20764,2023-04-23,IS,Iceland,EURO,8,208600,0,186
20765,2023-04-30,IS,Iceland,EURO,10,208610,0,186
20766,2023-05-07,IS,Iceland,EURO,10,208620,0,186
20767,2023-05-14,IS,Iceland,EURO,10,208630,0,186
20768,2023-05-21,IS,Iceland,EURO,16,208646,0,186
20769,2023-05-28,IS,Iceland,EURO,19,208665,0,186
20770,2023-06-04,IS,Iceland,EURO,23,208688,0,186
20771,2023-06-11,IS,Iceland,EURO,19,208707,0,186
20772,2023-06-18,IS,Iceland,EURO,21,208728,0,186
20773,2023-06-25,IS,Iceland,EURO,7,208735,0,186
20774,2023-07-02,IS,Iceland,EURO,8,208743,0,186
20775,2023-07-09,IS,Iceland,EURO,8,208751,0,186
20776,2023-07-16,IS,Iceland,EURO,6,208757,0,186
20777,2023-07-23,IS,Iceland,EURO,35,208792,0,186
20778,2023-07-30,IS,Iceland,EURO,22,208814,0,186
20779,2023-08-06,IS,Iceland,EURO,31,208845,0,186
20780,2023-08-13,IS,Iceland,EURO,38,208883,0,186
20781,2023-08-20,IS,Iceland,EURO,32,208915,0,186
20782,2023-08-27,IS,Iceland,EURO,42,208957,0,186
20783,2023-09-03,IS,Iceland,EURO,41,208998,0,186
20784,2023-09-10,IS,Iceland,EURO,44,209042,0,186
20785,2023-09-17,IS,Iceland,EURO,43,209085,0,186
20786,2023-09-24,IS,Iceland,EURO,57,209142,0,186
20787,2023-10-01,IS,Iceland,EURO,54,209196,0,186
20788,2023-10-08,IS,Iceland,EURO,47,209243,0,186
20789,2023-10-15,IS,Iceland,EURO,43,209286,0,186
20790,2023-10-22,IS,Iceland,EURO,42,209328,0,186
20791,2023-10-29,IS,Iceland,EURO,0,209328,0,186
20792,2023-11-05,IS,Iceland,EURO,0,209328,0,186
20793,2023-11-12,IS,Iceland,EURO,0,209328,0,186
20794,2023-11-19,IS,Iceland,EURO,0,209328,0,186
20795,2023-11-26,IS,Iceland,EURO,0,209328,0,186
20796,2023-12-03,IS,Iceland,EURO,0,209328,0,186
20797,2023-12-10,IS,Iceland,EURO,111,209439,0,186
20798,2023-12-17,IS,Iceland,EURO,64,209503,0,186
20799,2023-12-24,IS,Iceland,EURO,0,209503,0,186
20800,2020-01-05,,,,0,0,0,0
20801,2020-01-12,,,,0,0,0,0
20802,2020-01-19,,,,0,0,0,0
20803,2020-01-26,,,,0,0,0,0
20804,2020-02-02,,,,0,0,0,0
20805,2020-02-09,,,,0,0,0,0
20806,2020-02-16,,,,0,0,0,0
20807,2020-02-23,,,,0,0,0,0
20808,2020-03-01,,,,0,0,0,0
20809,2020-03-08,,,,0,0,0,0
20810,2020-03-15,,,,0,0,0,0
20811,2020-03-22,,,,0,0,0,0
20812,2020-03-29,,,,0,0,0,0
20813,2020-04-05,,,,0,0,0,0
20814,2020-04-12,,,,0,0,0,0
20815,2020-04-19,,,,0,0,0,0
20816,2020-04-26,,,,0,0,0,0
20817,2020-05-03,,,,0,0,0,0
20818,2020-05-10,,,,0,0,0,0
20819,2020-05-17,,,,0,0,0,0
20820,2020-05-24,,,,0,0,0,0
20821,2020-05-31,,,,0,0,0,0
20822,2020-06-07,,,,0,0,0,0
20823,2020-06-14,,,,0,0,0,0
20824,2020-06-21,,,,0,0,0,0
20825,2020-06-28,,,,0,0,0,0
20826,2020-07-05,,,,0,0,0,0
20827,2020-07-12,,,,0,0,0,0
20828,2020-07-19,,,,0,0,0,0
20829,2020-07-26,,,,0,0,0,0
20830,2020-08-02,,,,0,0,0,0
20831,2020-08-09,,,,0,0,0,0
20832,2020-08-16,,,,0,0,0,0
20833,2020-08-23,,,,0,0,0,0
20834,2020-08-30,,,,0,0,0,0
20835,2020-09-06,,,,0,0,0,0
20836,2020-09-13,,,,0,0,0,0
20837,2020-09-20,,,,0,0,0,0
20838,2020-09-27,,,,0,0,0,0
20839,2020-10-04,,,,0,0,0,0
20840,2020-10-11,,,,0,0,0,0
20841,2020-10-18,,,,0,0,0,0
20842,2020-10-25,,,,0,0,0,0
20843,2020-11-01,,,,0,0,0,0
20844,2020-11-08,,,,0,0,0,0
20845,2020-11-15,,,,0,0,0,0
20846,2020-11-22,,,,0,0,0,0
20847,2020-11-29,,,,0,0,0,0
20848,2020-12-06,,,,0,0,0,0
20849,2020-12-13,,,,0,0,0,0
20850,2020-12-20,,,,0,0,0,0
20851,2020-12-27,,,,0,0,0,0
20852,2021-01-03,,,,0,0,0,0
20853,2021-01-10,,,,0,0,0,0
20854,2021-01-17,,,,0,0,0,0
20855,2021-01-24,,,,0,0,0,0
20856,2021-01-31,,,,0,0,0,0
20857,2021-02-07,,,,0,0,0,0
20858,2021-02-14,,,,0,0,0,0
20859,2021-02-21,,,,0,0,0,0
20860,2021-02-28,,,,0,0,0,0
20861,2021-03-07,,,,0,0,0,0
20862,2021-03-14,,,,0,0,0,0
20863,2021-03-21,,,,0,0,0,0
20864,2021-03-28,,,,0,0,0,0
20865,2021-04-04,,,,0,0,0,0
20866,2021-04-11,,,,0,0,0,0
20867,2021-04-18,,,,0,0,0,0
20868,2021-04-25,,,,0,0,0,0
20869,2021-05-02,,,,0,0,0,0
20870,2021-05-09,,,,0,0,0,0
20871,2021-05-16,,,,0,0,0,0
20872,2021-05-23,,,,2,2,0,0
20873,2021-05-30,,,,0,2,0,0
20874,2021-06-06,,,,0,2,0,0
20875,2021-06-13,,,,0,2,0,0
20876,2021-06-20,,,,0,2,0,0
20877,2021-06-27,,,,0,2,0,0
20878,2021-07-04,,,,0,2,0,0
20879,2021-07-11,,,,0,2,0,0
20880,2021-07-18,,,,0,2,0,0
20881,2021-07-25,,,,0,2,0,0
20882,2021-08-01,,,,0,2,0,0
20883,2021-08-08,,,,0,2,0,0
20884,2021-08-15,,,,0,2,0,0
20885,2021-08-22,,,,0,2,0,0
20886,2021-08-29,,,,0,2,0,0
20887,2021-09-05,,,,0,2,0,0
20888,2021-09-12,,,,0,2,0,0
20889,2021-09-19,,,,0,2,0,0
20890,2021-09-26,,,,0,2,0,0
20891,2021-10-03,,,,0,2,0,0
20892,2021-10-10,,,,0,2,0,0
20893,2021-10-17,,,,0,2,0,0
20894,2021-10-24,,,,0,2,0,0
20895,2021-10-31,,,,0,2,0,0
20896,2021-11-07,,,,0,2,0,0
20897,2021-11-14,,,,0,2,0,0
20898,2021-11-21,,,,0,2,0,0
20899,2021-11-28,,,,0,2,0,0
20900,2021-12-05,,,,0,2,0,0
20901,2021-12-12,,,,0,2,0,0
20902,2021-12-19,,,,0,2,0,0
20903,2021-12-26,,,,0,2,0,0
20904,2022-01-02,,,,0,2,0,0
20905,2022-01-09,,,,0,2,0,0
20906,2022-01-16,,,,0,2,0,0
20907,2022-01-23,,,,0,2,0,0
20908,2022-01-30,,,,0,2,0,0
20909,2022-02-06,,,,0,2,0,0
20910,2022-02-13,,,,0,2,0,0
20911,2022-02-20,,,,0,2,0,0
20912,2022-02-27,,,,0,2,0,0
20913,2022-03-06,,,,0,2,0,0
20914,2022-03-13,,,,0,2,0,0
20915,2022-03-20,,,,0,2,0,0
20916,2022-03-27,,,,0,2,0,0
20917,2022-04-03,,,,0,2,0,0
20918,2022-04-10,,,,0,2,0,0
20919,2022-04-17,,,,0,2,0,0
20920,2022-04-24,,,,0,2,0,0
20921,2022-05-01,,,,0,2,0,0
20922,2022-05-08,,,,0,2,0,0
20923,2022-05-15,,,,0,2,0,0
20924,2022-05-22,,,,0,2,0,0
20925,2022-05-29,,,,0,2,0,0
20926,2022-06-05,,,,0,2,0,0
20927,2022-06-12,,,,0,2,0,0
20928,2022-06-19,,,,0,2,0,0
20929,2022-06-26,,,,0,2,0,0
20930,2022-07-03,,,,0,2,0,0
20931,2022-07-10,,,,0,2,0,0
20932,2022-07-17,,,,0,2,0,0
20933,2022-07-24,,,,0,2,0,0
20934,2022-07-31,,,,0,2,0,0
20935,2022-08-07,,,,0,2,0,0
20936,2022-08-14,,,,0,2,0,0
20937,2022-08-21,,,,0,2,0,0
20938,2022-08-28,,,,0,2,0,0
20939,2022-09-04,,,,0,2,0,0
20940,2022-09-11,,,,0,2,0,0
20941,2022-09-18,,,,0,2,0,0
20942,2022-09-25,,,,0,2,0,0
20943,2022-10-02,,,,0,2,0,0
20944,2022-10-09,,,,0,2,0,0
20945,2022-10-16,,,,0,2,0,0
20946,2022-10-23,,,,0,2,0,0
20947,2022-10-30,,,,0,2,0,0
20948,2022-11-06,,,,0,2,0,0
20949,2022-11-13,,,,0,2,0,0
20950,2022-11-20,,,,0,2,0,0
20951,2022-11-27,,,,0,2,0,0
20952,2022-12-04,,,,0,2,0,0
20953,2022-12-11,,,,0,2,0,0
20954,2022-12-18,,,,0,2,0,0
20955,2022-12-25,,,,0,2,0,0
20956,2023-01-01,,,,0,2,0,0
20957,2023-01-08,,,,0,2,0,0
20958,2023-01-15,,,,0,2,0,0
20959,2023-01-22,,,,0,2,0,0
20960,2023-01-29,,,,0,2,0,0
20961,2023-02-05,,,,0,2,0,0
20962,2023-02-12,,,,0,2,0,0
20963,2023-02-19,,,,0,2,0,0
20964,2023-02-26,,,,0,2,0,0
20965,2023-03-05,,,,0,2,0,0
20966,2023-03-12,,,,0,2,0,0
20967,2023-03-19,,,,0,2,0,0
20968,2023-03-26,,,,0,2,0,0
20969,2023-04-02,,,,0,2,0,0
20970,2023-04-09,,,,0,2,0,0
20971,2023-04-16,,,,0,2,0,0
20972,2023-04-23,,,,0,2,0,0
20973,2023-04-30,,,,0,2,0,0
20974,2023-05-07,,,,0,2,0,0
20975,2023-05-14,,,,0,2,0,0
20976,2023-05-21,,,,0,2,0,0
20977,2023-05-28,,,,0,2,0,0
20978,2023-06-04,,,,0,2,0,0
20979,2023-06-11,,,,0,2,0,0
20980,2023-06-18,,,,0,2,0,0
20981,2023-06-25,,,,0,2,0,0
20982,2023-07-02,,,,0,2,0,0
20983,2023-07-09,,,,0,2,0,0
20984,2023-07-16,,,,0,2,0,0
20985,2023-07-23,,,,0,2,0,0
20986,2023-07-30,,,,0,2,0,0
20987,2023-08-06,,,,0,2,0,0
20988,2023-08-13,,,,0,2,0,0
20989,2023-08-20,,,,0,2,0,0
20990,2023-08-27,,,,0,2,0,0
20991,2023-09-03,,,,0,2,0,0
20992,2023-09-10,,,,0,2,0,0
20993,2023-09-17,,,,0,2,0,0
20994,2023-09-24,,,,0,2,0,0
20995,2023-10-01,,,,0,2,0,0
20996,2023-10-08,,,,0,2,0,0
20997,2023-10-15,,,,0,2,0,0
20998,2023-10-22,,,,0,2,0,0
20999,2023-10-29,,,,0,2,0,0
21000,2023-11-05,,,,0,2,0,0
21001,2023-11-12,,,,0,2,0,0
21002,2023-11-19,,,,0,2,0,0
21003,2023-11-26,,,,0,2,0,0
21004,2023-12-03,,,,0,2,0,0
21005,2023-12-10,,,,0,2,0,0
21006,2023-12-17,,,,0,2,0,0
21007,2023-12-24,,,,0,2,0,0
21008,2020-01-05,,,,0,0,0,0
21009,2020-01-12,,,,0,0,0,0
21010,2020-01-19,,,,0,0,0,0
21011,2020-01-26,,,,0,0,0,0
21012,2020-02-02,,,,0,0,0,0
21013,2020-02-09,,,,0,0,0,0
21014,2020-02-16,,,,0,0,0,0
21015,2020-02-23,,,,0,0,0,0
21016,2020-03-01,,,,0,0,0,0
21017,2020-03-08,,,,0,0,0,0
21018,2020-03-15,,,,0,0,0,0
21019,2020-03-22,,,,0,0,0,0
21020,2020-03-29,,,,0,0,0,0
21021,2020-04-05,,,,0,0,0,0
21022,2020-04-12,,,,0,0,0,0
21023,2020-04-19,,,,0,0,0,0
21024,2020-04-26,,,,0,0,0,0
21025,2020-05-03,,,,0,0,0,0
21026,2020-05-10,,,,0,0,0,0
21027,2020-05-17,,,,0,0,0,0
21028,2020-05-24,,,,0,0,0,0
21029,2020-05-31,,,,0,0,0,0
21030,2020-06-07,,,,0,0,0,0
21031,2020-06-14,,,,0,0,0,0
21032,2020-06-21,,,,0,0,0,0
21033,2020-06-28,,,,0,0,0,0
21034,2020-07-05,,,,0,0,0,0
21035,2020-07-12,,,,0,0,0,0
21036,2020-07-19,,,,0,0,0,0
21037,2020-07-26,,,,0,0,0,0
21038,2020-08-02,,,,0,0,0,0
21039,2020-08-09,,,,0,0,0,0
21040,2020-08-16,,,,0,0,0,0
21041,2020-08-23,,,,0,0,0,0
21042,2020-08-30,,,,0,0,0,0
21043,2020-09-06,,,,0,0,0,0
21044,2020-09-13,,,,0,0,0,0
21045,2020-09-20,,,,0,0,0,0
21046,2020-09-27,,,,0,0,0,0
21047,2020-10-04,,,,0,0,0,0
21048,2020-10-11,,,,0,0,0,0
21049,2020-10-18,,,,0,0,0,0
21050,2020-10-25,,,,0,0,0,0
21051,2020-11-01,,,,0,0,0,0
21052,2020-11-08,,,,0,0,0,0
21053,2020-11-15,,,,0,0,0,0
21054,2020-11-22,,,,0,0,0,0
21055,2020-11-29,,,,0,0,0,0
21056,2020-12-06,,,,0,0,0,0
21057,2020-12-13,,,,0,0,0,0
21058,2020-12-20,,,,0,0,0,0
21059,2020-12-27,,,,0,0,0,0
21060,2021-01-03,,,,0,0,0,0
21061,2021-01-10,,,,0,0,0,0
21062,2021-01-17,,,,0,0,0,0
21063,2021-01-24,,,,0,0,0,0
21064,2021-01-31,,,,0,0,0,0
21065,2021-02-07,,,,0,0,0,0
21066,2021-02-14,,,,0,0,0,0
21067,2021-02-21,,,,0,0,0,0
21068,2021-02-28,,,,0,0,0,0
21069,2021-03-07,,,,0,0,0,0
21070,2021-03-14,,,,0,0,0,0
21071,2021-03-21,,,,0,0,0,0
21072,2021-03-28,,,,0,0,0,0
21073,2021-04-04,,,,0,0,0,0
21074,2021-04-11,,,,0,0,0,0
21075,2021-04-18,,,,0,0,0,0
21076,2021-04-25,,,,0,0,0,0
21077,2021-05-02,,,,12,12,0,0
21078,2021-05-09,,,,0,12,0,0
21079,2021-05-16,,,,0,12,0,0
21080,2021-05-23,,,,0,12,0,0
21081,2021-05-30,,,,0,12,0,0
21082,2021-06-06,,,,0,12,0,0
21083,2021-06-13,,,,0,12,0,0
21084,2021-06-20,,,,0,12,0,0
21085,2021-06-27,,,,0,12,0,0
21086,2021-07-04,,,,0,12,0,0
21087,2021-07-11,,,,0,12,0,0
21088,2021-07-18,,,,0,12,0,0
21089,2021-07-25,,,,0,12,0,0
21090,2021-08-01,,,,0,12,0,0
21091,2021-08-08,,,,0,12,0,0
21092,2021-08-15,,,,0,12,0,0
21093,2021-08-22,,,,0,12,0,0
21094,2021-08-29,,,,0,12,0,0
21095,2021-09-05,,,,0,12,0,0
21096,2021-09-12,,,,0,12,0,0
21097,2021-09-19,,,,0,12,0,0
21098,2021-09-26,,,,0,12,0,0
21099,2021-10-03,,,,0,12,0,0
21100,2021-10-10,,,,0,12,0,0
21101,2021-10-17,,,,0,12,0,0
21102,2021-10-24,,,,0,12,0,0
21103,2021-10-31,,,,0,12,0,0
21104,2021-11-07,,,,0,12,0,0
21105,2021-11-14,,,,0,12,0,0
21106,2021-11-21,,,,0,12,0,0
21107,2021-11-28,,,,0,12,0,0
21108,2021-12-05,,,,0,12,0,0
21109,2021-12-12,,,,0,12,0,0
21110,2021-12-19,,,,0,12,0,0
21111,2021-12-26,,,,0,12,0,0
21112,2022-01-02,,,,0,12,0,0
21113,2022-01-09,,,,0,12,0,0
21114,2022-01-16,,,,0,12,0,0
21115,2022-01-23,,,,0,12,0,0
21116,2022-01-30,,,,0,12,0,0
21117,2022-02-06,,,,0,12,0,0
21118,2022-02-13,,,,0,12,0,0
21119,2022-02-20,,,,0,12,0,0
21120,2022-02-27,,,,0,12,0,0
21121,2022-03-06,,,,0,12,0,0
21122,2022-03-13,,,,0,12,0,0
21123,2022-03-20,,,,0,12,0,0
21124,2022-03-27,,,,0,12,0,0
21125,2022-04-03,,,,0,12,0,0
21126,2022-04-10,,,,0,12,0,0
21127,2022-04-17,,,,0,12,0,0
21128,2022-04-24,,,,0,12,0,0
21129,2022-05-01,,,,0,12,0,0
21130,2022-05-08,,,,0,12,0,0
21131,2022-05-15,,,,0,12,0,0
21132,2022-05-22,,,,0,12,0,0
21133,2022-05-29,,,,0,12,0,0
21134,2022-06-05,,,,0,12,0,0
21135,2022-06-12,,,,0,12,0,0
21136,2022-06-19,,,,0,12,0,0
21137,2022-06-26,,,,0,12,0,0
21138,2022-07-03,,,,0,12,0,0
21139,2022-07-10,,,,0,12,0,0
21140,2022-07-17,,,,0,12,0,0
21141,2022-07-24,,,,0,12,0,0
21142,2022-07-31,,,,0,12,0,0
21143,2022-08-07,,,,0,12,0,0
21144,2022-08-14,,,,0,12,0,0
21145,2022-08-21,,,,0,12,0,0
21146,2022-08-28,,,,0,12,0,0
21147,2022-09-04,,,,0,12,0,0
21148,2022-09-11,,,,0,12,0,0
21149,2022-09-18,,,,0,12,0,0
21150,2022-09-25,,,,0,12,0,0
21151,2022-10-02,,,,0,12,0,0
21152,2022-10-09,,,,0,12,0,0
21153,2022-10-16,,,,0,12,0,0
21154,2022-10-23,,,,0,12,0,0
21155,2022-10-30,,,,0,12,0,0
21156,2022-11-06,,,,0,12,0,0
21157,2022-11-13,,,,0,12,0,0
21158,2022-11-20,,,,0,12,0,0
21159,2022-11-27,,,,0,12,0,0
21160,2022-12-04,,,,0,12,0,0
21161,2022-12-11,,,,0,12,0,0
21162,2022-12-18,,,,0,12,0,0
21163,2022-12-25,,,,0,12,0,0
21164,2023-01-01,,,,0,12,0,0
21165,2023-01-08,,,,0,12,0,0
21166,2023-01-15,,,,0,12,0,0
21167,2023-01-22,,,,0,12,0,0
21168,2023-01-29,,,,0,12,0,0
21169,2023-02-05,,,,0,12,0,0
21170,2023-02-12,,,,0,12,0,0
21171,2023-02-19,,,,0,12,0,0
21172,2023-02-26,,,,0,12,0,0
21173,2023-03-05,,,,0,12,0,0
21174,2023-03-12,,,,0,12,0,0
21175,2023-03-19,,,,0,12,0,0
21176,2023-03-26,,,,0,12,0,0
21177,2023-04-02,,,,0,12,0,0
21178,2023-04-09,,,,0,12,0,0
21179,2023-04-16,,,,0,12,0,0
21180,2023-04-23,,,,0,12,0,0
21181,2023-04-30,,,,0,12,0,0
21182,2023-05-07,,,,0,12,0,0
21183,2023-05-14,,,,0,12,0,0
21184,2023-05-21,,,,0,12,0,0
21185,2023-05-28,,,,0,12,0,0
21186,2023-06-04,,,,0,12,0,0
21187,2023-06-11,,,,0,12,0,0
21188,2023-06-18,,,,0,12,0,0
21189,2023-06-25,,,,0,12,0,0
21190,2023-07-02,,,,0,12,0,0
21191,2023-07-09,,,,0,12,0,0
21192,2023-07-16,,,,0,12,0,0
21193,2023-07-23,,,,0,12,0,0
21194,2023-07-30,,,,0,12,0,0
21195,2023-08-06,,,,0,12,0,0
21196,2023-08-13,,,,0,12,0,0
21197,2023-08-20,,,,0,12,0,0
21198,2023-08-27,,,,0,12,0,0
21199,2023-09-03,,,,0,12,0,0
21200,2023-09-10,,,,0,12,0,0
21201,2023-09-17,,,,0,12,0,0
21202,2023-09-24,,,,0,12,0,0
21203,2023-10-01,,,,0,12,0,0
21204,2023-10-08,,,,0,12,0,0
21205,2023-10-15,,,,0,12,0,0
21206,2023-10-22,,,,0,12,0,0
21207,2023-10-29,,,,0,12,0,0
21208,2023-11-05,,,,0,12,0,0
21209,2023-11-12,,,,0,12,0,0
21210,2023-11-19,,,,0,12,0,0
21211,2023-11-26,,,,0,12,0,0
21212,2023-12-03,,,,0,12,0,0
21213,2023-12-10,,,,0,12,0,0
21214,2023-12-17,,,,0,12,0,0
21215,2023-12-24,,,,0,12,0,0
21216,2020-01-05,IN,India,SEARO,0,0,0,0
21217,2020-01-12,IN,India,SEARO,0,0,0,0
21218,2020-01-19,IN,India,SEARO,0,0,0,0
21219,2020-01-26,IN,India,SEARO,0,0,0,0
21220,2020-02-02,IN,India,SEARO,2,2,0,0
21221,2020-02-09,IN,India,SEARO,5,7,0,0
21222,2020-02-16,IN,India,SEARO,0,7,0,0
21223,2020-02-23,IN,India,SEARO,0,7,0,0
21224,2020-03-01,IN,India,SEARO,0,7,0,0
21225,2020-03-08,IN,India,SEARO,32,39,0,0
21226,2020-03-15,IN,India,SEARO,68,107,2,2
21227,2020-03-22,IN,India,SEARO,253,360,5,7
21228,2020-03-29,IN,India,SEARO,619,979,18,25
21229,2020-04-05,IN,India,SEARO,2395,3374,52,77
21230,2020-04-12,IN,India,SEARO,4982,8356,196,273
21231,2020-04-19,IN,India,SEARO,7356,15712,234,507
21232,2020-04-26,IN,India,SEARO,10784,26496,317,824
21233,2020-05-03,IN,India,SEARO,13484,39980,477,1301
21234,2020-05-10,IN,India,SEARO,22959,62939,808,2109
21235,2020-05-17,IN,India,SEARO,27988,90927,763,2872
21236,2020-05-24,IN,India,SEARO,40941,131868,995,3867
21237,2020-05-31,IN,India,SEARO,50275,182143,1297,5164
21238,2020-06-07,IN,India,SEARO,64485,246628,1765,6929
21239,2020-06-14,IN,India,SEARO,74294,320922,2266,9195
21240,2020-06-21,IN,India,SEARO,89539,410461,4059,13254
21241,2020-06-28,IN,India,SEARO,118398,528859,2841,16095
21242,2020-07-05,IN,India,SEARO,144306,673165,3173,19268
21243,2020-07-12,IN,India,SEARO,176388,849553,3406,22674
21244,2020-07-19,IN,India,SEARO,228065,1077618,4142,26816
21245,2020-07-26,IN,India,SEARO,307904,1385522,5247,32063
21246,2020-08-02,IN,India,SEARO,365201,1750723,5301,37364
21247,2020-08-09,IN,India,SEARO,402287,2153010,6015,43379
21248,2020-08-16,IN,India,SEARO,436672,2589682,6601,49980
21249,2020-08-23,IN,India,SEARO,455258,3044940,6726,56706
21250,2020-08-30,IN,India,SEARO,497793,3542733,6792,63498
21251,2020-09-06,IN,India,SEARO,571078,4113811,7128,70626
21252,2020-09-13,IN,India,SEARO,640545,4754356,7960,78586
21253,2020-09-20,IN,India,SEARO,646263,5400619,8166,86752
21254,2020-09-27,IN,India,SEARO,591913,5992532,7751,94503
21255,2020-10-04,IN,India,SEARO,556841,6549373,7279,101782
21256,2020-10-11,IN,India,SEARO,504433,7053806,6552,108334
21257,2020-10-18,IN,India,SEARO,440745,7494551,5697,114031
21258,2020-10-25,IN,India,SEARO,370260,7864811,4503,118534
21259,2020-11-01,IN,India,SEARO,319271,8184082,3577,122111
21260,2020-11-08,IN,India,SEARO,323672,8507754,4010,126121
21261,2020-11-15,IN,India,SEARO,306825,8814579,3514,129635
21262,2020-11-22,IN,India,SEARO,281227,9095806,3592,133227
21263,2020-11-29,IN,India,SEARO,297113,9392919,3469,136696
21264,2020-12-06,IN,India,SEARO,251303,9644222,3486,140182
21265,2020-12-13,IN,India,SEARO,212807,9857029,2837,143019
21266,2020-12-20,IN,India,SEARO,174194,10031223,2458,145477
21267,2020-12-27,IN,India,SEARO,156627,10187850,2145,147622
21268,2021-01-03,IN,India,SEARO,136115,10323965,1813,149435
21269,2021-01-10,IN,India,SEARO,126319,10450284,1564,150999
21270,2021-01-17,IN,India,SEARO,107701,10557985,1275,152274
21271,2021-01-24,IN,India,SEARO,96548,10654533,1065,153339
21272,2021-01-31,IN,India,SEARO,91650,10746183,935,154274
21273,2021-02-07,IN,India,SEARO,80180,10826363,722,154996
21274,2021-02-14,IN,India,SEARO,78577,10904940,646,155642
21275,2021-02-21,IN,India,SEARO,86711,10991651,660,156302
21276,2021-02-28,IN,India,SEARO,105080,11096731,749,157051
21277,2021-03-07,IN,India,SEARO,114068,11210799,705,157756
21278,2021-03-14,IN,India,SEARO,148249,11359048,851,158607
21279,2021-03-21,IN,India,SEARO,240082,11599130,1148,159755
21280,2021-03-28,IN,India,SEARO,372494,11971624,1797,161552
21281,2021-04-04,IN,India,SEARO,513885,12485509,3071,164623
21282,2021-04-11,IN,India,SEARO,873296,13358805,4652,169275
21283,2021-04-18,IN,India,SEARO,1429304,14788109,7875,177150
21284,2021-04-25,IN,India,SEARO,2172063,16960172,15161,192311
21285,2021-05-02,IN,India,SEARO,2597285,19557457,23231,215542
21286,2021-05-09,IN,India,SEARO,2738957,22296414,26820,242362
21287,2021-05-16,IN,India,SEARO,2387663,24684077,27922,270284
21288,2021-05-23,IN,India,SEARO,1846055,26530132,28982,299266
21289,2021-05-30,IN,India,SEARO,1364668,27894800,26706,325972
21290,2021-06-06,IN,India,SEARO,914539,28809339,20787,346759
21291,2021-06-13,IN,India,SEARO,630650,29439989,23625,370384
21292,2021-06-20,IN,India,SEARO,441976,29881965,16329,386713
21293,2021-06-27,IN,India,SEARO,351218,30233183,9038,395751
21294,2021-07-04,IN,India,SEARO,312250,30545433,6254,402005
21295,2021-07-11,IN,India,SEARO,291789,30837222,6035,408040
21296,2021-07-18,IN,India,SEARO,268843,31106065,5569,413609
21297,2021-07-25,IN,India,SEARO,265836,31371901,6942,420551
21298,2021-08-01,IN,India,SEARO,283923,31655824,3800,424351
21299,2021-08-08,IN,India,SEARO,278631,31934455,3511,427862
21300,2021-08-15,IN,India,SEARO,258121,32192576,3363,431225
21301,2021-08-22,IN,India,SEARO,231658,32424234,3142,434367
21302,2021-08-29,IN,India,SEARO,270796,32695030,3463,437830
21303,2021-09-05,IN,India,SEARO,293643,32988673,2703,440533
21304,2021-09-12,IN,India,SEARO,248248,33236921,2122,442655
21305,2021-09-19,IN,India,SEARO,211242,33448163,2183,444838
21306,2021-09-26,IN,India,SEARO,204582,33652745,2080,446918
21307,2021-10-03,IN,India,SEARO,161158,33813903,1899,448817
21308,2021-10-10,IN,India,SEARO,139572,33953475,1772,450589
21309,2021-10-17,IN,India,SEARO,114244,34067719,1535,452124
21310,2021-10-24,IN,India,SEARO,107749,34175468,2145,454269
21311,2021-10-31,IN,India,SEARO,97832,34273300,3917,458186
21312,2021-11-07,IN,India,SEARO,82236,34355536,2605,460791
21313,2021-11-14,IN,India,SEARO,81771,34437307,2739,463530
21314,2021-11-21,IN,India,SEARO,73106,34510413,2132,465662
21315,2021-11-28,IN,India,SEARO,62110,34572523,2892,468554
21316,2021-12-05,IN,India,SEARO,60732,34633255,4772,473326
21317,2021-12-12,IN,India,SEARO,57255,34690510,2108,475434
21318,2021-12-19,IN,India,SEARO,49765,34740275,1988,477422
21319,2021-12-26,IN,India,SEARO,46527,34786802,2260,479682
21320,2022-01-02,IN,India,SEARO,102330,34889132,2088,481770
21321,2022-01-09,IN,India,SEARO,638872,35528004,2020,483790
21322,2022-01-16,IN,India,SEARO,1594160,37122164,2276,486066
21323,2022-01-23,IN,India,SEARO,2115100,39237264,3343,489409
21324,2022-01-30,IN,India,SEARO,1855258,41092522,4682,494091
21325,2022-02-06,IN,India,SEARO,1095616,42188138,7888,501979
21326,2022-02-13,IN,India,SEARO,443283,42631421,6686,508665
21327,2022-02-20,IN,India,SEARO,191052,42822473,3238,511903
21328,2022-02-27,IN,India,SEARO,93644,42916117,1821,513724
21329,2022-03-06,IN,India,SEARO,46836,42962953,1312,515036
21330,2022-03-13,IN,India,SEARO,28038,42990991,814,515850
21331,2022-03-20,IN,India,SEARO,16850,43007841,629,516479
21332,2022-03-27,IN,India,SEARO,11612,43019453,4525,521004
21333,2022-04-03,IN,India,SEARO,8678,43028131,341,521345
21334,2022-04-10,IN,India,SEARO,7140,43035271,340,521685
21335,2022-04-17,IN,India,SEARO,6826,43042097,66,521751
21336,2022-04-24,IN,India,SEARO,15448,43057545,442,522193
21337,2022-05-01,IN,India,SEARO,21643,43079188,1650,523843
21338,2022-05-08,IN,India,SEARO,23006,43102194,221,524064
21339,2022-05-15,IN,India,SEARO,19405,43121599,150,524214
21340,2022-05-22,IN,India,SEARO,14772,43136371,199,524413
21341,2022-05-29,IN,India,SEARO,16672,43153043,173,524586
21342,2022-06-05,IN,India,SEARO,23774,43176817,106,524692
21343,2022-06-12,IN,India,SEARO,45200,43222017,69,524761
21344,2022-06-19,IN,India,SEARO,74675,43296692,94,524855
21345,2022-06-26,IN,India,SEARO,93281,43389973,144,524999
21346,2022-07-03,IN,India,SEARO,112456,43502429,200,525199
21347,2022-07-10,IN,India,SEARO,120222,43622651,229,525428
21348,2022-07-17,IN,India,SEARO,127948,43750599,281,525709
21349,2022-07-24,IN,India,SEARO,138156,43888755,324,526033
21350,2022-07-31,IN,India,SEARO,131056,44019811,324,526357
21351,2022-08-07,IN,India,SEARO,125921,44145732,332,526689
21352,2022-08-14,IN,India,SEARO,107732,44253464,348,527037
21353,2022-08-21,IN,India,SEARO,85965,44339429,295,527332
21354,2022-08-28,IN,India,SEARO,68703,44408132,422,527754
21355,2022-09-04,IN,India,SEARO,48403,44456535,237,527991
21356,2022-09-11,IN,India,SEARO,38824,44495359,159,528150
21357,2022-09-18,IN,India,SEARO,38829,44534188,187,528337
21358,2022-09-25,IN,India,SEARO,33926,44568114,173,528510
21359,2022-10-02,IN,India,SEARO,26373,44594487,163,528673
21360,2022-10-09,IN,India,SEARO,17526,44612013,126,528799
21361,2022-10-16,IN,India,SEARO,16815,44628828,96,528895
21362,2022-10-23,IN,India,SEARO,13914,44642742,66,528961
21363,2022-10-30,IN,India,SEARO,9524,44652266,55,529016
21364,2022-11-06,IN,India,SEARO,8313,44660579,1484,530500
21365,2022-11-13,IN,India,SEARO,5798,44666377,31,530531
21366,2022-11-20,IN,India,SEARO,2638,44669015,43,530574
21367,2022-11-27,IN,India,SEARO,2547,44671562,38,530612
21368,2022-12-04,IN,India,SEARO,1830,44673392,16,530628
21369,2022-12-11,IN,India,SEARO,1430,44674822,30,530658
21370,2022-12-18,IN,India,SEARO,1130,44675952,14,530672
21371,2022-12-25,IN,India,SEARO,1154,44677106,21,530693
21372,2023-01-01,IN,India,SEARO,1543,44678649,12,530705
21373,2023-01-08,IN,India,SEARO,1275,44679924,15,530720
21374,2023-01-15,IN,India,SEARO,1116,44681040,6,530726
21375,2023-01-22,IN,India,SEARO,881,44681921,7,530733
21376,2023-01-29,IN,India,SEARO,718,44682639,7,530740
21377,2023-02-05,IN,India,SEARO,724,44683363,5,530745
21378,2023-02-12,IN,India,SEARO,755,44684118,5,530750
21379,2023-02-19,IN,India,SEARO,799,44684917,10,530760
21380,2023-02-26,IN,India,SEARO,1100,44686017,9,530769
21381,2023-03-05,IN,India,SEARO,1803,44687820,6,530775
21382,2023-03-12,IN,India,SEARO,2672,44690492,6,530781
21383,2023-03-19,IN,India,SEARO,4928,44695420,21,530802
21384,2023-03-26,IN,India,SEARO,8727,44704147,29,530831
21385,2023-04-02,IN,India,SEARO,18458,44722605,50,530881
21386,2023-04-09,IN,India,SEARO,34011,44756616,84,530965
21387,2023-04-16,IN,India,SEARO,61499,44818115,149,531114
21388,2023-04-23,IN,India,SEARO,73874,44891989,215,531329
21389,2023-04-30,IN,India,SEARO,53400,44945389,204,531533
21390,2023-05-07,IN,India,SEARO,24241,44969630,147,531680
21391,2023-05-14,IN,India,SEARO,11044,44980674,90,531770
21392,2023-05-21,IN,India,SEARO,5787,44986461,62,531832
21393,2023-05-28,IN,India,SEARO,3283,44989744,32,531864
21394,2023-06-04,IN,India,SEARO,1838,44991582,16,531880
21395,2023-06-11,IN,India,SEARO,1206,44992788,11,531891
21396,2023-06-18,IN,India,SEARO,692,44993480,4,531895
21397,2023-06-25,IN,India,SEARO,472,44993952,8,531903
21398,2023-07-02,IN,India,SEARO,329,44994281,4,531907
21399,2023-07-09,IN,India,SEARO,294,44994575,6,531913
21400,2023-07-16,IN,India,SEARO,303,44994878,2,531915
21401,2023-07-23,IN,India,SEARO,386,44995264,0,531915
21402,2023-07-30,IN,India,SEARO,324,44995588,1,531916
21403,2023-08-06,IN,India,SEARO,392,44995980,2,531918
21404,2023-08-13,IN,India,SEARO,294,44996274,3,531921
21405,2023-08-20,IN,India,SEARO,325,44996599,4,531925
21406,2023-08-27,IN,India,SEARO,364,44996963,3,531928
21407,2023-09-03,IN,India,SEARO,363,44997326,95,532023
21408,2023-09-10,IN,India,SEARO,384,44997710,4,532027
21409,2023-09-17,IN,India,SEARO,452,44998162,3,532030
21410,2023-09-24,IN,India,SEARO,363,44998525,1,532031
21411,2023-10-01,IN,India,SEARO,313,44998838,1,532032
21412,2023-10-08,IN,India,SEARO,490,44999328,2,532034
21413,2023-10-15,IN,India,SEARO,260,44999588,3,532037
21414,2023-10-22,IN,India,SEARO,1464,45001052,1254,533291
21415,2023-10-29,IN,India,SEARO,193,45001245,2,533293
21416,2023-11-05,IN,India,SEARO,139,45001384,1,533294
21417,2023-11-12,IN,India,SEARO,72,45001456,1,533295
21418,2023-11-19,IN,India,SEARO,119,45001575,0,533295
21419,2023-11-26,IN,India,SEARO,189,45001764,3,533298
21420,2023-12-03,IN,India,SEARO,415,45002179,2,533300
21421,2023-12-10,IN,India,SEARO,876,45003055,6,533306
21422,2023-12-17,IN,India,SEARO,1761,45004816,10,533316
21423,2023-12-24,IN,India,SEARO,3804,45008620,17,533333
21424,2020-01-05,ID,Indonesia,SEARO,0,0,0,0
21425,2020-01-12,ID,Indonesia,SEARO,0,0,0,0
21426,2020-01-19,ID,Indonesia,SEARO,0,0,0,0
21427,2020-01-26,ID,Indonesia,SEARO,0,0,0,0
21428,2020-02-02,ID,Indonesia,SEARO,0,0,0,0
21429,2020-02-09,ID,Indonesia,SEARO,0,0,0,0
21430,2020-02-16,ID,Indonesia,SEARO,0,0,0,0
21431,2020-02-23,ID,Indonesia,SEARO,0,0,0,0
21432,2020-03-01,ID,Indonesia,SEARO,0,0,0,0
21433,2020-03-08,ID,Indonesia,SEARO,10,10,0,0
21434,2020-03-15,ID,Indonesia,SEARO,107,117,4,4
21435,2020-03-22,ID,Indonesia,SEARO,397,514,44,48
21436,2020-03-29,ID,Indonesia,SEARO,771,1285,66,114
21437,2020-04-05,ID,Indonesia,SEARO,988,2273,84,198
21438,2020-04-12,ID,Indonesia,SEARO,1968,4241,175,373
21439,2020-04-19,ID,Indonesia,SEARO,2334,6575,209,582
21440,2020-04-26,ID,Indonesia,SEARO,2307,8882,161,743
21441,2020-05-03,ID,Indonesia,SEARO,2310,11192,102,845
21442,2020-05-10,ID,Indonesia,SEARO,2840,14032,128,973
21443,2020-05-17,ID,Indonesia,SEARO,3482,17514,175,1148
21444,2020-05-24,ID,Indonesia,SEARO,4757,22271,224,1372
21445,2020-05-31,ID,Indonesia,SEARO,4202,26473,241,1613
21446,2020-06-07,ID,Indonesia,SEARO,4713,31186,238,1851
21447,2020-06-14,ID,Indonesia,SEARO,7091,38277,283,2134
21448,2020-06-21,ID,Indonesia,SEARO,7614,45891,331,2465
21449,2020-06-28,ID,Indonesia,SEARO,8119,54010,289,2754
21450,2020-07-05,ID,Indonesia,SEARO,9739,63749,417,3171
21451,2020-07-12,ID,Indonesia,SEARO,11950,75699,435,3606
21452,2020-07-19,ID,Indonesia,SEARO,10822,86521,537,4143
21453,2020-07-26,ID,Indonesia,SEARO,12257,98778,638,4781
21454,2020-08-02,ID,Indonesia,SEARO,12677,111455,455,5236
21455,2020-08-09,ID,Indonesia,SEARO,13941,125396,487,5723
21456,2020-08-16,ID,Indonesia,SEARO,14153,139549,427,6150
21457,2020-08-23,ID,Indonesia,SEARO,13986,153535,530,6680
21458,2020-08-30,ID,Indonesia,SEARO,18518,172053,663,7343
21459,2020-09-06,ID,Indonesia,SEARO,22056,194109,682,8025
21460,2020-09-13,ID,Indonesia,SEARO,24273,218382,698,8723
21461,2020-09-20,ID,Indonesia,SEARO,26294,244676,830,9553
21462,2020-09-27,ID,Indonesia,SEARO,30537,275213,833,10386
21463,2020-10-04,ID,Indonesia,SEARO,28285,303498,765,11151
21464,2020-10-11,ID,Indonesia,SEARO,29951,333449,693,11844
21465,2020-10-18,ID,Indonesia,SEARO,28418,361867,667,12511
21466,2020-10-25,ID,Indonesia,SEARO,27845,389712,788,13299
21467,2020-11-01,ID,Indonesia,SEARO,23072,412784,644,13943
21468,2020-11-08,ID,Indonesia,SEARO,24932,437716,671,14614
21469,2020-11-15,ID,Indonesia,SEARO,29397,467113,597,15211
21470,2020-11-22,ID,Indonesia,SEARO,30555,497668,673,15884
21471,2020-11-29,ID,Indonesia,SEARO,36598,534266,931,16815
21472,2020-12-06,ID,Indonesia,SEARO,41530,575796,925,17740
21473,2020-12-13,ID,Indonesia,SEARO,42024,617820,1079,18819
21474,2020-12-20,ID,Indonesia,SEARO,47110,664930,1061,19880
21475,2020-12-27,ID,Indonesia,SEARO,48435,713365,1357,21237
21476,2021-01-03,ID,Indonesia,SEARO,51985,765350,1497,22734
21477,2021-01-10,ID,Indonesia,SEARO,62676,828026,1395,24129
21478,2021-01-17,ID,Indonesia,SEARO,79903,907929,1858,25987
21479,2021-01-24,ID,Indonesia,SEARO,81333,989262,1848,27835
21480,2021-01-31,ID,Indonesia,SEARO,89052,1078314,2163,29998
21481,2021-02-07,ID,Indonesia,SEARO,79523,1157837,1558,31556
21482,2021-02-14,ID,Indonesia,SEARO,59631,1217468,1627,33183
21483,2021-02-21,ID,Indonesia,SEARO,61185,1278653,1306,34489
21484,2021-02-28,ID,Indonesia,SEARO,55981,1334634,1677,36166
21485,2021-03-07,ID,Indonesia,SEARO,45028,1379662,1100,37266
21486,2021-03-14,ID,Indonesia,SEARO,39793,1419455,1160,38426
21487,2021-03-21,ID,Indonesia,SEARO,40729,1460184,1124,39550
21488,2021-03-28,ID,Indonesia,SEARO,35901,1496085,899,40449
21489,2021-04-04,ID,Indonesia,SEARO,38170,1534255,1220,41669
21490,2021-04-11,ID,Indonesia,SEARO,32740,1566995,861,42530
21491,2021-04-18,ID,Indonesia,SEARO,37353,1604348,894,43424
21492,2021-04-25,ID,Indonesia,SEARO,36846,1641194,1170,44594
21493,2021-05-02,ID,Indonesia,SEARO,36080,1677274,1202,45796
21494,2021-05-09,ID,Indonesia,SEARO,36410,1713684,1216,47012
21495,2021-05-16,ID,Indonesia,SEARO,26066,1739750,1081,48093
21496,2021-05-23,ID,Indonesia,SEARO,35470,1775220,1235,49328
21497,2021-05-30,ID,Indonesia,SEARO,40821,1816041,1076,50404
21498,2021-06-06,ID,Indonesia,SEARO,39997,1856038,1208,51612
21499,2021-06-13,ID,Indonesia,SEARO,55320,1911358,1267,52879
21500,2021-06-20,ID,Indonesia,SEARO,78551,1989909,1783,54662
21501,2021-06-27,ID,Indonesia,SEARO,125395,2115304,2476,57138
21502,2021-07-04,ID,Indonesia,SEARO,168780,2284084,3444,60582
21503,2021-07-11,ID,Indonesia,SEARO,243119,2527203,5882,66464
21504,2021-07-18,ID,Indonesia,SEARO,350273,2877476,7118,73582
21505,2021-07-25,ID,Indonesia,SEARO,289029,3166505,9697,83279
21506,2021-08-01,ID,Indonesia,SEARO,273891,3440396,12444,95723
21507,2021-08-08,ID,Indonesia,SEARO,225635,3666031,11373,107096
21508,2021-08-15,ID,Indonesia,SEARO,188323,3854354,10492,117588
21509,2021-08-22,ID,Indonesia,SEARO,125102,3979456,8784,126372
21510,2021-08-29,ID,Indonesia,SEARO,94375,4073831,5551,131923
21511,2021-09-05,ID,Indonesia,SEARO,55189,4129020,3938,135861
21512,2021-09-12,ID,Indonesia,SEARO,38491,4167511,3028,138889
21513,2021-09-19,ID,Indonesia,SEARO,23252,4190763,1579,140468
21514,2021-09-26,ID,Indonesia,SEARO,17250,4208013,999,141467
21515,2021-10-03,ID,Indonesia,SEARO,11271,4219284,706,142173
21516,2021-10-10,ID,Indonesia,SEARO,8648,4227932,478,142651
21517,2021-10-17,ID,Indonesia,SEARO,6826,4234758,301,142952
21518,2021-10-24,ID,Indonesia,SEARO,5261,4240019,253,143205
21519,2021-10-31,ID,Indonesia,SEARO,4339,4244358,200,143405
21520,2021-11-07,ID,Indonesia,SEARO,3807,4248165,140,143545
21521,2021-11-14,ID,Indonesia,SEARO,2690,4250855,114,143659
21522,2021-11-21,ID,Indonesia,SEARO,2557,4253412,80,143739
21523,2021-11-28,ID,Indonesia,SEARO,2524,4255936,69,143808
21524,2021-12-05,ID,Indonesia,SEARO,1749,4257685,59,143867
21525,2021-12-12,ID,Indonesia,SEARO,1458,4259143,69,143936
21526,2021-12-19,ID,Indonesia,SEARO,1401,4260544,66,144002
21527,2021-12-26,ID,Indonesia,SEARO,1215,4261759,53,144055
21528,2022-01-02,ID,Indonesia,SEARO,1409,4263168,42,144097
21529,2022-01-09,ID,Indonesia,SEARO,3027,4266195,32,144129
21530,2022-01-16,ID,Indonesia,SEARO,5454,4271649,41,144170
21531,2022-01-23,ID,Indonesia,SEARO,14729,4286378,50,144220
21532,2022-01-30,ID,Indonesia,SEARO,56807,4343185,83,144303
21533,2022-02-06,ID,Indonesia,SEARO,173295,4516480,251,144554
21534,2022-02-13,ID,Indonesia,SEARO,291298,4807778,622,145176
21535,2022-02-20,ID,Indonesia,SEARO,389727,5197505,1189,146365
21536,2022-02-27,ID,Indonesia,SEARO,341889,5539394,1708,148073
21537,2022-03-06,ID,Indonesia,SEARO,209331,5748725,2099,150172
21538,2022-03-13,ID,Indonesia,SEARO,141770,5890495,1994,152166
21539,2022-03-20,ID,Indonesia,SEARO,71988,5962483,1572,153738
21540,2022-03-27,ID,Indonesia,SEARO,36470,5998953,932,154670
21541,2022-04-03,ID,Indonesia,SEARO,21028,6019981,618,155288
21542,2022-04-10,ID,Indonesia,SEARO,12726,6032707,338,155626
21543,2022-04-17,ID,Indonesia,SEARO,7166,6039873,240,155866
21544,2022-04-24,ID,Indonesia,SEARO,4277,6044150,234,156100
21545,2022-05-01,ID,Indonesia,SEARO,2890,6047040,173,156273
21546,2022-05-08,ID,Indonesia,SEARO,1391,6048431,108,156381
21547,2022-05-15,ID,Indonesia,SEARO,2345,6050776,77,156458
21548,2022-05-22,ID,Indonesia,SEARO,1814,6052590,64,156522
21549,2022-05-29,ID,Indonesia,SEARO,1825,6054415,52,156574
21550,2022-06-05,ID,Indonesia,SEARO,2385,6056800,41,156615
21551,2022-06-12,ID,Indonesia,SEARO,3688,6060488,28,156643
21552,2022-06-19,ID,Indonesia,SEARO,7587,6068075,44,156687
21553,2022-06-26,ID,Indonesia,SEARO,12376,6080451,30,156717
21554,2022-07-03,ID,Indonesia,SEARO,13466,6093917,32,156749
21555,2022-07-10,ID,Indonesia,SEARO,17388,6111305,42,156791
21556,2022-07-17,ID,Indonesia,SEARO,23648,6134953,58,156849
21557,2022-07-24,ID,Indonesia,SEARO,33389,6168342,53,156902
21558,2022-07-31,ID,Indonesia,SEARO,38756,6207098,91,156993
21559,2022-08-07,ID,Indonesia,SEARO,37880,6244978,102,157095
21560,2022-08-14,ID,Indonesia,SEARO,37796,6282774,131,157226
21561,2022-08-21,ID,Indonesia,SEARO,32783,6315557,151,157377
21562,2022-08-28,ID,Indonesia,SEARO,30747,6346304,123,157500
21563,2022-09-04,ID,Indonesia,SEARO,26238,6372542,147,157647
21564,2022-09-11,ID,Indonesia,SEARO,19950,6392492,123,157770
21565,2022-09-18,ID,Indonesia,SEARO,16314,6408806,122,157892
21566,2022-09-25,ID,Indonesia,SEARO,13723,6422529,122,158014
21567,2022-10-02,ID,Indonesia,SEARO,12056,6434585,118,158132
21568,2022-10-09,ID,Indonesia,SEARO,10363,6444948,73,158205
21569,2022-10-16,ID,Indonesia,SEARO,11920,6456868,108,158313
21570,2022-10-23,ID,Indonesia,SEARO,14093,6470961,116,158429
21571,2022-10-30,ID,Indonesia,SEARO,19661,6490622,168,158597
21572,2022-11-06,ID,Indonesia,SEARO,30670,6521292,232,158829
21573,2022-11-13,ID,Indonesia,SEARO,40212,6561504,275,159104
21574,2022-11-20,ID,Indonesia,SEARO,46863,6608367,275,159379
21575,2022-11-27,ID,Indonesia,SEARO,41877,6650244,297,159676
21576,2022-12-04,ID,Indonesia,SEARO,29959,6680203,302,159978
21577,2022-12-11,ID,Indonesia,SEARO,18587,6698790,246,160224
21578,2022-12-18,ID,Indonesia,SEARO,10807,6709597,174,160398
21579,2022-12-25,ID,Indonesia,SEARO,6527,6716124,139,160537
21580,2023-01-01,ID,Indonesia,SEARO,4057,6720181,82,160619
21581,2023-01-08,ID,Indonesia,SEARO,3365,6723546,64,160683
21582,2023-01-15,ID,Indonesia,SEARO,2540,6726086,44,160727
21583,2023-01-22,ID,Indonesia,SEARO,1979,6728065,54,160781
21584,2023-01-29,ID,Indonesia,SEARO,1508,6729573,22,160803
21585,2023-02-05,ID,Indonesia,SEARO,1562,6731135,29,160832
21586,2023-02-12,ID,Indonesia,SEARO,1664,6732799,32,160864
21587,2023-02-19,ID,Indonesia,SEARO,1416,6734215,22,160886
21588,2023-02-26,ID,Indonesia,SEARO,1413,6735628,22,160908
21589,2023-03-05,ID,Indonesia,SEARO,1531,6737159,22,160930
21590,2023-03-12,ID,Indonesia,SEARO,1908,6739067,18,160948
21591,2023-03-19,ID,Indonesia,SEARO,2287,6741354,23,160971
21592,2023-03-26,ID,Indonesia,SEARO,2679,6744033,23,160994
21593,2023-04-02,ID,Indonesia,SEARO,3330,6747363,33,161027
21594,2023-04-09,ID,Indonesia,SEARO,3805,6751168,25,161052
21595,2023-04-16,ID,Indonesia,SEARO,6277,6757445,71,161123
21596,2023-04-23,ID,Indonesia,SEARO,6495,6763940,54,161177
21597,2023-04-30,ID,Indonesia,SEARO,10781,6774721,107,161284
21598,2023-05-07,ID,Indonesia,SEARO,12633,6787354,175,161459
21599,2023-05-14,ID,Indonesia,SEARO,9982,6797336,150,161609
21600,2023-05-21,ID,Indonesia,SEARO,4754,6802090,65,161674
21601,2023-05-28,ID,Indonesia,SEARO,4198,6806288,65,161739
21602,2023-06-04,ID,Indonesia,SEARO,2249,6808537,50,161789
21603,2023-06-11,ID,Indonesia,SEARO,1582,6810119,32,161821
21604,2023-06-18,ID,Indonesia,SEARO,1009,6811128,23,161844
21605,2023-06-25,ID,Indonesia,SEARO,652,6811780,21,161865
21606,2023-07-02,ID,Indonesia,SEARO,307,6812087,13,161878
21607,2023-07-09,ID,Indonesia,SEARO,302,6812389,6,161884
21608,2023-07-16,ID,Indonesia,SEARO,281,6812670,11,161895
21609,2023-07-23,ID,Indonesia,SEARO,148,6812818,8,161903
21610,2023-07-30,ID,Indonesia,SEARO,148,6812966,11,161914
21611,2023-08-06,ID,Indonesia,SEARO,129,6813095,2,161916
21612,2023-08-13,ID,Indonesia,SEARO,72,6813167,0,161916
21613,2023-08-20,ID,Indonesia,SEARO,66,6813233,0,161916
21614,2023-08-27,ID,Indonesia,SEARO,68,6813301,2,161918
21615,2023-09-03,ID,Indonesia,SEARO,66,6813367,0,161918
21616,2023-09-10,ID,Indonesia,SEARO,11,6813378,0,161918
21617,2023-09-17,ID,Indonesia,SEARO,51,6813429,0,161918
21618,2023-09-24,ID,Indonesia,SEARO,0,6813429,0,161918
21619,2023-10-01,ID,Indonesia,SEARO,0,6813429,0,161918
21620,2023-10-08,ID,Indonesia,SEARO,0,6813429,0,161918
21621,2023-10-15,ID,Indonesia,SEARO,0,6813429,0,161918
21622,2023-10-22,ID,Indonesia,SEARO,0,6813429,0,161918
21623,2023-10-29,ID,Indonesia,SEARO,0,6813429,0,161918
21624,2023-11-05,ID,Indonesia,SEARO,0,6813429,0,161918
21625,2023-11-12,ID,Indonesia,SEARO,0,6813429,0,161918
21626,2023-11-19,ID,Indonesia,SEARO,0,6813429,0,161918
21627,2023-11-26,ID,Indonesia,SEARO,0,6813429,0,161918
21628,2023-12-03,ID,Indonesia,SEARO,0,6813429,0,161918
21629,2023-12-10,ID,Indonesia,SEARO,1727,6815156,5,161923
21630,2023-12-17,ID,Indonesia,SEARO,1998,6817154,7,161930
21631,2023-12-24,ID,Indonesia,SEARO,2676,6819830,24,161954
21632,2020-01-05,IR,Iran (Islamic Republic of),EMRO,0,0,0,0
21633,2020-01-12,IR,Iran (Islamic Republic of),EMRO,0,0,0,0
21634,2020-01-19,IR,Iran (Islamic Republic of),EMRO,0,0,0,0
21635,2020-01-26,IR,Iran (Islamic Republic of),EMRO,0,0,0,0
21636,2020-02-02,IR,Iran (Islamic Republic of),EMRO,0,0,0,0
21637,2020-02-09,IR,Iran (Islamic Republic of),EMRO,0,0,0,0
21638,2020-02-16,IR,Iran (Islamic Republic of),EMRO,0,0,0,0
21639,2020-02-23,IR,Iran (Islamic Republic of),EMRO,28,28,5,5
21640,2020-03-01,IR,Iran (Islamic Republic of),EMRO,565,593,38,43
21641,2020-03-08,IR,Iran (Islamic Republic of),EMRO,5230,5823,102,145
21642,2020-03-15,IR,Iran (Islamic Republic of),EMRO,6906,12729,466,611
21643,2020-03-22,IR,Iran (Islamic Republic of),EMRO,7881,20610,945,1556
21644,2020-03-29,IR,Iran (Islamic Republic of),EMRO,14798,35408,961,2517
21645,2020-04-05,IR,Iran (Islamic Republic of),EMRO,20335,55743,935,3452
21646,2020-04-12,IR,Iran (Islamic Republic of),EMRO,14286,70029,905,4357
21647,2020-04-19,IR,Iran (Islamic Republic of),EMRO,10839,80868,674,5031
21648,2020-04-26,IR,Iran (Islamic Republic of),EMRO,8460,89328,619,5650
21649,2020-05-03,IR,Iran (Islamic Republic of),EMRO,7120,96448,506,6156
21650,2020-05-10,IR,Iran (Islamic Republic of),EMRO,9772,106220,433,6589
21651,2020-05-17,IR,Iran (Islamic Republic of),EMRO,12172,118392,348,6937
21652,2020-05-24,IR,Iran (Islamic Republic of),EMRO,15129,133521,422,7359
21653,2020-05-31,IR,Iran (Islamic Republic of),EMRO,15429,148950,375,7734
21654,2020-06-07,IR,Iran (Islamic Republic of),EMRO,20475,169425,475,8209
21655,2020-06-14,IR,Iran (Islamic Republic of),EMRO,15530,184955,521,8730
21656,2020-06-21,IR,Iran (Islamic Republic of),EMRO,17629,202584,777,9507
21657,2020-06-28,IR,Iran (Islamic Republic of),EMRO,17596,220180,857,10364
21658,2020-07-05,IR,Iran (Islamic Republic of),EMRO,17698,237878,1044,11408
21659,2020-07-12,IR,Iran (Islamic Republic of),EMRO,17239,255117,1227,12635
21660,2020-07-19,IR,Iran (Islamic Republic of),EMRO,16489,271606,1344,13979
21661,2020-07-26,IR,Iran (Islamic Republic of),EMRO,17233,288839,1505,15484
21662,2020-08-02,IR,Iran (Islamic Republic of),EMRO,17913,306752,1498,16982
21663,2020-08-09,IR,Iran (Islamic Republic of),EMRO,17940,324692,1282,18264
21664,2020-08-16,IR,Iran (Islamic Republic of),EMRO,16378,341070,1228,19492
21665,2020-08-23,IR,Iran (Islamic Republic of),EMRO,15722,356792,1010,20502
21666,2020-08-30,IR,Iran (Islamic Republic of),EMRO,15024,371816,857,21359
21667,2020-09-06,IR,Iran (Islamic Republic of),EMRO,12850,384666,795,22154
21668,2020-09-13,IR,Iran (Islamic Republic of),EMRO,15274,399940,875,23029
21669,2020-09-20,IR,Iran (Islamic Republic of),EMRO,19103,419043,1089,24118
21670,2020-09-27,IR,Iran (Islamic Republic of),EMRO,24043,443086,1276,25394
21671,2020-10-04,IR,Iran (Islamic Republic of),EMRO,25033,468119,1352,26746
21672,2020-10-11,IR,Iran (Islamic Republic of),EMRO,28134,496253,1547,28293
21673,2020-10-18,IR,Iran (Islamic Republic of),EMRO,30237,526490,1830,30123
21674,2020-10-25,IR,Iran (Islamic Republic of),EMRO,36215,562705,2197,32320
21675,2020-11-01,IR,Iran (Islamic Republic of),EMRO,50067,612772,2544,34864
21676,2020-11-08,IR,Iran (Islamic Republic of),EMRO,60478,673250,2968,37832
21677,2020-11-15,IR,Iran (Islamic Republic of),EMRO,76275,749525,3202,41034
21678,2020-11-22,IR,Iran (Islamic Republic of),EMRO,91783,841308,3293,44327
21679,2020-11-29,IR,Iran (Islamic Republic of),EMRO,94491,935799,3159,47486
21680,2020-12-06,IR,Iran (Islamic Republic of),EMRO,93187,1028986,2530,50016
21681,2020-12-13,IR,Iran (Islamic Republic of),EMRO,71832,1100818,1933,51949
21682,2020-12-20,IR,Iran (Islamic Republic of),EMRO,51254,1152072,1499,53448
21683,2020-12-27,IR,Iran (Islamic Republic of),EMRO,42891,1194963,1126,54574
21684,2021-01-03,IR,Iran (Islamic Republic of),EMRO,42511,1237474,864,55438
21685,2021-01-10,IR,Iran (Islamic Republic of),EMRO,42964,1280438,662,56100
21686,2021-01-17,IR,Iran (Islamic Republic of),EMRO,43957,1324395,617,56717
21687,2021-01-24,IR,Iran (Islamic Republic of),EMRO,42637,1367032,577,57294
21688,2021-01-31,IR,Iran (Islamic Republic of),EMRO,44699,1411731,595,57889
21689,2021-02-07,IR,Iran (Islamic Republic of),EMRO,47639,1459370,523,58412
21690,2021-02-14,IR,Iran (Islamic Republic of),EMRO,51503,1510873,471,58883
21691,2021-02-21,IR,Iran (Islamic Republic of),EMRO,55208,1566081,526,59409
21692,2021-02-28,IR,Iran (Islamic Republic of),EMRO,57078,1623159,571,59980
21693,2021-03-07,IR,Iran (Islamic Republic of),EMRO,58523,1681682,614,60594
21694,2021-03-14,IR,Iran (Islamic Republic of),EMRO,57678,1739360,548,61142
21695,2021-03-21,IR,Iran (Islamic Republic of),EMRO,54445,1793805,582,61724
21696,2021-03-28,IR,Iran (Islamic Republic of),EMRO,53118,1846923,584,62308
21697,2021-04-04,IR,Iran (Islamic Republic of),EMRO,73471,1920394,691,62999
21698,2021-04-11,IR,Iran (Islamic Republic of),EMRO,128684,2049078,1233,64232
21699,2021-04-18,IR,Iran (Islamic Republic of),EMRO,166367,2215445,2095,66327
21700,2021-04-25,IR,Iran (Islamic Republic of),EMRO,161594,2377039,2793,69120
21701,2021-05-02,IR,Iran (Islamic Republic of),EMRO,139118,2516157,2970,72090
21702,2021-05-09,IR,Iran (Islamic Republic of),EMRO,124513,2640670,2434,74524
21703,2021-05-16,IR,Iran (Islamic Republic of),EMRO,99205,2739875,2109,76633
21704,2021-05-23,IR,Iran (Islamic Republic of),EMRO,84012,2823887,1748,78381
21705,2021-05-30,IR,Iran (Islamic Republic of),EMRO,69331,2893218,1360,79741
21706,2021-06-06,IR,Iran (Islamic Republic of),EMRO,67533,2960751,1200,80941
21707,2021-06-13,IR,Iran (Islamic Republic of),EMRO,59771,3020522,970,81911
21708,2021-06-20,IR,Iran (Islamic Republic of),EMRO,66452,3086974,943,82854
21709,2021-06-27,IR,Iran (Islamic Republic of),EMRO,71009,3157983,857,83711
21710,2021-07-04,IR,Iran (Islamic Republic of),EMRO,83054,3241037,916,84627
21711,2021-07-11,IR,Iran (Islamic Republic of),EMRO,114749,3355786,1067,85694
21712,2021-07-18,IR,Iran (Islamic Republic of),EMRO,145293,3501079,1272,86966
21713,2021-07-25,IR,Iran (Islamic Republic of),EMRO,163207,3664286,1566,88532
21714,2021-08-01,IR,Iran (Islamic Republic of),EMRO,206722,3871008,2098,90630
21715,2021-08-08,IR,Iran (Islamic Republic of),EMRO,248102,4119110,2843,93473
21716,2021-08-15,IR,Iran (Islamic Republic of),EMRO,269975,4389085,3735,97208
21717,2021-08-22,IR,Iran (Islamic Republic of),EMRO,251610,4640695,4146,101354
21718,2021-08-29,IR,Iran (Islamic Republic of),EMRO,254753,4895448,4547,105901
21719,2021-09-05,IR,Iran (Islamic Republic of),EMRO,208089,5103537,4163,110064
21720,2021-09-12,IR,Iran (Islamic Republic of),EMRO,172030,5275567,3760,113824
21721,2021-09-19,IR,Iran (Islamic Republic of),EMRO,133293,5408860,2967,116791
21722,2021-09-26,IR,Iran (Islamic Republic of),EMRO,110868,5519728,2281,119072
21723,2021-10-03,IR,Iran (Islamic Republic of),EMRO,91972,5611700,1808,120880
21724,2021-10-10,IR,Iran (Islamic Republic of),EMRO,79934,5691634,1490,122370
21725,2021-10-17,IR,Iran (Islamic Republic of),EMRO,81785,5773419,1506,123876
21726,2021-10-24,IR,Iran (Islamic Republic of),EMRO,78251,5851670,1176,125052
21727,2021-10-31,IR,Iran (Islamic Republic of),EMRO,64541,5916211,1074,126126
21728,2021-11-07,IR,Iran (Islamic Republic of),EMRO,64049,5980260,1047,127173
21729,2021-11-14,IR,Iran (Islamic Republic of),EMRO,51315,6031575,869,128042
21730,2021-11-21,IR,Iran (Islamic Republic of),EMRO,41523,6073098,810,128852
21731,2021-11-28,IR,Iran (Islamic Republic of),EMRO,32003,6105101,697,129549
21732,2021-12-05,IR,Iran (Islamic Republic of),EMRO,26255,6131356,575,130124
21733,2021-12-12,IR,Iran (Islamic Republic of),EMRO,21168,6152524,537,130661
21734,2021-12-19,IR,Iran (Islamic Republic of),EMRO,16487,6169011,372,131033
21735,2021-12-26,IR,Iran (Islamic Republic of),EMRO,13894,6182905,315,131348
21736,2022-01-02,IR,Iran (Islamic Republic of),EMRO,12498,6195403,291,131639
21737,2022-01-09,IR,Iran (Islamic Republic of),EMRO,9114,6204517,208,131847
21738,2022-01-16,IR,Iran (Islamic Republic of),EMRO,14224,6218741,197,132044
21739,2022-01-23,IR,Iran (Islamic Republic of),EMRO,26605,6245346,158,132202
21740,2022-01-30,IR,Iran (Islamic Republic of),EMRO,76837,6322183,178,132380
21741,2022-02-06,IR,Iran (Islamic Republic of),EMRO,221654,6543837,365,132745
21742,2022-02-13,IR,Iran (Islamic Republic of),EMRO,236616,6780453,825,133570
21743,2022-02-20,IR,Iran (Islamic Republic of),EMRO,145032,6925485,1228,134798
21744,2022-02-27,IR,Iran (Islamic Republic of),EMRO,105458,7030943,1592,136390
21745,2022-03-06,IR,Iran (Islamic Republic of),EMRO,53363,7084306,1357,137747
21746,2022-03-13,IR,Iran (Islamic Republic of),EMRO,35457,7119763,1084,138831
21747,2022-03-20,IR,Iran (Islamic Republic of),EMRO,19454,7139217,719,139550
21748,2022-03-27,IR,Iran (Islamic Republic of),EMRO,9572,7148789,421,139971
21749,2022-04-03,IR,Iran (Islamic Republic of),EMRO,17582,7166371,306,140277
21750,2022-04-10,IR,Iran (Islamic Republic of),EMRO,22378,7188749,300,140577
21751,2022-04-17,IR,Iran (Islamic Republic of),EMRO,16315,7205064,223,140800
21752,2022-04-24,IR,Iran (Islamic Republic of),EMRO,10448,7215512,162,140962
21753,2022-05-01,IR,Iran (Islamic Republic of),EMRO,6141,7221653,121,141083
21754,2022-05-08,IR,Iran (Islamic Republic of),EMRO,3048,7224701,82,141165
21755,2022-05-15,IR,Iran (Islamic Republic of),EMRO,2982,7227683,51,141216
21756,2022-05-22,IR,Iran (Islamic Republic of),EMRO,2058,7229741,55,141271
21757,2022-05-29,IR,Iran (Islamic Republic of),EMRO,1646,7231387,35,141306
21758,2022-06-05,IR,Iran (Islamic Republic of),EMRO,1291,7232678,22,141328
21759,2022-06-12,IR,Iran (Islamic Republic of),EMRO,850,7233528,21,141349
21760,2022-06-19,IR,Iran (Islamic Republic of),EMRO,1069,7234597,14,141363
21761,2022-06-26,IR,Iran (Islamic Republic of),EMRO,1467,7236064,20,141383
21762,2022-07-03,IR,Iran (Islamic Republic of),EMRO,2776,7238840,7,141390
21763,2022-07-10,IR,Iran (Islamic Republic of),EMRO,8761,7247601,39,141429
21764,2022-07-17,IR,Iran (Islamic Republic of),EMRO,25126,7272727,57,141486
21765,2022-07-24,IR,Iran (Islamic Republic of),EMRO,46595,7319322,164,141650
21766,2022-07-31,IR,Iran (Islamic Republic of),EMRO,61977,7381299,287,141937
21767,2022-08-07,IR,Iran (Islamic Republic of),EMRO,53646,7434945,461,142398
21768,2022-08-14,IR,Iran (Islamic Republic of),EMRO,33949,7468894,463,142861
21769,2022-08-21,IR,Iran (Islamic Republic of),EMRO,34475,7503369,471,143332
21770,2022-08-28,IR,Iran (Islamic Republic of),EMRO,18600,7521969,352,143684
21771,2022-09-04,IR,Iran (Islamic Republic of),EMRO,9955,7531924,263,143947
21772,2022-09-11,IR,Iran (Islamic Republic of),EMRO,6201,7538125,207,144154
21773,2022-09-18,IR,Iran (Islamic Republic of),EMRO,4408,7542533,133,144287
21774,2022-09-25,IR,Iran (Islamic Republic of),EMRO,4140,7546673,95,144382
21775,2022-10-02,IR,Iran (Islamic Republic of),EMRO,2513,7549186,47,144429
21776,2022-10-09,IR,Iran (Islamic Republic of),EMRO,2171,7551357,49,144478
21777,2022-10-16,IR,Iran (Islamic Republic of),EMRO,2649,7554006,38,144516
21778,2022-10-23,IR,Iran (Islamic Republic of),EMRO,1897,7555903,27,144543
21779,2022-10-30,IR,Iran (Islamic Republic of),EMRO,1461,7557364,28,144571
21780,2022-11-06,IR,Iran (Islamic Republic of),EMRO,714,7558078,21,144592
21781,2022-11-13,IR,Iran (Islamic Republic of),EMRO,815,7558893,18,144610
21782,2022-11-20,IR,Iran (Islamic Republic of),EMRO,365,7559258,15,144625
21783,2022-11-27,IR,Iran (Islamic Republic of),EMRO,268,7559526,8,144633
21784,2022-12-04,IR,Iran (Islamic Republic of),EMRO,273,7559799,4,144637
21785,2022-12-11,IR,Iran (Islamic Republic of),EMRO,306,7560105,21,144658
21786,2022-12-18,IR,Iran (Islamic Republic of),EMRO,284,7560389,3,144661
21787,2022-12-25,IR,Iran (Islamic Republic of),EMRO,342,7560731,12,144673
21788,2023-01-01,IR,Iran (Islamic Republic of),EMRO,409,7561140,12,144685
21789,2023-01-08,IR,Iran (Islamic Republic of),EMRO,668,7561808,21,144706
21790,2023-01-15,IR,Iran (Islamic Republic of),EMRO,687,7562495,18,144724
21791,2023-01-22,IR,Iran (Islamic Republic of),EMRO,778,7563273,10,144734
21792,2023-01-29,IR,Iran (Islamic Republic of),EMRO,773,7564046,10,144744
21793,2023-02-05,IR,Iran (Islamic Republic of),EMRO,617,7564663,12,144756
21794,2023-02-12,IR,Iran (Islamic Republic of),EMRO,704,7565367,23,144779
21795,2023-02-19,IR,Iran (Islamic Republic of),EMRO,1069,7566436,18,144797
21796,2023-02-26,IR,Iran (Islamic Republic of),EMRO,1037,7567473,31,144828
21797,2023-03-05,IR,Iran (Islamic Republic of),EMRO,2296,7569769,50,144878
21798,2023-03-12,IR,Iran (Islamic Republic of),EMRO,3559,7573328,78,144956
21799,2023-03-19,IR,Iran (Islamic Republic of),EMRO,5743,7579071,98,145054
21800,2023-03-26,IR,Iran (Islamic Republic of),EMRO,5460,7584531,142,145196
21801,2023-04-02,IR,Iran (Islamic Republic of),EMRO,7090,7591621,173,145369
21802,2023-04-09,IR,Iran (Islamic Republic of),EMRO,6361,7597982,202,145571
21803,2023-04-16,IR,Iran (Islamic Republic of),EMRO,5109,7603091,237,145808
21804,2023-04-23,IR,Iran (Islamic Republic of),EMRO,3150,7606241,178,145986
21805,2023-04-30,IR,Iran (Islamic Republic of),EMRO,2227,7608468,111,146097
21806,2023-05-07,IR,Iran (Islamic Republic of),EMRO,1454,7609922,68,146165
21807,2023-05-14,IR,Iran (Islamic Republic of),EMRO,754,7610676,39,146204
21808,2023-05-21,IR,Iran (Islamic Republic of),EMRO,462,7611138,26,146230
21809,2023-05-28,IR,Iran (Islamic Republic of),EMRO,445,7611583,23,146253
21810,2023-06-04,IR,Iran (Islamic Republic of),EMRO,348,7611931,14,146267
21811,2023-06-11,IR,Iran (Islamic Republic of),EMRO,70,7612001,6,146273
21812,2023-06-18,IR,Iran (Islamic Republic of),EMRO,279,7612280,17,146290
21813,2023-06-25,IR,Iran (Islamic Republic of),EMRO,134,7612414,2,146292
21814,2023-07-02,IR,Iran (Islamic Republic of),EMRO,123,7612537,5,146297
21815,2023-07-09,IR,Iran (Islamic Republic of),EMRO,125,7612662,4,146301
21816,2023-07-16,IR,Iran (Islamic Republic of),EMRO,66,7612728,2,146303
21817,2023-07-23,IR,Iran (Islamic Republic of),EMRO,100,7612828,3,146306
21818,2023-07-30,IR,Iran (Islamic Republic of),EMRO,107,7612935,5,146311
21819,2023-08-06,IR,Iran (Islamic Republic of),EMRO,135,7613070,5,146316
21820,2023-08-13,IR,Iran (Islamic Republic of),EMRO,168,7613238,2,146318
21821,2023-08-20,IR,Iran (Islamic Republic of),EMRO,230,7613468,3,146321
21822,2023-08-27,IR,Iran (Islamic Republic of),EMRO,248,7613716,6,146327
21823,2023-09-03,IR,Iran (Islamic Republic of),EMRO,118,7613834,5,146332
21824,2023-09-10,IR,Iran (Islamic Republic of),EMRO,895,7614729,24,146356
21825,2023-09-17,IR,Iran (Islamic Republic of),EMRO,1093,7615822,8,146364
21826,2023-09-24,IR,Iran (Islamic Republic of),EMRO,969,7616791,22,146386
21827,2023-10-01,IR,Iran (Islamic Republic of),EMRO,961,7617752,24,146410
21828,2023-10-08,IR,Iran (Islamic Republic of),EMRO,975,7618727,26,146436
21829,2023-10-15,IR,Iran (Islamic Republic of),EMRO,1254,7619981,44,146480
21830,2023-10-22,IR,Iran (Islamic Republic of),EMRO,1059,7621040,50,146530
21831,2023-10-29,IR,Iran (Islamic Republic of),EMRO,1087,7622127,50,146580
21832,2023-11-05,IR,Iran (Islamic Republic of),EMRO,934,7623061,53,146633
21833,2023-11-12,IR,Iran (Islamic Republic of),EMRO,653,7623714,29,146662
21834,2023-11-19,IR,Iran (Islamic Republic of),EMRO,398,7624112,26,146688
21835,2023-11-26,IR,Iran (Islamic Republic of),EMRO,295,7624407,17,146705
21836,2023-12-03,IR,Iran (Islamic Republic of),EMRO,292,7624699,19,146724
21837,2023-12-10,IR,Iran (Islamic Republic of),EMRO,283,7624982,11,146735
21838,2023-12-17,IR,Iran (Islamic Republic of),EMRO,178,7625160,6,146741
21839,2023-12-24,IR,Iran (Islamic Republic of),EMRO,132,7625292,10,146751
21840,2020-01-05,IQ,Iraq,EMRO,0,0,0,0
21841,2020-01-12,IQ,Iraq,EMRO,0,0,0,0
21842,2020-01-19,IQ,Iraq,EMRO,0,0,0,0
21843,2020-01-26,IQ,Iraq,EMRO,0,0,0,0
21844,2020-02-02,IQ,Iraq,EMRO,0,0,0,0
21845,2020-02-09,IQ,Iraq,EMRO,0,0,0,0
21846,2020-02-16,IQ,Iraq,EMRO,0,0,0,0
21847,2020-02-23,IQ,Iraq,EMRO,0,0,0,0
21848,2020-03-01,IQ,Iraq,EMRO,13,13,0,0
21849,2020-03-08,IQ,Iraq,EMRO,41,54,2,2
21850,2020-03-15,IQ,Iraq,EMRO,58,112,7,9
21851,2020-03-22,IQ,Iraq,EMRO,102,214,8,17
21852,2020-03-29,IQ,Iraq,EMRO,292,506,25,42
21853,2020-04-05,IQ,Iraq,EMRO,372,878,14,56
21854,2020-04-12,IQ,Iraq,EMRO,440,1318,16,72
21855,2020-04-19,IQ,Iraq,EMRO,195,1513,10,82
21856,2020-04-26,IQ,Iraq,EMRO,250,1763,4,86
21857,2020-05-03,IQ,Iraq,EMRO,456,2219,9,95
21858,2020-05-10,IQ,Iraq,EMRO,460,2679,12,107
21859,2020-05-17,IQ,Iraq,EMRO,581,3260,14,121
21860,2020-05-24,IQ,Iraq,EMRO,1012,4272,31,152
21861,2020-05-31,IQ,Iraq,EMRO,1907,6179,43,195
21862,2020-06-07,IQ,Iraq,EMRO,4919,11098,123,318
21863,2020-06-14,IQ,Iraq,EMRO,7852,18950,231,549
21864,2020-06-21,IQ,Iraq,EMRO,10272,29222,464,1013
21865,2020-06-28,IQ,Iraq,EMRO,14040,43262,647,1660
21866,2020-07-05,IQ,Iraq,EMRO,15092,58354,708,2368
21867,2020-07-12,IQ,Iraq,EMRO,16840,75194,687,3055
21868,2020-07-19,IQ,Iraq,EMRO,15026,90220,636,3691
21869,2020-07-26,IQ,Iraq,EMRO,17353,107573,593,4284
21870,2020-08-02,IQ,Iraq,EMRO,19131,126704,521,4805
21871,2020-08-09,IQ,Iraq,EMRO,20685,147389,505,5310
21872,2020-08-16,IQ,Iraq,EMRO,25194,172583,475,5785
21873,2020-08-23,IQ,Iraq,EMRO,28467,201050,568,6353
21874,2020-08-30,IQ,Iraq,EMRO,26396,227446,538,6891
21875,2020-09-06,IQ,Iraq,EMRO,29273,256719,531,7422
21876,2020-09-13,IQ,Iraq,EMRO,30059,286778,519,7941
21877,2020-09-20,IQ,Iraq,EMRO,28819,315597,550,8491
21878,2020-09-27,IQ,Iraq,EMRO,30372,345969,444,8935
21879,2020-10-04,IQ,Iraq,EMRO,29962,375931,412,9347
21880,2020-10-11,IQ,Iraq,EMRO,24193,400124,443,9790
21881,2020-10-18,IQ,Iraq,EMRO,23400,423524,408,10198
21882,2020-10-25,IQ,Iraq,EMRO,25629,449153,370,10568
21883,2020-11-01,IQ,Iraq,EMRO,23477,472630,342,10910
21884,2020-11-08,IQ,Iraq,EMRO,23389,496019,373,11283
21885,2020-11-15,IQ,Iraq,EMRO,20896,516915,340,11623
21886,2020-11-22,IQ,Iraq,EMRO,16640,533555,302,11925
21887,2020-11-29,IQ,Iraq,EMRO,15266,548821,275,12200
21888,2020-12-06,IQ,Iraq,EMRO,13699,562520,211,12411
21889,2020-12-13,IQ,Iraq,EMRO,11102,573622,154,12565
21890,2020-12-20,IQ,Iraq,EMRO,9496,583118,115,12680
21891,2020-12-27,IQ,Iraq,EMRO,7661,590779,87,12767
21892,2021-01-03,IQ,Iraq,EMRO,6254,597033,62,12829
21893,2021-01-10,IQ,Iraq,EMRO,5298,602331,52,12881
21894,2021-01-17,IQ,Iraq,EMRO,5256,607587,54,12935
21895,2021-01-24,IQ,Iraq,EMRO,5283,612870,53,12988
21896,2021-01-31,IQ,Iraq,EMRO,6052,618922,53,13041
21897,2021-02-07,IQ,Iraq,EMRO,8494,627416,70,13111
21898,2021-02-14,IQ,Iraq,EMRO,14212,641628,53,13164
21899,2021-02-21,IQ,Iraq,EMRO,23122,664750,81,13245
21900,2021-02-28,IQ,Iraq,EMRO,27491,692241,138,13383
21901,2021-03-07,IQ,Iraq,EMRO,30948,723189,165,13548
21902,2021-03-14,IQ,Iraq,EMRO,31129,754318,171,13719
21903,2021-03-21,IQ,Iraq,EMRO,35072,789390,250,13969
21904,2021-03-28,IQ,Iraq,EMRO,37767,827157,208,14177
21905,2021-04-04,IQ,Iraq,EMRO,41043,868200,253,14430
21906,2021-04-11,IQ,Iraq,EMRO,49955,918155,248,14678
21907,2021-04-18,IQ,Iraq,EMRO,52832,970987,270,14948
21908,2021-04-25,IQ,Iraq,EMRO,54301,1025288,269,15217
21909,2021-05-02,IQ,Iraq,EMRO,45078,1070366,281,15498
21910,2021-05-09,IQ,Iraq,EMRO,38192,1108558,243,15741
21911,2021-05-16,IQ,Iraq,EMRO,28359,1136917,189,15930
21912,2021-05-23,IQ,Iraq,EMRO,27232,1164149,228,16158
21913,2021-05-30,IQ,Iraq,EMRO,29459,1193608,176,16334
21914,2021-06-06,IQ,Iraq,EMRO,28070,1221678,184,16518
21915,2021-06-13,IQ,Iraq,EMRO,29013,1250691,172,16690
21916,2021-06-20,IQ,Iraq,EMRO,32614,1283305,170,16860
21917,2021-06-27,IQ,Iraq,EMRO,37927,1321232,201,17061
21918,2021-07-04,IQ,Iraq,EMRO,43979,1365211,220,17281
21919,2021-07-11,IQ,Iraq,EMRO,56535,1421746,234,17515
21920,2021-07-18,IQ,Iraq,EMRO,61268,1483014,274,17789
21921,2021-07-25,IQ,Iraq,EMRO,60487,1543501,443,18232
21922,2021-08-01,IQ,Iraq,EMRO,83098,1626599,425,18657
21923,2021-08-08,IQ,Iraq,EMRO,77764,1704363,489,19146
21924,2021-08-15,IQ,Iraq,EMRO,64390,1768753,460,19606
21925,2021-08-22,IQ,Iraq,EMRO,50702,1819455,504,20110
21926,2021-08-29,IQ,Iraq,EMRO,48897,1868352,522,20632
21927,2021-09-05,IQ,Iraq,EMRO,44043,1912395,410,21042
21928,2021-09-12,IQ,Iraq,EMRO,34816,1947211,403,21445
21929,2021-09-19,IQ,Iraq,EMRO,25494,1972705,330,21775
21930,2021-09-26,IQ,Iraq,EMRO,18923,1991628,297,22072
21931,2021-10-03,IQ,Iraq,EMRO,15599,2007227,272,22344
21932,2021-10-10,IQ,Iraq,EMRO,14882,2022109,193,22537
21933,2021-10-17,IQ,Iraq,EMRO,11628,2033737,201,22738
21934,2021-10-24,IQ,Iraq,EMRO,11290,2045027,199,22937
21935,2021-10-31,IQ,Iraq,EMRO,9175,2054202,201,23138
21936,2021-11-07,IQ,Iraq,EMRO,7737,2061939,181,23319
21937,2021-11-14,IQ,Iraq,EMRO,6449,2068388,164,23483
21938,2021-11-21,IQ,Iraq,EMRO,5447,2073835,159,23642
21939,2021-11-28,IQ,Iraq,EMRO,5249,2079084,130,23772
21940,2021-12-05,IQ,Iraq,EMRO,4805,2083889,101,23873
21941,2021-12-12,IQ,Iraq,EMRO,3608,2087497,92,23965
21942,2021-12-19,IQ,Iraq,EMRO,2711,2090208,86,24051
21943,2021-12-26,IQ,Iraq,EMRO,2104,2092312,71,24122
21944,2022-01-02,IQ,Iraq,EMRO,1579,2093891,41,24163
21945,2022-01-09,IQ,Iraq,EMRO,2915,2096806,37,24200
21946,2022-01-16,IQ,Iraq,EMRO,13877,2110683,42,24242
21947,2022-01-23,IQ,Iraq,EMRO,38623,2149306,41,24283
21948,2022-01-30,IQ,Iraq,EMRO,48477,2197783,78,24361
21949,2022-02-06,IQ,Iraq,EMRO,46827,2244610,138,24499
21950,2022-02-13,IQ,Iraq,EMRO,28925,2273535,179,24678
21951,2022-02-20,IQ,Iraq,EMRO,16476,2290011,173,24851
21952,2022-02-27,IQ,Iraq,EMRO,10634,2300645,109,24960
21953,2022-03-06,IQ,Iraq,EMRO,6910,2307555,81,25041
21954,2022-03-13,IQ,Iraq,EMRO,4737,2312292,56,25097
21955,2022-03-20,IQ,Iraq,EMRO,3499,2315791,30,25127
21956,2022-03-27,IQ,Iraq,EMRO,1956,2317747,22,25149
21957,2022-04-03,IQ,Iraq,EMRO,2379,2320126,21,25170
21958,2022-04-10,IQ,Iraq,EMRO,1655,2321781,13,25183
21959,2022-04-17,IQ,Iraq,EMRO,1259,2323040,15,25198
21960,2022-04-24,IQ,Iraq,EMRO,1101,2324141,6,25204
21961,2022-05-01,IQ,Iraq,EMRO,951,2325092,7,25211
21962,2022-05-08,IQ,Iraq,EMRO,430,2325522,2,25213
21963,2022-05-15,IQ,Iraq,EMRO,834,2326356,3,25216
21964,2022-05-22,IQ,Iraq,EMRO,836,2327192,0,25216
21965,2022-05-29,IQ,Iraq,EMRO,645,2327837,3,25219
21966,2022-06-05,IQ,Iraq,EMRO,745,2328582,1,25220
21967,2022-06-12,IQ,Iraq,EMRO,1080,2329662,2,25222
21968,2022-06-19,IQ,Iraq,EMRO,2210,2331872,6,25228
21969,2022-06-26,IQ,Iraq,EMRO,6237,2338109,1,25229
21970,2022-07-03,IQ,Iraq,EMRO,15791,2353900,14,25243
21971,2022-07-10,IQ,Iraq,EMRO,29194,2383094,10,25253
21972,2022-07-17,IQ,Iraq,EMRO,19217,2402311,14,25267
21973,2022-07-24,IQ,Iraq,EMRO,25573,2427884,19,25286
21974,2022-07-31,IQ,Iraq,EMRO,15888,2443772,27,25313
21975,2022-08-07,IQ,Iraq,EMRO,6865,2450637,12,25325
21976,2022-08-14,IQ,Iraq,EMRO,3576,2454213,13,25338
21977,2022-08-21,IQ,Iraq,EMRO,2342,2456555,5,25343
21978,2022-08-28,IQ,Iraq,EMRO,1316,2457871,3,25346
21979,2022-09-04,IQ,Iraq,EMRO,638,2458509,2,25348
21980,2022-09-11,IQ,Iraq,EMRO,413,2458922,3,25351
21981,2022-09-18,IQ,Iraq,EMRO,256,2459178,1,25352
21982,2022-09-25,IQ,Iraq,EMRO,327,2459505,0,25352
21983,2022-10-02,IQ,Iraq,EMRO,813,2460318,4,25356
21984,2022-10-09,IQ,Iraq,EMRO,526,2460844,0,25356
21985,2022-10-16,IQ,Iraq,EMRO,205,2461049,2,25358
21986,2022-10-23,IQ,Iraq,EMRO,180,2461229,0,25358
21987,2022-10-30,IQ,Iraq,EMRO,221,2461450,2,25360
21988,2022-11-06,IQ,Iraq,EMRO,357,2461807,1,25361
21989,2022-11-13,IQ,Iraq,EMRO,465,2462272,0,25361
21990,2022-11-20,IQ,Iraq,EMRO,697,2462969,1,25362
21991,2022-11-27,IQ,Iraq,EMRO,698,2463667,2,25364
21992,2022-12-04,IQ,Iraq,EMRO,649,2464316,1,25365
21993,2022-12-11,IQ,Iraq,EMRO,455,2464771,2,25367
21994,2022-12-18,IQ,Iraq,EMRO,324,2465095,6,25373
21995,2022-12-25,IQ,Iraq,EMRO,278,2465373,1,25374
21996,2023-01-01,IQ,Iraq,EMRO,172,2465545,1,25375
21997,2023-01-08,IQ,Iraq,EMRO,0,2465545,0,25375
21998,2023-01-15,IQ,Iraq,EMRO,0,2465545,0,25375
21999,2023-01-22,IQ,Iraq,EMRO,0,2465545,0,25375
22000,2023-01-29,IQ,Iraq,EMRO,0,2465545,0,25375
22001,2023-02-05,IQ,Iraq,EMRO,0,2465545,0,25375
22002,2023-02-12,IQ,Iraq,EMRO,0,2465545,0,25375
22003,2023-02-19,IQ,Iraq,EMRO,0,2465545,0,25375
22004,2023-02-26,IQ,Iraq,EMRO,0,2465545,0,25375
22005,2023-03-05,IQ,Iraq,EMRO,0,2465545,0,25375
22006,2023-03-12,IQ,Iraq,EMRO,0,2465545,0,25375
22007,2023-03-19,IQ,Iraq,EMRO,0,2465545,0,25375
22008,2023-03-26,IQ,Iraq,EMRO,0,2465545,0,25375
22009,2023-04-02,IQ,Iraq,EMRO,0,2465545,0,25375
22010,2023-04-09,IQ,Iraq,EMRO,0,2465545,0,25375
22011,2023-04-16,IQ,Iraq,EMRO,0,2465545,0,25375
22012,2023-04-23,IQ,Iraq,EMRO,0,2465545,0,25375
22013,2023-04-30,IQ,Iraq,EMRO,0,2465545,0,25375
22014,2023-05-07,IQ,Iraq,EMRO,0,2465545,0,25375
22015,2023-05-14,IQ,Iraq,EMRO,0,2465545,0,25375
22016,2023-05-21,IQ,Iraq,EMRO,0,2465545,0,25375
22017,2023-05-28,IQ,Iraq,EMRO,0,2465545,0,25375
22018,2023-06-04,IQ,Iraq,EMRO,0,2465545,0,25375
22019,2023-06-11,IQ,Iraq,EMRO,0,2465545,0,25375
22020,2023-06-18,IQ,Iraq,EMRO,0,2465545,0,25375
22021,2023-06-25,IQ,Iraq,EMRO,0,2465545,0,25375
22022,2023-07-02,IQ,Iraq,EMRO,0,2465545,0,25375
22023,2023-07-09,IQ,Iraq,EMRO,0,2465545,0,25375
22024,2023-07-16,IQ,Iraq,EMRO,0,2465545,0,25375
22025,2023-07-23,IQ,Iraq,EMRO,0,2465545,0,25375
22026,2023-07-30,IQ,Iraq,EMRO,0,2465545,0,25375
22027,2023-08-06,IQ,Iraq,EMRO,0,2465545,0,25375
22028,2023-08-13,IQ,Iraq,EMRO,0,2465545,0,25375
22029,2023-08-20,IQ,Iraq,EMRO,0,2465545,0,25375
22030,2023-08-27,IQ,Iraq,EMRO,0,2465545,0,25375
22031,2023-09-03,IQ,Iraq,EMRO,0,2465545,0,25375
22032,2023-09-10,IQ,Iraq,EMRO,0,2465545,0,25375
22033,2023-09-17,IQ,Iraq,EMRO,0,2465545,0,25375
22034,2023-09-24,IQ,Iraq,EMRO,0,2465545,0,25375
22035,2023-10-01,IQ,Iraq,EMRO,0,2465545,0,25375
22036,2023-10-08,IQ,Iraq,EMRO,0,2465545,0,25375
22037,2023-10-15,IQ,Iraq,EMRO,0,2465545,0,25375
22038,2023-10-22,IQ,Iraq,EMRO,0,2465545,0,25375
22039,2023-10-29,IQ,Iraq,EMRO,0,2465545,0,25375
22040,2023-11-05,IQ,Iraq,EMRO,0,2465545,0,25375
22041,2023-11-12,IQ,Iraq,EMRO,0,2465545,0,25375
22042,2023-11-19,IQ,Iraq,EMRO,0,2465545,0,25375
22043,2023-11-26,IQ,Iraq,EMRO,0,2465545,0,25375
22044,2023-12-03,IQ,Iraq,EMRO,0,2465545,0,25375
22045,2023-12-10,IQ,Iraq,EMRO,0,2465545,0,25375
22046,2023-12-17,IQ,Iraq,EMRO,0,2465545,0,25375
22047,2023-12-24,IQ,Iraq,EMRO,0,2465545,0,25375
22048,2020-01-05,IE,Ireland,EURO,0,0,0,0
22049,2020-01-12,IE,Ireland,EURO,0,0,0,0
22050,2020-01-19,IE,Ireland,EURO,0,0,0,0
22051,2020-01-26,IE,Ireland,EURO,0,0,0,0
22052,2020-02-02,IE,Ireland,EURO,0,0,0,0
22053,2020-02-09,IE,Ireland,EURO,0,0,0,0
22054,2020-02-16,IE,Ireland,EURO,0,0,0,0
22055,2020-02-23,IE,Ireland,EURO,0,0,0,0
22056,2020-03-01,IE,Ireland,EURO,0,0,0,0
22057,2020-03-08,IE,Ireland,EURO,18,18,1,1
22058,2020-03-15,IE,Ireland,EURO,72,90,1,2
22059,2020-03-22,IE,Ireland,EURO,593,683,3,5
22060,2020-03-29,IE,Ireland,EURO,1438,2121,49,54
22061,2020-04-05,IE,Ireland,EURO,2152,4273,121,175
22062,2020-04-12,IE,Ireland,EURO,3816,8089,279,454
22063,2020-04-19,IE,Ireland,EURO,5891,13980,342,796
22064,2020-04-26,IE,Ireland,EURO,4204,18184,290,1086
22065,2020-05-03,IE,Ireland,EURO,2649,20833,201,1287
22066,2020-05-10,IE,Ireland,EURO,1708,22541,165,1452
22067,2020-05-17,IE,Ireland,EURO,1415,23956,83,1535
22068,2020-05-24,IE,Ireland,EURO,550,24506,61,1596
22069,2020-05-31,IE,Ireland,EURO,370,24876,39,1635
22070,2020-06-07,IE,Ireland,EURO,287,25163,27,1662
22071,2020-06-14,IE,Ireland,EURO,87,25250,23,1685
22072,2020-06-21,IE,Ireland,EURO,118,25368,14,1699
22073,2020-06-28,IE,Ireland,EURO,46,25414,12,1711
22074,2020-07-05,IE,Ireland,EURO,84,25498,8,1719
22075,2020-07-12,IE,Ireland,EURO,91,25589,4,1723
22076,2020-07-19,IE,Ireland,EURO,141,25730,5,1728
22077,2020-07-26,IE,Ireland,EURO,115,25845,3,1731
22078,2020-08-02,IE,Ireland,EURO,220,26065,2,1733
22079,2020-08-09,IE,Ireland,EURO,405,26470,1,1734
22080,2020-08-16,IE,Ireland,EURO,525,26995,3,1737
22081,2020-08-23,IE,Ireland,EURO,760,27755,2,1739
22082,2020-08-30,IE,Ireland,EURO,824,28579,1,1740
22083,2020-09-06,IE,Ireland,EURO,724,29303,1,1741
22084,2020-09-13,IE,Ireland,EURO,1268,30571,8,1749
22085,2020-09-20,IE,Ireland,EURO,1700,32271,14,1763
22086,2020-09-27,IE,Ireland,EURO,2044,34315,8,1771
22087,2020-10-04,IE,Ireland,EURO,2748,37063,12,1783
22088,2020-10-11,IE,Ireland,EURO,3640,40703,14,1797
22089,2020-10-18,IE,Ireland,EURO,6724,47427,28,1825
22090,2020-10-25,IE,Ireland,EURO,8912,56339,35,1860
22091,2020-11-01,IE,Ireland,EURO,5798,62137,42,1902
22092,2020-11-08,IE,Ireland,EURO,3479,65616,38,1940
22093,2020-11-15,IE,Ireland,EURO,2561,68177,39,1979
22094,2020-11-22,IE,Ireland,EURO,2703,70880,54,2033
22095,2020-11-29,IE,Ireland,EURO,1897,72777,36,2069
22096,2020-12-06,IE,Ireland,EURO,1792,74569,47,2116
22097,2020-12-13,IE,Ireland,EURO,2016,76585,35,2151
22098,2020-12-20,IE,Ireland,EURO,2747,79332,31,2182
22099,2020-12-27,IE,Ireland,EURO,5844,85176,48,2230
22100,2021-01-03,IE,Ireland,EURO,9434,94610,64,2294
22101,2021-01-10,IE,Ireland,EURO,42352,136962,105,2399
22102,2021-01-17,IE,Ireland,EURO,30664,167626,290,2689
22103,2021-01-24,IE,Ireland,EURO,17731,185357,417,3106
22104,2021-01-31,IE,Ireland,EURO,9613,194970,452,3558
22105,2021-02-07,IE,Ireland,EURO,7871,202841,388,3946
22106,2021-02-14,IE,Ireland,EURO,5957,208798,281,4227
22107,2021-02-21,IE,Ireland,EURO,5680,214478,190,4417
22108,2021-02-28,IE,Ireland,EURO,4851,219329,150,4567
22109,2021-03-07,IE,Ireland,EURO,3918,223247,96,4663
22110,2021-03-14,IE,Ireland,EURO,3651,226898,62,4725
22111,2021-03-21,IE,Ireland,EURO,3486,230384,60,4785
22112,2021-03-28,IE,Ireland,EURO,4021,234405,43,4828
22113,2021-04-04,IE,Ireland,EURO,3860,238265,48,4876
22114,2021-04-11,IE,Ireland,EURO,3005,241270,32,4908
22115,2021-04-18,IE,Ireland,EURO,2627,243897,27,4935
22116,2021-04-25,IE,Ireland,EURO,2924,246821,20,4955
22117,2021-05-02,IE,Ireland,EURO,3127,249948,16,4971
22118,2021-05-09,IE,Ireland,EURO,3034,252982,12,4983
22119,2021-05-16,IE,Ireland,EURO,2966,255948,9,4992
22120,2021-05-23,IE,Ireland,EURO,3109,259057,11,5003
22121,2021-05-30,IE,Ireland,EURO,2871,261928,10,5013
22122,2021-06-06,IE,Ireland,EURO,2919,264847,9,5022
22123,2021-06-13,IE,Ireland,EURO,2289,267136,1,5023
22124,2021-06-20,IE,Ireland,EURO,2193,269329,9,5032
22125,2021-06-27,IE,Ireland,EURO,2226,271555,3,5035
22126,2021-07-04,IE,Ireland,EURO,2819,274374,6,5041
22127,2021-07-11,IE,Ireland,EURO,3439,277813,2,5043
22128,2021-07-18,IE,Ireland,EURO,5219,283032,4,5047
22129,2021-07-25,IE,Ireland,EURO,8571,291603,5,5052
22130,2021-08-01,IE,Ireland,EURO,9024,300627,9,5061
22131,2021-08-08,IE,Ireland,EURO,9251,309878,10,5071
22132,2021-08-15,IE,Ireland,EURO,12115,321993,16,5087
22133,2021-08-22,IE,Ireland,EURO,12389,334382,15,5102
22134,2021-08-29,IE,Ireland,EURO,12766,347148,28,5130
22135,2021-09-05,IE,Ireland,EURO,11324,358472,44,5174
22136,2021-09-12,IE,Ireland,EURO,9911,368383,45,5219
22137,2021-09-19,IE,Ireland,EURO,8840,377223,46,5265
22138,2021-09-26,IE,Ireland,EURO,9196,386419,36,5301
22139,2021-10-03,IE,Ireland,EURO,9106,395525,49,5350
22140,2021-10-10,IE,Ireland,EURO,8844,404369,48,5398
22141,2021-10-17,IE,Ireland,EURO,11721,416090,48,5446
22142,2021-10-24,IE,Ireland,EURO,14171,430261,63,5509
22143,2021-10-31,IE,Ireland,EURO,14940,445201,55,5564
22144,2021-11-07,IE,Ireland,EURO,21608,466809,77,5641
22145,2021-11-14,IE,Ireland,EURO,27728,494537,49,5690
22146,2021-11-21,IE,Ireland,EURO,28823,523360,48,5738
22147,2021-11-28,IE,Ireland,EURO,32704,556064,70,5808
22148,2021-12-05,IE,Ireland,EURO,31944,588008,67,5875
22149,2021-12-12,IE,Ireland,EURO,31480,619488,56,5931
22150,2021-12-19,IE,Ireland,EURO,29191,648679,70,6001
22151,2021-12-26,IE,Ireland,EURO,47414,696093,53,6054
22152,2022-01-02,IE,Ireland,EURO,97002,793095,53,6107
22153,2022-01-09,IE,Ireland,EURO,141823,934918,61,6168
22154,2022-01-16,IE,Ireland,EURO,147583,1082501,89,6257
22155,2022-01-23,IE,Ireland,EURO,56367,1138868,60,6317
22156,2022-01-30,IE,Ireland,EURO,35097,1173965,78,6395
22157,2022-02-06,IE,Ireland,EURO,36269,1210234,88,6483
22158,2022-02-13,IE,Ireland,EURO,36892,1247126,59,6542
22159,2022-02-20,IE,Ireland,EURO,32010,1279136,45,6587
22160,2022-02-27,IE,Ireland,EURO,27088,1306224,60,6647
22161,2022-03-06,IE,Ireland,EURO,22888,1329112,53,6700
22162,2022-03-13,IE,Ireland,EURO,26726,1355838,65,6765
22163,2022-03-20,IE,Ireland,EURO,34473,1390311,68,6833
22164,2022-03-27,IE,Ireland,EURO,46646,1436957,84,6917
22165,2022-04-03,IE,Ireland,EURO,42205,1479162,99,7016
22166,2022-04-10,IE,Ireland,EURO,22014,1501176,103,7119
22167,2022-04-17,IE,Ireland,EURO,13440,1514616,106,7225
22168,2022-04-24,IE,Ireland,EURO,8932,1523548,81,7306
22169,2022-05-01,IE,Ireland,EURO,7576,1531124,57,7363
22170,2022-05-08,IE,Ireland,EURO,5251,1536375,56,7419
22171,2022-05-15,IE,Ireland,EURO,13088,1549463,28,7447
22172,2022-05-22,IE,Ireland,EURO,8038,1557501,28,7475
22173,2022-05-29,IE,Ireland,EURO,4138,1561639,23,7498
22174,2022-06-05,IE,Ireland,EURO,4467,1566106,19,7517
22175,2022-06-12,IE,Ireland,EURO,6053,1572159,16,7533
22176,2022-06-19,IE,Ireland,EURO,8220,1580379,24,7557
22177,2022-06-26,IE,Ireland,EURO,11608,1591987,29,7586
22178,2022-07-03,IE,Ireland,EURO,12852,1604839,44,7630
22179,2022-07-10,IE,Ireland,EURO,14090,1618929,31,7661
22180,2022-07-17,IE,Ireland,EURO,14291,1633220,50,7711
22181,2022-07-24,IE,Ireland,EURO,7832,1641052,58,7769
22182,2022-07-31,IE,Ireland,EURO,4541,1645593,40,7809
22183,2022-08-07,IE,Ireland,EURO,2954,1648547,39,7848
22184,2022-08-14,IE,Ireland,EURO,3193,1651740,41,7889
22185,2022-08-21,IE,Ireland,EURO,2263,1654003,30,7919
22186,2022-08-28,IE,Ireland,EURO,1641,1655644,19,7938
22187,2022-09-04,IE,Ireland,EURO,1902,1657546,20,7958
22188,2022-09-11,IE,Ireland,EURO,1780,1659326,15,7973
22189,2022-09-18,IE,Ireland,EURO,1555,1660881,13,7986
22190,2022-09-25,IE,Ireland,EURO,1875,1662756,16,8002
22191,2022-10-02,IE,Ireland,EURO,1921,1664677,24,8026
22192,2022-10-09,IE,Ireland,EURO,2261,1666938,32,8058
22193,2022-10-16,IE,Ireland,EURO,2210,1669148,26,8084
22194,2022-10-23,IE,Ireland,EURO,2036,1671184,36,8120
22195,2022-10-30,IE,Ireland,EURO,1682,1672866,32,8152
22196,2022-11-06,IE,Ireland,EURO,1905,1674771,33,8185
22197,2022-11-13,IE,Ireland,EURO,1805,1676576,35,8220
22198,2022-11-20,IE,Ireland,EURO,1565,1678141,34,8254
22199,2022-11-27,IE,Ireland,EURO,1551,1679692,30,8284
22200,2022-12-04,IE,Ireland,EURO,1745,1681437,32,8316
22201,2022-12-11,IE,Ireland,EURO,2103,1683540,36,8352
22202,2022-12-18,IE,Ireland,EURO,2699,1686239,29,8381
22203,2022-12-25,IE,Ireland,EURO,3525,1689764,56,8437
22204,2023-01-01,IE,Ireland,EURO,3004,1692768,65,8502
22205,2023-01-08,IE,Ireland,EURO,3660,1696428,59,8561
22206,2023-01-15,IE,Ireland,EURO,2245,1698673,64,8625
22207,2023-01-22,IE,Ireland,EURO,1123,1699796,46,8671
22208,2023-01-29,IE,Ireland,EURO,897,1700693,25,8696
22209,2023-02-05,IE,Ireland,EURO,754,1701447,33,8729
22210,2023-02-12,IE,Ireland,EURO,668,1702115,21,8750
22211,2023-02-19,IE,Ireland,EURO,791,1702906,18,8768
22212,2023-02-26,IE,Ireland,EURO,650,1703556,17,8785
22213,2023-03-05,IE,Ireland,EURO,585,1704141,17,8802
22214,2023-03-12,IE,Ireland,EURO,749,1704890,10,8812
22215,2023-03-19,IE,Ireland,EURO,922,1705812,17,8829
22216,2023-03-26,IE,Ireland,EURO,982,1706794,20,8849
22217,2023-04-02,IE,Ireland,EURO,1345,1708139,19,8868
22218,2023-04-09,IE,Ireland,EURO,707,1708846,20,8888
22219,2023-04-16,IE,Ireland,EURO,588,1709434,15,8903
22220,2023-04-23,IE,Ireland,EURO,612,1710046,16,8919
22221,2023-04-30,IE,Ireland,EURO,504,1710550,26,8945
22222,2023-05-07,IE,Ireland,EURO,477,1711027,19,8964
22223,2023-05-14,IE,Ireland,EURO,492,1711519,17,8981
22224,2023-05-21,IE,Ireland,EURO,423,1711942,29,9010
22225,2023-05-28,IE,Ireland,EURO,517,1712459,12,9022
22226,2023-06-04,IE,Ireland,EURO,435,1712894,18,9040
22227,2023-06-11,IE,Ireland,EURO,311,1713205,21,9061
22228,2023-06-18,IE,Ireland,EURO,281,1713486,12,9073
22229,2023-06-25,IE,Ireland,EURO,223,1713709,8,9081
22230,2023-07-02,IE,Ireland,EURO,130,1713839,7,9088
22231,2023-07-09,IE,Ireland,EURO,172,1714011,11,9099
22232,2023-07-16,IE,Ireland,EURO,212,1714223,4,9103
22233,2023-07-23,IE,Ireland,EURO,261,1714484,4,9107
22234,2023-07-30,IE,Ireland,EURO,365,1714849,12,9119
22235,2023-08-06,IE,Ireland,EURO,625,1715474,8,9127
22236,2023-08-13,IE,Ireland,EURO,691,1716165,15,9142
22237,2023-08-20,IE,Ireland,EURO,844,1717009,15,9157
22238,2023-08-27,IE,Ireland,EURO,931,1717940,24,9181
22239,2023-09-03,IE,Ireland,EURO,756,1718696,20,9201
22240,2023-09-10,IE,Ireland,EURO,801,1719497,21,9222
22241,2023-09-17,IE,Ireland,EURO,718,1720215,13,9235
22242,2023-09-24,IE,Ireland,EURO,583,1720798,13,9248
22243,2023-10-01,IE,Ireland,EURO,741,1721539,10,9258
22244,2023-10-08,IE,Ireland,EURO,706,1722245,17,9275
22245,2023-10-15,IE,Ireland,EURO,567,1722812,17,9292
22246,2023-10-22,IE,Ireland,EURO,609,1723421,12,9304
22247,2023-10-29,IE,Ireland,EURO,502,1723923,13,9317
22248,2023-11-05,IE,Ireland,EURO,371,1724294,4,9321
22249,2023-11-12,IE,Ireland,EURO,521,1724815,25,9346
22250,2023-11-19,IE,Ireland,EURO,211,1725026,20,9366
22251,2023-11-26,IE,Ireland,EURO,0,1725026,0,9366
22252,2023-12-03,IE,Ireland,EURO,0,1725026,0,9366
22253,2023-12-10,IE,Ireland,EURO,864,1725890,4,9370
22254,2023-12-17,IE,Ireland,EURO,512,1726402,6,9376
22255,2023-12-24,IE,Ireland,EURO,709,1727111,12,9388
22256,2020-01-05,IM,Isle of Man,,0,0,0,0
22257,2020-01-12,IM,Isle of Man,,0,0,0,0
22258,2020-01-19,IM,Isle of Man,,0,0,0,0
22259,2020-01-26,IM,Isle of Man,,0,0,0,0
22260,2020-02-02,IM,Isle of Man,,0,0,0,0
22261,2020-02-09,IM,Isle of Man,,0,0,0,0
22262,2020-02-16,IM,Isle of Man,,0,0,0,0
22263,2020-02-23,IM,Isle of Man,,0,0,0,0
22264,2020-03-01,IM,Isle of Man,,0,0,0,0
22265,2020-03-08,IM,Isle of Man,,0,0,0,0
22266,2020-03-15,IM,Isle of Man,,0,0,0,0
22267,2020-03-22,IM,Isle of Man,,2,2,0,0
22268,2020-03-29,IM,Isle of Man,,30,32,0,0
22269,2020-04-05,IM,Isle of Man,,88,120,1,1
22270,2020-04-12,IM,Isle of Man,,86,206,5,6
22271,2020-04-19,IM,Isle of Man,,87,293,3,9
22272,2020-04-26,IM,Isle of Man,,17,310,14,23
22273,2020-05-03,IM,Isle of Man,,11,321,5,28
22274,2020-05-10,IM,Isle of Man,,10,331,5,33
22275,2020-05-17,IM,Isle of Man,,6,337,1,34
22276,2020-05-24,IM,Isle of Man,,1,338,0,34
22277,2020-05-31,IM,Isle of Man,,0,338,0,34
22278,2020-06-07,IM,Isle of Man,,0,338,0,34
22279,2020-06-14,IM,Isle of Man,,0,338,0,34
22280,2020-06-21,IM,Isle of Man,,0,338,0,34
22281,2020-06-28,IM,Isle of Man,,0,338,0,34
22282,2020-07-05,IM,Isle of Man,,0,338,0,34
22283,2020-07-12,IM,Isle of Man,,0,338,0,34
22284,2020-07-19,IM,Isle of Man,,0,338,0,34
22285,2020-07-26,IM,Isle of Man,,0,338,0,34
22286,2020-08-02,IM,Isle of Man,,0,338,0,34
22287,2020-08-09,IM,Isle of Man,,0,338,0,34
22288,2020-08-16,IM,Isle of Man,,0,338,0,34
22289,2020-08-23,IM,Isle of Man,,0,338,0,34
22290,2020-08-30,IM,Isle of Man,,0,338,0,34
22291,2020-09-06,IM,Isle of Man,,0,338,0,34
22292,2020-09-13,IM,Isle of Man,,1,339,0,34
22293,2020-09-20,IM,Isle of Man,,2,341,0,34
22294,2020-09-27,IM,Isle of Man,,1,342,0,34
22295,2020-10-04,IM,Isle of Man,,1,343,0,34
22296,2020-10-11,IM,Isle of Man,,4,347,0,34
22297,2020-10-18,IM,Isle of Man,,3,350,0,34
22298,2020-10-25,IM,Isle of Man,,0,350,0,34
22299,2020-11-01,IM,Isle of Man,,5,355,0,34
22300,2020-11-08,IM,Isle of Man,,4,359,0,34
22301,2020-11-15,IM,Isle of Man,,6,365,1,35
22302,2020-11-22,IM,Isle of Man,,5,370,0,35
22303,2020-11-29,IM,Isle of Man,,1,371,0,35
22304,2020-12-06,IM,Isle of Man,,1,372,0,35
22305,2020-12-13,IM,Isle of Man,,0,372,0,35
22306,2020-12-20,IM,Isle of Man,,3,375,0,35
22307,2020-12-27,IM,Isle of Man,,2,377,0,35
22308,2021-01-03,IM,Isle of Man,,5,382,0,35
22309,2021-01-10,IM,Isle of Man,,14,396,0,35
22310,2021-01-17,IM,Isle of Man,,32,428,0,35
22311,2021-01-24,IM,Isle of Man,,4,432,0,35
22312,2021-01-31,IM,Isle of Man,,2,434,0,35
22313,2021-02-07,IM,Isle of Man,,0,434,0,35
22314,2021-02-14,IM,Isle of Man,,2,436,0,35
22315,2021-02-21,IM,Isle of Man,,13,449,0,35
22316,2021-02-28,IM,Isle of Man,,34,483,0,35
22317,2021-03-07,IM,Isle of Man,,192,675,0,35
22318,2021-03-14,IM,Isle of Man,,556,1231,1,36
22319,2021-03-21,IM,Isle of Man,,229,1460,0,36
22320,2021-03-28,IM,Isle of Man,,93,1553,3,39
22321,2021-04-04,IM,Isle of Man,,16,1569,0,39
22322,2021-04-11,IM,Isle of Man,,4,1573,0,39
22323,2021-04-18,IM,Isle of Man,,0,1573,0,39
22324,2021-04-25,IM,Isle of Man,,10,1583,0,39
22325,2021-05-02,IM,Isle of Man,,4,1587,0,39
22326,2021-05-09,IM,Isle of Man,,1,1588,0,39
22327,2021-05-16,IM,Isle of Man,,0,1588,0,39
22328,2021-05-23,IM,Isle of Man,,1,1589,0,39
22329,2021-05-30,IM,Isle of Man,,2,1591,0,39
22330,2021-06-06,IM,Isle of Man,,5,1596,0,39
22331,2021-06-13,IM,Isle of Man,,2,1598,0,39
22332,2021-06-20,IM,Isle of Man,,0,1598,0,39
22333,2021-06-27,IM,Isle of Man,,7,1605,0,39
22334,2021-07-04,IM,Isle of Man,,29,1634,0,39
22335,2021-07-11,IM,Isle of Man,,53,1687,0,39
22336,2021-07-18,IM,Isle of Man,,512,2199,0,39
22337,2021-07-25,IM,Isle of Man,,1576,3775,0,39
22338,2021-08-01,IM,Isle of Man,,952,4727,4,43
22339,2021-08-08,IM,Isle of Man,,696,5423,3,46
22340,2021-08-15,IM,Isle of Man,,484,5907,1,47
22341,2021-08-22,IM,Isle of Man,,358,6265,1,48
22342,2021-08-29,IM,Isle of Man,,310,6575,0,48
22343,2021-09-05,IM,Isle of Man,,224,6799,0,48
22344,2021-09-12,IM,Isle of Man,,188,6987,1,49
22345,2021-09-19,IM,Isle of Man,,148,7135,1,50
22346,2021-09-26,IM,Isle of Man,,228,7363,1,51
22347,2021-10-03,IM,Isle of Man,,271,7634,1,52
22348,2021-10-10,IM,Isle of Man,,393,8027,2,54
22349,2021-10-17,IM,Isle of Man,,478,8505,2,56
22350,2021-10-24,IM,Isle of Man,,601,9106,1,57
22351,2021-10-31,IM,Isle of Man,,538,9644,0,57
22352,2021-11-07,IM,Isle of Man,,297,9941,3,60
22353,2021-11-14,IM,Isle of Man,,284,10225,4,64
22354,2021-11-21,IM,Isle of Man,,332,10557,2,66
22355,2021-11-28,IM,Isle of Man,,528,11085,0,66
22356,2021-12-05,IM,Isle of Man,,789,11874,1,67
22357,2021-12-12,IM,Isle of Man,,651,12525,0,67
22358,2021-12-19,IM,Isle of Man,,514,13039,0,67
22359,2021-12-26,IM,Isle of Man,,874,13913,0,67
22360,2022-01-02,IM,Isle of Man,,2394,16307,0,67
22361,2022-01-09,IM,Isle of Man,,2474,18781,1,68
22362,2022-01-16,IM,Isle of Man,,1156,19937,2,70
22363,2022-01-23,IM,Isle of Man,,785,20722,0,70
22364,2022-01-30,IM,Isle of Man,,611,21333,1,71
22365,2022-02-06,IM,Isle of Man,,465,21798,2,73
22366,2022-02-13,IM,Isle of Man,,258,22056,4,77
22367,2022-02-20,IM,Isle of Man,,245,22301,2,79
22368,2022-02-27,IM,Isle of Man,,376,22677,1,80
22369,2022-03-06,IM,Isle of Man,,736,23413,0,80
22370,2022-03-13,IM,Isle of Man,,903,24316,1,81
22371,2022-03-20,IM,Isle of Man,,1814,26130,0,81
22372,2022-03-27,IM,Isle of Man,,1637,27767,1,82
22373,2022-04-03,IM,Isle of Man,,1123,28890,2,84
22374,2022-04-10,IM,Isle of Man,,1279,30169,3,87
22375,2022-04-17,IM,Isle of Man,,0,30169,0,87
22376,2022-04-24,IM,Isle of Man,,1497,31666,11,98
22377,2022-05-01,IM,Isle of Man,,539,32205,4,102
22378,2022-05-08,IM,Isle of Man,,219,32424,2,104
22379,2022-05-15,IM,Isle of Man,,176,32600,1,105
22380,2022-05-22,IM,Isle of Man,,194,32794,0,105
22381,2022-05-29,IM,Isle of Man,,172,32966,1,106
22382,2022-06-05,IM,Isle of Man,,132,33098,1,107
22383,2022-06-12,IM,Isle of Man,,153,33251,0,107
22384,2022-06-19,IM,Isle of Man,,570,33821,0,107
22385,2022-06-26,IM,Isle of Man,,0,33821,1,108
22386,2022-07-03,IM,Isle of Man,,2642,36463,0,108
22387,2022-07-10,IM,Isle of Man,,535,36998,2,110
22388,2022-07-17,IM,Isle of Man,,241,37239,0,110
22389,2022-07-24,IM,Isle of Man,,299,37538,1,111
22390,2022-07-31,IM,Isle of Man,,158,37696,3,114
22391,2022-08-07,IM,Isle of Man,,98,37794,0,114
22392,2022-08-14,IM,Isle of Man,,0,37794,0,114
22393,2022-08-21,IM,Isle of Man,,0,37794,1,115
22394,2022-08-28,IM,Isle of Man,,214,38008,1,116
22395,2022-09-04,IM,Isle of Man,,0,38008,0,116
22396,2022-09-11,IM,Isle of Man,,0,38008,0,116
22397,2022-09-18,IM,Isle of Man,,0,38008,0,116
22398,2022-09-25,IM,Isle of Man,,0,38008,0,116
22399,2022-10-02,IM,Isle of Man,,0,38008,0,116
22400,2022-10-09,IM,Isle of Man,,0,38008,0,116
22401,2022-10-16,IM,Isle of Man,,0,38008,0,116
22402,2022-10-23,IM,Isle of Man,,0,38008,0,116
22403,2022-10-30,IM,Isle of Man,,0,38008,0,116
22404,2022-11-06,IM,Isle of Man,,0,38008,0,116
22405,2022-11-13,IM,Isle of Man,,0,38008,0,116
22406,2022-11-20,IM,Isle of Man,,0,38008,0,116
22407,2022-11-27,IM,Isle of Man,,0,38008,0,116
22408,2022-12-04,IM,Isle of Man,,0,38008,0,116
22409,2022-12-11,IM,Isle of Man,,0,38008,0,116
22410,2022-12-18,IM,Isle of Man,,0,38008,0,116
22411,2022-12-25,IM,Isle of Man,,0,38008,0,116
22412,2023-01-01,IM,Isle of Man,,0,38008,0,116
22413,2023-01-08,IM,Isle of Man,,0,38008,0,116
22414,2023-01-15,IM,Isle of Man,,0,38008,0,116
22415,2023-01-22,IM,Isle of Man,,0,38008,0,116
22416,2023-01-29,IM,Isle of Man,,0,38008,0,116
22417,2023-02-05,IM,Isle of Man,,0,38008,0,116
22418,2023-02-12,IM,Isle of Man,,0,38008,0,116
22419,2023-02-19,IM,Isle of Man,,0,38008,0,116
22420,2023-02-26,IM,Isle of Man,,0,38008,0,116
22421,2023-03-05,IM,Isle of Man,,0,38008,0,116
22422,2023-03-12,IM,Isle of Man,,0,38008,0,116
22423,2023-03-19,IM,Isle of Man,,0,38008,0,116
22424,2023-03-26,IM,Isle of Man,,0,38008,0,116
22425,2023-04-02,IM,Isle of Man,,0,38008,0,116
22426,2023-04-09,IM,Isle of Man,,0,38008,0,116
22427,2023-04-16,IM,Isle of Man,,0,38008,0,116
22428,2023-04-23,IM,Isle of Man,,0,38008,0,116
22429,2023-04-30,IM,Isle of Man,,0,38008,0,116
22430,2023-05-07,IM,Isle of Man,,0,38008,0,116
22431,2023-05-14,IM,Isle of Man,,0,38008,0,116
22432,2023-05-21,IM,Isle of Man,,0,38008,0,116
22433,2023-05-28,IM,Isle of Man,,0,38008,0,116
22434,2023-06-04,IM,Isle of Man,,0,38008,0,116
22435,2023-06-11,IM,Isle of Man,,0,38008,0,116
22436,2023-06-18,IM,Isle of Man,,0,38008,0,116
22437,2023-06-25,IM,Isle of Man,,0,38008,0,116
22438,2023-07-02,IM,Isle of Man,,0,38008,0,116
22439,2023-07-09,IM,Isle of Man,,0,38008,0,116
22440,2023-07-16,IM,Isle of Man,,0,38008,0,116
22441,2023-07-23,IM,Isle of Man,,0,38008,0,116
22442,2023-07-30,IM,Isle of Man,,0,38008,0,116
22443,2023-08-06,IM,Isle of Man,,0,38008,0,116
22444,2023-08-13,IM,Isle of Man,,0,38008,0,116
22445,2023-08-20,IM,Isle of Man,,0,38008,0,116
22446,2023-08-27,IM,Isle of Man,,0,38008,0,116
22447,2023-09-03,IM,Isle of Man,,0,38008,0,116
22448,2023-09-10,IM,Isle of Man,,0,38008,0,116
22449,2023-09-17,IM,Isle of Man,,0,38008,0,116
22450,2023-09-24,IM,Isle of Man,,0,38008,0,116
22451,2023-10-01,IM,Isle of Man,,0,38008,0,116
22452,2023-10-08,IM,Isle of Man,,0,38008,0,116
22453,2023-10-15,IM,Isle of Man,,0,38008,0,116
22454,2023-10-22,IM,Isle of Man,,0,38008,0,116
22455,2023-10-29,IM,Isle of Man,,0,38008,0,116
22456,2023-11-05,IM,Isle of Man,,0,38008,0,116
22457,2023-11-12,IM,Isle of Man,,0,38008,0,116
22458,2023-11-19,IM,Isle of Man,,0,38008,0,116
22459,2023-11-26,IM,Isle of Man,,0,38008,0,116
22460,2023-12-03,IM,Isle of Man,,0,38008,0,116
22461,2023-12-10,IM,Isle of Man,,0,38008,0,116
22462,2023-12-17,IM,Isle of Man,,0,38008,0,116
22463,2023-12-24,IM,Isle of Man,,0,38008,0,116
22464,2020-01-05,IL,Israel,EURO,0,0,0,0
22465,2020-01-12,IL,Israel,EURO,0,0,0,0
22466,2020-01-19,IL,Israel,EURO,0,0,0,0
22467,2020-01-26,IL,Israel,EURO,0,0,0,0
22468,2020-02-02,IL,Israel,EURO,0,0,0,0
22469,2020-02-09,IL,Israel,EURO,0,0,0,0
22470,2020-02-16,IL,Israel,EURO,9,9,0,0
22471,2020-02-23,IL,Israel,EURO,1,10,0,0
22472,2020-03-01,IL,Israel,EURO,5,15,0,0
22473,2020-03-08,IL,Israel,EURO,26,41,0,0
22474,2020-03-15,IL,Israel,EURO,151,192,0,0
22475,2020-03-22,IL,Israel,EURO,844,1036,1,1
22476,2020-03-29,IL,Israel,EURO,2868,3904,12,13
22477,2020-04-05,IL,Israel,EURO,4259,8163,36,49
22478,2020-04-12,IL,Israel,EURO,2786,10949,54,103
22479,2020-04-19,IL,Israel,EURO,2567,13516,63,166
22480,2020-04-26,IL,Israel,EURO,1759,15275,37,203
22481,2020-05-03,IL,Israel,EURO,768,16043,30,233
22482,2020-05-10,IL,Israel,EURO,293,16336,19,252
22483,2020-05-17,IL,Israel,EURO,169,16505,21,273
22484,2020-05-24,IL,Israel,EURO,121,16626,10,283
22485,2020-05-31,IL,Israel,EURO,344,16970,6,289
22486,2020-06-07,IL,Israel,EURO,752,17722,11,300
22487,2020-06-14,IL,Israel,EURO,1260,18982,5,305
22488,2020-06-21,IL,Israel,EURO,1676,20658,5,310
22489,2020-06-28,IL,Israel,EURO,2831,23489,16,326
22490,2020-07-05,IL,Israel,EURO,5810,29299,15,341
22491,2020-07-12,IL,Israel,EURO,8756,38055,34,375
22492,2020-07-19,IL,Israel,EURO,11408,49463,53,428
22493,2020-07-26,IL,Israel,EURO,11867,61330,68,496
22494,2020-08-02,IL,Israel,EURO,10932,72262,83,579
22495,2020-08-09,IL,Israel,EURO,10106,82368,82,661
22496,2020-08-16,IL,Israel,EURO,9839,92207,88,749
22497,2020-08-23,IL,Israel,EURO,9687,101894,87,836
22498,2020-08-30,IL,Israel,EURO,11652,113546,88,924
22499,2020-09-06,IL,Israel,EURO,15508,129054,108,1032
22500,2020-09-13,IL,Israel,EURO,23881,152935,113,1145
22501,2020-09-20,IL,Israel,EURO,32590,185525,145,1290
22502,2020-09-27,IL,Israel,EURO,43128,228653,190,1480
22503,2020-10-04,IL,Israel,EURO,35988,264641,241,1721
22504,2020-10-11,IL,Israel,EURO,25121,289762,257,1978
22505,2020-10-18,IL,Israel,EURO,12757,302519,245,2223
22506,2020-10-25,IL,Israel,EURO,6926,309445,190,2413
22507,2020-11-01,IL,Israel,EURO,4652,314097,156,2569
22508,2020-11-08,IL,Israel,EURO,4530,318627,113,2682
22509,2020-11-15,IL,Israel,EURO,4585,323212,60,2742
22510,2020-11-22,IL,Israel,EURO,5091,328303,68,2810
22511,2020-11-29,IL,Israel,EURO,6362,334665,58,2868
22512,2020-12-06,IL,Israel,EURO,9033,343698,60,2928
22513,2020-12-13,IL,Israel,EURO,11998,355696,80,3008
22514,2020-12-20,IL,Israel,EURO,17326,373022,103,3111
22515,2020-12-27,IL,Israel,EURO,26083,399105,131,3242
22516,2021-01-03,IL,Israel,EURO,36643,435748,191,3433
22517,2021-01-10,IL,Israel,EURO,50749,486497,244,3677
22518,2021-01-17,IL,Israel,EURO,58256,544753,341,4018
22519,2021-01-24,IL,Israel,EURO,49873,594626,366,4384
22520,2021-01-31,IL,Israel,EURO,45816,640442,381,4765
22521,2021-02-07,IL,Israel,EURO,46171,686613,348,5113
22522,2021-02-14,IL,Israel,EURO,35955,722568,248,5361
22523,2021-02-21,IL,Israel,EURO,25826,748394,205,5566
22524,2021-02-28,IL,Israel,EURO,25825,774219,177,5743
22525,2021-03-07,IL,Israel,EURO,26152,800371,132,5875
22526,2021-03-14,IL,Israel,EURO,17889,818260,115,5990
22527,2021-03-21,IL,Israel,EURO,9371,827631,101,6091
22528,2021-03-28,IL,Israel,EURO,4543,832174,77,6168
22529,2021-04-04,IL,Israel,EURO,2360,834534,81,6249
22530,2021-04-11,IL,Israel,EURO,1684,836218,59,6308
22531,2021-04-18,IL,Israel,EURO,1052,837270,43,6351
22532,2021-04-25,IL,Israel,EURO,984,838254,24,6375
22533,2021-05-02,IL,Israel,EURO,624,838878,16,6391
22534,2021-05-09,IL,Israel,EURO,404,839282,13,6404
22535,2021-05-16,IL,Israel,EURO,261,839543,8,6412
22536,2021-05-23,IL,Israel,EURO,209,839752,7,6419
22537,2021-05-30,IL,Israel,EURO,150,839902,6,6425
22538,2021-06-06,IL,Israel,EURO,115,840017,4,6429
22539,2021-06-13,IL,Israel,EURO,92,840109,3,6432
22540,2021-06-20,IL,Israel,EURO,184,840293,3,6435
22541,2021-06-27,IL,Israel,EURO,1095,841388,1,6436
22542,2021-07-04,IL,Israel,EURO,2005,843393,0,6436
22543,2021-07-11,IL,Israel,EURO,3244,846637,5,6441
22544,2021-07-18,IL,Israel,EURO,5222,851859,12,6453
22545,2021-07-25,IL,Israel,EURO,8764,860623,14,6467
22546,2021-08-01,IL,Israel,EURO,14859,875482,26,6493
22547,2021-08-08,IL,Israel,EURO,23515,898997,75,6568
22548,2021-08-15,IL,Israel,EURO,38065,937062,124,6692
22549,2021-08-22,IL,Israel,EURO,51170,988232,163,6855
22550,2021-08-29,IL,Israel,EURO,61130,1049362,193,7048
22551,2021-09-05,IL,Israel,EURO,66012,1115374,208,7256
22552,2021-09-12,IL,Israel,EURO,55065,1170439,171,7427
22553,2021-09-19,IL,Israel,EURO,54413,1224852,146,7573
22554,2021-09-26,IL,Israel,EURO,40329,1265181,143,7716
22555,2021-10-03,IL,Israel,EURO,24955,1290136,129,7845
22556,2021-10-10,IL,Israel,EURO,16145,1306281,101,7946
22557,2021-10-17,IL,Israel,EURO,11082,1317363,82,8028
22558,2021-10-24,IL,Israel,EURO,7222,1324585,45,8073
22559,2021-10-31,IL,Israel,EURO,4653,1329238,47,8120
22560,2021-11-07,IL,Israel,EURO,3775,1333013,22,8142
22561,2021-11-14,IL,Israel,EURO,3104,1336117,25,8167
22562,2021-11-21,IL,Israel,EURO,3191,1339308,22,8189
22563,2021-11-28,IL,Israel,EURO,3564,1342872,12,8201
22564,2021-12-05,IL,Israel,EURO,3636,1346508,15,8216
22565,2021-12-12,IL,Israel,EURO,4294,1350802,16,8232
22566,2021-12-19,IL,Israel,EURO,4887,1355689,13,8245
22567,2021-12-26,IL,Israel,EURO,9079,1364768,6,8251
22568,2022-01-02,IL,Israel,EURO,26891,1391659,11,8262
22569,2022-01-09,IL,Israel,EURO,112884,1504543,24,8286
22570,2022-01-16,IL,Israel,EURO,308975,1813518,74,8360
22571,2022-01-23,IL,Israel,EURO,494733,2308251,193,8553
22572,2022-01-30,IL,Israel,EURO,474410,2782661,336,8889
22573,2022-02-06,IL,Israel,EURO,382736,3165397,434,9323
22574,2022-02-13,IL,Israel,EURO,241078,3406475,439,9762
22575,2022-02-20,IL,Israel,EURO,135580,3542055,262,10024
22576,2022-02-27,IL,Israel,EURO,77870,3619925,192,10216
22577,2022-03-06,IL,Israel,EURO,53061,3672986,134,10350
22578,2022-03-13,IL,Israel,EURO,43758,3716744,71,10421
22579,2022-03-20,IL,Israel,EURO,47811,3764555,58,10479
22580,2022-03-27,IL,Israel,EURO,88966,3853521,50,10529
22581,2022-04-03,IL,Israel,EURO,86177,3939698,63,10592
22582,2022-04-10,IL,Israel,EURO,57296,3996994,60,10652
22583,2022-04-17,IL,Israel,EURO,34453,4031447,48,10700
22584,2022-04-24,IL,Israel,EURO,25894,4057341,46,10746
22585,2022-05-01,IL,Israel,EURO,21226,4078567,36,10782
22586,2022-05-08,IL,Israel,EURO,14419,4092986,30,10812
22587,2022-05-15,IL,Israel,EURO,15310,4108296,20,10832
22588,2022-05-22,IL,Israel,EURO,14797,4123093,23,10855
22589,2022-05-29,IL,Israel,EURO,13249,4136342,11,10866
22590,2022-06-05,IL,Israel,EURO,16478,4152820,14,10880
22591,2022-06-12,IL,Israel,EURO,29452,4182272,13,10893
22592,2022-06-19,IL,Israel,EURO,47448,4229720,18,10911
22593,2022-06-26,IL,Israel,EURO,67821,4297541,49,10960
22594,2022-07-03,IL,Israel,EURO,74269,4371810,89,11049
22595,2022-07-10,IL,Israel,EURO,73628,4445438,96,11145
22596,2022-07-17,IL,Israel,EURO,60205,4505643,103,11248
22597,2022-07-24,IL,Israel,EURO,43530,4549173,99,11347
22598,2022-07-31,IL,Israel,EURO,30706,4579879,82,11429
22599,2022-08-07,IL,Israel,EURO,21063,4600942,70,11499
22600,2022-08-14,IL,Israel,EURO,13168,4614110,52,11551
22601,2022-08-21,IL,Israel,EURO,9188,4623298,43,11594
22602,2022-08-28,IL,Israel,EURO,6922,4630220,41,11635
22603,2022-09-04,IL,Israel,EURO,6023,4636243,26,11661
22604,2022-09-11,IL,Israel,EURO,6094,4642337,16,11677
22605,2022-09-18,IL,Israel,EURO,7637,4649974,15,11692
22606,2022-09-25,IL,Israel,EURO,7584,4657558,9,11701
22607,2022-10-02,IL,Israel,EURO,6116,4663674,13,11714
22608,2022-10-09,IL,Israel,EURO,4937,4668611,17,11731
22609,2022-10-16,IL,Israel,EURO,4311,4672922,17,11748
22610,2022-10-23,IL,Israel,EURO,4605,4677527,18,11766
22611,2022-10-30,IL,Israel,EURO,5518,4683045,16,11782
22612,2022-11-06,IL,Israel,EURO,6333,4689378,15,11797
22613,2022-11-13,IL,Israel,EURO,7173,4696551,16,11813
22614,2022-11-20,IL,Israel,EURO,8825,4705376,23,11836
22615,2022-11-27,IL,Israel,EURO,10228,4715604,24,11860
22616,2022-12-04,IL,Israel,EURO,11231,4726835,39,11899
22617,2022-12-11,IL,Israel,EURO,10967,4737802,44,11943
22618,2022-12-18,IL,Israel,EURO,10321,4748123,42,11985
22619,2022-12-25,IL,Israel,EURO,8581,4756704,41,12026
22620,2023-01-01,IL,Israel,EURO,7374,4764078,41,12067
22621,2023-01-08,IL,Israel,EURO,6639,4770717,46,12113
22622,2023-01-15,IL,Israel,EURO,5328,4776045,24,12137
22623,2023-01-22,IL,Israel,EURO,4576,4780621,36,12173
22624,2023-01-29,IL,Israel,EURO,4168,4784789,26,12199
22625,2023-02-05,IL,Israel,EURO,3442,4788231,26,12225
22626,2023-02-12,IL,Israel,EURO,2878,4791109,19,12244
22627,2023-02-19,IL,Israel,EURO,3097,4794206,21,12265
22628,2023-02-26,IL,Israel,EURO,3552,4797758,26,12291
22629,2023-03-05,IL,Israel,EURO,3657,4801415,25,12316
22630,2023-03-12,IL,Israel,EURO,3462,4804877,23,12339
22631,2023-03-19,IL,Israel,EURO,3838,4808715,32,12371
22632,2023-03-26,IL,Israel,EURO,3192,4811907,22,12393
22633,2023-04-02,IL,Israel,EURO,2791,4814698,24,12417
22634,2023-04-09,IL,Israel,EURO,1969,4816667,16,12433
22635,2023-04-16,IL,Israel,EURO,1852,4818519,22,12455
22636,2023-04-23,IL,Israel,EURO,1956,4820475,25,12480
22637,2023-04-30,IL,Israel,EURO,1334,4821809,19,12499
22638,2023-05-07,IL,Israel,EURO,1540,4823349,12,12511
22639,2023-05-14,IL,Israel,EURO,1169,4824518,7,12518
22640,2023-05-21,IL,Israel,EURO,850,4825368,16,12534
22641,2023-05-28,IL,Israel,EURO,688,4826056,7,12541
22642,2023-06-04,IL,Israel,EURO,745,4826801,9,12550
22643,2023-06-11,IL,Israel,EURO,735,4827536,8,12558
22644,2023-06-18,IL,Israel,EURO,601,4828137,6,12564
22645,2023-06-25,IL,Israel,EURO,597,4828734,3,12567
22646,2023-07-02,IL,Israel,EURO,514,4829248,6,12573
22647,2023-07-09,IL,Israel,EURO,497,4829745,6,12579
22648,2023-07-16,IL,Israel,EURO,539,4830284,4,12583
22649,2023-07-23,IL,Israel,EURO,535,4830819,6,12589
22650,2023-07-30,IL,Israel,EURO,563,4831382,8,12597
22651,2023-08-06,IL,Israel,EURO,541,4831923,10,12607
22652,2023-08-13,IL,Israel,EURO,601,4832524,17,12624
22653,2023-08-20,IL,Israel,EURO,747,4833271,9,12633
22654,2023-08-27,IL,Israel,EURO,866,4834137,10,12643
22655,2023-09-03,IL,Israel,EURO,985,4835122,9,12652
22656,2023-09-10,IL,Israel,EURO,1048,4836170,16,12668
22657,2023-09-17,IL,Israel,EURO,1269,4837439,10,12678
22658,2023-09-24,IL,Israel,EURO,1464,4838903,9,12687
22659,2023-10-01,IL,Israel,EURO,1038,4839941,10,12697
22660,2023-10-08,IL,Israel,EURO,784,4840725,0,12697
22661,2023-10-15,IL,Israel,EURO,389,4841114,1,12698
22662,2023-10-22,IL,Israel,EURO,264,4841378,5,12703
22663,2023-10-29,IL,Israel,EURO,180,4841558,4,12707
22664,2023-11-05,IL,Israel,EURO,198,4841756,0,12707
22665,2023-11-12,IL,Israel,EURO,16,4841772,0,12707
22666,2023-11-19,IL,Israel,EURO,0,4841772,0,12707
22667,2023-11-26,IL,Israel,EURO,0,4841772,0,12707
22668,2023-12-03,IL,Israel,EURO,0,4841772,0,12707
22669,2023-12-10,IL,Israel,EURO,0,4841772,0,12707
22670,2023-12-17,IL,Israel,EURO,0,4841772,0,12707
22671,2023-12-24,IL,Israel,EURO,0,4841772,0,12707
22672,2020-01-05,IT,Italy,EURO,0,0,0,0
22673,2020-01-12,IT,Italy,EURO,0,0,0,0
22674,2020-01-19,IT,Italy,EURO,0,0,0,0
22675,2020-01-26,IT,Italy,EURO,0,0,0,0
22676,2020-02-02,IT,Italy,EURO,3,3,0,0
22677,2020-02-09,IT,Italy,EURO,0,3,0,0
22678,2020-02-16,IT,Italy,EURO,0,3,0,0
22679,2020-02-23,IT,Italy,EURO,76,79,2,2
22680,2020-03-01,IT,Italy,EURO,1049,1128,27,29
22681,2020-03-08,IT,Italy,EURO,4755,5883,204,233
22682,2020-03-15,IT,Italy,EURO,15274,21157,1208,1441
22683,2020-03-22,IT,Italy,EURO,32421,53578,3384,4825
22684,2020-03-29,IT,Italy,EURO,38894,92472,5198,10023
22685,2020-04-05,IT,Italy,EURO,32160,124632,5339,15362
22686,2020-04-12,IT,Italy,EURO,27639,152271,4106,19468
22687,2020-04-19,IT,Italy,EURO,23654,175925,3759,23227
22688,2020-04-26,IT,Italy,EURO,19426,195351,3157,26384
22689,2020-05-03,IT,Italy,EURO,13977,209328,2326,28710
22690,2020-05-10,IT,Italy,EURO,8940,218268,1685,30395
22691,2020-05-17,IT,Italy,EURO,6492,224760,1368,31763
22692,2020-05-24,IT,Italy,EURO,4567,229327,972,32735
22693,2020-05-31,IT,Italy,EURO,3337,232664,605,33340
22694,2020-06-07,IT,Italy,EURO,2137,234801,506,33846
22695,2020-06-14,IT,Italy,EURO,1850,236651,455,34301
22696,2020-06-21,IT,Italy,EURO,2023,238674,309,34610
22697,2020-06-28,IT,Italy,EURO,1861,240535,106,34716
22698,2020-07-05,IT,Italy,EURO,1283,241818,138,34854
22699,2020-07-12,IT,Italy,EURO,1408,243226,91,34945
22700,2020-07-19,IT,Italy,EURO,1389,244615,97,35042
22701,2020-07-26,IT,Italy,EURO,1648,246263,60,35102
22702,2020-08-02,IT,Italy,EURO,1968,248231,44,35146
22703,2020-08-09,IT,Italy,EURO,2271,250502,57,35203
22704,2020-08-16,IT,Italy,EURO,3335,253837,189,35392
22705,2020-08-23,IT,Italy,EURO,4698,258535,38,35430
22706,2020-08-30,IT,Italy,EURO,8717,267252,43,35473
22707,2020-09-06,IT,Italy,EURO,9484,276736,60,35533
22708,2020-09-13,IT,Italy,EURO,9960,286696,70,35603
22709,2020-09-20,IT,Italy,EURO,10272,296968,89,35692
22710,2020-09-27,IT,Italy,EURO,11535,308503,126,35818
22711,2020-10-04,IT,Italy,EURO,14647,323150,150,35968
22712,2020-10-11,IT,Italy,EURO,26743,349893,172,36140
22713,2020-10-18,IT,Italy,EURO,53042,402935,334,36474
22714,2020-10-25,IT,Italy,EURO,101973,504908,736,37210
22715,2020-11-01,IT,Italy,EURO,174921,679829,1408,38618
22716,2020-11-08,IT,Italy,EURO,223060,902889,2445,41063
22717,2020-11-15,IT,Italy,EURO,242062,1144951,3620,44683
22718,2020-11-22,IT,Italy,EURO,235979,1380930,4578,49261
22719,2020-11-29,IT,Italy,EURO,184001,1564931,5102,54363
22720,2020-12-06,IT,Italy,EURO,145459,1710390,5151,59514
22721,2020-12-13,IT,Italy,EURO,115784,1826174,4522,64036
22722,2020-12-20,IT,Italy,EURO,112308,1938482,4411,68447
22723,2020-12-27,IT,Italy,EURO,100700,2039182,3180,71627
22724,2021-01-03,IT,Italy,EURO,102019,2141201,3358,74985
22725,2021-01-10,IT,Italy,EURO,116665,2257866,3409,78394
22726,2021-01-17,IT,Italy,EURO,110867,2368733,3406,81800
22727,2021-01-24,IT,Italy,EURO,86452,2455185,3362,85162
22728,2021-01-31,IT,Italy,EURO,86598,2541783,3117,88279
22729,2021-02-07,IT,Italy,EURO,83315,2625098,2724,91003
22730,2021-02-14,IT,Italy,EURO,85721,2710819,2353,93356
22731,2021-02-21,IT,Italy,EURO,84977,2795796,2130,95486
22732,2021-02-28,IT,Italy,EURO,112029,2907825,2021,97507
22733,2021-03-07,IT,Italy,EURO,138937,3046762,2071,99578
22734,2021-03-14,IT,Italy,EURO,155076,3201838,2303,101881
22735,2021-03-21,IT,Italy,EURO,154493,3356331,2761,104642
22736,2021-03-28,IT,Italy,EURO,156059,3512390,2994,107636
22737,2021-04-04,IT,Italy,EURO,137857,3650247,3068,110704
22738,2021-04-11,IT,Italy,EURO,103830,3754077,3219,113923
22739,2021-04-18,IT,Italy,EURO,103366,3857443,2753,116676
22740,2021-04-25,IT,Italy,EURO,92074,3949517,2345,119021
22741,2021-05-02,IT,Italy,EURO,86100,4035617,2012,121033
22742,2021-05-09,IT,Italy,EURO,67304,4102921,1661,122694
22743,2021-05-16,IT,Italy,EURO,50453,4153374,1369,124063
22744,2021-05-23,IT,Italy,EURO,34816,4188190,1090,125153
22745,2021-05-30,IT,Italy,EURO,24865,4213055,849,126002
22746,2021-06-06,IT,Italy,EURO,17098,4230153,470,126472
22747,2021-06-13,IT,Italy,EURO,13329,4243482,504,126976
22748,2021-06-20,IT,Italy,EURO,8613,4252095,277,127253
22749,2021-06-27,IT,Italy,EURO,5194,4257289,205,127458
22750,2021-07-04,IT,Italy,EURO,5222,4262511,179,127637
22751,2021-07-11,IT,Italy,EURO,7374,4269885,131,127768
22752,2021-07-18,IT,Italy,EURO,14447,4284332,96,127864
22753,2021-07-25,IT,Italy,EURO,28341,4312673,78,127942
22754,2021-08-01,IT,Italy,EURO,37355,4350028,121,128063
22755,2021-08-08,IT,Italy,EURO,40656,4390684,146,128209
22756,2021-08-15,IT,Italy,EURO,44324,4435008,204,128413
22757,2021-08-22,IT,Italy,EURO,43683,4478691,315,128728
22758,2021-08-29,IT,Italy,EURO,45601,4524292,328,129056
22759,2021-09-05,IT,Italy,EURO,41834,4566126,410,129466
22760,2021-09-12,IT,Italy,EURO,35623,4601749,419,129885
22761,2021-09-19,IT,Italy,EURO,30526,4632275,399,130284
22762,2021-09-26,IT,Italy,EURO,24940,4657215,369,130653
22763,2021-10-03,IT,Italy,EURO,21852,4679067,345,130998
22764,2021-10-10,IT,Italy,EURO,18971,4698038,276,131274
22765,2021-10-17,IT,Italy,EURO,17426,4715464,243,131517
22766,2021-10-24,IT,Italy,EURO,21998,4737462,285,131802
22767,2021-10-31,IT,Italy,EURO,29978,4767440,272,132074
22768,2021-11-07,IT,Italy,EURO,34785,4802225,291,132365
22769,2021-11-14,IT,Italy,EURO,50271,4852496,374,132739
22770,2021-11-21,IT,Italy,EURO,63485,4915981,392,133131
22771,2021-11-28,IT,Italy,EURO,78910,4994891,496,133627
22772,2021-12-05,IT,Italy,EURO,99181,5094072,525,134152
22773,2021-12-12,IT,Italy,EURO,112233,5206305,613,134765
22774,2021-12-19,IT,Italy,EURO,158547,5364852,779,135544
22775,2021-12-26,IT,Italy,EURO,257579,5622431,986,136530
22776,2022-01-02,IT,Italy,EURO,644604,6267035,983,137513
22777,2022-01-09,IT,Italy,EURO,1014262,7281297,1368,138881
22778,2022-01-16,IT,Italy,EURO,1268153,8549450,1975,140856
22779,2022-01-23,IT,Italy,EURO,1231741,9781191,2440,143296
22780,2022-01-30,IT,Italy,EURO,1040184,10821375,2618,145914
22781,2022-02-06,IT,Italy,EURO,721418,11542793,2628,148542
22782,2022-02-13,IT,Italy,EURO,510537,12053330,2282,150824
22783,2022-02-20,IT,Italy,EURO,374443,12427773,2024,152848
22784,2022-02-27,IT,Italy,EURO,304907,12732680,1568,154416
22785,2022-03-06,IT,Italy,EURO,257543,12990223,1366,155782
22786,2022-03-13,IT,Italy,EURO,332905,13323128,1000,156782
22787,2022-03-20,IT,Italy,EURO,477051,13800179,910,157692
22788,2022-03-27,IT,Italy,EURO,503932,14304111,1008,158700
22789,2022-04-03,IT,Italy,EURO,486695,14790806,966,159666
22790,2022-04-10,IT,Italy,EURO,447322,15238128,992,160658
22791,2022-04-17,IT,Italy,EURO,421707,15659835,944,161602
22792,2022-04-24,IT,Italy,EURO,419374,16079209,1007,162609
22793,2022-05-01,IT,Italy,EURO,383991,16463200,898,163507
22794,2022-05-08,IT,Italy,EURO,304573,16767773,910,164417
22795,2022-05-15,IT,Italy,EURO,262374,17030147,765,165182
22796,2022-05-22,IT,Italy,EURO,199116,17229263,736,165918
22797,2022-05-29,IT,Italy,EURO,144478,17373741,624,166542
22798,2022-06-05,IT,Italy,EURO,116710,17490451,380,166922
22799,2022-06-12,IT,Italy,EURO,143614,17634065,443,167365
22800,2022-06-19,IT,Italy,EURO,210840,17844905,338,167703
22801,2022-06-26,IT,Italy,EURO,340012,18184917,355,168058
22802,2022-07-03,IT,Italy,EURO,511037,18695954,430,168488
22803,2022-07-10,IT,Italy,EURO,661984,19357938,574,169062
22804,2022-07-17,IT,Italy,EURO,718925,20076863,784,169846
22805,2022-07-24,IT,Italy,EURO,531327,20608190,952,170798
22806,2022-07-31,IT,Italy,EURO,394583,21002773,1205,172003
22807,2022-08-07,IT,Italy,EURO,283998,21286771,1059,173062
22808,2022-08-14,IT,Italy,EURO,193305,21480076,920,173982
22809,2022-08-21,IT,Italy,EURO,150922,21630998,677,174659
22810,2022-08-28,IT,Italy,EURO,157864,21788862,647,175306
22811,2022-09-04,IT,Italy,EURO,136211,21925073,496,175802
22812,2022-09-11,IT,Italy,EURO,110644,22035717,373,176175
22813,2022-09-18,IT,Italy,EURO,113218,22148935,371,176546
22814,2022-09-25,IT,Italy,EURO,135877,22284812,321,176867
22815,2022-10-02,IT,Italy,EURO,215534,22500346,263,177130
22816,2022-10-09,IT,Italy,EURO,280947,22781293,348,177478
22817,2022-10-16,IT,Italy,EURO,288452,23069745,478,177956
22818,2022-10-23,IT,Italy,EURO,252777,23322522,586,178542
22819,2022-10-30,IT,Italy,EURO,208501,23531023,559,179101
22820,2022-11-06,IT,Italy,EURO,165989,23697012,554,179655
22821,2022-11-13,IT,Italy,EURO,181181,23878193,484,180139
22822,2022-11-20,IT,Italy,EURO,221013,24099206,540,180679
22823,2022-11-27,IT,Italy,EURO,228458,24327664,592,181271
22824,2022-12-04,IT,Italy,EURO,227792,24555456,673,181944
22825,2022-12-11,IT,Italy,EURO,198433,24753889,675,182619
22826,2022-12-18,IT,Italy,EURO,174187,24928076,751,183370
22827,2022-12-25,IT,Italy,EURO,132427,25060503,798,184168
22828,2023-01-01,IT,Italy,EURO,132328,25192831,750,184918
22829,2023-01-08,IT,Italy,EURO,108312,25301143,614,185532
22830,2023-01-15,IT,Italy,EURO,79745,25380888,626,186158
22831,2023-01-22,IT,Italy,EURO,47190,25428078,443,186601
22832,2023-01-29,IT,Italy,EURO,36722,25464800,303,186904
22833,2023-02-05,IT,Italy,EURO,32751,25497551,455,187359
22834,2023-02-12,IT,Italy,EURO,29286,25526837,259,187618
22835,2023-02-19,IT,Italy,EURO,29146,25555983,309,187927
22836,2023-02-26,IT,Italy,EURO,29177,25585160,247,188174
22837,2023-03-05,IT,Italy,EURO,25133,25610293,222,188396
22838,2023-03-12,IT,Italy,EURO,24149,25634442,198,188594
22839,2023-03-19,IT,Italy,EURO,23041,25657483,201,188795
22840,2023-03-26,IT,Italy,EURO,22665,25680148,179,188974
22841,2023-04-02,IT,Italy,EURO,20999,25701147,181,189155
22842,2023-04-09,IT,Italy,EURO,19907,25721054,148,189303
22843,2023-04-16,IT,Italy,EURO,24746,25745800,137,189440
22844,2023-04-23,IT,Italy,EURO,26659,25772459,187,189627
22845,2023-04-30,IT,Italy,EURO,23050,25795509,159,189786
22846,2023-05-07,IT,Italy,EURO,19894,25815403,182,189968
22847,2023-05-14,IT,Italy,EURO,17110,25832513,154,190122
22848,2023-05-21,IT,Italy,EURO,14163,25846676,164,190286
22849,2023-05-28,IT,Italy,EURO,15136,25861812,154,190440
22850,2023-06-04,IT,Italy,EURO,10983,25872795,111,190551
22851,2023-06-11,IT,Italy,EURO,9501,25882296,104,190655
22852,2023-06-18,IT,Italy,EURO,6930,25889226,81,190736
22853,2023-06-25,IT,Italy,EURO,5292,25894518,84,190820
22854,2023-07-02,IT,Italy,EURO,4430,25898948,67,190887
22855,2023-07-09,IT,Italy,EURO,3536,25902484,29,190916
22856,2023-07-16,IT,Italy,EURO,3405,25905889,43,190959
22857,2023-07-23,IT,Italy,EURO,3572,25909461,43,191002
22858,2023-07-30,IT,Italy,EURO,4381,25913842,17,191019
22859,2023-08-06,IT,Italy,EURO,6352,25920194,49,191068
22860,2023-08-13,IT,Italy,EURO,6071,25926265,76,191144
22861,2023-08-20,IT,Italy,EURO,7691,25933956,38,191182
22862,2023-08-27,IT,Italy,EURO,12948,25946904,55,191237
22863,2023-09-03,IT,Italy,EURO,17113,25964017,81,191318
22864,2023-09-10,IT,Italy,EURO,24730,25988747,89,191407
22865,2023-09-17,IT,Italy,EURO,34727,26023474,109,191516
22866,2023-09-24,IT,Italy,EURO,37524,26060998,134,191650
22867,2023-10-01,IT,Italy,EURO,39802,26100800,130,191780
22868,2023-10-08,IT,Italy,EURO,45648,26146448,154,191934
22869,2023-10-15,IT,Italy,EURO,38171,26184619,164,192098
22870,2023-10-22,IT,Italy,EURO,29933,26214552,214,192312
22871,2023-10-29,IT,Italy,EURO,28440,26242992,167,192479
22872,2023-11-05,IT,Italy,EURO,25282,26268274,167,192646
22873,2023-11-12,IT,Italy,EURO,30038,26298312,148,192794
22874,2023-11-19,IT,Italy,EURO,20405,26318717,115,192909
22875,2023-11-26,IT,Italy,EURO,0,26318717,0,192909
22876,2023-12-03,IT,Italy,EURO,0,26318717,0,192909
22877,2023-12-10,IT,Italy,EURO,68344,26387061,238,193147
22878,2023-12-17,IT,Italy,EURO,46451,26433512,272,193419
22879,2023-12-24,IT,Italy,EURO,62391,26495903,324,193743
22880,2020-01-05,JM,Jamaica,AMRO,0,0,0,0
22881,2020-01-12,JM,Jamaica,AMRO,0,0,0,0
22882,2020-01-19,JM,Jamaica,AMRO,0,0,0,0
22883,2020-01-26,JM,Jamaica,AMRO,0,0,0,0
22884,2020-02-02,JM,Jamaica,AMRO,0,0,0,0
22885,2020-02-09,JM,Jamaica,AMRO,0,0,0,0
22886,2020-02-16,JM,Jamaica,AMRO,0,0,0,0
22887,2020-02-23,JM,Jamaica,AMRO,0,0,0,0
22888,2020-03-01,JM,Jamaica,AMRO,0,0,0,0
22889,2020-03-08,JM,Jamaica,AMRO,0,0,0,0
22890,2020-03-15,JM,Jamaica,AMRO,8,8,0,0
22891,2020-03-22,JM,Jamaica,AMRO,8,16,1,1
22892,2020-03-29,JM,Jamaica,AMRO,14,30,0,1
22893,2020-04-05,JM,Jamaica,AMRO,23,53,2,3
22894,2020-04-12,JM,Jamaica,AMRO,12,65,1,4
22895,2020-04-19,JM,Jamaica,AMRO,98,163,1,5
22896,2020-04-26,JM,Jamaica,AMRO,125,288,2,7
22897,2020-05-03,JM,Jamaica,AMRO,144,432,1,8
22898,2020-05-10,JM,Jamaica,AMRO,58,490,1,9
22899,2020-05-17,JM,Jamaica,AMRO,21,511,0,9
22900,2020-05-24,JM,Jamaica,AMRO,33,544,0,9
22901,2020-05-31,JM,Jamaica,AMRO,31,575,0,9
22902,2020-06-07,JM,Jamaica,AMRO,20,595,1,10
22903,2020-06-14,JM,Jamaica,AMRO,19,614,0,10
22904,2020-06-21,JM,Jamaica,AMRO,38,652,0,10
22905,2020-06-28,JM,Jamaica,AMRO,34,686,0,10
22906,2020-07-05,JM,Jamaica,AMRO,35,721,0,10
22907,2020-07-12,JM,Jamaica,AMRO,32,753,0,10
22908,2020-07-19,JM,Jamaica,AMRO,15,768,0,10
22909,2020-07-26,JM,Jamaica,AMRO,63,831,0,10
22910,2020-08-02,JM,Jamaica,AMRO,47,878,0,10
22911,2020-08-09,JM,Jamaica,AMRO,109,987,2,12
22912,2020-08-16,JM,Jamaica,AMRO,95,1082,2,14
22913,2020-08-23,JM,Jamaica,AMRO,264,1346,2,16
22914,2020-08-30,JM,Jamaica,AMRO,665,2011,3,19
22915,2020-09-06,JM,Jamaica,AMRO,953,2964,11,30
22916,2020-09-13,JM,Jamaica,AMRO,659,3623,10,40
22917,2020-09-20,JM,Jamaica,AMRO,1135,4758,20,60
22918,2020-09-27,JM,Jamaica,AMRO,1096,5854,28,88
22919,2020-10-04,JM,Jamaica,AMRO,941,6795,31,119
22920,2020-10-11,JM,Jamaica,AMRO,764,7559,19,138
22921,2020-10-18,JM,Jamaica,AMRO,636,8195,30,168
22922,2020-10-25,JM,Jamaica,AMRO,475,8670,18,186
22923,2020-11-01,JM,Jamaica,AMRO,424,9094,20,206
22924,2020-11-08,JM,Jamaica,AMRO,378,9472,12,218
22925,2020-11-15,JM,Jamaica,AMRO,308,9780,11,229
22926,2020-11-22,JM,Jamaica,AMRO,460,10240,8,237
22927,2020-11-29,JM,Jamaica,AMRO,429,10669,14,251
22928,2020-12-06,JM,Jamaica,AMRO,394,11063,10,261
22929,2020-12-13,JM,Jamaica,AMRO,545,11608,10,271
22930,2020-12-20,JM,Jamaica,AMRO,527,12135,14,285
22931,2020-12-27,JM,Jamaica,AMRO,549,12684,9,294
22932,2021-01-03,JM,Jamaica,AMRO,247,12931,9,303
22933,2021-01-10,JM,Jamaica,AMRO,524,13455,8,311
22934,2021-01-17,JM,Jamaica,AMRO,641,14096,12,323
22935,2021-01-24,JM,Jamaica,AMRO,676,14772,13,336
22936,2021-01-31,JM,Jamaica,AMRO,755,15527,12,348
22937,2021-02-07,JM,Jamaica,AMRO,1314,16841,9,357
22938,2021-02-14,JM,Jamaica,AMRO,1989,18830,15,372
22939,2021-02-21,JM,Jamaica,AMRO,2094,20924,19,391
22940,2021-02-28,JM,Jamaica,AMRO,1893,22817,26,417
22941,2021-03-07,JM,Jamaica,AMRO,2486,25303,29,446
22942,2021-03-14,JM,Jamaica,AMRO,4609,29912,38,484
22943,2021-03-21,JM,Jamaica,AMRO,4753,34665,40,524
22944,2021-03-28,JM,Jamaica,AMRO,3082,37747,42,566
22945,2021-04-04,JM,Jamaica,AMRO,2702,40449,47,613
22946,2021-04-11,JM,Jamaica,AMRO,1670,42119,56,669
22947,2021-04-18,JM,Jamaica,AMRO,1565,43684,52,721
22948,2021-04-25,JM,Jamaica,AMRO,1183,44867,35,756
22949,2021-05-02,JM,Jamaica,AMRO,910,45777,23,779
22950,2021-05-09,JM,Jamaica,AMRO,811,46588,24,803
22951,2021-05-16,JM,Jamaica,AMRO,645,47233,40,843
22952,2021-05-23,JM,Jamaica,AMRO,666,47899,69,912
22953,2021-05-30,JM,Jamaica,AMRO,475,48374,30,942
22954,2021-06-06,JM,Jamaica,AMRO,527,48901,22,964
22955,2021-06-13,JM,Jamaica,AMRO,331,49232,32,996
22956,2021-06-20,JM,Jamaica,AMRO,375,49607,35,1031
22957,2021-06-27,JM,Jamaica,AMRO,357,49964,26,1057
22958,2021-07-04,JM,Jamaica,AMRO,278,50242,27,1084
22959,2021-07-11,JM,Jamaica,AMRO,387,50629,30,1114
22960,2021-07-18,JM,Jamaica,AMRO,417,51046,39,1153
22961,2021-07-25,JM,Jamaica,AMRO,782,51828,20,1173
22962,2021-08-01,JM,Jamaica,AMRO,1067,52895,17,1190
22963,2021-08-08,JM,Jamaica,AMRO,1585,54480,29,1219
22964,2021-08-15,JM,Jamaica,AMRO,2809,57289,66,1285
22965,2021-08-22,JM,Jamaica,AMRO,3993,61282,86,1371
22966,2021-08-29,JM,Jamaica,AMRO,4452,65734,112,1483
22967,2021-09-05,JM,Jamaica,AMRO,4923,70657,110,1593
22968,2021-09-12,JM,Jamaica,AMRO,4640,75297,111,1704
22969,2021-09-19,JM,Jamaica,AMRO,3830,79127,73,1777
22970,2021-09-26,JM,Jamaica,AMRO,3222,82349,47,1824
22971,2021-10-03,JM,Jamaica,AMRO,2068,84417,60,1884
22972,2021-10-10,JM,Jamaica,AMRO,1488,85905,111,1995
22973,2021-10-17,JM,Jamaica,AMRO,1327,87232,108,2103
22974,2021-10-24,JM,Jamaica,AMRO,927,88159,72,2175
22975,2021-10-31,JM,Jamaica,AMRO,748,88907,54,2229
22976,2021-11-07,JM,Jamaica,AMRO,680,89587,45,2274
22977,2021-11-14,JM,Jamaica,AMRO,562,90149,48,2322
22978,2021-11-21,JM,Jamaica,AMRO,481,90630,34,2356
22979,2021-11-28,JM,Jamaica,AMRO,492,91122,29,2385
22980,2021-12-05,JM,Jamaica,AMRO,299,91421,22,2407
22981,2021-12-12,JM,Jamaica,AMRO,304,91725,17,2424
22982,2021-12-19,JM,Jamaica,AMRO,293,92018,20,2444
22983,2021-12-26,JM,Jamaica,AMRO,337,92355,18,2462
22984,2022-01-02,JM,Jamaica,AMRO,2294,94649,14,2476
22985,2022-01-09,JM,Jamaica,AMRO,6407,101056,19,2495
22986,2022-01-16,JM,Jamaica,AMRO,9194,110250,27,2522
22987,2022-01-23,JM,Jamaica,AMRO,8477,118727,50,2572
22988,2022-01-30,JM,Jamaica,AMRO,4915,123642,67,2639
22989,2022-02-06,JM,Jamaica,AMRO,2139,125781,52,2691
22990,2022-02-13,JM,Jamaica,AMRO,1105,126886,47,2738
22991,2022-02-20,JM,Jamaica,AMRO,550,127436,33,2771
22992,2022-02-27,JM,Jamaica,AMRO,480,127916,40,2811
22993,2022-03-06,JM,Jamaica,AMRO,226,128142,14,2825
22994,2022-03-13,JM,Jamaica,AMRO,212,128354,19,2844
22995,2022-03-20,JM,Jamaica,AMRO,146,128500,19,2863
22996,2022-03-27,JM,Jamaica,AMRO,128,128628,12,2875
22997,2022-04-03,JM,Jamaica,AMRO,183,128811,18,2893
22998,2022-04-10,JM,Jamaica,AMRO,181,128992,21,2914
22999,2022-04-17,JM,Jamaica,AMRO,211,129203,12,2926
23000,2022-04-24,JM,Jamaica,AMRO,286,129489,17,2943
23001,2022-05-01,JM,Jamaica,AMRO,573,130062,21,2964
23002,2022-05-08,JM,Jamaica,AMRO,932,130994,11,2975
23003,2022-05-15,JM,Jamaica,AMRO,1322,132316,24,2999
23004,2022-05-22,JM,Jamaica,AMRO,1981,134297,29,3028
23005,2022-05-29,JM,Jamaica,AMRO,2016,136313,21,3049
23006,2022-06-05,JM,Jamaica,AMRO,2061,138374,24,3073
23007,2022-06-12,JM,Jamaica,AMRO,1829,140203,9,3082
23008,2022-06-19,JM,Jamaica,AMRO,1261,141464,12,3094
23009,2022-06-26,JM,Jamaica,AMRO,812,142276,19,3113
23010,2022-07-03,JM,Jamaica,AMRO,821,143097,21,3134
23011,2022-07-10,JM,Jamaica,AMRO,768,143865,21,3155
23012,2022-07-17,JM,Jamaica,AMRO,752,144617,15,3170
23013,2022-07-24,JM,Jamaica,AMRO,880,145497,11,3181
23014,2022-07-31,JM,Jamaica,AMRO,744,146241,12,3193
23015,2022-08-07,JM,Jamaica,AMRO,765,147006,13,3206
23016,2022-08-14,JM,Jamaica,AMRO,902,147908,15,3221
23017,2022-08-21,JM,Jamaica,AMRO,829,148737,16,3237
23018,2022-08-28,JM,Jamaica,AMRO,683,149420,13,3250
23019,2022-09-04,JM,Jamaica,AMRO,681,150101,12,3262
23020,2022-09-11,JM,Jamaica,AMRO,562,150663,21,3283
23021,2022-09-18,JM,Jamaica,AMRO,558,151221,7,3290
23022,2022-09-25,JM,Jamaica,AMRO,373,151594,16,3306
23023,2022-10-02,JM,Jamaica,AMRO,337,151931,14,3320
23024,2022-10-09,JM,Jamaica,AMRO,170,152101,15,3335
23025,2022-10-16,JM,Jamaica,AMRO,135,152236,14,3349
23026,2022-10-23,JM,Jamaica,AMRO,70,152306,1,3350
23027,2022-10-30,JM,Jamaica,AMRO,75,152381,1,3351
23028,2022-11-06,JM,Jamaica,AMRO,0,152381,0,3351
23029,2022-11-13,JM,Jamaica,AMRO,136,152517,48,3399
23030,2022-11-20,JM,Jamaica,AMRO,52,152569,22,3421
23031,2022-11-27,JM,Jamaica,AMRO,55,152624,12,3433
23032,2022-12-04,JM,Jamaica,AMRO,0,152624,0,3433
23033,2022-12-11,JM,Jamaica,AMRO,45,152669,14,3447
23034,2022-12-18,JM,Jamaica,AMRO,0,152669,0,3447
23035,2022-12-25,JM,Jamaica,AMRO,122,152791,16,3463
23036,2023-01-01,JM,Jamaica,AMRO,0,152791,0,3463
23037,2023-01-08,JM,Jamaica,AMRO,36,152827,2,3465
23038,2023-01-15,JM,Jamaica,AMRO,141,152968,0,3465
23039,2023-01-22,JM,Jamaica,AMRO,175,153143,11,3476
23040,2023-01-29,JM,Jamaica,AMRO,264,153407,4,3480
23041,2023-02-05,JM,Jamaica,AMRO,222,153629,4,3484
23042,2023-02-12,JM,Jamaica,AMRO,276,153905,4,3488
23043,2023-02-19,JM,Jamaica,AMRO,160,154065,12,3500
23044,2023-02-26,JM,Jamaica,AMRO,131,154196,2,3502
23045,2023-03-05,JM,Jamaica,AMRO,220,154416,12,3514
23046,2023-03-12,JM,Jamaica,AMRO,0,154416,0,3514
23047,2023-03-19,JM,Jamaica,AMRO,55,154471,7,3521
23048,2023-03-26,JM,Jamaica,AMRO,67,154538,7,3528
23049,2023-04-02,JM,Jamaica,AMRO,64,154602,1,3529
23050,2023-04-09,JM,Jamaica,AMRO,0,154602,0,3529
23051,2023-04-16,JM,Jamaica,AMRO,85,154687,3,3532
23052,2023-04-23,JM,Jamaica,AMRO,53,154740,4,3536
23053,2023-04-30,JM,Jamaica,AMRO,46,154786,0,3536
23054,2023-05-07,JM,Jamaica,AMRO,0,154786,0,3536
23055,2023-05-14,JM,Jamaica,AMRO,88,154874,0,3536
23056,2023-05-21,JM,Jamaica,AMRO,0,154874,0,3536
23057,2023-05-28,JM,Jamaica,AMRO,39,154913,2,3538
23058,2023-06-04,JM,Jamaica,AMRO,71,154984,2,3540
23059,2023-06-11,JM,Jamaica,AMRO,89,155073,3,3543
23060,2023-06-18,JM,Jamaica,AMRO,63,155136,4,3547
23061,2023-06-25,JM,Jamaica,AMRO,76,155212,4,3551
23062,2023-07-02,JM,Jamaica,AMRO,80,155292,1,3552
23063,2023-07-09,JM,Jamaica,AMRO,143,155435,3,3555
23064,2023-07-16,JM,Jamaica,AMRO,173,155608,4,3559
23065,2023-07-23,JM,Jamaica,AMRO,186,155794,3,3562
23066,2023-07-30,JM,Jamaica,AMRO,116,155910,7,3569
23067,2023-08-06,JM,Jamaica,AMRO,91,156001,2,3571
23068,2023-08-13,JM,Jamaica,AMRO,57,156058,5,3576
23069,2023-08-20,JM,Jamaica,AMRO,87,156145,2,3578
23070,2023-08-27,JM,Jamaica,AMRO,44,156189,3,3581
23071,2023-09-03,JM,Jamaica,AMRO,57,156246,2,3583
23072,2023-09-10,JM,Jamaica,AMRO,51,156297,0,3583
23073,2023-09-17,JM,Jamaica,AMRO,49,156346,1,3584
23074,2023-09-24,JM,Jamaica,AMRO,59,156405,2,3586
23075,2023-10-01,JM,Jamaica,AMRO,42,156447,0,3586
23076,2023-10-08,JM,Jamaica,AMRO,31,156478,3,3589
23077,2023-10-15,JM,Jamaica,AMRO,25,156503,0,3589
23078,2023-10-22,JM,Jamaica,AMRO,12,156515,1,3590
23079,2023-10-29,JM,Jamaica,AMRO,6,156521,0,3590
23080,2023-11-05,JM,Jamaica,AMRO,7,156528,0,3590
23081,2023-11-12,JM,Jamaica,AMRO,11,156539,0,3590
23082,2023-11-19,JM,Jamaica,AMRO,9,156548,0,3590
23083,2023-11-26,JM,Jamaica,AMRO,8,156556,0,3590
23084,2023-12-03,JM,Jamaica,AMRO,3,156559,0,3590
23085,2023-12-10,JM,Jamaica,AMRO,5,156564,0,3590
23086,2023-12-17,JM,Jamaica,AMRO,9,156573,0,3590
23087,2023-12-24,JM,Jamaica,AMRO,0,156573,0,3590
23088,2020-01-05,JP,Japan,WPRO,0,0,0,0
23089,2020-01-12,JP,Japan,WPRO,0,0,0,0
23090,2020-01-19,JP,Japan,WPRO,1,1,0,0
23091,2020-01-26,JP,Japan,WPRO,2,3,0,0
23092,2020-02-02,JP,Japan,WPRO,12,15,0,0
23093,2020-02-09,JP,Japan,WPRO,10,25,0,0
23094,2020-02-16,JP,Japan,WPRO,27,52,1,1
23095,2020-02-23,JP,Japan,WPRO,80,132,0,1
23096,2020-03-01,JP,Japan,WPRO,107,239,5,6
23097,2020-03-08,JP,Japan,WPRO,216,455,0,6
23098,2020-03-15,JP,Japan,WPRO,325,780,16,22
23099,2020-03-22,JP,Japan,WPRO,266,1046,18,40
23100,2020-03-29,JP,Japan,WPRO,647,1693,12,52
23101,2020-04-05,JP,Japan,WPRO,1578,3271,18,70
23102,2020-04-12,JP,Japan,WPRO,3477,6748,28,98
23103,2020-04-19,JP,Japan,WPRO,3613,10361,63,161
23104,2020-04-26,JP,Japan,WPRO,2821,13182,187,348
23105,2020-05-03,JP,Japan,WPRO,1657,14839,144,492
23106,2020-05-10,JP,Japan,WPRO,908,15747,121,613
23107,2020-05-17,JP,Japan,WPRO,538,16285,131,744
23108,2020-05-24,JP,Japan,WPRO,265,16550,76,820
23109,2020-05-31,JP,Japan,WPRO,301,16851,71,891
23110,2020-06-07,JP,Japan,WPRO,290,17141,25,916
23111,2020-06-14,JP,Japan,WPRO,288,17429,9,925
23112,2020-06-21,JP,Japan,WPRO,435,17864,28,953
23113,2020-06-28,JP,Japan,WPRO,526,18390,18,971
23114,2020-07-05,JP,Japan,WPRO,1132,19522,6,977
23115,2020-07-12,JP,Japan,WPRO,1980,21502,5,982
23116,2020-07-19,JP,Japan,WPRO,3140,24642,3,985
23117,2020-07-26,JP,Japan,WPRO,4740,29382,11,996
23118,2020-08-02,JP,Japan,WPRO,7307,36689,15,1011
23119,2020-08-09,JP,Japan,WPRO,10094,46783,29,1040
23120,2020-08-16,JP,Japan,WPRO,7931,54714,48,1088
23121,2020-08-23,JP,Japan,WPRO,7033,61747,88,1176
23122,2020-08-30,JP,Japan,WPRO,5517,67264,88,1264
23123,2020-09-06,JP,Japan,WPRO,4155,71419,93,1357
23124,2020-09-13,JP,Japan,WPRO,3799,75218,82,1439
23125,2020-09-20,JP,Japan,WPRO,3439,78657,61,1500
23126,2020-09-27,JP,Japan,WPRO,3033,81690,45,1545
23127,2020-10-04,JP,Japan,WPRO,3649,85339,52,1597
23128,2020-10-11,JP,Japan,WPRO,3573,88912,30,1627
23129,2020-10-18,JP,Japan,WPRO,3744,92656,43,1670
23130,2020-10-25,JP,Japan,WPRO,3878,96534,41,1711
23131,2020-11-01,JP,Japan,WPRO,4612,101146,55,1766
23132,2020-11-08,JP,Japan,WPRO,5940,107086,46,1812
23133,2020-11-15,JP,Japan,WPRO,9591,116677,71,1883
23134,2020-11-22,JP,Japan,WPRO,13502,130179,91,1974
23135,2020-11-29,JP,Japan,WPRO,14474,144653,132,2106
23136,2020-12-06,JP,Japan,WPRO,15445,160098,209,2315
23137,2020-12-13,JP,Japan,WPRO,17189,177287,247,2562
23138,2020-12-20,JP,Japan,WPRO,18593,195880,311,2873
23139,2020-12-27,JP,Japan,WPRO,21432,217312,340,3213
23140,2021-01-03,JP,Japan,WPRO,26535,243847,335,3548
23141,2021-01-10,JP,Japan,WPRO,42905,286752,448,3996
23142,2021-01-17,JP,Japan,WPRO,41542,328294,450,4446
23143,2021-01-24,JP,Japan,WPRO,36519,364813,573,5019
23144,2021-01-31,JP,Japan,WPRO,24705,389518,635,5654
23145,2021-02-07,JP,Japan,WPRO,15472,404990,684,6338
23146,2021-02-14,JP,Japan,WPRO,10792,415782,574,6912
23147,2021-02-21,JP,Japan,WPRO,9815,425597,505,7417
23148,2021-02-28,JP,Japan,WPRO,7176,432773,443,7860
23149,2021-03-07,JP,Japan,WPRO,7219,439992,367,8227
23150,2021-03-14,JP,Japan,WPRO,7914,447906,333,8560
23151,2021-03-21,JP,Japan,WPRO,8875,456781,252,8812
23152,2021-03-28,JP,Japan,WPRO,11833,468614,219,9031
23153,2021-04-04,JP,Japan,WPRO,16711,485325,190,9221
23154,2021-04-11,JP,Japan,WPRO,20961,506286,161,9382
23155,2021-04-18,JP,Japan,WPRO,27766,534052,240,9622
23156,2021-04-25,JP,Japan,WPRO,32811,566863,291,9913
23157,2021-05-02,JP,Japan,WPRO,35999,602862,448,10361
23158,2021-05-09,JP,Japan,WPRO,37182,640044,515,10876
23159,2021-05-16,JP,Japan,WPRO,43131,683175,632,11508
23160,2021-05-23,JP,Japan,WPRO,35689,718864,804,12312
23161,2021-05-30,JP,Japan,WPRO,25623,744487,655,12967
23162,2021-06-06,JP,Japan,WPRO,17914,762401,607,13574
23163,2021-06-13,JP,Japan,WPRO,12830,775231,497,14071
23164,2021-06-20,JP,Japan,WPRO,10056,785287,352,14423
23165,2021-06-27,JP,Japan,WPRO,10469,795756,246,14669
23166,2021-07-04,JP,Japan,WPRO,11078,806834,179,14848
23167,2021-07-11,JP,Japan,WPRO,13881,820715,107,14955
23168,2021-07-18,JP,Japan,WPRO,20822,841537,93,15048
23169,2021-07-25,JP,Japan,WPRO,28908,870445,81,15129
23170,2021-08-01,JP,Japan,WPRO,65441,935886,68,15197
23171,2021-08-08,JP,Japan,WPRO,95410,1031296,83,15280
23172,2021-08-15,JP,Japan,WPRO,113250,1144546,128,15408
23173,2021-08-22,JP,Japan,WPRO,155807,1300353,223,15631
23174,2021-08-29,JP,Japan,WPRO,154011,1454364,315,15946
23175,2021-09-05,JP,Japan,WPRO,117008,1571372,408,16354
23176,2021-09-12,JP,Japan,WPRO,68173,1639545,443,16797
23177,2021-09-19,JP,Japan,WPRO,37166,1676711,407,17204
23178,2021-09-26,JP,Japan,WPRO,17964,1694675,278,17482
23179,2021-10-03,JP,Japan,WPRO,10371,1705046,248,17730
23180,2021-10-10,JP,Japan,WPRO,5927,1710973,211,17941
23181,2021-10-17,JP,Japan,WPRO,3747,1714720,162,18103
23182,2021-10-24,JP,Japan,WPRO,2218,1716938,96,18199
23183,2021-10-31,JP,Japan,WPRO,5926,1722864,69,18268
23184,2021-11-07,JP,Japan,WPRO,1336,1724200,42,18310
23185,2021-11-14,JP,Japan,WPRO,1266,1725466,17,18327
23186,2021-11-21,JP,Japan,WPRO,1008,1726474,20,18347
23187,2021-11-28,JP,Japan,WPRO,669,1727143,11,18358
23188,2021-12-05,JP,Japan,WPRO,799,1727942,6,18364
23189,2021-12-12,JP,Japan,WPRO,878,1728820,9,18373
23190,2021-12-19,JP,Japan,WPRO,1144,1729964,6,18379
23191,2021-12-26,JP,Japan,WPRO,1825,1731789,8,18387
23192,2022-01-02,JP,Japan,WPRO,3019,1734808,8,18395
23193,2022-01-09,JP,Japan,WPRO,30796,1765604,8,18403
23194,2022-01-16,JP,Japan,WPRO,114235,1879839,30,18433
23195,2022-01-23,JP,Japan,WPRO,289814,2169653,73,18506
23196,2022-01-30,JP,Japan,WPRO,499985,2669638,258,18764
23197,2022-02-06,JP,Japan,WPRO,630951,3300589,560,19324
23198,2022-02-13,JP,Japan,WPRO,611609,3912198,1035,20359
23199,2022-02-20,JP,Japan,WPRO,572555,4484753,1462,21821
23200,2022-02-27,JP,Japan,WPRO,469867,4954620,1449,23270
23201,2022-03-06,JP,Japan,WPRO,438913,5393533,1665,24935
23202,2022-03-13,JP,Japan,WPRO,378863,5772396,1219,26154
23203,2022-03-20,JP,Japan,WPRO,331694,6104090,891,27045
23204,2022-03-27,JP,Japan,WPRO,273629,6377719,722,27767
23205,2022-04-03,JP,Japan,WPRO,324367,6702086,519,28286
23206,2022-04-10,JP,Japan,WPRO,337477,7039563,398,28684
23207,2022-04-17,JP,Japan,WPRO,334688,7374251,339,29023
23208,2022-04-24,JP,Japan,WPRO,285761,7660012,285,29308
23209,2022-05-01,JP,Japan,WPRO,241921,7901933,293,29601
23210,2022-05-08,JP,Japan,WPRO,197600,8099533,212,29813
23211,2022-05-15,JP,Japan,WPRO,273523,8373056,248,30061
23212,2022-05-22,JP,Japan,WPRO,245627,8618683,246,30307
23213,2022-05-29,JP,Japan,WPRO,192931,8811614,251,30558
23214,2022-06-05,JP,Japan,WPRO,134170,8945784,215,30773
23215,2022-06-12,JP,Japan,WPRO,105948,9051732,137,30910
23216,2022-06-19,JP,Japan,WPRO,98001,9149733,135,31045
23217,2022-06-26,JP,Japan,WPRO,103653,9253386,94,31139
23218,2022-07-03,JP,Japan,WPRO,122586,9375972,193,31332
23219,2022-07-10,JP,Japan,WPRO,269760,9645732,113,31445
23220,2022-07-17,JP,Japan,WPRO,559111,10204843,165,31610
23221,2022-07-24,JP,Japan,WPRO,969068,11173911,330,31940
23222,2022-07-31,JP,Japan,WPRO,1379099,12553010,754,32694
23223,2022-08-07,JP,Japan,WPRO,1496968,14049978,1131,33825
23224,2022-08-14,JP,Japan,WPRO,1395301,15445279,1546,35371
23225,2022-08-21,JP,Japan,WPRO,1476374,16921653,1906,37277
23226,2022-08-28,JP,Japan,WPRO,1258772,18180425,1976,39253
23227,2022-09-04,JP,Japan,WPRO,1164787,19345212,2040,41293
23228,2022-09-11,JP,Japan,WPRO,537181,19882393,1501,42794
23229,2022-09-18,JP,Japan,WPRO,605919,20488312,1033,43827
23230,2022-09-25,JP,Japan,WPRO,535502,21023814,636,44463
23231,2022-10-02,JP,Japan,WPRO,306958,21330772,555,45018
23232,2022-10-09,JP,Japan,WPRO,208547,21539319,493,45511
23233,2022-10-16,JP,Japan,WPRO,218276,21757595,379,45890
23234,2022-10-23,JP,Japan,WPRO,233682,21991277,457,46347
23235,2022-10-30,JP,Japan,WPRO,281974,22273251,364,46711
23236,2022-11-06,JP,Japan,WPRO,401693,22674944,428,47139
23237,2022-11-13,JP,Japan,WPRO,503766,23178710,576,47715
23238,2022-11-20,JP,Japan,WPRO,593075,23771785,767,48482
23239,2022-11-27,JP,Japan,WPRO,698772,24470557,952,49434
23240,2022-12-04,JP,Japan,WPRO,749895,25220452,1174,50608
23241,2022-12-11,JP,Japan,WPRO,849371,26069823,1435,52043
23242,2022-12-18,JP,Japan,WPRO,1046650,27116473,1687,53730
23243,2022-12-25,JP,Japan,WPRO,1149932,28266405,2083,55813
23244,2023-01-01,JP,Japan,WPRO,946130,29212535,1908,57721
23245,2023-01-08,JP,Japan,WPRO,1070496,30283031,775,58496
23246,2023-01-15,JP,Japan,WPRO,1025321,31308352,0,58496
23247,2023-01-22,JP,Japan,WPRO,672526,31980878,0,58496
23248,2023-01-29,JP,Japan,WPRO,438754,32419632,0,58496
23249,2023-02-05,JP,Japan,WPRO,292614,32712246,10981,69477
23250,2023-02-12,JP,Japan,WPRO,223365,32935611,1218,70695
23251,2023-02-19,JP,Japan,WPRO,141082,33076693,991,71686
23252,2023-02-26,JP,Japan,WPRO,95874,33172567,582,72268
23253,2023-03-05,JP,Japan,WPRO,78930,33251497,503,72771
23254,2023-03-12,JP,Japan,WPRO,65012,33316509,428,73199
23255,2023-03-19,JP,Japan,WPRO,51856,33368365,312,73511
23256,2023-03-26,JP,Japan,WPRO,47096,33415461,236,73747
23257,2023-04-02,JP,Japan,WPRO,47398,33462859,206,73953
23258,2023-04-09,JP,Japan,WPRO,53989,33516848,143,74096
23259,2023-04-16,JP,Japan,WPRO,56847,33573695,139,74235
23260,2023-04-23,JP,Japan,WPRO,65510,33639205,141,74376
23261,2023-04-30,JP,Japan,WPRO,74812,33714017,166,74542
23262,2023-05-07,JP,Japan,WPRO,64976,33778993,112,74654
23263,2023-05-14,JP,Japan,WPRO,24579,33803572,40,74694
23264,2023-05-21,JP,Japan,WPRO,0,33803572,0,74694
23265,2023-05-28,JP,Japan,WPRO,0,33803572,0,74694
23266,2023-06-04,JP,Japan,WPRO,0,33803572,0,74694
23267,2023-06-11,JP,Japan,WPRO,0,33803572,0,74694
23268,2023-06-18,JP,Japan,WPRO,0,33803572,0,74694
23269,2023-06-25,JP,Japan,WPRO,0,33803572,0,74694
23270,2023-07-02,JP,Japan,WPRO,0,33803572,0,74694
23271,2023-07-09,JP,Japan,WPRO,0,33803572,0,74694
23272,2023-07-16,JP,Japan,WPRO,0,33803572,0,74694
23273,2023-07-23,JP,Japan,WPRO,0,33803572,0,74694
23274,2023-07-30,JP,Japan,WPRO,0,33803572,0,74694
23275,2023-08-06,JP,Japan,WPRO,0,33803572,0,74694
23276,2023-08-13,JP,Japan,WPRO,0,33803572,0,74694
23277,2023-08-20,JP,Japan,WPRO,0,33803572,0,74694
23278,2023-08-27,JP,Japan,WPRO,0,33803572,0,74694
23279,2023-09-03,JP,Japan,WPRO,0,33803572,0,74694
23280,2023-09-10,JP,Japan,WPRO,0,33803572,0,74694
23281,2023-09-17,JP,Japan,WPRO,0,33803572,0,74694
23282,2023-09-24,JP,Japan,WPRO,0,33803572,0,74694
23283,2023-10-01,JP,Japan,WPRO,0,33803572,0,74694
23284,2023-10-08,JP,Japan,WPRO,0,33803572,0,74694
23285,2023-10-15,JP,Japan,WPRO,0,33803572,0,74694
23286,2023-10-22,JP,Japan,WPRO,0,33803572,0,74694
23287,2023-10-29,JP,Japan,WPRO,0,33803572,0,74694
23288,2023-11-05,JP,Japan,WPRO,0,33803572,0,74694
23289,2023-11-12,JP,Japan,WPRO,0,33803572,0,74694
23290,2023-11-19,JP,Japan,WPRO,0,33803572,0,74694
23291,2023-11-26,JP,Japan,WPRO,0,33803572,0,74694
23292,2023-12-03,JP,Japan,WPRO,0,33803572,0,74694
23293,2023-12-10,JP,Japan,WPRO,0,33803572,0,74694
23294,2023-12-17,JP,Japan,WPRO,0,33803572,0,74694
23295,2023-12-24,JP,Japan,WPRO,0,33803572,0,74694
23296,2020-01-05,JE,Jersey,,0,0,0,0
23297,2020-01-12,JE,Jersey,,0,0,0,0
23298,2020-01-19,JE,Jersey,,0,0,0,0
23299,2020-01-26,JE,Jersey,,0,0,0,0
23300,2020-02-02,JE,Jersey,,0,0,0,0
23301,2020-02-09,JE,Jersey,,0,0,0,0
23302,2020-02-16,JE,Jersey,,0,0,0,0
23303,2020-02-23,JE,Jersey,,0,0,0,0
23304,2020-03-01,JE,Jersey,,0,0,0,0
23305,2020-03-08,JE,Jersey,,0,0,0,0
23306,2020-03-15,JE,Jersey,,2,2,0,0
23307,2020-03-22,JE,Jersey,,13,15,0,0
23308,2020-03-29,JE,Jersey,,30,45,2,2
23309,2020-04-05,JE,Jersey,,102,147,1,3
23310,2020-04-12,JE,Jersey,,51,198,1,4
23311,2020-04-19,JE,Jersey,,47,245,8,12
23312,2020-04-26,JE,Jersey,,19,264,7,19
23313,2020-05-03,JE,Jersey,,11,275,5,24
23314,2020-05-10,JE,Jersey,,2,277,1,25
23315,2020-05-17,JE,Jersey,,4,281,2,27
23316,2020-05-24,JE,Jersey,,9,290,2,29
23317,2020-05-31,JE,Jersey,,2,292,0,29
23318,2020-06-07,JE,Jersey,,3,295,1,30
23319,2020-06-14,JE,Jersey,,2,297,0,30
23320,2020-06-21,JE,Jersey,,5,302,1,31
23321,2020-06-28,JE,Jersey,,2,304,0,31
23322,2020-07-05,JE,Jersey,,0,304,0,31
23323,2020-07-12,JE,Jersey,,5,309,0,31
23324,2020-07-19,JE,Jersey,,6,315,0,31
23325,2020-07-26,JE,Jersey,,1,316,0,31
23326,2020-08-02,JE,Jersey,,4,320,0,31
23327,2020-08-09,JE,Jersey,,7,327,0,31
23328,2020-08-16,JE,Jersey,,9,336,0,31
23329,2020-08-23,JE,Jersey,,8,344,1,32
23330,2020-08-30,JE,Jersey,,10,354,0,32
23331,2020-09-06,JE,Jersey,,6,360,0,32
23332,2020-09-13,JE,Jersey,,9,369,0,32
23333,2020-09-20,JE,Jersey,,12,381,0,32
23334,2020-09-27,JE,Jersey,,10,391,0,32
23335,2020-10-04,JE,Jersey,,20,411,0,32
23336,2020-10-11,JE,Jersey,,39,450,0,32
23337,2020-10-18,JE,Jersey,,36,486,0,32
23338,2020-10-25,JE,Jersey,,42,528,0,32
23339,2020-11-01,JE,Jersey,,40,568,0,32
23340,2020-11-08,JE,Jersey,,76,644,0,32
23341,2020-11-15,JE,Jersey,,90,734,0,32
23342,2020-11-22,JE,Jersey,,73,807,0,32
23343,2020-11-29,JE,Jersey,,137,944,0,32
23344,2020-12-06,JE,Jersey,,309,1253,0,32
23345,2020-12-13,JE,Jersey,,433,1686,0,32
23346,2020-12-20,JE,Jersey,,578,2264,4,36
23347,2020-12-27,JE,Jersey,,379,2643,5,41
23348,2021-01-03,JE,Jersey,,144,2787,3,44
23349,2021-01-10,JE,Jersey,,165,2952,13,57
23350,2021-01-17,JE,Jersey,,87,3039,5,62
23351,2021-01-24,JE,Jersey,,65,3104,1,63
23352,2021-01-31,JE,Jersey,,34,3138,3,66
23353,2021-02-07,JE,Jersey,,23,3161,1,67
23354,2021-02-14,JE,Jersey,,25,3186,0,67
23355,2021-02-21,JE,Jersey,,13,3199,1,68
23356,2021-02-28,JE,Jersey,,4,3203,1,69
23357,2021-03-07,JE,Jersey,,4,3207,0,69
23358,2021-03-14,JE,Jersey,,2,3209,0,69
23359,2021-03-21,JE,Jersey,,1,3210,0,69
23360,2021-03-28,JE,Jersey,,2,3212,0,69
23361,2021-04-04,JE,Jersey,,3,3215,0,69
23362,2021-04-11,JE,Jersey,,1,3216,0,69
23363,2021-04-18,JE,Jersey,,2,3218,0,69
23364,2021-04-25,JE,Jersey,,1,3219,0,69
23365,2021-05-02,JE,Jersey,,1,3220,0,69
23366,2021-05-09,JE,Jersey,,1,3221,0,69
23367,2021-05-16,JE,Jersey,,2,3223,0,69
23368,2021-05-23,JE,Jersey,,5,3228,0,69
23369,2021-05-30,JE,Jersey,,1,3229,0,69
23370,2021-06-06,JE,Jersey,,4,3233,0,69
23371,2021-06-13,JE,Jersey,,39,3272,0,69
23372,2021-06-20,JE,Jersey,,23,3295,0,69
23373,2021-06-27,JE,Jersey,,131,3426,0,69
23374,2021-07-04,JE,Jersey,,366,3792,0,69
23375,2021-07-11,JE,Jersey,,874,4666,0,69
23376,2021-07-18,JE,Jersey,,1650,6316,0,69
23377,2021-07-25,JE,Jersey,,1434,7750,0,69
23378,2021-08-01,JE,Jersey,,620,8370,0,69
23379,2021-08-08,JE,Jersey,,280,8650,4,73
23380,2021-08-15,JE,Jersey,,225,8875,1,74
23381,2021-08-22,JE,Jersey,,223,9098,1,75
23382,2021-08-29,JE,Jersey,,166,9264,2,77
23383,2021-09-05,JE,Jersey,,187,9451,0,77
23384,2021-09-12,JE,Jersey,,201,9652,1,78
23385,2021-09-19,JE,Jersey,,137,9789,0,78
23386,2021-09-26,JE,Jersey,,143,9932,0,78
23387,2021-10-03,JE,Jersey,,117,10049,0,78
23388,2021-10-10,JE,Jersey,,164,10213,1,79
23389,2021-10-17,JE,Jersey,,212,10425,0,79
23390,2021-10-24,JE,Jersey,,251,10676,1,80
23391,2021-10-31,JE,Jersey,,393,11069,0,80
23392,2021-11-07,JE,Jersey,,423,11492,0,80
23393,2021-11-14,JE,Jersey,,681,12173,0,80
23394,2021-11-21,JE,Jersey,,768,12941,0,80
23395,2021-11-28,JE,Jersey,,901,13842,0,80
23396,2021-12-05,JE,Jersey,,903,14745,1,81
23397,2021-12-12,JE,Jersey,,776,15521,3,84
23398,2021-12-19,JE,Jersey,,809,16330,3,87
23399,2021-12-26,JE,Jersey,,1142,17472,2,89
23400,2022-01-02,JE,Jersey,,2770,20242,0,89
23401,2022-01-09,JE,Jersey,,3535,23777,1,90
23402,2022-01-16,JE,Jersey,,2375,26152,2,92
23403,2022-01-23,JE,Jersey,,1945,28097,4,96
23404,2022-01-30,JE,Jersey,,2381,30478,4,100
23405,2022-02-06,JE,Jersey,,2122,32600,4,104
23406,2022-02-13,JE,Jersey,,1758,34358,2,106
23407,2022-02-20,JE,Jersey,,1455,35813,3,109
23408,2022-02-27,JE,Jersey,,1459,37272,3,112
23409,2022-03-06,JE,Jersey,,1988,39260,2,114
23410,2022-03-13,JE,Jersey,,2122,41382,2,116
23411,2022-03-20,JE,Jersey,,2160,43542,0,116
23412,2022-03-27,JE,Jersey,,2069,45611,3,119
23413,2022-04-03,JE,Jersey,,1414,47025,1,120
23414,2022-04-10,JE,Jersey,,1103,48128,1,121
23415,2022-04-17,JE,Jersey,,794,48922,1,122
23416,2022-04-24,JE,Jersey,,600,49522,1,123
23417,2022-05-01,JE,Jersey,,364,49886,3,126
23418,2022-05-08,JE,Jersey,,213,50099,1,127
23419,2022-05-15,JE,Jersey,,211,50310,0,127
23420,2022-05-22,JE,Jersey,,200,50510,2,129
23421,2022-05-29,JE,Jersey,,168,50678,0,129
23422,2022-06-05,JE,Jersey,,180,50858,0,129
23423,2022-06-12,JE,Jersey,,470,51328,0,129
23424,2022-06-19,JE,Jersey,,616,51944,2,131
23425,2022-06-26,JE,Jersey,,1139,53083,0,131
23426,2022-07-03,JE,Jersey,,1395,54478,0,131
23427,2022-07-10,JE,Jersey,,1610,56088,0,131
23428,2022-07-17,JE,Jersey,,1079,57167,0,131
23429,2022-07-24,JE,Jersey,,597,57764,1,132
23430,2022-07-31,JE,Jersey,,357,58121,1,133
23431,2022-08-07,JE,Jersey,,302,58423,2,135
23432,2022-08-14,JE,Jersey,,199,58622,0,135
23433,2022-08-21,JE,Jersey,,181,58803,0,135
23434,2022-08-28,JE,Jersey,,143,58946,1,136
23435,2022-09-04,JE,Jersey,,202,59148,0,136
23436,2022-09-11,JE,Jersey,,229,59377,1,137
23437,2022-09-18,JE,Jersey,,304,59681,1,138
23438,2022-09-25,JE,Jersey,,322,60003,0,138
23439,2022-10-02,JE,Jersey,,384,60387,1,139
23440,2022-10-09,JE,Jersey,,408,60795,2,141
23441,2022-10-16,JE,Jersey,,368,61163,0,141
23442,2022-10-23,JE,Jersey,,333,61496,0,141
23443,2022-10-30,JE,Jersey,,321,61817,0,141
23444,2022-11-06,JE,Jersey,,307,62124,0,141
23445,2022-11-13,JE,Jersey,,302,62426,0,141
23446,2022-11-20,JE,Jersey,,250,62676,1,142
23447,2022-11-27,JE,Jersey,,228,62904,0,142
23448,2022-12-04,JE,Jersey,,348,63252,0,142
23449,2022-12-11,JE,Jersey,,583,63835,0,142
23450,2022-12-18,JE,Jersey,,769,64604,2,144
23451,2022-12-25,JE,Jersey,,782,65386,2,146
23452,2023-01-01,JE,Jersey,,416,65802,0,146
23453,2023-01-08,JE,Jersey,,271,66073,4,150
23454,2023-01-15,JE,Jersey,,142,66215,4,154
23455,2023-01-22,JE,Jersey,,69,66284,1,155
23456,2023-01-29,JE,Jersey,,94,66378,2,157
23457,2023-02-05,JE,Jersey,,13,66391,4,161
23458,2023-02-12,JE,Jersey,,0,66391,0,161
23459,2023-02-19,JE,Jersey,,0,66391,0,161
23460,2023-02-26,JE,Jersey,,0,66391,0,161
23461,2023-03-05,JE,Jersey,,0,66391,0,161
23462,2023-03-12,JE,Jersey,,0,66391,0,161
23463,2023-03-19,JE,Jersey,,0,66391,0,161
23464,2023-03-26,JE,Jersey,,0,66391,0,161
23465,2023-04-02,JE,Jersey,,0,66391,0,161
23466,2023-04-09,JE,Jersey,,0,66391,0,161
23467,2023-04-16,JE,Jersey,,0,66391,0,161
23468,2023-04-23,JE,Jersey,,0,66391,0,161
23469,2023-04-30,JE,Jersey,,0,66391,0,161
23470,2023-05-07,JE,Jersey,,0,66391,0,161
23471,2023-05-14,JE,Jersey,,0,66391,0,161
23472,2023-05-21,JE,Jersey,,0,66391,0,161
23473,2023-05-28,JE,Jersey,,0,66391,0,161
23474,2023-06-04,JE,Jersey,,0,66391,0,161
23475,2023-06-11,JE,Jersey,,0,66391,0,161
23476,2023-06-18,JE,Jersey,,0,66391,0,161
23477,2023-06-25,JE,Jersey,,0,66391,0,161
23478,2023-07-02,JE,Jersey,,0,66391,0,161
23479,2023-07-09,JE,Jersey,,0,66391,0,161
23480,2023-07-16,JE,Jersey,,0,66391,0,161
23481,2023-07-23,JE,Jersey,,0,66391,0,161
23482,2023-07-30,JE,Jersey,,0,66391,0,161
23483,2023-08-06,JE,Jersey,,0,66391,0,161
23484,2023-08-13,JE,Jersey,,0,66391,0,161
23485,2023-08-20,JE,Jersey,,0,66391,0,161
23486,2023-08-27,JE,Jersey,,0,66391,0,161
23487,2023-09-03,JE,Jersey,,0,66391,0,161
23488,2023-09-10,JE,Jersey,,0,66391,0,161
23489,2023-09-17,JE,Jersey,,0,66391,0,161
23490,2023-09-24,JE,Jersey,,0,66391,0,161
23491,2023-10-01,JE,Jersey,,0,66391,0,161
23492,2023-10-08,JE,Jersey,,0,66391,0,161
23493,2023-10-15,JE,Jersey,,0,66391,0,161
23494,2023-10-22,JE,Jersey,,0,66391,0,161
23495,2023-10-29,JE,Jersey,,0,66391,0,161
23496,2023-11-05,JE,Jersey,,0,66391,0,161
23497,2023-11-12,JE,Jersey,,0,66391,0,161
23498,2023-11-19,JE,Jersey,,0,66391,0,161
23499,2023-11-26,JE,Jersey,,0,66391,0,161
23500,2023-12-03,JE,Jersey,,0,66391,0,161
23501,2023-12-10,JE,Jersey,,0,66391,0,161
23502,2023-12-17,JE,Jersey,,0,66391,0,161
23503,2023-12-24,JE,Jersey,,0,66391,0,161
23504,2020-01-05,JO,Jordan,EMRO,0,0,0,0
23505,2020-01-12,JO,Jordan,EMRO,0,0,0,0
23506,2020-01-19,JO,Jordan,EMRO,0,0,0,0
23507,2020-01-26,JO,Jordan,EMRO,0,0,0,0
23508,2020-02-02,JO,Jordan,EMRO,0,0,0,0
23509,2020-02-09,JO,Jordan,EMRO,0,0,0,0
23510,2020-02-16,JO,Jordan,EMRO,0,0,0,0
23511,2020-02-23,JO,Jordan,EMRO,0,0,0,0
23512,2020-03-01,JO,Jordan,EMRO,0,0,0,0
23513,2020-03-08,JO,Jordan,EMRO,1,1,0,0
23514,2020-03-15,JO,Jordan,EMRO,0,1,0,0
23515,2020-03-22,JO,Jordan,EMRO,98,99,0,0
23516,2020-03-29,JO,Jordan,EMRO,147,246,1,1
23517,2020-04-05,JO,Jordan,EMRO,77,323,4,5
23518,2020-04-12,JO,Jordan,EMRO,58,381,2,7
23519,2020-04-19,JO,Jordan,EMRO,32,413,0,7
23520,2020-04-26,JO,Jordan,EMRO,20,433,0,7
23521,2020-05-03,JO,Jordan,EMRO,7,440,2,9
23522,2020-05-10,JO,Jordan,EMRO,48,488,0,9
23523,2020-05-17,JO,Jordan,EMRO,61,549,0,9
23524,2020-05-24,JO,Jordan,EMRO,85,634,0,9
23525,2020-05-31,JO,Jordan,EMRO,28,662,0,9
23526,2020-06-07,JO,Jordan,EMRO,31,693,0,9
23527,2020-06-14,JO,Jordan,EMRO,134,827,0,9
23528,2020-06-21,JO,Jordan,EMRO,55,882,0,9
23529,2020-06-28,JO,Jordan,EMRO,86,968,0,9
23530,2020-07-05,JO,Jordan,EMRO,35,1003,1,10
23531,2020-07-12,JO,Jordan,EMRO,18,1021,0,10
23532,2020-07-19,JO,Jordan,EMRO,37,1058,1,11
23533,2020-07-26,JO,Jordan,EMRO,96,1154,0,11
23534,2020-08-02,JO,Jordan,EMRO,54,1208,0,11
23535,2020-08-09,JO,Jordan,EMRO,38,1246,0,11
23536,2020-08-16,JO,Jordan,EMRO,93,1339,0,11
23537,2020-08-23,JO,Jordan,EMRO,237,1576,0,11
23538,2020-08-30,JO,Jordan,EMRO,317,1893,4,15
23539,2020-09-06,JO,Jordan,EMRO,460,2353,1,16
23540,2020-09-13,JO,Jordan,EMRO,709,3062,6,22
23541,2020-09-20,JO,Jordan,EMRO,1478,4540,8,30
23542,2020-09-27,JO,Jordan,EMRO,3521,8061,13,43
23543,2020-10-04,JO,Jordan,EMRO,6688,14749,45,88
23544,2020-10-11,JO,Jordan,EMRO,9249,23998,93,181
23545,2020-10-18,JO,Jordan,EMRO,12055,36053,149,330
23546,2020-10-25,JO,Jordan,EMRO,14697,50750,210,540
23547,2020-11-01,JO,Jordan,EMRO,21857,72607,289,829
23548,2020-11-08,JO,Jordan,EMRO,32195,104802,352,1181
23549,2020-11-15,JO,Jordan,EMRO,36503,141305,523,1704
23550,2020-11-22,JO,Jordan,EMRO,36856,178161,468,2172
23551,2020-11-29,JO,Jordan,EMRO,32548,210709,454,2626
23552,2020-12-06,JO,Jordan,EMRO,26804,237513,384,3010
23553,2020-12-13,JO,Jordan,EMRO,19762,257275,325,3335
23554,2020-12-20,JO,Jordan,EMRO,15522,272797,210,3545
23555,2020-12-27,JO,Jordan,EMRO,13559,286356,184,3729
23556,2021-01-03,JO,Jordan,EMRO,10312,296668,148,3877
23557,2021-01-10,JO,Jordan,EMRO,9291,305959,132,4009
23558,2021-01-17,JO,Jordan,EMRO,7598,313557,128,4137
23559,2021-01-24,JO,Jordan,EMRO,5962,319519,80,4217
23560,2021-01-31,JO,Jordan,EMRO,6155,325674,87,4304
23561,2021-02-07,JO,Jordan,EMRO,8181,333855,65,4369
23562,2021-02-14,JO,Jordan,EMRO,10948,344803,75,4444
23563,2021-02-21,JO,Jordan,EMRO,15008,359811,99,4543
23564,2021-02-28,JO,Jordan,EMRO,26685,386496,132,4675
23565,2021-03-07,JO,Jordan,EMRO,34919,421415,225,4900
23566,2021-03-14,JO,Jordan,EMRO,47585,469000,385,5285
23567,2021-03-21,JO,Jordan,EMRO,57666,526666,503,5788
23568,2021-03-28,JO,Jordan,EMRO,55467,582133,684,6472
23569,2021-04-04,JO,Jordan,EMRO,44742,626875,658,7130
23570,2021-04-11,JO,Jordan,EMRO,35520,662395,578,7708
23571,2021-04-18,JO,Jordan,EMRO,21071,683466,470,8178
23572,2021-04-25,JO,Jordan,EMRO,16957,700423,385,8563
23573,2021-05-02,JO,Jordan,EMRO,11654,712077,308,8871
23574,2021-05-09,JO,Jordan,EMRO,7156,719233,205,9076
23575,2021-05-16,JO,Jordan,EMRO,4112,723345,167,9243
23576,2021-05-23,JO,Jordan,EMRO,6361,729706,114,9357
23577,2021-05-30,JO,Jordan,EMRO,5433,735139,86,9443
23578,2021-06-06,JO,Jordan,EMRO,4180,739319,73,9516
23579,2021-06-13,JO,Jordan,EMRO,3512,742831,66,9582
23580,2021-06-20,JO,Jordan,EMRO,3147,745978,74,9656
23581,2021-06-27,JO,Jordan,EMRO,3341,749319,62,9718
23582,2021-07-04,JO,Jordan,EMRO,3298,752617,51,9769
23583,2021-07-11,JO,Jordan,EMRO,3737,756354,57,9826
23584,2021-07-18,JO,Jordan,EMRO,4196,760550,61,9887
23585,2021-07-25,JO,Jordan,EMRO,3372,763922,61,9948
23586,2021-08-01,JO,Jordan,EMRO,6790,770712,84,10032
23587,2021-08-08,JO,Jordan,EMRO,5466,776178,84,10116
23588,2021-08-15,JO,Jordan,EMRO,6032,782210,87,10203
23589,2021-08-22,JO,Jordan,EMRO,6306,788516,82,10285
23590,2021-08-29,JO,Jordan,EMRO,5834,794350,83,10368
23591,2021-09-05,JO,Jordan,EMRO,5890,800240,95,10463
23592,2021-09-12,JO,Jordan,EMRO,6261,806501,79,10542
23593,2021-09-19,JO,Jordan,EMRO,6180,812681,64,10606
23594,2021-09-26,JO,Jordan,EMRO,6115,818796,63,10669
23595,2021-10-03,JO,Jordan,EMRO,6449,825245,67,10736
23596,2021-10-10,JO,Jordan,EMRO,7154,832399,66,10802
23597,2021-10-17,JO,Jordan,EMRO,7718,840117,63,10865
23598,2021-10-24,JO,Jordan,EMRO,9641,849758,76,10941
23599,2021-10-31,JO,Jordan,EMRO,11060,860818,87,11028
23600,2021-11-07,JO,Jordan,EMRO,12889,873707,86,11114
23601,2021-11-14,JO,Jordan,EMRO,15964,889671,101,11215
23602,2021-11-21,JO,Jordan,EMRO,21599,911270,132,11347
23603,2021-11-28,JO,Jordan,EMRO,28023,939293,168,11515
23604,2021-12-05,JO,Jordan,EMRO,32108,971401,200,11715
23605,2021-12-12,JO,Jordan,EMRO,34735,1006136,226,11941
23606,2021-12-19,JO,Jordan,EMRO,27333,1033469,250,12191
23607,2021-12-26,JO,Jordan,EMRO,17952,1051421,253,12444
23608,2022-01-02,JO,Jordan,EMRO,12856,1064277,240,12684
23609,2022-01-09,JO,Jordan,EMRO,13155,1077432,172,12856
23610,2022-01-16,JO,Jordan,EMRO,20042,1097474,118,12974
23611,2022-01-23,JO,Jordan,EMRO,36623,1134097,88,13062
23612,2022-01-30,JO,Jordan,EMRO,63153,1197250,112,13174
23613,2022-02-06,JO,Jordan,EMRO,116993,1314243,126,13300
23614,2022-02-13,JO,Jordan,EMRO,136567,1450810,177,13477
23615,2022-02-20,JO,Jordan,EMRO,110012,1560822,180,13657
23616,2022-02-27,JO,Jordan,EMRO,56356,1617178,141,13798
23617,2022-03-06,JO,Jordan,EMRO,37499,1654677,84,13882
23618,2022-03-13,JO,Jordan,EMRO,25502,1680179,77,13959
23619,2022-03-20,JO,Jordan,EMRO,9135,1689314,44,14003
23620,2022-03-27,JO,Jordan,EMRO,3171,1692485,28,14031
23621,2022-04-03,JO,Jordan,EMRO,1731,1694216,17,14048
23622,2022-04-10,JO,Jordan,EMRO,741,1694957,7,14055
23623,2022-04-17,JO,Jordan,EMRO,475,1695432,4,14059
23624,2022-04-24,JO,Jordan,EMRO,313,1695745,5,14064
23625,2022-05-01,JO,Jordan,EMRO,225,1695970,2,14066
23626,2022-05-08,JO,Jordan,EMRO,84,1696054,0,14066
23627,2022-05-15,JO,Jordan,EMRO,305,1696359,0,14066
23628,2022-05-22,JO,Jordan,EMRO,309,1696668,0,14066
23629,2022-05-29,JO,Jordan,EMRO,269,1696937,0,14066
23630,2022-06-05,JO,Jordan,EMRO,334,1697271,2,14068
23631,2022-06-12,JO,Jordan,EMRO,402,1697673,0,14068
23632,2022-06-19,JO,Jordan,EMRO,643,1698316,0,14068
23633,2022-06-26,JO,Jordan,EMRO,881,1699197,0,14068
23634,2022-07-03,JO,Jordan,EMRO,1329,1700526,0,14068
23635,2022-07-10,JO,Jordan,EMRO,2135,1702661,1,14069
23636,2022-07-17,JO,Jordan,EMRO,2455,1705116,1,14070
23637,2022-07-24,JO,Jordan,EMRO,4763,1709879,4,14074
23638,2022-07-31,JO,Jordan,EMRO,5417,1715296,9,14083
23639,2022-08-07,JO,Jordan,EMRO,5482,1720778,7,14090
23640,2022-08-14,JO,Jordan,EMRO,5939,1726717,5,14095
23641,2022-08-21,JO,Jordan,EMRO,4832,1731549,10,14105
23642,2022-08-28,JO,Jordan,EMRO,3946,1735495,5,14110
23643,2022-09-04,JO,Jordan,EMRO,3372,1738867,4,14114
23644,2022-09-11,JO,Jordan,EMRO,3389,1742256,0,14114
23645,2022-09-18,JO,Jordan,EMRO,2776,1745032,2,14116
23646,2022-09-25,JO,Jordan,EMRO,1965,1746997,6,14122
23647,2022-10-02,JO,Jordan,EMRO,0,1746997,0,14122
23648,2022-10-09,JO,Jordan,EMRO,0,1746997,0,14122
23649,2022-10-16,JO,Jordan,EMRO,0,1746997,0,14122
23650,2022-10-23,JO,Jordan,EMRO,0,1746997,0,14122
23651,2022-10-30,JO,Jordan,EMRO,0,1746997,0,14122
23652,2022-11-06,JO,Jordan,EMRO,0,1746997,0,14122
23653,2022-11-13,JO,Jordan,EMRO,0,1746997,0,14122
23654,2022-11-20,JO,Jordan,EMRO,0,1746997,0,14122
23655,2022-11-27,JO,Jordan,EMRO,0,1746997,0,14122
23656,2022-12-04,JO,Jordan,EMRO,0,1746997,0,14122
23657,2022-12-11,JO,Jordan,EMRO,0,1746997,0,14122
23658,2022-12-18,JO,Jordan,EMRO,0,1746997,0,14122
23659,2022-12-25,JO,Jordan,EMRO,0,1746997,0,14122
23660,2023-01-01,JO,Jordan,EMRO,0,1746997,0,14122
23661,2023-01-08,JO,Jordan,EMRO,0,1746997,0,14122
23662,2023-01-15,JO,Jordan,EMRO,0,1746997,0,14122
23663,2023-01-22,JO,Jordan,EMRO,0,1746997,0,14122
23664,2023-01-29,JO,Jordan,EMRO,0,1746997,0,14122
23665,2023-02-05,JO,Jordan,EMRO,0,1746997,0,14122
23666,2023-02-12,JO,Jordan,EMRO,0,1746997,0,14122
23667,2023-02-19,JO,Jordan,EMRO,0,1746997,0,14122
23668,2023-02-26,JO,Jordan,EMRO,0,1746997,0,14122
23669,2023-03-05,JO,Jordan,EMRO,0,1746997,0,14122
23670,2023-03-12,JO,Jordan,EMRO,0,1746997,0,14122
23671,2023-03-19,JO,Jordan,EMRO,0,1746997,0,14122
23672,2023-03-26,JO,Jordan,EMRO,0,1746997,0,14122
23673,2023-04-02,JO,Jordan,EMRO,0,1746997,0,14122
23674,2023-04-09,JO,Jordan,EMRO,0,1746997,0,14122
23675,2023-04-16,JO,Jordan,EMRO,0,1746997,0,14122
23676,2023-04-23,JO,Jordan,EMRO,0,1746997,0,14122
23677,2023-04-30,JO,Jordan,EMRO,0,1746997,0,14122
23678,2023-05-07,JO,Jordan,EMRO,0,1746997,0,14122
23679,2023-05-14,JO,Jordan,EMRO,0,1746997,0,14122
23680,2023-05-21,JO,Jordan,EMRO,0,1746997,0,14122
23681,2023-05-28,JO,Jordan,EMRO,0,1746997,0,14122
23682,2023-06-04,JO,Jordan,EMRO,0,1746997,0,14122
23683,2023-06-11,JO,Jordan,EMRO,0,1746997,0,14122
23684,2023-06-18,JO,Jordan,EMRO,0,1746997,0,14122
23685,2023-06-25,JO,Jordan,EMRO,0,1746997,0,14122
23686,2023-07-02,JO,Jordan,EMRO,0,1746997,0,14122
23687,2023-07-09,JO,Jordan,EMRO,0,1746997,0,14122
23688,2023-07-16,JO,Jordan,EMRO,0,1746997,0,14122
23689,2023-07-23,JO,Jordan,EMRO,0,1746997,0,14122
23690,2023-07-30,JO,Jordan,EMRO,0,1746997,0,14122
23691,2023-08-06,JO,Jordan,EMRO,0,1746997,0,14122
23692,2023-08-13,JO,Jordan,EMRO,0,1746997,0,14122
23693,2023-08-20,JO,Jordan,EMRO,0,1746997,0,14122
23694,2023-08-27,JO,Jordan,EMRO,0,1746997,0,14122
23695,2023-09-03,JO,Jordan,EMRO,0,1746997,0,14122
23696,2023-09-10,JO,Jordan,EMRO,0,1746997,0,14122
23697,2023-09-17,JO,Jordan,EMRO,0,1746997,0,14122
23698,2023-09-24,JO,Jordan,EMRO,0,1746997,0,14122
23699,2023-10-01,JO,Jordan,EMRO,0,1746997,0,14122
23700,2023-10-08,JO,Jordan,EMRO,0,1746997,0,14122
23701,2023-10-15,JO,Jordan,EMRO,0,1746997,0,14122
23702,2023-10-22,JO,Jordan,EMRO,0,1746997,0,14122
23703,2023-10-29,JO,Jordan,EMRO,0,1746997,0,14122
23704,2023-11-05,JO,Jordan,EMRO,0,1746997,0,14122
23705,2023-11-12,JO,Jordan,EMRO,0,1746997,0,14122
23706,2023-11-19,JO,Jordan,EMRO,0,1746997,0,14122
23707,2023-11-26,JO,Jordan,EMRO,0,1746997,0,14122
23708,2023-12-03,JO,Jordan,EMRO,0,1746997,0,14122
23709,2023-12-10,JO,Jordan,EMRO,0,1746997,0,14122
23710,2023-12-17,JO,Jordan,EMRO,0,1746997,0,14122
23711,2023-12-24,JO,Jordan,EMRO,0,1746997,0,14122
23712,2020-01-05,KZ,Kazakhstan,EURO,0,0,0,0
23713,2020-01-12,KZ,Kazakhstan,EURO,0,0,0,0
23714,2020-01-19,KZ,Kazakhstan,EURO,0,0,0,0
23715,2020-01-26,KZ,Kazakhstan,EURO,0,0,0,0
23716,2020-02-02,KZ,Kazakhstan,EURO,0,0,0,0
23717,2020-02-09,KZ,Kazakhstan,EURO,0,0,0,0
23718,2020-02-16,KZ,Kazakhstan,EURO,0,0,0,0
23719,2020-02-23,KZ,Kazakhstan,EURO,0,0,0,0
23720,2020-03-01,KZ,Kazakhstan,EURO,0,0,0,0
23721,2020-03-08,KZ,Kazakhstan,EURO,0,0,0,0
23722,2020-03-15,KZ,Kazakhstan,EURO,6,6,0,0
23723,2020-03-22,KZ,Kazakhstan,EURO,51,57,0,0
23724,2020-03-29,KZ,Kazakhstan,EURO,227,284,1,1
23725,2020-04-05,KZ,Kazakhstan,EURO,247,531,4,5
23726,2020-04-12,KZ,Kazakhstan,EURO,366,897,5,10
23727,2020-04-19,KZ,Kazakhstan,EURO,730,1627,9,19
23728,2020-04-26,KZ,Kazakhstan,EURO,974,2601,6,25
23729,2020-05-03,KZ,Kazakhstan,EURO,1276,3877,1,26
23730,2020-05-10,KZ,Kazakhstan,EURO,1179,5056,5,31
23731,2020-05-17,KZ,Kazakhstan,EURO,1101,6157,3,34
23732,2020-05-24,KZ,Kazakhstan,EURO,2165,8322,1,35
23733,2020-05-31,KZ,Kazakhstan,EURO,2536,10858,3,38
23734,2020-06-07,KZ,Kazakhstan,EURO,1836,12694,16,54
23735,2020-06-14,KZ,Kazakhstan,EURO,1802,14496,19,73
23736,2020-06-21,KZ,Kazakhstan,EURO,3345,17841,45,118
23737,2020-06-28,KZ,Kazakhstan,EURO,10222,28063,55,173
23738,2020-07-05,KZ,Kazakhstan,EURO,19108,47171,69,242
23739,2020-07-12,KZ,Kazakhstan,EURO,11082,58253,110,352
23740,2020-07-19,KZ,Kazakhstan,EURO,12086,70339,23,375
23741,2020-07-26,KZ,Kazakhstan,EURO,11381,81720,210,585
23742,2020-08-02,KZ,Kazakhstan,EURO,15054,96774,238,823
23743,2020-08-09,KZ,Kazakhstan,EURO,15048,111822,286,1109
23744,2020-08-16,KZ,Kazakhstan,EURO,9339,121161,324,1433
23745,2020-08-23,KZ,Kazakhstan,EURO,6042,127203,200,1633
23746,2020-08-30,KZ,Kazakhstan,EURO,4139,131342,148,1781
23747,2020-09-06,KZ,Kazakhstan,EURO,2582,133924,97,1878
23748,2020-09-13,KZ,Kazakhstan,EURO,2460,136384,70,1948
23749,2020-09-20,KZ,Kazakhstan,EURO,1964,138348,51,1999
23750,2020-09-27,KZ,Kazakhstan,EURO,1827,140175,44,2043
23751,2020-10-04,KZ,Kazakhstan,EURO,1573,141748,32,2075
23752,2020-10-11,KZ,Kazakhstan,EURO,1884,143632,31,2106
23753,2020-10-18,KZ,Kazakhstan,EURO,1688,145320,30,2136
23754,2020-10-25,KZ,Kazakhstan,EURO,1977,147297,42,2178
23755,2020-11-01,KZ,Kazakhstan,EURO,3083,150380,41,2219
23756,2020-11-08,KZ,Kazakhstan,EURO,4840,155220,40,2259
23757,2020-11-15,KZ,Kazakhstan,EURO,5392,160612,47,2306
23758,2020-11-22,KZ,Kazakhstan,EURO,6013,166625,59,2365
23759,2020-11-29,KZ,Kazakhstan,EURO,6344,172969,52,2417
23760,2020-12-06,KZ,Kazakhstan,EURO,6375,179344,60,2477
23761,2020-12-13,KZ,Kazakhstan,EURO,6169,185513,65,2542
23762,2020-12-20,KZ,Kazakhstan,EURO,5456,190969,67,2609
23763,2020-12-27,KZ,Kazakhstan,EURO,6173,197142,60,2669
23764,2021-01-03,KZ,Kazakhstan,EURO,5738,202880,80,2749
23765,2021-01-10,KZ,Kazakhstan,EURO,5716,208596,96,2845
23766,2021-01-17,KZ,Kazakhstan,EURO,6331,214927,40,2885
23767,2021-01-24,KZ,Kazakhstan,EURO,9468,224395,71,2956
23768,2021-01-31,KZ,Kazakhstan,EURO,10174,234569,79,3035
23769,2021-02-07,KZ,Kazakhstan,EURO,8838,243407,91,3126
23770,2021-02-14,KZ,Kazakhstan,EURO,7069,250476,59,3185
23771,2021-02-21,KZ,Kazakhstan,EURO,5912,256388,61,3246
23772,2021-02-28,KZ,Kazakhstan,EURO,5705,262093,65,3311
23773,2021-03-07,KZ,Kazakhstan,EURO,5564,267657,78,3389
23774,2021-03-14,KZ,Kazakhstan,EURO,5864,273521,67,3456
23775,2021-03-21,KZ,Kazakhstan,EURO,8277,281798,55,3511
23776,2021-03-28,KZ,Kazakhstan,EURO,8994,290792,2291,5802
23777,2021-04-04,KZ,Kazakhstan,EURO,13130,303922,110,5912
23778,2021-04-11,KZ,Kazakhstan,EURO,16959,320881,116,6028
23779,2021-04-18,KZ,Kazakhstan,EURO,17964,338845,151,6179
23780,2021-04-25,KZ,Kazakhstan,EURO,19989,358834,194,6373
23781,2021-05-02,KZ,Kazakhstan,EURO,19736,378570,188,6561
23782,2021-05-09,KZ,Kazakhstan,EURO,17560,396130,197,6758
23783,2021-05-16,KZ,Kazakhstan,EURO,16106,412236,218,6976
23784,2021-05-23,KZ,Kazakhstan,EURO,15637,427873,173,7149
23785,2021-05-30,KZ,Kazakhstan,EURO,12496,440369,0,7149
23786,2021-06-06,KZ,Kazakhstan,EURO,9489,449858,172,7321
23787,2021-06-13,KZ,Kazakhstan,EURO,7616,457474,144,7465
23788,2021-06-20,KZ,Kazakhstan,EURO,7711,465185,121,7586
23789,2021-06-27,KZ,Kazakhstan,EURO,9854,475039,80,7666
23790,2021-07-04,KZ,Kazakhstan,EURO,16238,491277,93,7759
23791,2021-07-11,KZ,Kazakhstan,EURO,21408,512685,175,7934
23792,2021-07-18,KZ,Kazakhstan,EURO,34825,547510,239,8173
23793,2021-07-25,KZ,Kazakhstan,EURO,41346,588856,365,8538
23794,2021-08-01,KZ,Kazakhstan,EURO,52691,641547,539,9077
23795,2021-08-08,KZ,Kazakhstan,EURO,56033,697580,832,9909
23796,2021-08-15,KZ,Kazakhstan,EURO,55346,752926,882,10791
23797,2021-08-22,KZ,Kazakhstan,EURO,51785,804711,934,11725
23798,2021-08-29,KZ,Kazakhstan,EURO,44846,849557,930,12655
23799,2021-09-05,KZ,Kazakhstan,EURO,34667,884224,1077,13732
23800,2021-09-12,KZ,Kazakhstan,EURO,28017,912241,691,14423
23801,2021-09-19,KZ,Kazakhstan,EURO,22208,934449,608,15031
23802,2021-09-26,KZ,Kazakhstan,EURO,17936,952385,799,15830
23803,2021-10-03,KZ,Kazakhstan,EURO,14827,967212,312,16142
23804,2021-10-10,KZ,Kazakhstan,EURO,13917,981129,298,16440
23805,2021-10-17,KZ,Kazakhstan,EURO,13335,994464,242,16682
23806,2021-10-24,KZ,Kazakhstan,EURO,12491,1006955,251,16933
23807,2021-10-31,KZ,Kazakhstan,EURO,11886,1018841,198,17131
23808,2021-11-07,KZ,Kazakhstan,EURO,10087,1028928,187,17318
23809,2021-11-14,KZ,Kazakhstan,EURO,8710,1037638,194,17512
23810,2021-11-21,KZ,Kazakhstan,EURO,8145,1045783,158,17670
23811,2021-11-28,KZ,Kazakhstan,EURO,6839,1052622,135,17805
23812,2021-12-05,KZ,Kazakhstan,EURO,5483,1058105,127,17932
23813,2021-12-12,KZ,Kazakhstan,EURO,4793,1062898,104,18036
23814,2021-12-19,KZ,Kazakhstan,EURO,3649,1066547,80,18116
23815,2021-12-26,KZ,Kazakhstan,EURO,3317,1069864,69,18185
23816,2022-01-02,KZ,Kazakhstan,EURO,3135,1072999,51,18236
23817,2022-01-09,KZ,Kazakhstan,EURO,6672,1079671,42,18278
23818,2022-01-16,KZ,Kazakhstan,EURO,54927,1134598,34,18312
23819,2022-01-23,KZ,Kazakhstan,EURO,97258,1231856,70,18382
23820,2022-01-30,KZ,Kazakhstan,EURO,80452,1312308,108,18490
23821,2022-02-06,KZ,Kazakhstan,EURO,45666,1357974,151,18641
23822,2022-02-13,KZ,Kazakhstan,EURO,19486,1377460,130,18771
23823,2022-02-20,KZ,Kazakhstan,EURO,8870,1386330,95,18866
23824,2022-02-27,KZ,Kazakhstan,EURO,3843,1390173,63,18929
23825,2022-03-06,KZ,Kazakhstan,EURO,1838,1392011,44,18973
23826,2022-03-13,KZ,Kazakhstan,EURO,849,1392860,20,18993
23827,2022-03-20,KZ,Kazakhstan,EURO,567,1393427,11,19004
23828,2022-03-27,KZ,Kazakhstan,EURO,216,1393643,6,19010
23829,2022-04-03,KZ,Kazakhstan,EURO,249,1393892,2,19012
23830,2022-04-10,KZ,Kazakhstan,EURO,178,1394070,1,19013
23831,2022-04-17,KZ,Kazakhstan,EURO,154,1394224,0,19013
23832,2022-04-24,KZ,Kazakhstan,EURO,125,1394349,0,19013
23833,2022-05-01,KZ,Kazakhstan,EURO,174,1394523,0,19013
23834,2022-05-08,KZ,Kazakhstan,EURO,109,1394632,1,19014
23835,2022-05-15,KZ,Kazakhstan,EURO,78,1394710,1,19015
23836,2022-05-22,KZ,Kazakhstan,EURO,87,1394797,0,19015
23837,2022-05-29,KZ,Kazakhstan,EURO,90,1394887,0,19015
23838,2022-06-05,KZ,Kazakhstan,EURO,70,1394957,1,19016
23839,2022-06-12,KZ,Kazakhstan,EURO,98,1395055,1,19017
23840,2022-06-19,KZ,Kazakhstan,EURO,112,1395167,0,19017
23841,2022-06-26,KZ,Kazakhstan,EURO,299,1395466,1,19018
23842,2022-07-03,KZ,Kazakhstan,EURO,959,1396425,0,19018
23843,2022-07-10,KZ,Kazakhstan,EURO,2293,1398718,0,19018
23844,2022-07-17,KZ,Kazakhstan,EURO,7190,1405908,2,19020
23845,2022-07-24,KZ,Kazakhstan,EURO,15001,1420909,1,19021
23846,2022-07-31,KZ,Kazakhstan,EURO,18815,1439724,0,19021
23847,2022-08-07,KZ,Kazakhstan,EURO,16803,1456527,5,19026
23848,2022-08-14,KZ,Kazakhstan,EURO,10234,1466761,4,19030
23849,2022-08-21,KZ,Kazakhstan,EURO,6630,1473391,4,19034
23850,2022-08-28,KZ,Kazakhstan,EURO,4094,1477485,7,19041
23851,2022-09-04,KZ,Kazakhstan,EURO,2363,1479848,0,19041
23852,2022-09-11,KZ,Kazakhstan,EURO,1677,1481525,4,19045
23853,2022-09-18,KZ,Kazakhstan,EURO,990,1482515,3,19048
23854,2022-09-25,KZ,Kazakhstan,EURO,688,1483203,0,19048
23855,2022-10-02,KZ,Kazakhstan,EURO,533,1483736,2,19050
23856,2022-10-09,KZ,Kazakhstan,EURO,334,1484070,2,19052
23857,2022-10-16,KZ,Kazakhstan,EURO,324,1484394,0,19052
23858,2022-10-23,KZ,Kazakhstan,EURO,243,1484637,0,19052
23859,2022-10-30,KZ,Kazakhstan,EURO,279,1484916,0,19052
23860,2022-11-06,KZ,Kazakhstan,EURO,285,1485201,0,19052
23861,2022-11-13,KZ,Kazakhstan,EURO,363,1485564,1,19053
23862,2022-11-20,KZ,Kazakhstan,EURO,494,1486058,0,19053
23863,2022-11-27,KZ,Kazakhstan,EURO,712,1486770,0,19053
23864,2022-12-04,KZ,Kazakhstan,EURO,1039,1487809,0,19053
23865,2022-12-11,KZ,Kazakhstan,EURO,1304,1489113,3,19056
23866,2022-12-18,KZ,Kazakhstan,EURO,1434,1490547,1,19057
23867,2022-12-25,KZ,Kazakhstan,EURO,1674,1492221,0,19057
23868,2023-01-01,KZ,Kazakhstan,EURO,1513,1493734,1,19058
23869,2023-01-08,KZ,Kazakhstan,EURO,987,1494721,2,19060
23870,2023-01-15,KZ,Kazakhstan,EURO,859,1495580,3,19063
23871,2023-01-22,KZ,Kazakhstan,EURO,517,1496097,2,19065
23872,2023-01-29,KZ,Kazakhstan,EURO,381,1496478,0,19065
23873,2023-02-05,KZ,Kazakhstan,EURO,419,1496897,0,19065
23874,2023-02-12,KZ,Kazakhstan,EURO,552,1497449,1,19066
23875,2023-02-19,KZ,Kazakhstan,EURO,618,1498067,2,19068
23876,2023-02-26,KZ,Kazakhstan,EURO,568,1498635,0,19068
23877,2023-03-05,KZ,Kazakhstan,EURO,491,1499126,2,19070
23878,2023-03-12,KZ,Kazakhstan,EURO,411,1499537,1,19071
23879,2023-03-19,KZ,Kazakhstan,EURO,564,1500101,0,19071
23880,2023-03-26,KZ,Kazakhstan,EURO,305,1500406,0,19071
23881,2023-04-02,KZ,Kazakhstan,EURO,530,1500936,1,19072
23882,2023-04-09,KZ,Kazakhstan,EURO,424,1501360,0,19072
23883,2023-04-16,KZ,Kazakhstan,EURO,458,1501818,0,19072
23884,2023-04-23,KZ,Kazakhstan,EURO,404,1502222,0,19072
23885,2023-04-30,KZ,Kazakhstan,EURO,388,1502610,0,19072
23886,2023-05-07,KZ,Kazakhstan,EURO,247,1502857,0,19072
23887,2023-05-14,KZ,Kazakhstan,EURO,0,1502857,0,19072
23888,2023-05-21,KZ,Kazakhstan,EURO,0,1502857,0,19072
23889,2023-05-28,KZ,Kazakhstan,EURO,0,1502857,0,19072
23890,2023-06-04,KZ,Kazakhstan,EURO,0,1502857,0,19072
23891,2023-06-11,KZ,Kazakhstan,EURO,0,1502857,0,19072
23892,2023-06-18,KZ,Kazakhstan,EURO,0,1502857,0,19072
23893,2023-06-25,KZ,Kazakhstan,EURO,0,1502857,0,19072
23894,2023-07-02,KZ,Kazakhstan,EURO,0,1502857,0,19072
23895,2023-07-09,KZ,Kazakhstan,EURO,0,1502857,0,19072
23896,2023-07-16,KZ,Kazakhstan,EURO,0,1502857,0,19072
23897,2023-07-23,KZ,Kazakhstan,EURO,0,1502857,0,19072
23898,2023-07-30,KZ,Kazakhstan,EURO,0,1502857,0,19072
23899,2023-08-06,KZ,Kazakhstan,EURO,0,1502857,0,19072
23900,2023-08-13,KZ,Kazakhstan,EURO,0,1502857,0,19072
23901,2023-08-20,KZ,Kazakhstan,EURO,0,1502857,0,19072
23902,2023-08-27,KZ,Kazakhstan,EURO,0,1502857,0,19072
23903,2023-09-03,KZ,Kazakhstan,EURO,0,1502857,0,19072
23904,2023-09-10,KZ,Kazakhstan,EURO,0,1502857,0,19072
23905,2023-09-17,KZ,Kazakhstan,EURO,0,1502857,0,19072
23906,2023-09-24,KZ,Kazakhstan,EURO,0,1502857,0,19072
23907,2023-10-01,KZ,Kazakhstan,EURO,0,1502857,0,19072
23908,2023-10-08,KZ,Kazakhstan,EURO,0,1502857,0,19072
23909,2023-10-15,KZ,Kazakhstan,EURO,0,1502857,0,19072
23910,2023-10-22,KZ,Kazakhstan,EURO,0,1502857,0,19072
23911,2023-10-29,KZ,Kazakhstan,EURO,0,1502857,0,19072
23912,2023-11-05,KZ,Kazakhstan,EURO,0,1502857,0,19072
23913,2023-11-12,KZ,Kazakhstan,EURO,0,1502857,0,19072
23914,2023-11-19,KZ,Kazakhstan,EURO,0,1502857,0,19072
23915,2023-11-26,KZ,Kazakhstan,EURO,0,1502857,0,19072
23916,2023-12-03,KZ,Kazakhstan,EURO,0,1502857,0,19072
23917,2023-12-10,KZ,Kazakhstan,EURO,0,1502857,0,19072
23918,2023-12-17,KZ,Kazakhstan,EURO,0,1502857,0,19072
23919,2023-12-24,KZ,Kazakhstan,EURO,0,1502857,0,19072
23920,2020-01-05,KE,Kenya,AFRO,0,0,0,0
23921,2020-01-12,KE,Kenya,AFRO,0,0,0,0
23922,2020-01-19,KE,Kenya,AFRO,0,0,0,0
23923,2020-01-26,KE,Kenya,AFRO,0,0,0,0
23924,2020-02-02,KE,Kenya,AFRO,0,0,0,0
23925,2020-02-09,KE,Kenya,AFRO,0,0,0,0
23926,2020-02-16,KE,Kenya,AFRO,0,0,0,0
23927,2020-02-23,KE,Kenya,AFRO,0,0,0,0
23928,2020-03-01,KE,Kenya,AFRO,0,0,0,0
23929,2020-03-08,KE,Kenya,AFRO,0,0,0,0
23930,2020-03-15,KE,Kenya,AFRO,1,1,0,0
23931,2020-03-22,KE,Kenya,AFRO,6,7,0,0
23932,2020-03-29,KE,Kenya,AFRO,31,38,4,4
23933,2020-04-05,KE,Kenya,AFRO,88,126,3,7
23934,2020-04-12,KE,Kenya,AFRO,65,191,0,7
23935,2020-04-19,KE,Kenya,AFRO,71,262,4,11
23936,2020-04-26,KE,Kenya,AFRO,81,343,2,13
23937,2020-05-03,KE,Kenya,AFRO,92,435,8,21
23938,2020-05-10,KE,Kenya,AFRO,214,649,9,30
23939,2020-05-17,KE,Kenya,AFRO,181,830,20,50
23940,2020-05-24,KE,Kenya,AFRO,362,1192,0,50
23941,2020-05-31,KE,Kenya,AFRO,696,1888,13,63
23942,2020-06-07,KE,Kenya,AFRO,712,2600,20,83
23943,2020-06-14,KE,Kenya,AFRO,857,3457,17,100
23944,2020-06-21,KE,Kenya,AFRO,1021,4478,21,121
23945,2020-06-28,KE,Kenya,AFRO,1333,5811,20,141
23946,2020-07-05,KE,Kenya,AFRO,1766,7577,18,159
23947,2020-07-12,KE,Kenya,AFRO,2149,9726,25,184
23948,2020-07-19,KE,Kenya,AFRO,3024,12750,41,225
23949,2020-07-26,KE,Kenya,AFRO,3893,16643,53,278
23950,2020-08-02,KE,Kenya,AFRO,4720,21363,86,364
23951,2020-08-09,KE,Kenya,AFRO,4474,25837,54,418
23952,2020-08-16,KE,Kenya,AFRO,4012,29849,54,472
23953,2020-08-23,KE,Kenya,AFRO,2269,32118,70,542
23954,2020-08-30,KE,Kenya,AFRO,1676,33794,30,572
23955,2020-09-06,KE,Kenya,AFRO,1226,35020,22,594
23956,2020-09-13,KE,Kenya,AFRO,943,35963,25,619
23957,2020-09-20,KE,Kenya,AFRO,866,36829,27,646
23958,2020-09-27,KE,Kenya,AFRO,1042,37871,43,689
23959,2020-10-04,KE,Kenya,AFRO,1313,39184,39,728
23960,2020-10-11,KE,Kenya,AFRO,1974,41158,32,760
23961,2020-10-18,KE,Kenya,AFRO,3038,44196,65,825
23962,2020-10-25,KE,Kenya,AFRO,4594,48790,71,896
23963,2020-11-01,KE,Kenya,AFRO,6402,55192,100,996
23964,2020-11-08,KE,Kenya,AFRO,6577,61769,107,1103
23965,2020-11-15,KE,Kenya,AFRO,7504,69273,146,1249
23966,2020-11-22,KE,Kenya,AFRO,7131,76404,117,1366
23967,2020-11-29,KE,Kenya,AFRO,6201,82605,79,1445
23968,2020-12-06,KE,Kenya,AFRO,5379,87984,73,1518
23969,2020-12-13,KE,Kenya,AFRO,3542,91526,68,1586
23970,2020-12-20,KE,Kenya,AFRO,2625,94151,47,1633
23971,2020-12-27,KE,Kenya,AFRO,1692,95843,22,1655
23972,2021-01-03,KE,Kenya,AFRO,835,96678,30,1685
23973,2021-01-10,KE,Kenya,AFRO,1506,98184,19,1704
23974,2021-01-17,KE,Kenya,AFRO,898,99082,24,1728
23975,2021-01-24,KE,Kenya,AFRO,816,99898,12,1740
23976,2021-01-31,KE,Kenya,AFRO,777,100675,15,1755
23977,2021-02-07,KE,Kenya,AFRO,1015,101690,21,1776
23978,2021-02-14,KE,Kenya,AFRO,1102,102792,19,1795
23979,2021-02-21,KE,Kenya,AFRO,1201,103993,22,1817
23980,2021-02-28,KE,Kenya,AFRO,1655,105648,37,1854
23981,2021-03-07,KE,Kenya,AFRO,2714,108362,20,1874
23982,2021-03-14,KE,Kenya,AFRO,4443,112805,34,1908
23983,2021-03-21,KE,Kenya,AFRO,7358,120163,86,1994
23984,2021-03-28,KE,Kenya,AFRO,9167,129330,110,2104
23985,2021-04-04,KE,Kenya,AFRO,8747,138077,102,2206
23986,2021-04-11,KE,Kenya,AFRO,7107,145184,124,2330
23987,2021-04-18,KE,Kenya,AFRO,6103,151287,133,2463
23988,2021-04-25,KE,Kenya,AFRO,5031,156318,140,2603
23989,2021-05-02,KE,Kenya,AFRO,3735,160053,141,2744
23990,2021-05-09,KE,Kenya,AFRO,3185,163238,139,2883
23991,2021-05-16,KE,Kenya,AFRO,2141,165379,118,3001
23992,2021-05-23,KE,Kenya,AFRO,2729,168108,48,3049
23993,2021-05-30,KE,Kenya,AFRO,2377,170485,92,3141
23994,2021-06-06,KE,Kenya,AFRO,1840,172325,123,3264
23995,2021-06-13,KE,Kenya,AFRO,2851,175176,132,3396
23996,2021-06-20,KE,Kenya,AFRO,3616,178792,51,3447
23997,2021-06-27,KE,Kenya,AFRO,3601,182393,127,3574
23998,2021-07-04,KE,Kenya,AFRO,3198,185591,97,3671
23999,2021-07-11,KE,Kenya,AFRO,2922,188513,50,3721
24000,2021-07-18,KE,Kenya,AFRO,3922,192435,39,3760
24001,2021-07-25,KE,Kenya,AFRO,4310,196745,89,3849
24002,2021-08-01,KE,Kenya,AFRO,6468,203213,82,3931
24003,2021-08-08,KE,Kenya,AFRO,7815,211028,186,4117
24004,2021-08-15,KE,Kenya,AFRO,8910,219938,202,4319
24005,2021-08-22,KE,Kenya,AFRO,8425,228363,148,4467
24006,2021-08-29,KE,Kenya,AFRO,6226,234589,227,4694
24007,2021-09-05,KE,Kenya,AFRO,5103,239692,84,4778
24008,2021-09-12,KE,Kenya,AFRO,3764,243456,124,4902
24009,2021-09-19,KE,Kenya,AFRO,2840,246296,78,4980
24010,2021-09-26,KE,Kenya,AFRO,2096,248392,116,5096
24011,2021-10-03,KE,Kenya,AFRO,1631,250023,35,5131
24012,2021-10-10,KE,Kenya,AFRO,1034,251057,50,5181
24013,2021-10-17,KE,Kenya,AFRO,902,251959,34,5215
24014,2021-10-24,KE,Kenya,AFRO,669,252628,40,5255
24015,2021-10-31,KE,Kenya,AFRO,665,253293,21,5276
24016,2021-11-07,KE,Kenya,AFRO,520,253813,29,5305
24017,2021-11-14,KE,Kenya,AFRO,463,254276,11,5316
24018,2021-11-21,KE,Kenya,AFRO,412,254688,9,5325
24019,2021-11-28,KE,Kenya,AFRO,252,254940,8,5333
24020,2021-12-05,KE,Kenya,AFRO,468,255408,2,5335
24021,2021-12-12,KE,Kenya,AFRO,726,256134,11,5346
24022,2021-12-19,KE,Kenya,AFRO,6201,262335,7,5353
24023,2021-12-26,KE,Kenya,AFRO,19023,281358,6,5359
24024,2022-01-02,KE,Kenya,AFRO,15797,297155,22,5381
24025,2022-01-09,KE,Kenya,AFRO,13642,310797,56,5437
24026,2022-01-16,KE,Kenya,AFRO,6527,317324,51,5488
24027,2022-01-23,KE,Kenya,AFRO,2814,320138,43,5531
24028,2022-01-30,KE,Kenya,AFRO,1096,321234,47,5578
24029,2022-02-06,KE,Kenya,AFRO,809,322043,29,5607
24030,2022-02-13,KE,Kenya,AFRO,393,322436,22,5629
24031,2022-02-20,KE,Kenya,AFRO,233,322669,6,5635
24032,2022-02-27,KE,Kenya,AFRO,237,322906,4,5639
24033,2022-03-06,KE,Kenya,AFRO,165,323071,1,5640
24034,2022-03-13,KE,Kenya,AFRO,100,323171,4,5644
24035,2022-03-20,KE,Kenya,AFRO,101,323272,3,5647
24036,2022-03-27,KE,Kenya,AFRO,93,323365,0,5647
24037,2022-04-03,KE,Kenya,AFRO,85,323450,1,5648
24038,2022-04-10,KE,Kenya,AFRO,81,323531,0,5648
24039,2022-04-17,KE,Kenya,AFRO,78,323609,1,5649
24040,2022-04-24,KE,Kenya,AFRO,87,323696,0,5649
24041,2022-05-01,KE,Kenya,AFRO,77,323773,0,5649
24042,2022-05-08,KE,Kenya,AFRO,95,323868,0,5649
24043,2022-05-15,KE,Kenya,AFRO,143,324011,0,5649
24044,2022-05-22,KE,Kenya,AFRO,211,324222,0,5649
24045,2022-05-29,KE,Kenya,AFRO,464,324686,2,5651
24046,2022-06-05,KE,Kenya,AFRO,756,325442,0,5651
24047,2022-06-12,KE,Kenya,AFRO,1295,326737,0,5651
24048,2022-06-19,KE,Kenya,AFRO,2370,329107,0,5651
24049,2022-06-26,KE,Kenya,AFRO,2859,331966,0,5651
24050,2022-07-03,KE,Kenya,AFRO,2283,334249,4,5655
24051,2022-07-10,KE,Kenya,AFRO,1524,335773,8,5663
24052,2022-07-17,KE,Kenya,AFRO,917,336690,5,5668
24053,2022-07-24,KE,Kenya,AFRO,552,337242,2,5670
24054,2022-07-31,KE,Kenya,AFRO,357,337599,2,5672
24055,2022-08-07,KE,Kenya,AFRO,234,337833,0,5672
24056,2022-08-14,KE,Kenya,AFRO,105,337938,1,5673
24057,2022-08-21,KE,Kenya,AFRO,104,338042,0,5673
24058,2022-08-28,KE,Kenya,AFRO,111,338153,0,5673
24059,2022-09-04,KE,Kenya,AFRO,81,338234,1,5674
24060,2022-09-11,KE,Kenya,AFRO,56,338290,0,5674
24061,2022-09-18,KE,Kenya,AFRO,42,338332,1,5675
24062,2022-09-25,KE,Kenya,AFRO,57,338389,0,5675
24063,2022-10-02,KE,Kenya,AFRO,50,338439,3,5678
24064,2022-10-09,KE,Kenya,AFRO,54,338493,0,5678
24065,2022-10-16,KE,Kenya,AFRO,78,338571,0,5678
24066,2022-10-23,KE,Kenya,AFRO,178,338749,0,5678
24067,2022-10-30,KE,Kenya,AFRO,329,339078,0,5678
24068,2022-11-06,KE,Kenya,AFRO,593,339671,0,5678
24069,2022-11-13,KE,Kenya,AFRO,700,340371,0,5678
24070,2022-11-20,KE,Kenya,AFRO,604,340975,6,5684
24071,2022-11-27,KE,Kenya,AFRO,485,341460,0,5684
24072,2022-12-04,KE,Kenya,AFRO,176,341636,0,5684
24073,2022-12-11,KE,Kenya,AFRO,288,341924,0,5684
24074,2022-12-18,KE,Kenya,AFRO,183,342107,0,5684
24075,2022-12-25,KE,Kenya,AFRO,363,342470,4,5688
24076,2023-01-01,KE,Kenya,AFRO,37,342507,0,5688
24077,2023-01-08,KE,Kenya,AFRO,0,342507,0,5688
24078,2023-01-15,KE,Kenya,AFRO,92,342599,0,5688
24079,2023-01-22,KE,Kenya,AFRO,104,342703,0,5688
24080,2023-01-29,KE,Kenya,AFRO,82,342785,0,5688
24081,2023-02-05,KE,Kenya,AFRO,32,342817,0,5688
24082,2023-02-12,KE,Kenya,AFRO,32,342849,0,5688
24083,2023-02-19,KE,Kenya,AFRO,25,342874,0,5688
24084,2023-02-26,KE,Kenya,AFRO,41,342915,0,5688
24085,2023-03-05,KE,Kenya,AFRO,20,342935,0,5688
24086,2023-03-12,KE,Kenya,AFRO,7,342942,0,5688
24087,2023-03-19,KE,Kenya,AFRO,14,342956,0,5688
24088,2023-03-26,KE,Kenya,AFRO,11,342967,0,5688
24089,2023-04-02,KE,Kenya,AFRO,16,342983,0,5688
24090,2023-04-09,KE,Kenya,AFRO,9,342992,0,5688
24091,2023-04-16,KE,Kenya,AFRO,13,343005,0,5688
24092,2023-04-23,KE,Kenya,AFRO,27,343032,0,5688
24093,2023-04-30,KE,Kenya,AFRO,28,343060,0,5688
24094,2023-05-07,KE,Kenya,AFRO,14,343074,0,5688
24095,2023-05-14,KE,Kenya,AFRO,0,343074,0,5688
24096,2023-05-21,KE,Kenya,AFRO,0,343074,0,5688
24097,2023-05-28,KE,Kenya,AFRO,0,343074,0,5688
24098,2023-06-04,KE,Kenya,AFRO,238,343312,0,5688
24099,2023-06-11,KE,Kenya,AFRO,0,343312,0,5688
24100,2023-06-18,KE,Kenya,AFRO,154,343466,1,5689
24101,2023-06-25,KE,Kenya,AFRO,277,343743,0,5689
24102,2023-07-02,KE,Kenya,AFRO,43,343786,0,5689
24103,2023-07-09,KE,Kenya,AFRO,0,343786,0,5689
24104,2023-07-16,KE,Kenya,AFRO,64,343850,0,5689
24105,2023-07-23,KE,Kenya,AFRO,65,343915,0,5689
24106,2023-07-30,KE,Kenya,AFRO,3,343918,0,5689
24107,2023-08-06,KE,Kenya,AFRO,0,343918,0,5689
24108,2023-08-13,KE,Kenya,AFRO,37,343955,0,5689
24109,2023-08-20,KE,Kenya,AFRO,23,343978,0,5689
24110,2023-08-27,KE,Kenya,AFRO,7,343985,0,5689
24111,2023-09-03,KE,Kenya,AFRO,1,343986,0,5689
24112,2023-09-10,KE,Kenya,AFRO,9,343995,0,5689
24113,2023-09-17,KE,Kenya,AFRO,3,343998,0,5689
24114,2023-09-24,KE,Kenya,AFRO,13,344011,0,5689
24115,2023-10-01,KE,Kenya,AFRO,14,344025,0,5689
24116,2023-10-08,KE,Kenya,AFRO,17,344042,0,5689
24117,2023-10-15,KE,Kenya,AFRO,15,344057,0,5689
24118,2023-10-22,KE,Kenya,AFRO,15,344072,0,5689
24119,2023-10-29,KE,Kenya,AFRO,19,344091,0,5689
24120,2023-11-05,KE,Kenya,AFRO,3,344094,0,5689
24121,2023-11-12,KE,Kenya,AFRO,0,344094,0,5689
24122,2023-11-19,KE,Kenya,AFRO,0,344094,0,5689
24123,2023-11-26,KE,Kenya,AFRO,0,344094,0,5689
24124,2023-12-03,KE,Kenya,AFRO,0,344094,0,5689
24125,2023-12-10,KE,Kenya,AFRO,0,344094,0,5689
24126,2023-12-17,KE,Kenya,AFRO,0,344094,0,5689
24127,2023-12-24,KE,Kenya,AFRO,0,344094,0,5689
24128,2020-01-05,KI,Kiribati,WPRO,0,0,0,0
24129,2020-01-12,KI,Kiribati,WPRO,0,0,0,0
24130,2020-01-19,KI,Kiribati,WPRO,0,0,0,0
24131,2020-01-26,KI,Kiribati,WPRO,0,0,0,0
24132,2020-02-02,KI,Kiribati,WPRO,0,0,0,0
24133,2020-02-09,KI,Kiribati,WPRO,0,0,0,0
24134,2020-02-16,KI,Kiribati,WPRO,0,0,0,0
24135,2020-02-23,KI,Kiribati,WPRO,0,0,0,0
24136,2020-03-01,KI,Kiribati,WPRO,0,0,0,0
24137,2020-03-08,KI,Kiribati,WPRO,0,0,0,0
24138,2020-03-15,KI,Kiribati,WPRO,0,0,0,0
24139,2020-03-22,KI,Kiribati,WPRO,0,0,0,0
24140,2020-03-29,KI,Kiribati,WPRO,0,0,0,0
24141,2020-04-05,KI,Kiribati,WPRO,0,0,0,0
24142,2020-04-12,KI,Kiribati,WPRO,0,0,0,0
24143,2020-04-19,KI,Kiribati,WPRO,0,0,0,0
24144,2020-04-26,KI,Kiribati,WPRO,0,0,0,0
24145,2020-05-03,KI,Kiribati,WPRO,0,0,0,0
24146,2020-05-10,KI,Kiribati,WPRO,0,0,0,0
24147,2020-05-17,KI,Kiribati,WPRO,0,0,0,0
24148,2020-05-24,KI,Kiribati,WPRO,0,0,0,0
24149,2020-05-31,KI,Kiribati,WPRO,0,0,0,0
24150,2020-06-07,KI,Kiribati,WPRO,0,0,0,0
24151,2020-06-14,KI,Kiribati,WPRO,0,0,0,0
24152,2020-06-21,KI,Kiribati,WPRO,0,0,0,0
24153,2020-06-28,KI,Kiribati,WPRO,0,0,0,0
24154,2020-07-05,KI,Kiribati,WPRO,0,0,0,0
24155,2020-07-12,KI,Kiribati,WPRO,0,0,0,0
24156,2020-07-19,KI,Kiribati,WPRO,0,0,0,0
24157,2020-07-26,KI,Kiribati,WPRO,0,0,0,0
24158,2020-08-02,KI,Kiribati,WPRO,0,0,0,0
24159,2020-08-09,KI,Kiribati,WPRO,0,0,0,0
24160,2020-08-16,KI,Kiribati,WPRO,0,0,0,0
24161,2020-08-23,KI,Kiribati,WPRO,0,0,0,0
24162,2020-08-30,KI,Kiribati,WPRO,0,0,0,0
24163,2020-09-06,KI,Kiribati,WPRO,0,0,0,0
24164,2020-09-13,KI,Kiribati,WPRO,0,0,0,0
24165,2020-09-20,KI,Kiribati,WPRO,0,0,0,0
24166,2020-09-27,KI,Kiribati,WPRO,0,0,0,0
24167,2020-10-04,KI,Kiribati,WPRO,0,0,0,0
24168,2020-10-11,KI,Kiribati,WPRO,0,0,0,0
24169,2020-10-18,KI,Kiribati,WPRO,0,0,0,0
24170,2020-10-25,KI,Kiribati,WPRO,0,0,0,0
24171,2020-11-01,KI,Kiribati,WPRO,0,0,0,0
24172,2020-11-08,KI,Kiribati,WPRO,0,0,0,0
24173,2020-11-15,KI,Kiribati,WPRO,0,0,0,0
24174,2020-11-22,KI,Kiribati,WPRO,0,0,0,0
24175,2020-11-29,KI,Kiribati,WPRO,0,0,0,0
24176,2020-12-06,KI,Kiribati,WPRO,0,0,0,0
24177,2020-12-13,KI,Kiribati,WPRO,0,0,0,0
24178,2020-12-20,KI,Kiribati,WPRO,0,0,0,0
24179,2020-12-27,KI,Kiribati,WPRO,0,0,0,0
24180,2021-01-03,KI,Kiribati,WPRO,0,0,0,0
24181,2021-01-10,KI,Kiribati,WPRO,0,0,0,0
24182,2021-01-17,KI,Kiribati,WPRO,0,0,0,0
24183,2021-01-24,KI,Kiribati,WPRO,0,0,0,0
24184,2021-01-31,KI,Kiribati,WPRO,0,0,0,0
24185,2021-02-07,KI,Kiribati,WPRO,0,0,0,0
24186,2021-02-14,KI,Kiribati,WPRO,0,0,0,0
24187,2021-02-21,KI,Kiribati,WPRO,0,0,0,0
24188,2021-02-28,KI,Kiribati,WPRO,0,0,0,0
24189,2021-03-07,KI,Kiribati,WPRO,0,0,0,0
24190,2021-03-14,KI,Kiribati,WPRO,0,0,0,0
24191,2021-03-21,KI,Kiribati,WPRO,0,0,0,0
24192,2021-03-28,KI,Kiribati,WPRO,0,0,0,0
24193,2021-04-04,KI,Kiribati,WPRO,0,0,0,0
24194,2021-04-11,KI,Kiribati,WPRO,0,0,0,0
24195,2021-04-18,KI,Kiribati,WPRO,0,0,0,0
24196,2021-04-25,KI,Kiribati,WPRO,0,0,0,0
24197,2021-05-02,KI,Kiribati,WPRO,0,0,0,0
24198,2021-05-09,KI,Kiribati,WPRO,0,0,0,0
24199,2021-05-16,KI,Kiribati,WPRO,0,0,0,0
24200,2021-05-23,KI,Kiribati,WPRO,0,0,0,0
24201,2021-05-30,KI,Kiribati,WPRO,0,0,0,0
24202,2021-06-06,KI,Kiribati,WPRO,0,0,0,0
24203,2021-06-13,KI,Kiribati,WPRO,0,0,0,0
24204,2021-06-20,KI,Kiribati,WPRO,0,0,0,0
24205,2021-06-27,KI,Kiribati,WPRO,0,0,0,0
24206,2021-07-04,KI,Kiribati,WPRO,0,0,0,0
24207,2021-07-11,KI,Kiribati,WPRO,0,0,0,0
24208,2021-07-18,KI,Kiribati,WPRO,0,0,0,0
24209,2021-07-25,KI,Kiribati,WPRO,0,0,0,0
24210,2021-08-01,KI,Kiribati,WPRO,0,0,0,0
24211,2021-08-08,KI,Kiribati,WPRO,0,0,0,0
24212,2021-08-15,KI,Kiribati,WPRO,0,0,0,0
24213,2021-08-22,KI,Kiribati,WPRO,0,0,0,0
24214,2021-08-29,KI,Kiribati,WPRO,0,0,0,0
24215,2021-09-05,KI,Kiribati,WPRO,0,0,0,0
24216,2021-09-12,KI,Kiribati,WPRO,0,0,0,0
24217,2021-09-19,KI,Kiribati,WPRO,0,0,0,0
24218,2021-09-26,KI,Kiribati,WPRO,0,0,0,0
24219,2021-10-03,KI,Kiribati,WPRO,0,0,0,0
24220,2021-10-10,KI,Kiribati,WPRO,0,0,0,0
24221,2021-10-17,KI,Kiribati,WPRO,0,0,0,0
24222,2021-10-24,KI,Kiribati,WPRO,0,0,0,0
24223,2021-10-31,KI,Kiribati,WPRO,0,0,0,0
24224,2021-11-07,KI,Kiribati,WPRO,0,0,0,0
24225,2021-11-14,KI,Kiribati,WPRO,0,0,0,0
24226,2021-11-21,KI,Kiribati,WPRO,0,0,0,0
24227,2021-11-28,KI,Kiribati,WPRO,0,0,0,0
24228,2021-12-05,KI,Kiribati,WPRO,0,0,0,0
24229,2021-12-12,KI,Kiribati,WPRO,0,0,0,0
24230,2021-12-19,KI,Kiribati,WPRO,0,0,0,0
24231,2021-12-26,KI,Kiribati,WPRO,0,0,0,0
24232,2022-01-02,KI,Kiribati,WPRO,0,0,0,0
24233,2022-01-09,KI,Kiribati,WPRO,0,0,0,0
24234,2022-01-16,KI,Kiribati,WPRO,0,0,0,0
24235,2022-01-23,KI,Kiribati,WPRO,59,59,0,0
24236,2022-01-30,KI,Kiribati,WPRO,305,364,0,0
24237,2022-02-06,KI,Kiribati,WPRO,1179,1543,0,0
24238,2022-02-13,KI,Kiribati,WPRO,1005,2548,3,3
24239,2022-02-20,KI,Kiribati,WPRO,285,2833,8,11
24240,2022-02-27,KI,Kiribati,WPRO,81,2914,0,11
24241,2022-03-06,KI,Kiribati,WPRO,71,2985,0,11
24242,2022-03-13,KI,Kiribati,WPRO,42,3027,2,13
24243,2022-03-20,KI,Kiribati,WPRO,22,3049,0,13
24244,2022-03-27,KI,Kiribati,WPRO,16,3065,0,13
24245,2022-04-03,KI,Kiribati,WPRO,2,3067,0,13
24246,2022-04-10,KI,Kiribati,WPRO,2,3069,0,13
24247,2022-04-17,KI,Kiribati,WPRO,0,3069,0,13
24248,2022-04-24,KI,Kiribati,WPRO,7,3076,0,13
24249,2022-05-01,KI,Kiribati,WPRO,8,3084,0,13
24250,2022-05-08,KI,Kiribati,WPRO,5,3089,0,13
24251,2022-05-15,KI,Kiribati,WPRO,4,3093,0,13
24252,2022-05-22,KI,Kiribati,WPRO,5,3098,0,13
24253,2022-05-29,KI,Kiribati,WPRO,0,3098,0,13
24254,2022-06-05,KI,Kiribati,WPRO,0,3098,0,13
24255,2022-06-12,KI,Kiribati,WPRO,111,3209,0,13
24256,2022-06-19,KI,Kiribati,WPRO,6,3215,0,13
24257,2022-06-26,KI,Kiribati,WPRO,21,3236,0,13
24258,2022-07-03,KI,Kiribati,WPRO,0,3236,0,13
24259,2022-07-10,KI,Kiribati,WPRO,0,3236,0,13
24260,2022-07-17,KI,Kiribati,WPRO,0,3236,0,13
24261,2022-07-24,KI,Kiribati,WPRO,194,3430,0,13
24262,2022-07-31,KI,Kiribati,WPRO,0,3430,0,13
24263,2022-08-07,KI,Kiribati,WPRO,0,3430,0,13
24264,2022-08-14,KI,Kiribati,WPRO,0,3430,0,13
24265,2022-08-21,KI,Kiribati,WPRO,0,3430,0,13
24266,2022-08-28,KI,Kiribati,WPRO,0,3430,0,13
24267,2022-09-04,KI,Kiribati,WPRO,0,3430,0,13
24268,2022-09-11,KI,Kiribati,WPRO,0,3430,0,13
24269,2022-09-18,KI,Kiribati,WPRO,0,3430,0,13
24270,2022-09-25,KI,Kiribati,WPRO,0,3430,0,13
24271,2022-10-02,KI,Kiribati,WPRO,0,3430,0,13
24272,2022-10-09,KI,Kiribati,WPRO,0,3430,0,13
24273,2022-10-16,KI,Kiribati,WPRO,0,3430,0,13
24274,2022-10-23,KI,Kiribati,WPRO,0,3430,0,13
24275,2022-10-30,KI,Kiribati,WPRO,0,3430,0,13
24276,2022-11-06,KI,Kiribati,WPRO,0,3430,0,13
24277,2022-11-13,KI,Kiribati,WPRO,0,3430,0,13
24278,2022-11-20,KI,Kiribati,WPRO,0,3430,0,13
24279,2022-11-27,KI,Kiribati,WPRO,0,3430,0,13
24280,2022-12-04,KI,Kiribati,WPRO,0,3430,0,13
24281,2022-12-11,KI,Kiribati,WPRO,0,3430,0,13
24282,2022-12-18,KI,Kiribati,WPRO,0,3430,0,13
24283,2022-12-25,KI,Kiribati,WPRO,0,3430,0,13
24284,2023-01-01,KI,Kiribati,WPRO,0,3430,0,13
24285,2023-01-08,KI,Kiribati,WPRO,0,3430,0,13
24286,2023-01-15,KI,Kiribati,WPRO,1491,4921,0,13
24287,2023-01-22,KI,Kiribati,WPRO,70,4991,0,13
24288,2023-01-29,KI,Kiribati,WPRO,17,5008,0,13
24289,2023-02-05,KI,Kiribati,WPRO,0,5008,5,18
24290,2023-02-12,KI,Kiribati,WPRO,4,5012,0,18
24291,2023-02-19,KI,Kiribati,WPRO,0,5012,0,18
24292,2023-02-26,KI,Kiribati,WPRO,1,5013,0,18
24293,2023-03-05,KI,Kiribati,WPRO,1,5014,0,18
24294,2023-03-12,KI,Kiribati,WPRO,0,5014,0,18
24295,2023-03-19,KI,Kiribati,WPRO,0,5014,0,18
24296,2023-03-26,KI,Kiribati,WPRO,0,5014,0,18
24297,2023-04-02,KI,Kiribati,WPRO,0,5014,0,18
24298,2023-04-09,KI,Kiribati,WPRO,0,5014,0,18
24299,2023-04-16,KI,Kiribati,WPRO,0,5014,0,18
24300,2023-04-23,KI,Kiribati,WPRO,11,5025,6,24
24301,2023-04-30,KI,Kiribati,WPRO,0,5025,0,24
24302,2023-05-07,KI,Kiribati,WPRO,0,5025,0,24
24303,2023-05-14,KI,Kiribati,WPRO,0,5025,0,24
24304,2023-05-21,KI,Kiribati,WPRO,2,5027,0,24
24305,2023-05-28,KI,Kiribati,WPRO,2,5029,0,24
24306,2023-06-04,KI,Kiribati,WPRO,8,5037,0,24
24307,2023-06-11,KI,Kiribati,WPRO,0,5037,0,24
24308,2023-06-18,KI,Kiribati,WPRO,0,5037,0,24
24309,2023-06-25,KI,Kiribati,WPRO,44,5081,0,24
24310,2023-07-02,KI,Kiribati,WPRO,0,5081,0,24
24311,2023-07-09,KI,Kiribati,WPRO,1,5082,0,24
24312,2023-07-16,KI,Kiribati,WPRO,0,5082,0,24
24313,2023-07-23,KI,Kiribati,WPRO,0,5082,0,24
24314,2023-07-30,KI,Kiribati,WPRO,0,5082,0,24
24315,2023-08-06,KI,Kiribati,WPRO,0,5082,0,24
24316,2023-08-13,KI,Kiribati,WPRO,3,5085,0,24
24317,2023-08-20,KI,Kiribati,WPRO,0,5085,0,24
24318,2023-08-27,KI,Kiribati,WPRO,0,5085,0,24
24319,2023-09-03,KI,Kiribati,WPRO,0,5085,0,24
24320,2023-09-10,KI,Kiribati,WPRO,0,5085,0,24
24321,2023-09-17,KI,Kiribati,WPRO,0,5085,0,24
24322,2023-09-24,KI,Kiribati,WPRO,0,5085,0,24
24323,2023-10-01,KI,Kiribati,WPRO,0,5085,0,24
24324,2023-10-08,KI,Kiribati,WPRO,0,5085,0,24
24325,2023-10-15,KI,Kiribati,WPRO,0,5085,0,24
24326,2023-10-22,KI,Kiribati,WPRO,0,5085,0,24
24327,2023-10-29,KI,Kiribati,WPRO,0,5085,0,24
24328,2023-11-05,KI,Kiribati,WPRO,0,5085,0,24
24329,2023-11-12,KI,Kiribati,WPRO,0,5085,0,24
24330,2023-11-19,KI,Kiribati,WPRO,0,5085,0,24
24331,2023-11-26,KI,Kiribati,WPRO,0,5085,0,24
24332,2023-12-03,KI,Kiribati,WPRO,0,5085,0,24
24333,2023-12-10,KI,Kiribati,WPRO,0,5085,0,24
24334,2023-12-17,KI,Kiribati,WPRO,0,5085,0,24
24335,2023-12-24,KI,Kiribati,WPRO,0,5085,0,24
24336,2020-01-05,XK,Kosovo (in accordance with UN Security Council resolution 1244 (1999)),EURO,0,0,0,0
24337,2020-01-12,XK,Kosovo (in accordance with UN Security Council resolution 1244 (1999)),EURO,0,0,0,0
24338,2020-01-19,XK,Kosovo (in accordance with UN Security Council resolution 1244 (1999)),EURO,0,0,0,0
24339,2020-01-26,XK,Kosovo (in accordance with UN Security Council resolution 1244 (1999)),EURO,0,0,0,0
24340,2020-02-02,XK,Kosovo (in accordance with UN Security Council resolution 1244 (1999)),EURO,0,0,0,0
24341,2020-02-09,XK,Kosovo (in accordance with UN Security Council resolution 1244 (1999)),EURO,0,0,0,0
24342,2020-02-16,XK,Kosovo (in accordance with UN Security Council resolution 1244 (1999)),EURO,0,0,0,0
24343,2020-02-23,XK,Kosovo (in accordance with UN Security Council resolution 1244 (1999)),EURO,0,0,0,0
24344,2020-03-01,XK,Kosovo (in accordance with UN Security Council resolution 1244 (1999)),EURO,0,0,0,0
24345,2020-03-08,XK,Kosovo (in accordance with UN Security Council resolution 1244 (1999)),EURO,0,0,0,0
24346,2020-03-15,XK,Kosovo (in accordance with UN Security Council resolution 1244 (1999)),EURO,2,2,0,0
24347,2020-03-22,XK,Kosovo (in accordance with UN Security Council resolution 1244 (1999)),EURO,29,31,1,1
24348,2020-03-29,XK,Kosovo (in accordance with UN Security Council resolution 1244 (1999)),EURO,60,91,0,1
24349,2020-04-05,XK,Kosovo (in accordance with UN Security Council resolution 1244 (1999)),EURO,49,140,0,1
24350,2020-04-12,XK,Kosovo (in accordance with UN Security Council resolution 1244 (1999)),EURO,143,283,6,7
24351,2020-04-19,XK,Kosovo (in accordance with UN Security Council resolution 1244 (1999)),EURO,227,510,6,13
24352,2020-04-26,XK,Kosovo (in accordance with UN Security Council resolution 1244 (1999)),EURO,221,731,3,16
24353,2020-05-03,XK,Kosovo (in accordance with UN Security Council resolution 1244 (1999)),EURO,92,823,1,17
24354,2020-05-10,XK,Kosovo (in accordance with UN Security Council resolution 1244 (1999)),EURO,47,870,2,19
24355,2020-05-17,XK,Kosovo (in accordance with UN Security Council resolution 1244 (1999)),EURO,74,944,1,20
24356,2020-05-24,XK,Kosovo (in accordance with UN Security Council resolution 1244 (1999)),EURO,81,1025,0,20
24357,2020-05-31,XK,Kosovo (in accordance with UN Security Council resolution 1244 (1999)),EURO,39,1064,1,21
24358,2020-06-07,XK,Kosovo (in accordance with UN Security Council resolution 1244 (1999)),EURO,87,1151,0,21
24359,2020-06-14,XK,Kosovo (in accordance with UN Security Council resolution 1244 (1999)),EURO,286,1437,2,23
24360,2020-06-21,XK,Kosovo (in accordance with UN Security Council resolution 1244 (1999)),EURO,593,2030,2,25
24361,2020-06-28,XK,Kosovo (in accordance with UN Security Council resolution 1244 (1999)),EURO,517,2547,12,37
24362,2020-07-05,XK,Kosovo (in accordance with UN Security Council resolution 1244 (1999)),EURO,766,3313,17,54
24363,2020-07-12,XK,Kosovo (in accordance with UN Security Council resolution 1244 (1999)),EURO,1359,4672,37,91
24364,2020-07-19,XK,Kosovo (in accordance with UN Security Council resolution 1244 (1999)),EURO,902,5574,29,120
24365,2020-07-26,XK,Kosovo (in accordance with UN Security Council resolution 1244 (1999)),EURO,1300,6874,39,159
24366,2020-08-02,XK,Kosovo (in accordance with UN Security Council resolution 1244 (1999)),EURO,1637,8511,68,227
24367,2020-08-09,XK,Kosovo (in accordance with UN Security Council resolution 1244 (1999)),EURO,1505,10016,78,305
24368,2020-08-16,XK,Kosovo (in accordance with UN Security Council resolution 1244 (1999)),EURO,1216,11232,75,380
24369,2020-08-23,XK,Kosovo (in accordance with UN Security Council resolution 1244 (1999)),EURO,1062,12294,67,447
24370,2020-08-30,XK,Kosovo (in accordance with UN Security Council resolution 1244 (1999)),EURO,878,13172,51,498
24371,2020-09-06,XK,Kosovo (in accordance with UN Security Council resolution 1244 (1999)),EURO,812,13984,48,546
24372,2020-09-13,XK,Kosovo (in accordance with UN Security Council resolution 1244 (1999)),EURO,539,14523,33,579
24373,2020-09-20,XK,Kosovo (in accordance with UN Security Council resolution 1244 (1999)),EURO,436,14959,22,601
24374,2020-09-27,XK,Kosovo (in accordance with UN Security Council resolution 1244 (1999)),EURO,423,15382,8,609
24375,2020-10-04,XK,Kosovo (in accordance with UN Security Council resolution 1244 (1999)),EURO,333,15715,11,620
24376,2020-10-11,XK,Kosovo (in accordance with UN Security Council resolution 1244 (1999)),EURO,372,16087,15,635
24377,2020-10-18,XK,Kosovo (in accordance with UN Security Council resolution 1244 (1999)),EURO,624,16711,7,642
24378,2020-10-25,XK,Kosovo (in accordance with UN Security Council resolution 1244 (1999)),EURO,1003,17714,9,651
24379,2020-11-01,XK,Kosovo (in accordance with UN Security Council resolution 1244 (1999)),EURO,2085,19799,20,671
24380,2020-11-08,XK,Kosovo (in accordance with UN Security Council resolution 1244 (1999)),EURO,3583,23382,63,734
24381,2020-11-15,XK,Kosovo (in accordance with UN Security Council resolution 1244 (1999)),EURO,5191,28573,65,799
24382,2020-11-22,XK,Kosovo (in accordance with UN Security Council resolution 1244 (1999)),EURO,4972,33545,95,894
24383,2020-11-29,XK,Kosovo (in accordance with UN Security Council resolution 1244 (1999)),EURO,4843,38388,85,979
24384,2020-12-06,XK,Kosovo (in accordance with UN Security Council resolution 1244 (1999)),EURO,3906,42294,98,1077
24385,2020-12-13,XK,Kosovo (in accordance with UN Security Council resolution 1244 (1999)),EURO,3781,46075,99,1176
24386,2020-12-20,XK,Kosovo (in accordance with UN Security Council resolution 1244 (1999)),EURO,2564,48639,62,1238
24387,2020-12-27,XK,Kosovo (in accordance with UN Security Council resolution 1244 (1999)),EURO,1723,50362,57,1295
24388,2021-01-03,XK,Kosovo (in accordance with UN Security Council resolution 1244 (1999)),EURO,1326,51688,35,1330
24389,2021-01-10,XK,Kosovo (in accordance with UN Security Council resolution 1244 (1999)),EURO,1792,53480,35,1365
24390,2021-01-17,XK,Kosovo (in accordance with UN Security Council resolution 1244 (1999)),EURO,1975,55455,30,1395
24391,2021-01-24,XK,Kosovo (in accordance with UN Security Council resolution 1244 (1999)),EURO,2201,57656,45,1440
24392,2021-01-31,XK,Kosovo (in accordance with UN Security Council resolution 1244 (1999)),EURO,2235,59891,42,1482
24393,2021-02-07,XK,Kosovo (in accordance with UN Security Council resolution 1244 (1999)),EURO,2075,61966,28,1510
24394,2021-02-14,XK,Kosovo (in accordance with UN Security Council resolution 1244 (1999)),EURO,2086,64052,24,1534
24395,2021-02-21,XK,Kosovo (in accordance with UN Security Council resolution 1244 (1999)),EURO,1887,65939,27,1561
24396,2021-02-28,XK,Kosovo (in accordance with UN Security Council resolution 1244 (1999)),EURO,2821,68760,24,1585
24397,2021-03-07,XK,Kosovo (in accordance with UN Security Council resolution 1244 (1999)),EURO,3697,72457,45,1630
24398,2021-03-14,XK,Kosovo (in accordance with UN Security Council resolution 1244 (1999)),EURO,4188,76645,56,1686
24399,2021-03-21,XK,Kosovo (in accordance with UN Security Council resolution 1244 (1999)),EURO,4704,81349,56,1742
24400,2021-03-28,XK,Kosovo (in accordance with UN Security Council resolution 1244 (1999)),EURO,5675,87024,78,1820
24401,2021-04-04,XK,Kosovo (in accordance with UN Security Council resolution 1244 (1999)),EURO,5908,92932,76,1896
24402,2021-04-11,XK,Kosovo (in accordance with UN Security Council resolution 1244 (1999)),EURO,4492,97424,70,1966
24403,2021-04-18,XK,Kosovo (in accordance with UN Security Council resolution 1244 (1999)),EURO,3686,101110,85,2051
24404,2021-04-25,XK,Kosovo (in accordance with UN Security Council resolution 1244 (1999)),EURO,2662,103772,57,2108
24405,2021-05-02,XK,Kosovo (in accordance with UN Security Council resolution 1244 (1999)),EURO,1560,105332,60,2168
24406,2021-05-09,XK,Kosovo (in accordance with UN Security Council resolution 1244 (1999)),EURO,970,106302,25,2193
24407,2021-05-16,XK,Kosovo (in accordance with UN Security Council resolution 1244 (1999)),EURO,498,106800,20,2213
24408,2021-05-23,XK,Kosovo (in accordance with UN Security Council resolution 1244 (1999)),EURO,370,107170,16,2229
24409,2021-05-30,XK,Kosovo (in accordance with UN Security Council resolution 1244 (1999)),EURO,169,107339,4,2233
24410,2021-06-06,XK,Kosovo (in accordance with UN Security Council resolution 1244 (1999)),EURO,104,107443,1,2234
24411,2021-06-13,XK,Kosovo (in accordance with UN Security Council resolution 1244 (1999)),EURO,85,107528,5,2239
24412,2021-06-20,XK,Kosovo (in accordance with UN Security Council resolution 1244 (1999)),EURO,74,107602,2,2241
24413,2021-06-27,XK,Kosovo (in accordance with UN Security Council resolution 1244 (1999)),EURO,80,107682,6,2247
24414,2021-07-04,XK,Kosovo (in accordance with UN Security Council resolution 1244 (1999)),EURO,63,107745,3,2250
24415,2021-07-11,XK,Kosovo (in accordance with UN Security Council resolution 1244 (1999)),EURO,54,107799,4,2254
24416,2021-07-18,XK,Kosovo (in accordance with UN Security Council resolution 1244 (1999)),EURO,54,107853,0,2254
24417,2021-07-25,XK,Kosovo (in accordance with UN Security Council resolution 1244 (1999)),EURO,96,107949,1,2255
24418,2021-08-01,XK,Kosovo (in accordance with UN Security Council resolution 1244 (1999)),EURO,373,108322,1,2256
24419,2021-08-08,XK,Kosovo (in accordance with UN Security Council resolution 1244 (1999)),EURO,1297,109619,5,2261
24420,2021-08-15,XK,Kosovo (in accordance with UN Security Council resolution 1244 (1999)),EURO,5489,115108,9,2270
24421,2021-08-22,XK,Kosovo (in accordance with UN Security Council resolution 1244 (1999)),EURO,12476,127584,35,2305
24422,2021-08-29,XK,Kosovo (in accordance with UN Security Council resolution 1244 (1999)),EURO,13475,141059,107,2412
24423,2021-09-05,XK,Kosovo (in accordance with UN Security Council resolution 1244 (1999)),EURO,10177,151236,183,2595
24424,2021-09-12,XK,Kosovo (in accordance with UN Security Council resolution 1244 (1999)),EURO,5299,156535,167,2762
24425,2021-09-19,XK,Kosovo (in accordance with UN Security Council resolution 1244 (1999)),EURO,2356,158891,117,2879
24426,2021-09-26,XK,Kosovo (in accordance with UN Security Council resolution 1244 (1999)),EURO,859,159750,42,2921
24427,2021-10-03,XK,Kosovo (in accordance with UN Security Council resolution 1244 (1999)),EURO,377,160127,28,2949
24428,2021-10-10,XK,Kosovo (in accordance with UN Security Council resolution 1244 (1999)),EURO,184,160311,7,2956
24429,2021-10-17,XK,Kosovo (in accordance with UN Security Council resolution 1244 (1999)),EURO,176,160487,7,2963
24430,2021-10-24,XK,Kosovo (in accordance with UN Security Council resolution 1244 (1999)),EURO,92,160579,1,2964
24431,2021-10-31,XK,Kosovo (in accordance with UN Security Council resolution 1244 (1999)),EURO,127,160706,2,2966
24432,2021-11-07,XK,Kosovo (in accordance with UN Security Council resolution 1244 (1999)),EURO,104,160810,2,2968
24433,2021-11-14,XK,Kosovo (in accordance with UN Security Council resolution 1244 (1999)),EURO,81,160891,2,2970
24434,2021-11-21,XK,Kosovo (in accordance with UN Security Council resolution 1244 (1999)),EURO,65,160956,2,2972
24435,2021-11-28,XK,Kosovo (in accordance with UN Security Council resolution 1244 (1999)),EURO,76,161032,1,2973
24436,2021-12-05,XK,Kosovo (in accordance with UN Security Council resolution 1244 (1999)),EURO,57,161089,1,2974
24437,2021-12-12,XK,Kosovo (in accordance with UN Security Council resolution 1244 (1999)),EURO,61,161150,3,2977
24438,2021-12-19,XK,Kosovo (in accordance with UN Security Council resolution 1244 (1999)),EURO,65,161215,2,2979
24439,2021-12-26,XK,Kosovo (in accordance with UN Security Council resolution 1244 (1999)),EURO,69,161284,0,2979
24440,2022-01-02,XK,Kosovo (in accordance with UN Security Council resolution 1244 (1999)),EURO,204,161488,2,2981
24441,2022-01-09,XK,Kosovo (in accordance with UN Security Council resolution 1244 (1999)),EURO,842,162330,0,2981
24442,2022-01-16,XK,Kosovo (in accordance with UN Security Council resolution 1244 (1999)),EURO,2990,165320,3,2984
24443,2022-01-23,XK,Kosovo (in accordance with UN Security Council resolution 1244 (1999)),EURO,13126,178446,3,2987
24444,2022-01-30,XK,Kosovo (in accordance with UN Security Council resolution 1244 (1999)),EURO,23466,201912,15,3002
24445,2022-02-06,XK,Kosovo (in accordance with UN Security Council resolution 1244 (1999)),EURO,14290,216202,25,3027
24446,2022-02-13,XK,Kosovo (in accordance with UN Security Council resolution 1244 (1999)),EURO,6094,222296,31,3058
24447,2022-02-20,XK,Kosovo (in accordance with UN Security Council resolution 1244 (1999)),EURO,2626,224922,30,3088
24448,2022-02-27,XK,Kosovo (in accordance with UN Security Council resolution 1244 (1999)),EURO,1147,226069,14,3102
24449,2022-03-06,XK,Kosovo (in accordance with UN Security Council resolution 1244 (1999)),EURO,467,226536,5,3107
24450,2022-03-13,XK,Kosovo (in accordance with UN Security Council resolution 1244 (1999)),EURO,266,226802,7,3114
24451,2022-03-20,XK,Kosovo (in accordance with UN Security Council resolution 1244 (1999)),EURO,248,227050,3,3117
24452,2022-03-27,XK,Kosovo (in accordance with UN Security Council resolution 1244 (1999)),EURO,231,227281,3,3120
24453,2022-04-03,XK,Kosovo (in accordance with UN Security Council resolution 1244 (1999)),EURO,209,227490,6,3126
24454,2022-04-10,XK,Kosovo (in accordance with UN Security Council resolution 1244 (1999)),EURO,176,227666,2,3128
24455,2022-04-17,XK,Kosovo (in accordance with UN Security Council resolution 1244 (1999)),EURO,129,227795,0,3128
24456,2022-04-24,XK,Kosovo (in accordance with UN Security Council resolution 1244 (1999)),EURO,115,227910,0,3128
24457,2022-05-01,XK,Kosovo (in accordance with UN Security Council resolution 1244 (1999)),EURO,120,228030,0,3128
24458,2022-05-08,XK,Kosovo (in accordance with UN Security Council resolution 1244 (1999)),EURO,65,228095,0,3128
24459,2022-05-15,XK,Kosovo (in accordance with UN Security Council resolution 1244 (1999)),EURO,80,228175,1,3129
24460,2022-05-22,XK,Kosovo (in accordance with UN Security Council resolution 1244 (1999)),EURO,81,228256,0,3129
24461,2022-05-29,XK,Kosovo (in accordance with UN Security Council resolution 1244 (1999)),EURO,49,228305,0,3129
24462,2022-06-05,XK,Kosovo (in accordance with UN Security Council resolution 1244 (1999)),EURO,45,228350,0,3129
24463,2022-06-12,XK,Kosovo (in accordance with UN Security Council resolution 1244 (1999)),EURO,37,228387,0,3129
24464,2022-06-19,XK,Kosovo (in accordance with UN Security Council resolution 1244 (1999)),EURO,93,228480,0,3129
24465,2022-06-26,XK,Kosovo (in accordance with UN Security Council resolution 1244 (1999)),EURO,199,228679,1,3130
24466,2022-07-03,XK,Kosovo (in accordance with UN Security Council resolution 1244 (1999)),EURO,849,229528,0,3130
24467,2022-07-10,XK,Kosovo (in accordance with UN Security Council resolution 1244 (1999)),EURO,1886,231414,3,3133
24468,2022-07-17,XK,Kosovo (in accordance with UN Security Council resolution 1244 (1999)),EURO,4507,235921,4,3137
24469,2022-07-24,XK,Kosovo (in accordance with UN Security Council resolution 1244 (1999)),EURO,8333,244254,13,3150
24470,2022-07-31,XK,Kosovo (in accordance with UN Security Council resolution 1244 (1999)),EURO,9015,253269,10,3160
24471,2022-08-07,XK,Kosovo (in accordance with UN Security Council resolution 1244 (1999)),EURO,7374,260643,5,3165
24472,2022-08-14,XK,Kosovo (in accordance with UN Security Council resolution 1244 (1999)),EURO,5607,266250,9,3174
24473,2022-08-21,XK,Kosovo (in accordance with UN Security Council resolution 1244 (1999)),EURO,3168,269418,5,3179
24474,2022-08-28,XK,Kosovo (in accordance with UN Security Council resolution 1244 (1999)),EURO,1602,271020,3,3182
24475,2022-09-04,XK,Kosovo (in accordance with UN Security Council resolution 1244 (1999)),EURO,617,271637,6,3188
24476,2022-09-11,XK,Kosovo (in accordance with UN Security Council resolution 1244 (1999)),EURO,242,271879,1,3189
24477,2022-09-18,XK,Kosovo (in accordance with UN Security Council resolution 1244 (1999)),EURO,69,271948,0,3189
24478,2022-09-25,XK,Kosovo (in accordance with UN Security Council resolution 1244 (1999)),EURO,52,272000,0,3189
24479,2022-10-02,XK,Kosovo (in accordance with UN Security Council resolution 1244 (1999)),EURO,32,272032,0,3189
24480,2022-10-09,XK,Kosovo (in accordance with UN Security Council resolution 1244 (1999)),EURO,14,272046,1,3190
24481,2022-10-16,XK,Kosovo (in accordance with UN Security Council resolution 1244 (1999)),EURO,30,272076,0,3190
24482,2022-10-23,XK,Kosovo (in accordance with UN Security Council resolution 1244 (1999)),EURO,19,272095,1,3191
24483,2022-10-30,XK,Kosovo (in accordance with UN Security Council resolution 1244 (1999)),EURO,22,272117,1,3192
24484,2022-11-06,XK,Kosovo (in accordance with UN Security Council resolution 1244 (1999)),EURO,19,272136,0,3192
24485,2022-11-13,XK,Kosovo (in accordance with UN Security Council resolution 1244 (1999)),EURO,17,272153,0,3192
24486,2022-11-20,XK,Kosovo (in accordance with UN Security Council resolution 1244 (1999)),EURO,1,272154,0,3192
24487,2022-11-27,XK,Kosovo (in accordance with UN Security Council resolution 1244 (1999)),EURO,11,272165,0,3192
24488,2022-12-04,XK,Kosovo (in accordance with UN Security Council resolution 1244 (1999)),EURO,5,272170,0,3192
24489,2022-12-11,XK,Kosovo (in accordance with UN Security Council resolution 1244 (1999)),EURO,4,272174,0,3192
24490,2022-12-18,XK,Kosovo (in accordance with UN Security Council resolution 1244 (1999)),EURO,13,272187,0,3192
24491,2022-12-25,XK,Kosovo (in accordance with UN Security Council resolution 1244 (1999)),EURO,18,272205,0,3192
24492,2023-01-01,XK,Kosovo (in accordance with UN Security Council resolution 1244 (1999)),EURO,35,272240,0,3192
24493,2023-01-08,XK,Kosovo (in accordance with UN Security Council resolution 1244 (1999)),EURO,52,272292,0,3192
24494,2023-01-15,XK,Kosovo (in accordance with UN Security Council resolution 1244 (1999)),EURO,65,272357,0,3192
24495,2023-01-22,XK,Kosovo (in accordance with UN Security Council resolution 1244 (1999)),EURO,75,272432,0,3192
24496,2023-01-29,XK,Kosovo (in accordance with UN Security Council resolution 1244 (1999)),EURO,59,272491,0,3192
24497,2023-02-05,XK,Kosovo (in accordance with UN Security Council resolution 1244 (1999)),EURO,74,272565,2,3194
24498,2023-02-12,XK,Kosovo (in accordance with UN Security Council resolution 1244 (1999)),EURO,94,272659,0,3194
24499,2023-02-19,XK,Kosovo (in accordance with UN Security Council resolution 1244 (1999)),EURO,127,272786,2,3196
24500,2023-02-26,XK,Kosovo (in accordance with UN Security Council resolution 1244 (1999)),EURO,173,272959,1,3197
24501,2023-03-05,XK,Kosovo (in accordance with UN Security Council resolution 1244 (1999)),EURO,200,273159,4,3201
24502,2023-03-12,XK,Kosovo (in accordance with UN Security Council resolution 1244 (1999)),EURO,174,273333,0,3201
24503,2023-03-19,XK,Kosovo (in accordance with UN Security Council resolution 1244 (1999)),EURO,173,273506,1,3202
24504,2023-03-26,XK,Kosovo (in accordance with UN Security Council resolution 1244 (1999)),EURO,98,273604,0,3202
24505,2023-04-02,XK,Kosovo (in accordance with UN Security Council resolution 1244 (1999)),EURO,85,273689,2,3204
24506,2023-04-09,XK,Kosovo (in accordance with UN Security Council resolution 1244 (1999)),EURO,69,273758,1,3205
24507,2023-04-16,XK,Kosovo (in accordance with UN Security Council resolution 1244 (1999)),EURO,34,273792,0,3205
24508,2023-04-23,XK,Kosovo (in accordance with UN Security Council resolution 1244 (1999)),EURO,28,273820,1,3206
24509,2023-04-30,XK,Kosovo (in accordance with UN Security Council resolution 1244 (1999)),EURO,26,273846,0,3206
24510,2023-05-07,XK,Kosovo (in accordance with UN Security Council resolution 1244 (1999)),EURO,21,273867,0,3206
24511,2023-05-14,XK,Kosovo (in accordance with UN Security Council resolution 1244 (1999)),EURO,11,273878,0,3206
24512,2023-05-21,XK,Kosovo (in accordance with UN Security Council resolution 1244 (1999)),EURO,10,273888,0,3206
24513,2023-05-28,XK,Kosovo (in accordance with UN Security Council resolution 1244 (1999)),EURO,11,273899,2,3208
24514,2023-06-04,XK,Kosovo (in accordance with UN Security Council resolution 1244 (1999)),EURO,3,273902,0,3208
24515,2023-06-11,XK,Kosovo (in accordance with UN Security Council resolution 1244 (1999)),EURO,4,273906,0,3208
24516,2023-06-18,XK,Kosovo (in accordance with UN Security Council resolution 1244 (1999)),EURO,2,273908,1,3209
24517,2023-06-25,XK,Kosovo (in accordance with UN Security Council resolution 1244 (1999)),EURO,0,273908,0,3209
24518,2023-07-02,XK,Kosovo (in accordance with UN Security Council resolution 1244 (1999)),EURO,1,273909,0,3209
24519,2023-07-09,XK,Kosovo (in accordance with UN Security Council resolution 1244 (1999)),EURO,3,273912,0,3209
24520,2023-07-16,XK,Kosovo (in accordance with UN Security Council resolution 1244 (1999)),EURO,2,273914,0,3209
24521,2023-07-23,XK,Kosovo (in accordance with UN Security Council resolution 1244 (1999)),EURO,0,273914,0,3209
24522,2023-07-30,XK,Kosovo (in accordance with UN Security Council resolution 1244 (1999)),EURO,4,273918,0,3209
24523,2023-08-06,XK,Kosovo (in accordance with UN Security Council resolution 1244 (1999)),EURO,0,273918,0,3209
24524,2023-08-13,XK,Kosovo (in accordance with UN Security Council resolution 1244 (1999)),EURO,5,273923,0,3209
24525,2023-08-20,XK,Kosovo (in accordance with UN Security Council resolution 1244 (1999)),EURO,10,273933,0,3209
24526,2023-08-27,XK,Kosovo (in accordance with UN Security Council resolution 1244 (1999)),EURO,36,273969,0,3209
24527,2023-09-03,XK,Kosovo (in accordance with UN Security Council resolution 1244 (1999)),EURO,24,273993,1,3210
24528,2023-09-10,XK,Kosovo (in accordance with UN Security Council resolution 1244 (1999)),EURO,27,274020,0,3210
24529,2023-09-17,XK,Kosovo (in accordance with UN Security Council resolution 1244 (1999)),EURO,38,274058,0,3210
24530,2023-09-24,XK,Kosovo (in accordance with UN Security Council resolution 1244 (1999)),EURO,53,274111,1,3211
24531,2023-10-01,XK,Kosovo (in accordance with UN Security Council resolution 1244 (1999)),EURO,71,274182,0,3211
24532,2023-10-08,XK,Kosovo (in accordance with UN Security Council resolution 1244 (1999)),EURO,36,274218,0,3211
24533,2023-10-15,XK,Kosovo (in accordance with UN Security Council resolution 1244 (1999)),EURO,29,274247,0,3211
24534,2023-10-22,XK,Kosovo (in accordance with UN Security Council resolution 1244 (1999)),EURO,32,274279,1,3212
24535,2023-10-29,XK,Kosovo (in accordance with UN Security Council resolution 1244 (1999)),EURO,0,274279,0,3212
24536,2023-11-05,XK,Kosovo (in accordance with UN Security Council resolution 1244 (1999)),EURO,0,274279,0,3212
24537,2023-11-12,XK,Kosovo (in accordance with UN Security Council resolution 1244 (1999)),EURO,0,274279,0,3212
24538,2023-11-19,XK,Kosovo (in accordance with UN Security Council resolution 1244 (1999)),EURO,0,274279,0,3212
24539,2023-11-26,XK,Kosovo (in accordance with UN Security Council resolution 1244 (1999)),EURO,0,274279,0,3212
24540,2023-12-03,XK,Kosovo (in accordance with UN Security Council resolution 1244 (1999)),EURO,0,274279,0,3212
24541,2023-12-10,XK,Kosovo (in accordance with UN Security Council resolution 1244 (1999)),EURO,0,274279,0,3212
24542,2023-12-17,XK,Kosovo (in accordance with UN Security Council resolution 1244 (1999)),EURO,0,274279,0,3212
24543,2023-12-24,XK,Kosovo (in accordance with UN Security Council resolution 1244 (1999)),EURO,0,274279,0,3212
24544,2020-01-05,KW,Kuwait,EMRO,0,0,0,0
24545,2020-01-12,KW,Kuwait,EMRO,0,0,0,0
24546,2020-01-19,KW,Kuwait,EMRO,0,0,0,0
24547,2020-01-26,KW,Kuwait,EMRO,0,0,0,0
24548,2020-02-02,KW,Kuwait,EMRO,0,0,0,0
24549,2020-02-09,KW,Kuwait,EMRO,0,0,0,0
24550,2020-02-16,KW,Kuwait,EMRO,0,0,0,0
24551,2020-02-23,KW,Kuwait,EMRO,0,0,0,0
24552,2020-03-01,KW,Kuwait,EMRO,45,45,0,0
24553,2020-03-08,KW,Kuwait,EMRO,16,61,0,0
24554,2020-03-15,KW,Kuwait,EMRO,43,104,0,0
24555,2020-03-22,KW,Kuwait,EMRO,72,176,0,0
24556,2020-03-29,KW,Kuwait,EMRO,59,235,0,0
24557,2020-04-05,KW,Kuwait,EMRO,244,479,0,0
24558,2020-04-12,KW,Kuwait,EMRO,675,1154,1,1
24559,2020-04-19,KW,Kuwait,EMRO,597,1751,5,6
24560,2020-04-26,KW,Kuwait,EMRO,1141,2892,13,19
24561,2020-05-03,KW,Kuwait,EMRO,1727,4619,14,33
24562,2020-05-10,KW,Kuwait,EMRO,3004,7623,16,49
24563,2020-05-17,KW,Kuwait,EMRO,6179,13802,58,107
24564,2020-05-24,KW,Kuwait,EMRO,6662,20464,41,148
24565,2020-05-31,KW,Kuwait,EMRO,5728,26192,57,205
24566,2020-06-07,KW,Kuwait,EMRO,4939,31131,49,254
24567,2020-06-14,KW,Kuwait,EMRO,4335,35466,35,289
24568,2020-06-21,KW,Kuwait,EMRO,3679,39145,30,319
24569,2020-06-28,KW,Kuwait,EMRO,5246,44391,25,344
24570,2020-07-05,KW,Kuwait,EMRO,4912,49303,21,365
24571,2020-07-12,KW,Kuwait,EMRO,4755,54058,21,386
24572,2020-07-19,KW,Kuwait,EMRO,4846,58904,21,407
24573,2020-07-26,KW,Kuwait,EMRO,4405,63309,22,429
24574,2020-08-02,KW,Kuwait,EMRO,4139,67448,24,453
24575,2020-08-09,KW,Kuwait,EMRO,3751,71199,21,474
24576,2020-08-16,KW,Kuwait,EMRO,4498,75697,24,498
24577,2020-08-23,KW,Kuwait,EMRO,4260,79957,15,513
24578,2020-08-30,KW,Kuwait,EMRO,4267,84224,15,528
24579,2020-09-06,KW,Kuwait,EMRO,4739,88963,12,540
24580,2020-09-13,KW,Kuwait,EMRO,5248,94211,18,558
24581,2020-09-20,KW,Kuwait,EMRO,4838,99049,23,581
24582,2020-09-27,KW,Kuwait,EMRO,4150,103199,16,597
24583,2020-10-04,KW,Kuwait,EMRO,3259,106458,23,620
24584,2020-10-11,KW,Kuwait,EMRO,4110,110568,35,655
24585,2020-10-18,KW,Kuwait,EMRO,4915,115483,39,694
24586,2020-10-25,KW,Kuwait,EMRO,5444,120927,50,744
24587,2020-11-01,KW,Kuwait,EMRO,4999,125926,35,779
24588,2020-11-08,KW,Kuwait,EMRO,5279,131205,29,808
24589,2020-11-15,KW,Kuwait,EMRO,5136,136341,27,835
24590,2020-11-22,KW,Kuwait,EMRO,3393,139734,28,863
24591,2020-11-29,KW,Kuwait,EMRO,2461,142195,12,875
24592,2020-12-06,KW,Kuwait,EMRO,1969,144164,14,889
24593,2020-12-13,KW,Kuwait,EMRO,1880,146044,22,911
24594,2020-12-20,KW,Kuwait,EMRO,1731,147775,7,918
24595,2020-12-27,KW,Kuwait,EMRO,1674,149449,11,929
24596,2021-01-03,KW,Kuwait,EMRO,1625,151074,8,937
24597,2021-01-10,KW,Kuwait,EMRO,2826,153900,5,942
24598,2021-01-17,KW,Kuwait,EMRO,3499,157399,5,947
24599,2021-01-24,KW,Kuwait,EMRO,3502,160901,5,952
24600,2021-01-31,KW,Kuwait,EMRO,3721,164622,7,959
24601,2021-02-07,KW,Kuwait,EMRO,5414,170036,5,964
24602,2021-02-14,KW,Kuwait,EMRO,6867,176903,34,998
24603,2021-02-21,KW,Kuwait,EMRO,6419,183322,41,1039
24604,2021-02-28,KW,Kuwait,EMRO,6568,189890,39,1078
24605,2021-03-07,KW,Kuwait,EMRO,9538,199428,42,1120
24606,2021-03-14,KW,Kuwait,EMRO,9032,208460,45,1165
24607,2021-03-21,KW,Kuwait,EMRO,9473,217933,50,1215
24608,2021-03-28,KW,Kuwait,EMRO,9245,227178,64,1279
24609,2021-04-04,KW,Kuwait,EMRO,8811,235989,60,1339
24610,2021-04-11,KW,Kuwait,EMRO,9715,245704,64,1403
24611,2021-04-18,KW,Kuwait,EMRO,10156,255860,37,1440
24612,2021-04-25,KW,Kuwait,EMRO,9544,265404,71,1511
24613,2021-05-02,KW,Kuwait,EMRO,9866,275270,58,1569
24614,2021-05-09,KW,Kuwait,EMRO,8806,284076,66,1635
24615,2021-05-16,KW,Kuwait,EMRO,6725,290801,52,1687
24616,2021-05-23,KW,Kuwait,EMRO,7422,298223,37,1724
24617,2021-05-30,KW,Kuwait,EMRO,8494,306717,40,1764
24618,2021-06-06,KW,Kuwait,EMRO,9183,315900,30,1794
24619,2021-06-13,KW,Kuwait,EMRO,10551,326451,23,1817
24620,2021-06-20,KW,Kuwait,EMRO,10920,337371,45,1862
24621,2021-06-27,KW,Kuwait,EMRO,12552,349923,57,1919
24622,2021-07-04,KW,Kuwait,EMRO,12095,362018,86,2005
24623,2021-07-11,KW,Kuwait,EMRO,12086,374104,95,2100
24624,2021-07-18,KW,Kuwait,EMRO,10469,384573,111,2211
24625,2021-07-25,KW,Kuwait,EMRO,7208,391781,68,2279
24626,2021-08-01,KW,Kuwait,EMRO,6050,397831,41,2320
24627,2021-08-08,KW,Kuwait,EMRO,4963,402794,46,2366
24628,2021-08-15,KW,Kuwait,EMRO,3440,406234,20,2386
24629,2021-08-22,KW,Kuwait,EMRO,1844,408078,17,2403
24630,2021-08-29,KW,Kuwait,EMRO,1285,409363,13,2416
24631,2021-09-05,KW,Kuwait,EMRO,907,410270,7,2423
24632,2021-09-12,KW,Kuwait,EMRO,464,410734,7,2430
24633,2021-09-19,KW,Kuwait,EMRO,390,411124,8,2438
24634,2021-09-26,KW,Kuwait,EMRO,323,411447,7,2445
24635,2021-10-03,KW,Kuwait,EMRO,284,411731,6,2451
24636,2021-10-10,KW,Kuwait,EMRO,317,412048,3,2454
24637,2021-10-17,KW,Kuwait,EMRO,249,412297,2,2456
24638,2021-10-24,KW,Kuwait,EMRO,209,412506,4,2460
24639,2021-10-31,KW,Kuwait,EMRO,147,412653,1,2461
24640,2021-11-07,KW,Kuwait,EMRO,168,412821,1,2462
24641,2021-11-14,KW,Kuwait,EMRO,161,412982,0,2462
24642,2021-11-21,KW,Kuwait,EMRO,138,413120,2,2464
24643,2021-11-28,KW,Kuwait,EMRO,146,413266,1,2465
24644,2021-12-05,KW,Kuwait,EMRO,198,413464,0,2465
24645,2021-12-12,KW,Kuwait,EMRO,208,413672,1,2466
24646,2021-12-19,KW,Kuwait,EMRO,351,414023,0,2466
24647,2021-12-26,KW,Kuwait,EMRO,888,414911,2,2468
24648,2022-01-02,KW,Kuwait,EMRO,2812,417723,0,2468
24649,2022-01-09,KW,Kuwait,EMRO,13197,430920,3,2471
24650,2022-01-16,KW,Kuwait,EMRO,29908,460828,4,2475
24651,2022-01-23,KW,Kuwait,EMRO,32279,493107,10,2485
24652,2022-01-30,KW,Kuwait,EMRO,40955,534062,9,2494
24653,2022-02-06,KW,Kuwait,EMRO,40525,574587,14,2508
24654,2022-02-13,KW,Kuwait,EMRO,24452,599039,11,2519
24655,2022-02-20,KW,Kuwait,EMRO,12781,611820,9,2528
24656,2022-02-27,KW,Kuwait,EMRO,6883,618703,8,2536
24657,2022-03-06,KW,Kuwait,EMRO,3786,622489,8,2544
24658,2022-03-13,KW,Kuwait,EMRO,2972,625461,6,2550
24659,2022-03-20,KW,Kuwait,EMRO,1682,627143,3,2553
24660,2022-03-27,KW,Kuwait,EMRO,1317,628460,0,2553
24661,2022-04-03,KW,Kuwait,EMRO,1065,629525,1,2554
24662,2022-04-10,KW,Kuwait,EMRO,797,630322,1,2555
24663,2022-04-17,KW,Kuwait,EMRO,624,630946,0,2555
24664,2022-04-24,KW,Kuwait,EMRO,463,631409,0,2555
24665,2022-05-01,KW,Kuwait,EMRO,319,631728,0,2555
24666,2022-05-08,KW,Kuwait,EMRO,201,631929,0,2555
24667,2022-05-15,KW,Kuwait,EMRO,440,632369,0,2555
24668,2022-05-22,KW,Kuwait,EMRO,412,632781,0,2555
24669,2022-05-29,KW,Kuwait,EMRO,535,633316,0,2555
24670,2022-06-05,KW,Kuwait,EMRO,851,634167,0,2555
24671,2022-06-12,KW,Kuwait,EMRO,1701,635868,0,2555
24672,2022-06-19,KW,Kuwait,EMRO,2840,638708,0,2555
24673,2022-06-26,KW,Kuwait,EMRO,3277,641985,0,2555
24674,2022-07-03,KW,Kuwait,EMRO,3130,645115,0,2555
24675,2022-07-10,KW,Kuwait,EMRO,2820,647935,1,2556
24676,2022-07-17,KW,Kuwait,EMRO,2150,650085,2,2558
24677,2022-07-24,KW,Kuwait,EMRO,2935,653020,1,2559
24678,2022-07-31,KW,Kuwait,EMRO,1651,654671,3,2562
24679,2022-08-07,KW,Kuwait,EMRO,1061,655732,0,2562
24680,2022-08-14,KW,Kuwait,EMRO,724,656456,1,2563
24681,2022-08-21,KW,Kuwait,EMRO,586,657042,0,2563
24682,2022-08-28,KW,Kuwait,EMRO,353,657395,0,2563
24683,2022-09-04,KW,Kuwait,EMRO,350,657745,0,2563
24684,2022-09-11,KW,Kuwait,EMRO,396,658141,0,2563
24685,2022-09-18,KW,Kuwait,EMRO,576,658717,0,2563
24686,2022-09-25,KW,Kuwait,EMRO,627,659344,0,2563
24687,2022-10-02,KW,Kuwait,EMRO,579,659923,1,2564
24688,2022-10-09,KW,Kuwait,EMRO,744,660667,0,2564
24689,2022-10-16,KW,Kuwait,EMRO,666,661333,1,2565
24690,2022-10-23,KW,Kuwait,EMRO,454,661787,1,2566
24691,2022-10-30,KW,Kuwait,EMRO,336,662123,3,2569
24692,2022-11-06,KW,Kuwait,EMRO,236,662359,0,2569
24693,2022-11-13,KW,Kuwait,EMRO,165,662524,1,2570
24694,2022-11-20,KW,Kuwait,EMRO,107,662631,0,2570
24695,2022-11-27,KW,Kuwait,EMRO,96,662727,0,2570
24696,2022-12-04,KW,Kuwait,EMRO,61,662788,0,2570
24697,2022-12-11,KW,Kuwait,EMRO,70,662858,0,2570
24698,2022-12-18,KW,Kuwait,EMRO,0,662858,0,2570
24699,2022-12-25,KW,Kuwait,EMRO,60,662918,0,2570
24700,2023-01-01,KW,Kuwait,EMRO,52,662970,0,2570
24701,2023-01-08,KW,Kuwait,EMRO,48,663018,0,2570
24702,2023-01-15,KW,Kuwait,EMRO,63,663081,0,2570
24703,2023-01-22,KW,Kuwait,EMRO,65,663146,0,2570
24704,2023-01-29,KW,Kuwait,EMRO,0,663146,0,2570
24705,2023-02-05,KW,Kuwait,EMRO,0,663146,0,2570
24706,2023-02-12,KW,Kuwait,EMRO,128,663274,0,2570
24707,2023-02-19,KW,Kuwait,EMRO,182,663456,0,2570
24708,2023-02-26,KW,Kuwait,EMRO,0,663456,0,2570
24709,2023-03-05,KW,Kuwait,EMRO,403,663859,0,2570
24710,2023-03-12,KW,Kuwait,EMRO,543,664402,0,2570
24711,2023-03-19,KW,Kuwait,EMRO,370,664772,0,2570
24712,2023-03-26,KW,Kuwait,EMRO,350,665122,0,2570
24713,2023-04-02,KW,Kuwait,EMRO,264,665386,0,2570
24714,2023-04-09,KW,Kuwait,EMRO,141,665527,0,2570
24715,2023-04-16,KW,Kuwait,EMRO,118,665645,0,2570
24716,2023-04-23,KW,Kuwait,EMRO,96,665741,0,2570
24717,2023-04-30,KW,Kuwait,EMRO,61,665802,0,2570
24718,2023-05-07,KW,Kuwait,EMRO,49,665851,0,2570
24719,2023-05-14,KW,Kuwait,EMRO,34,665885,0,2570
24720,2023-05-21,KW,Kuwait,EMRO,24,665909,0,2570
24721,2023-05-28,KW,Kuwait,EMRO,22,665931,0,2570
24722,2023-06-04,KW,Kuwait,EMRO,11,665942,0,2570
24723,2023-06-11,KW,Kuwait,EMRO,13,665955,0,2570
24724,2023-06-18,KW,Kuwait,EMRO,12,665967,0,2570
24725,2023-06-25,KW,Kuwait,EMRO,7,665974,0,2570
24726,2023-07-02,KW,Kuwait,EMRO,8,665982,0,2570
24727,2023-07-09,KW,Kuwait,EMRO,23,666005,0,2570
24728,2023-07-16,KW,Kuwait,EMRO,6,666011,0,2570
24729,2023-07-23,KW,Kuwait,EMRO,0,666011,0,2570
24730,2023-07-30,KW,Kuwait,EMRO,0,666011,0,2570
24731,2023-08-06,KW,Kuwait,EMRO,10,666021,0,2570
24732,2023-08-13,KW,Kuwait,EMRO,22,666043,0,2570
24733,2023-08-20,KW,Kuwait,EMRO,38,666081,0,2570
24734,2023-08-27,KW,Kuwait,EMRO,42,666123,0,2570
24735,2023-09-03,KW,Kuwait,EMRO,30,666153,0,2570
24736,2023-09-10,KW,Kuwait,EMRO,53,666206,0,2570
24737,2023-09-17,KW,Kuwait,EMRO,78,666284,0,2570
24738,2023-09-24,KW,Kuwait,EMRO,0,666284,0,2570
24739,2023-10-01,KW,Kuwait,EMRO,49,666333,0,2570
24740,2023-10-08,KW,Kuwait,EMRO,58,666391,0,2570
24741,2023-10-15,KW,Kuwait,EMRO,41,666432,0,2570
24742,2023-10-22,KW,Kuwait,EMRO,28,666460,0,2570
24743,2023-10-29,KW,Kuwait,EMRO,26,666486,0,2570
24744,2023-11-05,KW,Kuwait,EMRO,15,666501,0,2570
24745,2023-11-12,KW,Kuwait,EMRO,11,666512,0,2570
24746,2023-11-19,KW,Kuwait,EMRO,8,666520,0,2570
24747,2023-11-26,KW,Kuwait,EMRO,9,666529,0,2570
24748,2023-12-03,KW,Kuwait,EMRO,9,666538,0,2570
24749,2023-12-10,KW,Kuwait,EMRO,13,666551,0,2570
24750,2023-12-17,KW,Kuwait,EMRO,0,666551,0,2570
24751,2023-12-24,KW,Kuwait,EMRO,35,666586,0,2570
24752,2020-01-05,KG,Kyrgyzstan,EURO,0,0,0,0
24753,2020-01-12,KG,Kyrgyzstan,EURO,0,0,0,0
24754,2020-01-19,KG,Kyrgyzstan,EURO,0,0,0,0
24755,2020-01-26,KG,Kyrgyzstan,EURO,0,0,0,0
24756,2020-02-02,KG,Kyrgyzstan,EURO,0,0,0,0
24757,2020-02-09,KG,Kyrgyzstan,EURO,0,0,0,0
24758,2020-02-16,KG,Kyrgyzstan,EURO,0,0,0,0
24759,2020-02-23,KG,Kyrgyzstan,EURO,0,0,0,0
24760,2020-03-01,KG,Kyrgyzstan,EURO,0,0,0,0
24761,2020-03-08,KG,Kyrgyzstan,EURO,0,0,0,0
24762,2020-03-15,KG,Kyrgyzstan,EURO,0,0,0,0
24763,2020-03-22,KG,Kyrgyzstan,EURO,0,0,0,0
24764,2020-03-29,KG,Kyrgyzstan,EURO,0,0,0,0
24765,2020-04-05,KG,Kyrgyzstan,EURO,0,0,0,0
24766,2020-04-12,KG,Kyrgyzstan,EURO,0,0,0,0
24767,2020-04-19,KG,Kyrgyzstan,EURO,0,0,0,0
24768,2020-04-26,KG,Kyrgyzstan,EURO,0,0,0,0
24769,2020-05-03,KG,Kyrgyzstan,EURO,0,0,0,0
24770,2020-05-10,KG,Kyrgyzstan,EURO,0,0,0,0
24771,2020-05-17,KG,Kyrgyzstan,EURO,0,0,0,0
24772,2020-05-24,KG,Kyrgyzstan,EURO,0,0,0,0
24773,2020-05-31,KG,Kyrgyzstan,EURO,0,0,0,0
24774,2020-06-07,KG,Kyrgyzstan,EURO,0,0,0,0
24775,2020-06-14,KG,Kyrgyzstan,EURO,0,0,0,0
24776,2020-06-21,KG,Kyrgyzstan,EURO,0,0,0,0
24777,2020-06-28,KG,Kyrgyzstan,EURO,0,0,0,0
24778,2020-07-05,KG,Kyrgyzstan,EURO,0,0,0,0
24779,2020-07-12,KG,Kyrgyzstan,EURO,0,0,0,0
24780,2020-07-19,KG,Kyrgyzstan,EURO,0,0,0,0
24781,2020-07-26,KG,Kyrgyzstan,EURO,0,0,0,0
24782,2020-08-02,KG,Kyrgyzstan,EURO,0,0,0,0
24783,2020-08-09,KG,Kyrgyzstan,EURO,0,0,0,0
24784,2020-08-16,KG,Kyrgyzstan,EURO,0,0,0,0
24785,2020-08-23,KG,Kyrgyzstan,EURO,0,0,0,0
24786,2020-08-30,KG,Kyrgyzstan,EURO,0,0,0,0
24787,2020-09-06,KG,Kyrgyzstan,EURO,0,0,0,0
24788,2020-09-13,KG,Kyrgyzstan,EURO,0,0,0,0
24789,2020-09-20,KG,Kyrgyzstan,EURO,0,0,0,0
24790,2020-09-27,KG,Kyrgyzstan,EURO,0,0,0,0
24791,2020-10-04,KG,Kyrgyzstan,EURO,0,0,0,0
24792,2020-10-11,KG,Kyrgyzstan,EURO,0,0,0,0
24793,2020-10-18,KG,Kyrgyzstan,EURO,0,0,0,0
24794,2020-10-25,KG,Kyrgyzstan,EURO,0,0,0,0
24795,2020-11-01,KG,Kyrgyzstan,EURO,0,0,0,0
24796,2020-11-08,KG,Kyrgyzstan,EURO,0,0,0,0
24797,2020-11-15,KG,Kyrgyzstan,EURO,0,0,0,0
24798,2020-11-22,KG,Kyrgyzstan,EURO,0,0,0,0
24799,2020-11-29,KG,Kyrgyzstan,EURO,0,0,0,0
24800,2020-12-06,KG,Kyrgyzstan,EURO,0,0,0,0
24801,2020-12-13,KG,Kyrgyzstan,EURO,0,0,0,0
24802,2020-12-20,KG,Kyrgyzstan,EURO,0,0,0,0
24803,2020-12-27,KG,Kyrgyzstan,EURO,0,0,0,0
24804,2021-01-03,KG,Kyrgyzstan,EURO,0,0,0,0
24805,2021-01-10,KG,Kyrgyzstan,EURO,0,0,0,0
24806,2021-01-17,KG,Kyrgyzstan,EURO,0,0,0,0
24807,2021-01-24,KG,Kyrgyzstan,EURO,0,0,0,0
24808,2021-01-31,KG,Kyrgyzstan,EURO,0,0,0,0
24809,2021-02-07,KG,Kyrgyzstan,EURO,0,0,0,0
24810,2021-02-14,KG,Kyrgyzstan,EURO,0,0,0,0
24811,2021-02-21,KG,Kyrgyzstan,EURO,0,0,0,0
24812,2021-02-28,KG,Kyrgyzstan,EURO,0,0,0,0
24813,2021-03-07,KG,Kyrgyzstan,EURO,0,0,0,0
24814,2021-03-14,KG,Kyrgyzstan,EURO,0,0,0,0
24815,2021-03-21,KG,Kyrgyzstan,EURO,0,0,0,0
24816,2021-03-28,KG,Kyrgyzstan,EURO,0,0,0,0
24817,2021-04-04,KG,Kyrgyzstan,EURO,0,0,0,0
24818,2021-04-11,KG,Kyrgyzstan,EURO,0,0,0,0
24819,2021-04-18,KG,Kyrgyzstan,EURO,0,0,0,0
24820,2021-04-25,KG,Kyrgyzstan,EURO,0,0,0,0
24821,2021-05-02,KG,Kyrgyzstan,EURO,0,0,0,0
24822,2021-05-09,KG,Kyrgyzstan,EURO,0,0,0,0
24823,2021-05-16,KG,Kyrgyzstan,EURO,0,0,0,0
24824,2021-05-23,KG,Kyrgyzstan,EURO,0,0,0,0
24825,2021-05-30,KG,Kyrgyzstan,EURO,0,0,0,0
24826,2021-06-06,KG,Kyrgyzstan,EURO,0,0,0,0
24827,2021-06-13,KG,Kyrgyzstan,EURO,0,0,0,0
24828,2021-06-20,KG,Kyrgyzstan,EURO,0,0,0,0
24829,2021-06-27,KG,Kyrgyzstan,EURO,6331,6331,45,45
24830,2021-07-04,KG,Kyrgyzstan,EURO,10124,16455,64,109
24831,2021-07-11,KG,Kyrgyzstan,EURO,8908,25363,67,176
24832,2021-07-18,KG,Kyrgyzstan,EURO,9338,34701,73,249
24833,2021-07-25,KG,Kyrgyzstan,EURO,7804,42505,75,324
24834,2021-08-01,KG,Kyrgyzstan,EURO,6623,49128,83,407
24835,2021-08-08,KG,Kyrgyzstan,EURO,4757,53885,63,470
24836,2021-08-15,KG,Kyrgyzstan,EURO,2827,56712,44,514
24837,2021-08-22,KG,Kyrgyzstan,EURO,1821,58533,38,552
24838,2021-08-29,KG,Kyrgyzstan,EURO,1441,59974,35,587
24839,2021-09-05,KG,Kyrgyzstan,EURO,993,60967,30,617
24840,2021-09-12,KG,Kyrgyzstan,EURO,644,61611,20,637
24841,2021-09-19,KG,Kyrgyzstan,EURO,554,62165,16,653
24842,2021-09-26,KG,Kyrgyzstan,EURO,537,62702,12,665
24843,2021-10-03,KG,Kyrgyzstan,EURO,466,63168,6,671
24844,2021-10-10,KG,Kyrgyzstan,EURO,553,63721,12,683
24845,2021-10-17,KG,Kyrgyzstan,EURO,577,64298,16,699
24846,2021-10-24,KG,Kyrgyzstan,EURO,716,65014,19,718
24847,2021-10-31,KG,Kyrgyzstan,EURO,698,65712,17,735
24848,2021-11-07,KG,Kyrgyzstan,EURO,555,66267,17,752
24849,2021-11-14,KG,Kyrgyzstan,EURO,543,66810,18,770
24850,2021-11-21,KG,Kyrgyzstan,EURO,459,67269,20,790
24851,2021-11-28,KG,Kyrgyzstan,EURO,401,67670,16,806
24852,2021-12-05,KG,Kyrgyzstan,EURO,364,68034,17,823
24853,2021-12-12,KG,Kyrgyzstan,EURO,342,68376,10,833
24854,2021-12-19,KG,Kyrgyzstan,EURO,227,68603,14,847
24855,2021-12-26,KG,Kyrgyzstan,EURO,288,68891,13,860
24856,2022-01-02,KG,Kyrgyzstan,EURO,321,69212,8,868
24857,2022-01-09,KG,Kyrgyzstan,EURO,1238,70450,14,882
24858,2022-01-16,KG,Kyrgyzstan,EURO,4403,74853,14,896
24859,2022-01-23,KG,Kyrgyzstan,EURO,5352,80205,18,914
24860,2022-01-30,KG,Kyrgyzstan,EURO,1,80206,0,914
24861,2022-02-06,KG,Kyrgyzstan,EURO,1203,81409,25,939
24862,2022-02-13,KG,Kyrgyzstan,EURO,547,81956,25,964
24863,2022-02-20,KG,Kyrgyzstan,EURO,271,82227,16,980
24864,2022-02-27,KG,Kyrgyzstan,EURO,163,82390,11,991
24865,2022-03-06,KG,Kyrgyzstan,EURO,141,82531,9,1000
24866,2022-03-13,KG,Kyrgyzstan,EURO,101,82632,7,1007
24867,2022-03-20,KG,Kyrgyzstan,EURO,76,82708,7,1014
24868,2022-03-27,KG,Kyrgyzstan,EURO,74,82782,4,1018
24869,2022-04-03,KG,Kyrgyzstan,EURO,76,82858,6,1024
24870,2022-04-10,KG,Kyrgyzstan,EURO,2,82860,0,1024
24871,2022-04-17,KG,Kyrgyzstan,EURO,10,82870,0,1024
24872,2022-04-24,KG,Kyrgyzstan,EURO,10,82880,0,1024
24873,2022-05-01,KG,Kyrgyzstan,EURO,3,82883,0,1024
24874,2022-05-08,KG,Kyrgyzstan,EURO,0,82883,0,1024
24875,2022-05-15,KG,Kyrgyzstan,EURO,3,82886,0,1024
24876,2022-05-22,KG,Kyrgyzstan,EURO,0,82886,0,1024
24877,2022-05-29,KG,Kyrgyzstan,EURO,5,82891,0,1024
24878,2022-06-05,KG,Kyrgyzstan,EURO,2,82893,0,1024
24879,2022-06-12,KG,Kyrgyzstan,EURO,12,82905,0,1024
24880,2022-06-19,KG,Kyrgyzstan,EURO,7,82912,0,1024
24881,2022-06-26,KG,Kyrgyzstan,EURO,29,82941,0,1024
24882,2022-07-03,KG,Kyrgyzstan,EURO,48,82989,0,1024
24883,2022-07-10,KG,Kyrgyzstan,EURO,114,83103,0,1024
24884,2022-07-17,KG,Kyrgyzstan,EURO,489,83592,0,1024
24885,2022-07-24,KG,Kyrgyzstan,EURO,981,84573,0,1024
24886,2022-07-31,KG,Kyrgyzstan,EURO,1091,85664,0,1024
24887,2022-08-07,KG,Kyrgyzstan,EURO,895,86559,0,1024
24888,2022-08-14,KG,Kyrgyzstan,EURO,527,87086,0,1024
24889,2022-08-21,KG,Kyrgyzstan,EURO,339,87425,0,1024
24890,2022-08-28,KG,Kyrgyzstan,EURO,179,87604,0,1024
24891,2022-09-04,KG,Kyrgyzstan,EURO,119,87723,0,1024
24892,2022-09-11,KG,Kyrgyzstan,EURO,85,87808,0,1024
24893,2022-09-18,KG,Kyrgyzstan,EURO,78,87886,0,1024
24894,2022-09-25,KG,Kyrgyzstan,EURO,85,87971,0,1024
24895,2022-10-02,KG,Kyrgyzstan,EURO,77,88048,0,1024
24896,2022-10-09,KG,Kyrgyzstan,EURO,90,88138,0,1024
24897,2022-10-16,KG,Kyrgyzstan,EURO,84,88222,0,1024
24898,2022-10-23,KG,Kyrgyzstan,EURO,65,88287,0,1024
24899,2022-10-30,KG,Kyrgyzstan,EURO,53,88340,0,1024
24900,2022-11-06,KG,Kyrgyzstan,EURO,13,88353,0,1024
24901,2022-11-13,KG,Kyrgyzstan,EURO,19,88372,0,1024
24902,2022-11-20,KG,Kyrgyzstan,EURO,28,88400,0,1024
24903,2022-11-27,KG,Kyrgyzstan,EURO,19,88419,0,1024
24904,2022-12-04,KG,Kyrgyzstan,EURO,12,88431,0,1024
24905,2022-12-11,KG,Kyrgyzstan,EURO,10,88441,0,1024
24906,2022-12-18,KG,Kyrgyzstan,EURO,4,88445,0,1024
24907,2022-12-25,KG,Kyrgyzstan,EURO,10,88455,0,1024
24908,2023-01-01,KG,Kyrgyzstan,EURO,12,88467,0,1024
24909,2023-01-08,KG,Kyrgyzstan,EURO,6,88473,0,1024
24910,2023-01-15,KG,Kyrgyzstan,EURO,2,88475,0,1024
24911,2023-01-22,KG,Kyrgyzstan,EURO,3,88478,0,1024
24912,2023-01-29,KG,Kyrgyzstan,EURO,1,88479,0,1024
24913,2023-02-05,KG,Kyrgyzstan,EURO,7,88486,0,1024
24914,2023-02-12,KG,Kyrgyzstan,EURO,12,88498,0,1024
24915,2023-02-19,KG,Kyrgyzstan,EURO,22,88520,0,1024
24916,2023-02-26,KG,Kyrgyzstan,EURO,40,88560,0,1024
24917,2023-03-05,KG,Kyrgyzstan,EURO,35,88595,0,1024
24918,2023-03-12,KG,Kyrgyzstan,EURO,32,88627,0,1024
24919,2023-03-19,KG,Kyrgyzstan,EURO,29,88656,0,1024
24920,2023-03-26,KG,Kyrgyzstan,EURO,36,88692,0,1024
24921,2023-04-02,KG,Kyrgyzstan,EURO,27,88719,0,1024
24922,2023-04-09,KG,Kyrgyzstan,EURO,17,88736,0,1024
24923,2023-04-16,KG,Kyrgyzstan,EURO,17,88753,0,1024
24924,2023-04-23,KG,Kyrgyzstan,EURO,10,88763,0,1024
24925,2023-04-30,KG,Kyrgyzstan,EURO,12,88775,0,1024
24926,2023-05-07,KG,Kyrgyzstan,EURO,1,88776,0,1024
24927,2023-05-14,KG,Kyrgyzstan,EURO,1,88777,0,1024
24928,2023-05-21,KG,Kyrgyzstan,EURO,2,88779,0,1024
24929,2023-05-28,KG,Kyrgyzstan,EURO,5,88784,0,1024
24930,2023-06-04,KG,Kyrgyzstan,EURO,2,88786,0,1024
24931,2023-06-11,KG,Kyrgyzstan,EURO,3,88789,0,1024
24932,2023-06-18,KG,Kyrgyzstan,EURO,4,88793,0,1024
24933,2023-06-25,KG,Kyrgyzstan,EURO,8,88801,0,1024
24934,2023-07-02,KG,Kyrgyzstan,EURO,2,88803,0,1024
24935,2023-07-09,KG,Kyrgyzstan,EURO,5,88808,0,1024
24936,2023-07-16,KG,Kyrgyzstan,EURO,5,88813,0,1024
24937,2023-07-23,KG,Kyrgyzstan,EURO,2,88815,0,1024
24938,2023-07-30,KG,Kyrgyzstan,EURO,8,88823,0,1024
24939,2023-08-06,KG,Kyrgyzstan,EURO,4,88827,0,1024
24940,2023-08-13,KG,Kyrgyzstan,EURO,4,88831,0,1024
24941,2023-08-20,KG,Kyrgyzstan,EURO,11,88842,0,1024
24942,2023-08-27,KG,Kyrgyzstan,EURO,9,88851,0,1024
24943,2023-09-03,KG,Kyrgyzstan,EURO,7,88858,0,1024
24944,2023-09-10,KG,Kyrgyzstan,EURO,9,88867,0,1024
24945,2023-09-17,KG,Kyrgyzstan,EURO,9,88876,0,1024
24946,2023-09-24,KG,Kyrgyzstan,EURO,13,88889,0,1024
24947,2023-10-01,KG,Kyrgyzstan,EURO,11,88900,0,1024
24948,2023-10-08,KG,Kyrgyzstan,EURO,5,88905,0,1024
24949,2023-10-15,KG,Kyrgyzstan,EURO,3,88908,0,1024
24950,2023-10-22,KG,Kyrgyzstan,EURO,9,88917,0,1024
24951,2023-10-29,KG,Kyrgyzstan,EURO,7,88924,0,1024
24952,2023-11-05,KG,Kyrgyzstan,EURO,0,88924,0,1024
24953,2023-11-12,KG,Kyrgyzstan,EURO,0,88924,0,1024
24954,2023-11-19,KG,Kyrgyzstan,EURO,0,88924,0,1024
24955,2023-11-26,KG,Kyrgyzstan,EURO,0,88924,0,1024
24956,2023-12-03,KG,Kyrgyzstan,EURO,0,88924,0,1024
24957,2023-12-10,KG,Kyrgyzstan,EURO,4,88928,0,1024
24958,2023-12-17,KG,Kyrgyzstan,EURO,1,88929,0,1024
24959,2023-12-24,KG,Kyrgyzstan,EURO,2,88931,0,1024
24960,2020-01-05,LA,Lao People's Democratic Republic,WPRO,0,0,0,0
24961,2020-01-12,LA,Lao People's Democratic Republic,WPRO,0,0,0,0
24962,2020-01-19,LA,Lao People's Democratic Republic,WPRO,0,0,0,0
24963,2020-01-26,LA,Lao People's Democratic Republic,WPRO,0,0,0,0
24964,2020-02-02,LA,Lao People's Democratic Republic,WPRO,0,0,0,0
24965,2020-02-09,LA,Lao People's Democratic Republic,WPRO,0,0,0,0
24966,2020-02-16,LA,Lao People's Democratic Republic,WPRO,0,0,0,0
24967,2020-02-23,LA,Lao People's Democratic Republic,WPRO,0,0,0,0
24968,2020-03-01,LA,Lao People's Democratic Republic,WPRO,0,0,0,0
24969,2020-03-08,LA,Lao People's Democratic Republic,WPRO,0,0,0,0
24970,2020-03-15,LA,Lao People's Democratic Republic,WPRO,0,0,0,0
24971,2020-03-22,LA,Lao People's Democratic Republic,WPRO,0,0,0,0
24972,2020-03-29,LA,Lao People's Democratic Republic,WPRO,6,6,0,0
24973,2020-04-05,LA,Lao People's Democratic Republic,WPRO,4,10,0,0
24974,2020-04-12,LA,Lao People's Democratic Republic,WPRO,6,16,0,0
24975,2020-04-19,LA,Lao People's Democratic Republic,WPRO,3,19,0,0
24976,2020-04-26,LA,Lao People's Democratic Republic,WPRO,0,19,0,0
24977,2020-05-03,LA,Lao People's Democratic Republic,WPRO,0,19,0,0
24978,2020-05-10,LA,Lao People's Democratic Republic,WPRO,0,19,0,0
24979,2020-05-17,LA,Lao People's Democratic Republic,WPRO,0,19,0,0
24980,2020-05-24,LA,Lao People's Democratic Republic,WPRO,0,19,0,0
24981,2020-05-31,LA,Lao People's Democratic Republic,WPRO,0,19,0,0
24982,2020-06-07,LA,Lao People's Democratic Republic,WPRO,0,19,0,0
24983,2020-06-14,LA,Lao People's Democratic Republic,WPRO,0,19,0,0
24984,2020-06-21,LA,Lao People's Democratic Republic,WPRO,0,19,0,0
24985,2020-06-28,LA,Lao People's Democratic Republic,WPRO,0,19,0,0
24986,2020-07-05,LA,Lao People's Democratic Republic,WPRO,0,19,0,0
24987,2020-07-12,LA,Lao People's Democratic Republic,WPRO,0,19,0,0
24988,2020-07-19,LA,Lao People's Democratic Republic,WPRO,0,19,0,0
24989,2020-07-26,LA,Lao People's Democratic Republic,WPRO,1,20,0,0
24990,2020-08-02,LA,Lao People's Democratic Republic,WPRO,0,20,0,0
24991,2020-08-09,LA,Lao People's Democratic Republic,WPRO,0,20,0,0
24992,2020-08-16,LA,Lao People's Democratic Republic,WPRO,2,22,0,0
24993,2020-08-23,LA,Lao People's Democratic Republic,WPRO,0,22,0,0
24994,2020-08-30,LA,Lao People's Democratic Republic,WPRO,0,22,0,0
24995,2020-09-06,LA,Lao People's Democratic Republic,WPRO,0,22,0,0
24996,2020-09-13,LA,Lao People's Democratic Republic,WPRO,1,23,0,0
24997,2020-09-20,LA,Lao People's Democratic Republic,WPRO,0,23,0,0
24998,2020-09-27,LA,Lao People's Democratic Republic,WPRO,0,23,0,0
24999,2020-10-04,LA,Lao People's Democratic Republic,WPRO,0,23,0,0
25000,2020-10-11,LA,Lao People's Democratic Republic,WPRO,0,23,0,0
25001,2020-10-18,LA,Lao People's Democratic Republic,WPRO,0,23,0,0
25002,2020-10-25,LA,Lao People's Democratic Republic,WPRO,1,24,0,0
25003,2020-11-01,LA,Lao People's Democratic Republic,WPRO,0,24,0,0
25004,2020-11-08,LA,Lao People's Democratic Republic,WPRO,0,24,0,0
25005,2020-11-15,LA,Lao People's Democratic Republic,WPRO,0,24,0,0
25006,2020-11-22,LA,Lao People's Democratic Republic,WPRO,1,25,0,0
25007,2020-11-29,LA,Lao People's Democratic Republic,WPRO,14,39,0,0
25008,2020-12-06,LA,Lao People's Democratic Republic,WPRO,0,39,0,0
25009,2020-12-13,LA,Lao People's Democratic Republic,WPRO,2,41,0,0
25010,2020-12-20,LA,Lao People's Democratic Republic,WPRO,0,41,0,0
25011,2020-12-27,LA,Lao People's Democratic Republic,WPRO,0,41,0,0
25012,2021-01-03,LA,Lao People's Democratic Republic,WPRO,0,41,0,0
25013,2021-01-10,LA,Lao People's Democratic Republic,WPRO,0,41,0,0
25014,2021-01-17,LA,Lao People's Democratic Republic,WPRO,0,41,0,0
25015,2021-01-24,LA,Lao People's Democratic Republic,WPRO,2,43,0,0
25016,2021-01-31,LA,Lao People's Democratic Republic,WPRO,1,44,0,0
25017,2021-02-07,LA,Lao People's Democratic Republic,WPRO,1,45,0,0
25018,2021-02-14,LA,Lao People's Democratic Republic,WPRO,0,45,0,0
25019,2021-02-21,LA,Lao People's Democratic Republic,WPRO,0,45,0,0
25020,2021-02-28,LA,Lao People's Democratic Republic,WPRO,0,45,0,0
25021,2021-03-07,LA,Lao People's Democratic Republic,WPRO,2,47,0,0
25022,2021-03-14,LA,Lao People's Democratic Republic,WPRO,2,49,0,0
25023,2021-03-21,LA,Lao People's Democratic Republic,WPRO,0,49,0,0
25024,2021-03-28,LA,Lao People's Democratic Republic,WPRO,0,49,0,0
25025,2021-04-04,LA,Lao People's Democratic Republic,WPRO,0,49,0,0
25026,2021-04-11,LA,Lao People's Democratic Republic,WPRO,2,51,0,0
25027,2021-04-18,LA,Lao People's Democratic Republic,WPRO,7,58,0,0
25028,2021-04-25,LA,Lao People's Democratic Republic,WPRO,254,312,0,0
25029,2021-05-02,LA,Lao People's Democratic Republic,WPRO,568,880,0,0
25030,2021-05-09,LA,Lao People's Democratic Republic,WPRO,362,1242,1,1
25031,2021-05-16,LA,Lao People's Democratic Republic,WPRO,289,1531,1,2
25032,2021-05-23,LA,Lao People's Democratic Republic,WPRO,210,1741,0,2
25033,2021-05-30,LA,Lao People's Democratic Republic,WPRO,110,1851,1,3
25034,2021-06-06,LA,Lao People's Democratic Republic,WPRO,52,1903,0,3
25035,2021-06-13,LA,Lao People's Democratic Republic,WPRO,33,1936,0,3
25036,2021-06-20,LA,Lao People's Democratic Republic,WPRO,57,1993,0,3
25037,2021-06-27,LA,Lao People's Democratic Republic,WPRO,57,2050,0,3
25038,2021-07-04,LA,Lao People's Democratic Republic,WPRO,194,2244,0,3
25039,2021-07-11,LA,Lao People's Democratic Republic,WPRO,475,2719,0,3
25040,2021-07-18,LA,Lao People's Democratic Republic,WPRO,707,3426,2,5
25041,2021-07-25,LA,Lao People's Democratic Republic,WPRO,1336,4762,0,5
25042,2021-08-01,LA,Lao People's Democratic Republic,WPRO,1804,6566,2,7
25043,2021-08-08,LA,Lao People's Democratic Republic,WPRO,1825,8391,1,8
25044,2021-08-15,LA,Lao People's Democratic Republic,WPRO,1701,10092,1,9
25045,2021-08-22,LA,Lao People's Democratic Republic,WPRO,2377,12469,2,11
25046,2021-08-29,LA,Lao People's Democratic Republic,WPRO,2172,14641,1,12
25047,2021-09-05,LA,Lao People's Democratic Republic,WPRO,1292,15933,4,16
25048,2021-09-12,LA,Lao People's Democratic Republic,WPRO,1424,17357,0,16
25049,2021-09-19,LA,Lao People's Democratic Republic,WPRO,1828,19185,0,16
25050,2021-09-26,LA,Lao People's Democratic Republic,WPRO,2634,21819,0,16
25051,2021-10-03,LA,Lao People's Democratic Republic,WPRO,3398,25217,6,22
25052,2021-10-10,LA,Lao People's Democratic Republic,WPRO,3323,28540,4,26
25053,2021-10-17,LA,Lao People's Democratic Republic,WPRO,3489,32029,14,40
25054,2021-10-24,LA,Lao People's Democratic Republic,WPRO,3604,35633,12,52
25055,2021-10-31,LA,Lao People's Democratic Republic,WPRO,4638,40271,13,65
25056,2021-11-07,LA,Lao People's Democratic Republic,WPRO,6785,47056,17,82
25057,2021-11-14,LA,Lao People's Democratic Republic,WPRO,7136,54192,17,99
25058,2021-11-21,LA,Lao People's Democratic Republic,WPRO,7968,62160,33,132
25059,2021-11-28,LA,Lao People's Democratic Republic,WPRO,9358,71518,27,159
25060,2021-12-05,LA,Lao People's Democratic Republic,WPRO,8315,79833,48,207
25061,2021-12-12,LA,Lao People's Democratic Republic,WPRO,9487,89320,40,247
25062,2021-12-19,LA,Lao People's Democratic Republic,WPRO,9252,98572,26,273
25063,2021-12-26,LA,Lao People's Democratic Republic,WPRO,7659,106231,52,325
25064,2022-01-02,LA,Lao People's Democratic Republic,WPRO,6536,112767,55,380
25065,2022-01-09,LA,Lao People's Democratic Republic,WPRO,6113,118880,57,437
25066,2022-01-16,LA,Lao People's Democratic Republic,WPRO,5851,124731,58,495
25067,2022-01-23,LA,Lao People's Democratic Republic,WPRO,5222,129953,31,526
25068,2022-01-30,LA,Lao People's Democratic Republic,WPRO,3571,133524,18,544
25069,2022-02-06,LA,Lao People's Democratic Republic,WPRO,2914,136438,30,574
25070,2022-02-13,LA,Lao People's Democratic Republic,WPRO,2590,139028,20,594
25071,2022-02-20,LA,Lao People's Democratic Republic,WPRO,2055,141083,16,610
25072,2022-02-27,LA,Lao People's Democratic Republic,WPRO,1526,142609,11,621
25073,2022-03-06,LA,Lao People's Democratic Republic,WPRO,1546,144155,8,629
25074,2022-03-13,LA,Lao People's Democratic Republic,WPRO,2173,146328,11,640
25075,2022-03-20,LA,Lao People's Democratic Republic,WPRO,6629,152957,5,645
25076,2022-03-27,LA,Lao People's Democratic Republic,WPRO,15036,167993,16,661
25077,2022-04-03,LA,Lao People's Democratic Republic,WPRO,15567,183560,10,671
25078,2022-04-10,LA,Lao People's Democratic Republic,WPRO,11905,195465,0,671
25079,2022-04-17,LA,Lao People's Democratic Republic,WPRO,4725,200190,0,671
25080,2022-04-24,LA,Lao People's Democratic Republic,WPRO,5080,205270,0,671
25081,2022-05-01,LA,Lao People's Democratic Republic,WPRO,2338,207608,0,671
25082,2022-05-08,LA,Lao People's Democratic Republic,WPRO,1221,208829,0,671
25083,2022-05-15,LA,Lao People's Democratic Republic,WPRO,605,209434,0,671
25084,2022-05-22,LA,Lao People's Democratic Republic,WPRO,294,209728,0,671
25085,2022-05-29,LA,Lao People's Democratic Republic,WPRO,237,209965,0,671
25086,2022-06-05,LA,Lao People's Democratic Republic,WPRO,116,210081,0,671
25087,2022-06-12,LA,Lao People's Democratic Republic,WPRO,66,210147,0,671
25088,2022-06-19,LA,Lao People's Democratic Republic,WPRO,56,210203,0,671
25089,2022-06-26,LA,Lao People's Democratic Republic,WPRO,44,210247,0,671
25090,2022-07-03,LA,Lao People's Democratic Republic,WPRO,59,210306,0,671
25091,2022-07-10,LA,Lao People's Democratic Republic,WPRO,55,210361,0,671
25092,2022-07-17,LA,Lao People's Democratic Republic,WPRO,149,210510,0,671
25093,2022-07-24,LA,Lao People's Democratic Republic,WPRO,256,210766,0,671
25094,2022-07-31,LA,Lao People's Democratic Republic,WPRO,426,211192,0,671
25095,2022-08-07,LA,Lao People's Democratic Republic,WPRO,579,211771,0,671
25096,2022-08-14,LA,Lao People's Democratic Republic,WPRO,552,212323,0,671
25097,2022-08-21,LA,Lao People's Democratic Republic,WPRO,834,213157,0,671
25098,2022-08-28,LA,Lao People's Democratic Republic,WPRO,581,213738,0,671
25099,2022-09-04,LA,Lao People's Democratic Republic,WPRO,619,214357,0,671
25100,2022-09-11,LA,Lao People's Democratic Republic,WPRO,540,214897,0,671
25101,2022-09-18,LA,Lao People's Democratic Republic,WPRO,494,215391,0,671
25102,2022-09-25,LA,Lao People's Democratic Republic,WPRO,300,215691,0,671
25103,2022-10-02,LA,Lao People's Democratic Republic,WPRO,169,215860,0,671
25104,2022-10-09,LA,Lao People's Democratic Republic,WPRO,133,215993,0,671
25105,2022-10-16,LA,Lao People's Democratic Republic,WPRO,95,216088,0,671
25106,2022-10-23,LA,Lao People's Democratic Republic,WPRO,85,216173,0,671
25107,2022-10-30,LA,Lao People's Democratic Republic,WPRO,56,216229,0,671
25108,2022-11-06,LA,Lao People's Democratic Republic,WPRO,48,216277,0,671
25109,2022-11-13,LA,Lao People's Democratic Republic,WPRO,78,216355,0,671
25110,2022-11-20,LA,Lao People's Democratic Republic,WPRO,105,216460,0,671
25111,2022-11-27,LA,Lao People's Democratic Republic,WPRO,132,216592,0,671
25112,2022-12-04,LA,Lao People's Democratic Republic,WPRO,218,216810,0,671
25113,2022-12-11,LA,Lao People's Democratic Republic,WPRO,335,217145,0,671
25114,2022-12-18,LA,Lao People's Democratic Republic,WPRO,267,217412,0,671
25115,2022-12-25,LA,Lao People's Democratic Republic,WPRO,230,217642,0,671
25116,2023-01-01,LA,Lao People's Democratic Republic,WPRO,152,217794,0,671
25117,2023-01-08,LA,Lao People's Democratic Republic,WPRO,63,217857,0,671
25118,2023-01-15,LA,Lao People's Democratic Republic,WPRO,70,217927,0,671
25119,2023-01-22,LA,Lao People's Democratic Republic,WPRO,15,217942,0,671
25120,2023-01-29,LA,Lao People's Democratic Republic,WPRO,20,217962,0,671
25121,2023-02-05,LA,Lao People's Democratic Republic,WPRO,25,217987,0,671
25122,2023-02-12,LA,Lao People's Democratic Republic,WPRO,10,217997,0,671
25123,2023-02-19,LA,Lao People's Democratic Republic,WPRO,9,218006,0,671
25124,2023-02-26,LA,Lao People's Democratic Republic,WPRO,8,218014,0,671
25125,2023-03-05,LA,Lao People's Democratic Republic,WPRO,5,218019,0,671
25126,2023-03-12,LA,Lao People's Democratic Republic,WPRO,4,218023,0,671
25127,2023-03-19,LA,Lao People's Democratic Republic,WPRO,3,218026,0,671
25128,2023-03-26,LA,Lao People's Democratic Republic,WPRO,7,218033,0,671
25129,2023-04-02,LA,Lao People's Democratic Republic,WPRO,4,218037,0,671
25130,2023-04-09,LA,Lao People's Democratic Republic,WPRO,0,218037,0,671
25131,2023-04-16,LA,Lao People's Democratic Republic,WPRO,11,218048,0,671
25132,2023-04-23,LA,Lao People's Democratic Republic,WPRO,21,218069,0,671
25133,2023-04-30,LA,Lao People's Democratic Republic,WPRO,8,218077,0,671
25134,2023-05-07,LA,Lao People's Democratic Republic,WPRO,8,218085,0,671
25135,2023-05-14,LA,Lao People's Democratic Republic,WPRO,13,218098,0,671
25136,2023-05-21,LA,Lao People's Democratic Republic,WPRO,95,218193,0,671
25137,2023-05-28,LA,Lao People's Democratic Republic,WPRO,32,218225,0,671
25138,2023-06-04,LA,Lao People's Democratic Republic,WPRO,37,218262,0,671
25139,2023-06-11,LA,Lao People's Democratic Republic,WPRO,57,218319,0,671
25140,2023-06-18,LA,Lao People's Democratic Republic,WPRO,48,218367,0,671
25141,2023-06-25,LA,Lao People's Democratic Republic,WPRO,52,218419,0,671
25142,2023-07-02,LA,Lao People's Democratic Republic,WPRO,66,218485,0,671
25143,2023-07-09,LA,Lao People's Democratic Republic,WPRO,84,218569,0,671
25144,2023-07-16,LA,Lao People's Democratic Republic,WPRO,78,218647,0,671
25145,2023-07-23,LA,Lao People's Democratic Republic,WPRO,55,218702,0,671
25146,2023-07-30,LA,Lao People's Democratic Republic,WPRO,37,218739,0,671
25147,2023-08-06,LA,Lao People's Democratic Republic,WPRO,23,218762,0,671
25148,2023-08-13,LA,Lao People's Democratic Republic,WPRO,15,218777,0,671
25149,2023-08-20,LA,Lao People's Democratic Republic,WPRO,16,218793,0,671
25150,2023-08-27,LA,Lao People's Democratic Republic,WPRO,12,218805,0,671
25151,2023-09-03,LA,Lao People's Democratic Republic,WPRO,11,218816,0,671
25152,2023-09-10,LA,Lao People's Democratic Republic,WPRO,21,218837,0,671
25153,2023-09-17,LA,Lao People's Democratic Republic,WPRO,16,218853,0,671
25154,2023-09-24,LA,Lao People's Democratic Republic,WPRO,11,218864,0,671
25155,2023-10-01,LA,Lao People's Democratic Republic,WPRO,6,218870,0,671
25156,2023-10-08,LA,Lao People's Democratic Republic,WPRO,6,218876,0,671
25157,2023-10-15,LA,Lao People's Democratic Republic,WPRO,0,218876,0,671
25158,2023-10-22,LA,Lao People's Democratic Republic,WPRO,9,218885,0,671
25159,2023-10-29,LA,Lao People's Democratic Republic,WPRO,6,218891,0,671
25160,2023-11-05,LA,Lao People's Democratic Republic,WPRO,0,218891,0,671
25161,2023-11-12,LA,Lao People's Democratic Republic,WPRO,3,218894,0,671
25162,2023-11-19,LA,Lao People's Democratic Republic,WPRO,2,218896,0,671
25163,2023-11-26,LA,Lao People's Democratic Republic,WPRO,2,218898,0,671
25164,2023-12-03,LA,Lao People's Democratic Republic,WPRO,3,218901,0,671
25165,2023-12-10,LA,Lao People's Democratic Republic,WPRO,0,218901,0,671
25166,2023-12-17,LA,Lao People's Democratic Republic,WPRO,2,218903,0,671
25167,2023-12-24,LA,Lao People's Democratic Republic,WPRO,0,218903,0,671
25168,2020-01-05,LV,Latvia,EURO,0,0,0,0
25169,2020-01-12,LV,Latvia,EURO,0,0,0,0
25170,2020-01-19,LV,Latvia,EURO,0,0,0,0
25171,2020-01-26,LV,Latvia,EURO,0,0,0,0
25172,2020-02-02,LV,Latvia,EURO,0,0,0,0
25173,2020-02-09,LV,Latvia,EURO,0,0,0,0
25174,2020-02-16,LV,Latvia,EURO,0,0,0,0
25175,2020-02-23,LV,Latvia,EURO,0,0,0,0
25176,2020-03-01,LV,Latvia,EURO,0,0,0,0
25177,2020-03-08,LV,Latvia,EURO,3,3,0,0
25178,2020-03-15,LV,Latvia,EURO,27,30,0,0
25179,2020-03-22,LV,Latvia,EURO,106,136,0,0
25180,2020-03-29,LV,Latvia,EURO,211,347,0,0
25181,2020-04-05,LV,Latvia,EURO,187,534,2,2
25182,2020-04-12,LV,Latvia,EURO,118,652,5,7
25183,2020-04-19,LV,Latvia,EURO,76,728,1,8
25184,2020-04-26,LV,Latvia,EURO,85,813,5,13
25185,2020-05-03,LV,Latvia,EURO,67,880,3,16
25186,2020-05-10,LV,Latvia,EURO,60,940,2,18
25187,2020-05-17,LV,Latvia,EURO,68,1008,2,20
25188,2020-05-24,LV,Latvia,EURO,39,1047,3,23
25189,2020-05-31,LV,Latvia,EURO,19,1066,2,25
25190,2020-06-07,LV,Latvia,EURO,22,1088,0,25
25191,2020-06-14,LV,Latvia,EURO,9,1097,3,28
25192,2020-06-21,LV,Latvia,EURO,14,1111,2,30
25193,2020-06-28,LV,Latvia,EURO,5,1116,0,30
25194,2020-07-05,LV,Latvia,EURO,8,1124,0,30
25195,2020-07-12,LV,Latvia,EURO,49,1173,1,31
25196,2020-07-19,LV,Latvia,EURO,19,1192,0,31
25197,2020-07-26,LV,Latvia,EURO,27,1219,0,31
25198,2020-08-02,LV,Latvia,EURO,24,1243,1,32
25199,2020-08-09,LV,Latvia,EURO,47,1290,0,32
25200,2020-08-16,LV,Latvia,EURO,32,1322,0,32
25201,2020-08-23,LV,Latvia,EURO,15,1337,1,33
25202,2020-08-30,LV,Latvia,EURO,56,1393,1,34
25203,2020-09-06,LV,Latvia,EURO,35,1428,1,35
25204,2020-09-13,LV,Latvia,EURO,46,1474,0,35
25205,2020-09-20,LV,Latvia,EURO,51,1525,1,36
25206,2020-09-27,LV,Latvia,EURO,151,1676,0,36
25207,2020-10-04,LV,Latvia,EURO,410,2086,3,39
25208,2020-10-11,LV,Latvia,EURO,584,2670,1,40
25209,2020-10-18,LV,Latvia,EURO,780,3450,4,44
25210,2020-10-25,LV,Latvia,EURO,1228,4678,16,60
25211,2020-11-01,LV,Latvia,EURO,1458,6136,20,80
25212,2020-11-08,LV,Latvia,EURO,1959,8095,25,105
25213,2020-11-15,LV,Latvia,EURO,2452,10547,30,135
25214,2020-11-22,LV,Latvia,EURO,2573,13120,40,175
25215,2020-11-29,LV,Latvia,EURO,3855,16975,58,233
25216,2020-12-06,LV,Latvia,EURO,4338,21313,63,296
25217,2020-12-13,LV,Latvia,EURO,4362,25675,103,399
25218,2020-12-20,LV,Latvia,EURO,5265,30940,106,505
25219,2020-12-27,LV,Latvia,EURO,5390,36330,127,632
25220,2021-01-03,LV,Latvia,EURO,6167,42497,96,728
25221,2021-01-10,LV,Latvia,EURO,7071,49568,189,917
25222,2021-01-17,LV,Latvia,EURO,6096,55664,140,1057
25223,2021-01-24,LV,Latvia,EURO,5342,61006,151,1208
25224,2021-01-31,LV,Latvia,EURO,5233,66239,155,1363
25225,2021-02-07,LV,Latvia,EURO,5559,71798,111,1474
25226,2021-02-14,LV,Latvia,EURO,4906,76704,99,1573
25227,2021-02-21,LV,Latvia,EURO,4813,81517,107,1680
25228,2021-02-28,LV,Latvia,EURO,4667,86184,88,1768
25229,2021-03-07,LV,Latvia,EURO,4145,90329,78,1846
25230,2021-03-14,LV,Latvia,EURO,3450,93779,63,1909
25231,2021-03-21,LV,Latvia,EURO,3628,97407,62,1971
25232,2021-03-28,LV,Latvia,EURO,3631,101038,46,2017
25233,2021-04-04,LV,Latvia,EURO,3065,104103,71,2088
25234,2021-04-11,LV,Latvia,EURO,3503,107606,56,2144
25235,2021-04-18,LV,Latvia,EURO,3726,111332,68,2212
25236,2021-04-25,LV,Latvia,EURO,3982,115314,52,2264
25237,2021-05-02,LV,Latvia,EURO,4434,119748,67,2331
25238,2021-05-09,LV,Latvia,EURO,4213,123961,50,2381
25239,2021-05-16,LV,Latvia,EURO,4015,127976,66,2447
25240,2021-05-23,LV,Latvia,EURO,2967,130943,65,2512
25241,2021-05-30,LV,Latvia,EURO,2153,133096,47,2559
25242,2021-06-06,LV,Latvia,EURO,1714,134810,37,2596
25243,2021-06-13,LV,Latvia,EURO,1218,136028,39,2635
25244,2021-06-20,LV,Latvia,EURO,780,136808,24,2659
25245,2021-06-27,LV,Latvia,EURO,400,137208,24,2683
25246,2021-07-04,LV,Latvia,EURO,421,137629,16,2699
25247,2021-07-11,LV,Latvia,EURO,268,137897,2,2701
25248,2021-07-18,LV,Latvia,EURO,260,138157,9,2710
25249,2021-07-25,LV,Latvia,EURO,322,138479,3,2713
25250,2021-08-01,LV,Latvia,EURO,418,138897,3,2716
25251,2021-08-08,LV,Latvia,EURO,522,139419,4,2720
25252,2021-08-15,LV,Latvia,EURO,701,140120,4,2724
25253,2021-08-22,LV,Latvia,EURO,923,141043,8,2732
25254,2021-08-29,LV,Latvia,EURO,1274,142317,9,2741
25255,2021-09-05,LV,Latvia,EURO,2199,144516,16,2757
25256,2021-09-12,LV,Latvia,EURO,2675,147191,32,2789
25257,2021-09-19,LV,Latvia,EURO,3367,150558,36,2825
25258,2021-09-26,LV,Latvia,EURO,4226,154784,54,2879
25259,2021-10-03,LV,Latvia,EURO,6855,161639,61,2940
25260,2021-10-10,LV,Latvia,EURO,9635,171274,79,3019
25261,2021-10-17,LV,Latvia,EURO,14340,185614,133,3152
25262,2021-10-24,LV,Latvia,EURO,16957,202571,208,3360
25263,2021-10-31,LV,Latvia,EURO,16566,219137,259,3619
25264,2021-11-07,LV,Latvia,EURO,12685,231822,265,3884
25265,2021-11-14,LV,Latvia,EURO,8516,240338,245,4129
25266,2021-11-21,LV,Latvia,EURO,5776,246114,206,4335
25267,2021-11-28,LV,Latvia,EURO,6297,252411,133,4468
25268,2021-12-05,LV,Latvia,EURO,4916,257327,114,4582
25269,2021-12-12,LV,Latvia,EURO,4615,261942,86,4668
25270,2021-12-19,LV,Latvia,EURO,5195,267137,79,4747
25271,2021-12-26,LV,Latvia,EURO,4292,271429,68,4815
25272,2022-01-02,LV,Latvia,EURO,5590,277019,72,4887
25273,2022-01-09,LV,Latvia,EURO,10830,287849,89,4976
25274,2022-01-16,LV,Latvia,EURO,15943,303792,78,5054
25275,2022-01-23,LV,Latvia,EURO,31747,335539,87,5141
25276,2022-01-30,LV,Latvia,EURO,53448,388987,84,5225
25277,2022-02-06,LV,Latvia,EURO,61116,450103,97,5322
25278,2022-02-13,LV,Latvia,EURO,68517,518620,114,5436
25279,2022-02-20,LV,Latvia,EURO,67322,585942,122,5558
25280,2022-02-27,LV,Latvia,EURO,63560,649502,126,5684
25281,2022-03-06,LV,Latvia,EURO,52036,701538,117,5801
25282,2022-03-13,LV,Latvia,EURO,40796,742334,110,5911
25283,2022-03-20,LV,Latvia,EURO,28702,771036,117,6028
25284,2022-03-27,LV,Latvia,EURO,19582,790618,95,6123
25285,2022-04-03,LV,Latvia,EURO,11914,802532,87,6210
25286,2022-04-10,LV,Latvia,EURO,6264,808796,58,6268
25287,2022-04-17,LV,Latvia,EURO,4377,813173,49,6317
25288,2022-04-24,LV,Latvia,EURO,4140,817313,42,6359
25289,2022-05-01,LV,Latvia,EURO,2907,820220,27,6386
25290,2022-05-08,LV,Latvia,EURO,1906,822126,15,6401
25291,2022-05-15,LV,Latvia,EURO,1433,823559,15,6416
25292,2022-05-22,LV,Latvia,EURO,1157,824716,12,6428
25293,2022-05-29,LV,Latvia,EURO,1218,825934,12,6440
25294,2022-06-05,LV,Latvia,EURO,1026,826960,11,6451
25295,2022-06-12,LV,Latvia,EURO,1227,828187,10,6461
25296,2022-06-19,LV,Latvia,EURO,1498,829685,12,6473
25297,2022-06-26,LV,Latvia,EURO,1523,831208,13,6486
25298,2022-07-03,LV,Latvia,EURO,3409,834617,7,6493
25299,2022-07-10,LV,Latvia,EURO,3867,838484,9,6502
25300,2022-07-17,LV,Latvia,EURO,5493,843977,12,6514
25301,2022-07-24,LV,Latvia,EURO,8574,852551,9,6523
25302,2022-07-31,LV,Latvia,EURO,9066,861617,25,6548
25303,2022-08-07,LV,Latvia,EURO,9733,871350,10,6558
25304,2022-08-14,LV,Latvia,EURO,9574,880924,16,6574
25305,2022-08-21,LV,Latvia,EURO,8177,889101,22,6596
25306,2022-08-28,LV,Latvia,EURO,5479,894580,17,6613
25307,2022-09-04,LV,Latvia,EURO,4909,899489,16,6629
25308,2022-09-11,LV,Latvia,EURO,5623,905112,13,6642
25309,2022-09-18,LV,Latvia,EURO,8368,913480,23,6665
25310,2022-09-25,LV,Latvia,EURO,8470,921950,24,6689
25311,2022-10-02,LV,Latvia,EURO,7816,929766,36,6725
25312,2022-10-09,LV,Latvia,EURO,6719,936485,32,6757
25313,2022-10-16,LV,Latvia,EURO,5189,941674,44,6801
25314,2022-10-23,LV,Latvia,EURO,4373,946047,18,6819
25315,2022-10-30,LV,Latvia,EURO,3521,949568,21,6840
25316,2022-11-06,LV,Latvia,EURO,2874,952442,15,6855
25317,2022-11-13,LV,Latvia,EURO,2541,954983,18,6873
25318,2022-11-20,LV,Latvia,EURO,2312,957295,8,6881
25319,2022-11-27,LV,Latvia,EURO,3124,960419,16,6897
25320,2022-12-04,LV,Latvia,EURO,2757,963176,20,6917
25321,2022-12-11,LV,Latvia,EURO,2842,966018,28,6945
25322,2022-12-18,LV,Latvia,EURO,2310,968328,26,6971
25323,2022-12-25,LV,Latvia,EURO,2191,970519,40,7011
25324,2023-01-01,LV,Latvia,EURO,1327,971846,47,7058
25325,2023-01-08,LV,Latvia,EURO,393,972239,31,7089
25326,2023-01-15,LV,Latvia,EURO,264,972503,26,7115
25327,2023-01-22,LV,Latvia,EURO,177,972680,21,7136
25328,2023-01-29,LV,Latvia,EURO,154,972834,10,7146
25329,2023-02-05,LV,Latvia,EURO,177,973011,12,7158
25330,2023-02-12,LV,Latvia,EURO,194,973205,7,7165
25331,2023-02-19,LV,Latvia,EURO,171,973376,20,7185
25332,2023-02-26,LV,Latvia,EURO,158,973534,9,7194
25333,2023-03-05,LV,Latvia,EURO,180,973714,17,7211
25334,2023-03-12,LV,Latvia,EURO,153,973867,13,7224
25335,2023-03-19,LV,Latvia,EURO,190,974057,14,7238
25336,2023-03-26,LV,Latvia,EURO,219,974276,11,7249
25337,2023-04-02,LV,Latvia,EURO,199,974475,17,7266
25338,2023-04-09,LV,Latvia,EURO,229,974704,16,7282
25339,2023-04-16,LV,Latvia,EURO,188,974892,17,7299
25340,2023-04-23,LV,Latvia,EURO,182,975074,8,7307
25341,2023-04-30,LV,Latvia,EURO,137,975211,12,7319
25342,2023-05-07,LV,Latvia,EURO,114,975325,12,7331
25343,2023-05-14,LV,Latvia,EURO,67,975392,4,7335
25344,2023-05-21,LV,Latvia,EURO,64,975456,9,7344
25345,2023-05-28,LV,Latvia,EURO,58,975514,5,7349
25346,2023-06-04,LV,Latvia,EURO,59,975573,4,7353
25347,2023-06-11,LV,Latvia,EURO,59,975632,10,7363
25348,2023-06-18,LV,Latvia,EURO,59,975691,3,7366
25349,2023-06-25,LV,Latvia,EURO,17,975708,2,7368
25350,2023-07-02,LV,Latvia,EURO,15,975723,2,7370
25351,2023-07-09,LV,Latvia,EURO,13,975736,1,7371
25352,2023-07-16,LV,Latvia,EURO,42,975778,1,7372
25353,2023-07-23,LV,Latvia,EURO,12,975790,0,7372
25354,2023-07-30,LV,Latvia,EURO,22,975812,1,7373
25355,2023-08-06,LV,Latvia,EURO,14,975826,1,7374
25356,2023-08-13,LV,Latvia,EURO,24,975850,3,7377
25357,2023-08-20,LV,Latvia,EURO,28,975878,1,7378
25358,2023-08-27,LV,Latvia,EURO,32,975910,0,7378
25359,2023-09-03,LV,Latvia,EURO,55,975965,0,7378
25360,2023-09-10,LV,Latvia,EURO,90,976055,1,7379
25361,2023-09-17,LV,Latvia,EURO,122,976177,2,7381
25362,2023-09-24,LV,Latvia,EURO,139,976316,3,7384
25363,2023-10-01,LV,Latvia,EURO,112,976428,4,7388
25364,2023-10-08,LV,Latvia,EURO,70,976498,5,7393
25365,2023-10-15,LV,Latvia,EURO,72,976570,2,7395
25366,2023-10-22,LV,Latvia,EURO,90,976660,6,7401
25367,2023-10-29,LV,Latvia,EURO,138,976798,11,7412
25368,2023-11-05,LV,Latvia,EURO,0,976798,0,7412
25369,2023-11-12,LV,Latvia,EURO,0,976798,0,7412
25370,2023-11-19,LV,Latvia,EURO,0,976798,0,7412
25371,2023-11-26,LV,Latvia,EURO,0,976798,0,7412
25372,2023-12-03,LV,Latvia,EURO,0,976798,0,7412
25373,2023-12-10,LV,Latvia,EURO,270,977068,18,7430
25374,2023-12-17,LV,Latvia,EURO,0,977068,0,7430
25375,2023-12-24,LV,Latvia,EURO,0,977068,0,7430
25376,2020-01-05,LB,Lebanon,EMRO,0,0,0,0
25377,2020-01-12,LB,Lebanon,EMRO,0,0,0,0
25378,2020-01-19,LB,Lebanon,EMRO,0,0,0,0
25379,2020-01-26,LB,Lebanon,EMRO,0,0,0,0
25380,2020-02-02,LB,Lebanon,EMRO,0,0,0,0
25381,2020-02-09,LB,Lebanon,EMRO,0,0,0,0
25382,2020-02-16,LB,Lebanon,EMRO,0,0,0,0
25383,2020-02-23,LB,Lebanon,EMRO,1,1,0,0
25384,2020-03-01,LB,Lebanon,EMRO,6,7,0,0
25385,2020-03-08,LB,Lebanon,EMRO,21,28,0,0
25386,2020-03-15,LB,Lebanon,EMRO,65,93,3,3
25387,2020-03-22,LB,Lebanon,EMRO,137,230,1,4
25388,2020-03-29,LB,Lebanon,EMRO,182,412,4,8
25389,2020-04-05,LB,Lebanon,EMRO,108,520,9,17
25390,2020-04-12,LB,Lebanon,EMRO,99,619,3,20
25391,2020-04-19,LB,Lebanon,EMRO,53,672,1,21
25392,2020-04-26,LB,Lebanon,EMRO,32,704,3,24
25393,2020-05-03,LB,Lebanon,EMRO,29,733,1,25
25394,2020-05-10,LB,Lebanon,EMRO,76,809,1,26
25395,2020-05-17,LB,Lebanon,EMRO,93,902,0,26
25396,2020-05-24,LB,Lebanon,EMRO,195,1097,0,26
25397,2020-05-31,LB,Lebanon,EMRO,94,1191,0,26
25398,2020-06-07,LB,Lebanon,EMRO,129,1320,3,29
25399,2020-06-14,LB,Lebanon,EMRO,122,1442,3,32
25400,2020-06-21,LB,Lebanon,EMRO,94,1536,0,32
25401,2020-06-28,LB,Lebanon,EMRO,183,1719,1,33
25402,2020-07-05,LB,Lebanon,EMRO,136,1855,2,35
25403,2020-07-12,LB,Lebanon,EMRO,313,2168,1,36
25404,2020-07-19,LB,Lebanon,EMRO,607,2775,4,40
25405,2020-07-26,LB,Lebanon,EMRO,807,3582,7,47
25406,2020-08-02,LB,Lebanon,EMRO,1148,4730,14,61
25407,2020-08-09,LB,Lebanon,EMRO,1493,6223,13,74
25408,2020-08-16,LB,Lebanon,EMRO,2219,8442,23,97
25409,2020-08-23,LB,Lebanon,EMRO,3749,12191,24,121
25410,2020-08-30,LB,Lebanon,EMRO,4084,16275,34,155
25411,2020-09-06,LB,Lebanon,EMRO,3736,20011,32,187
25412,2020-09-13,LB,Lebanon,EMRO,3658,23669,52,239
25413,2020-09-20,LB,Lebanon,EMRO,4628,28297,47,286
25414,2020-09-27,LB,Lebanon,EMRO,6931,35228,54,340
25415,2020-10-04,LB,Lebanon,EMRO,8252,43480,58,398
25416,2020-10-11,LB,Lebanon,EMRO,9078,52558,57,455
25417,2020-10-18,LB,Lebanon,EMRO,8389,60947,62,517
25418,2020-10-25,LB,Lebanon,EMRO,9043,69990,45,562
25419,2020-11-01,LB,Lebanon,EMRO,11238,81228,75,637
25420,2020-11-08,LB,Lebanon,EMRO,11869,93097,76,713
25421,2020-11-15,LB,Lebanon,EMRO,11170,104267,93,806
25422,2020-11-22,LB,Lebanon,EMRO,10975,115242,88,894
25423,2020-11-29,LB,Lebanon,EMRO,10395,125637,97,991
25424,2020-12-06,LB,Lebanon,EMRO,10239,135876,99,1090
25425,2020-12-13,LB,Lebanon,EMRO,9369,145245,100,1190
25426,2020-12-20,LB,Lebanon,EMRO,11325,156570,80,1270
25427,2020-12-27,LB,Lebanon,EMRO,12902,169472,109,1379
25428,2021-01-03,LB,Lebanon,EMRO,16936,186408,387,1766
25429,2021-01-10,LB,Lebanon,EMRO,29145,215553,114,1880
25430,2021-01-17,LB,Lebanon,EMRO,33605,249158,276,2156
25431,2021-01-24,LB,Lebanon,EMRO,27429,276587,414,2570
25432,2021-01-31,LB,Lebanon,EMRO,22326,298913,461,3031
25433,2021-02-07,LB,Lebanon,EMRO,18923,317836,531,3562
25434,2021-02-14,LB,Lebanon,EMRO,19156,336992,399,3961
25435,2021-02-21,LB,Lebanon,EMRO,16379,353371,336,4297
25436,2021-02-28,LB,Lebanon,EMRO,19404,372775,355,4652
25437,2021-03-07,LB,Lebanon,EMRO,20436,393211,361,5013
25438,2021-03-14,LB,Lebanon,EMRO,22151,415362,321,5334
25439,2021-03-21,LB,Lebanon,EMRO,21213,436575,381,5715
25440,2021-03-28,LB,Lebanon,EMRO,21763,458338,343,6058
25441,2021-04-04,LB,Lebanon,EMRO,18775,477113,321,6379
25442,2021-04-11,LB,Lebanon,EMRO,17520,494633,251,6630
25443,2021-04-18,LB,Lebanon,EMRO,13870,508503,256,6886
25444,2021-04-25,LB,Lebanon,EMRO,11112,519615,232,7118
25445,2021-05-02,LB,Lebanon,EMRO,7893,527508,184,7302
25446,2021-05-09,LB,Lebanon,EMRO,4761,532269,158,7460
25447,2021-05-16,LB,Lebanon,EMRO,3177,535446,142,7602
25448,2021-05-23,LB,Lebanon,EMRO,2772,538218,68,7670
25449,2021-05-30,LB,Lebanon,EMRO,1914,540132,48,7718
25450,2021-06-06,LB,Lebanon,EMRO,1291,541423,40,7758
25451,2021-06-13,LB,Lebanon,EMRO,1100,542523,36,7794
25452,2021-06-20,LB,Lebanon,EMRO,848,543371,25,7819
25453,2021-06-27,LB,Lebanon,EMRO,920,544291,22,7841
25454,2021-07-04,LB,Lebanon,EMRO,1072,545363,18,7859
25455,2021-07-11,LB,Lebanon,EMRO,2134,547497,14,7873
25456,2021-07-18,LB,Lebanon,EMRO,2995,550492,11,7884
25457,2021-07-25,LB,Lebanon,EMRO,3966,554458,7,7891
25458,2021-08-01,LB,Lebanon,EMRO,6922,561380,15,7906
25459,2021-08-08,LB,Lebanon,EMRO,8718,570098,32,7938
25460,2021-08-15,LB,Lebanon,EMRO,11399,581497,34,7972
25461,2021-08-22,LB,Lebanon,EMRO,9486,590983,36,8008
25462,2021-08-29,LB,Lebanon,EMRO,8315,599298,32,8040
25463,2021-09-05,LB,Lebanon,EMRO,7238,606536,49,8089
25464,2021-09-12,LB,Lebanon,EMRO,6177,612713,92,8181
25465,2021-09-19,LB,Lebanon,EMRO,4949,617662,51,8232
25466,2021-09-26,LB,Lebanon,EMRO,4073,621735,45,8277
25467,2021-10-03,LB,Lebanon,EMRO,3710,625445,64,8341
25468,2021-10-10,LB,Lebanon,EMRO,4116,629561,41,8382
25469,2021-10-17,LB,Lebanon,EMRO,3794,633355,37,8419
25470,2021-10-24,LB,Lebanon,EMRO,3957,637312,30,8449
25471,2021-10-31,LB,Lebanon,EMRO,4027,641339,46,8495
25472,2021-11-07,LB,Lebanon,EMRO,4466,645805,45,8540
25473,2021-11-14,LB,Lebanon,EMRO,5983,651788,37,8577
25474,2021-11-21,LB,Lebanon,EMRO,6679,658467,58,8635
25475,2021-11-28,LB,Lebanon,EMRO,8301,666768,66,8701
25476,2021-12-05,LB,Lebanon,EMRO,10406,677174,64,8765
25477,2021-12-12,LB,Lebanon,EMRO,11341,688515,71,8836
25478,2021-12-19,LB,Lebanon,EMRO,10949,699464,88,8924
25479,2021-12-26,LB,Lebanon,EMRO,11795,711259,103,9027
25480,2022-01-02,LB,Lebanon,EMRO,20029,731288,109,9136
25481,2022-01-09,LB,Lebanon,EMRO,38112,769400,131,9267
25482,2022-01-16,LB,Lebanon,EMRO,45231,814631,100,9367
25483,2022-01-23,LB,Lebanon,EMRO,44217,858848,107,9474
25484,2022-01-30,LB,Lebanon,EMRO,48976,907824,102,9576
25485,2022-02-06,LB,Lebanon,EMRO,57803,965627,118,9694
25486,2022-02-13,LB,Lebanon,EMRO,46417,1012044,130,9824
25487,2022-02-20,LB,Lebanon,EMRO,30984,1043028,126,9950
25488,2022-02-27,LB,Lebanon,EMRO,22279,1065307,119,10069
25489,2022-03-06,LB,Lebanon,EMRO,11935,1077242,73,10142
25490,2022-03-13,LB,Lebanon,EMRO,6872,1084114,58,10200
25491,2022-03-20,LB,Lebanon,EMRO,3721,1087835,43,10243
25492,2022-03-27,LB,Lebanon,EMRO,2663,1090498,35,10278
25493,2022-04-03,LB,Lebanon,EMRO,2309,1092807,33,10311
25494,2022-04-10,LB,Lebanon,EMRO,1696,1094503,26,10337
25495,2022-04-17,LB,Lebanon,EMRO,1015,1095518,22,10359
25496,2022-04-24,LB,Lebanon,EMRO,802,1096320,16,10375
25497,2022-05-01,LB,Lebanon,EMRO,635,1096955,12,10387
25498,2022-05-08,LB,Lebanon,EMRO,537,1097492,11,10398
25499,2022-05-15,LB,Lebanon,EMRO,464,1097956,9,10407
25500,2022-05-22,LB,Lebanon,EMRO,548,1098504,10,10417
25501,2022-05-29,LB,Lebanon,EMRO,561,1099065,9,10426
25502,2022-06-05,LB,Lebanon,EMRO,680,1099745,9,10435
25503,2022-06-12,LB,Lebanon,EMRO,1126,1100871,9,10444
25504,2022-06-19,LB,Lebanon,EMRO,2393,1103264,8,10452
25505,2022-06-26,LB,Lebanon,EMRO,4338,1107602,8,10460
25506,2022-07-03,LB,Lebanon,EMRO,7212,1114814,8,10468
25507,2022-07-10,LB,Lebanon,EMRO,9814,1124628,8,10476
25508,2022-07-17,LB,Lebanon,EMRO,13830,1138458,11,10487
25509,2022-07-24,LB,Lebanon,EMRO,17202,1155660,19,10506
25510,2022-07-31,LB,Lebanon,EMRO,16609,1172269,23,10529
25511,2022-08-07,LB,Lebanon,EMRO,13136,1185405,17,10546
25512,2022-08-14,LB,Lebanon,EMRO,10379,1195784,26,10572
25513,2022-08-21,LB,Lebanon,EMRO,7620,1203404,27,10599
25514,2022-08-28,LB,Lebanon,EMRO,4469,1207873,20,10619
25515,2022-09-04,LB,Lebanon,EMRO,2693,1210566,17,10636
25516,2022-09-11,LB,Lebanon,EMRO,1931,1212497,9,10645
25517,2022-09-18,LB,Lebanon,EMRO,1272,1213769,12,10657
25518,2022-09-25,LB,Lebanon,EMRO,1123,1214892,13,10670
25519,2022-10-02,LB,Lebanon,EMRO,1033,1215925,7,10677
25520,2022-10-09,LB,Lebanon,EMRO,713,1216638,7,10684
25521,2022-10-16,LB,Lebanon,EMRO,361,1216999,4,10688
25522,2022-10-23,LB,Lebanon,EMRO,1083,1218082,11,10699
25523,2022-10-30,LB,Lebanon,EMRO,548,1218630,6,10705
25524,2022-11-06,LB,Lebanon,EMRO,511,1219141,8,10713
25525,2022-11-13,LB,Lebanon,EMRO,432,1219573,7,10720
25526,2022-11-20,LB,Lebanon,EMRO,470,1220043,7,10727
25527,2022-11-27,LB,Lebanon,EMRO,342,1220385,7,10734
25528,2022-12-04,LB,Lebanon,EMRO,329,1220714,5,10739
25529,2022-12-11,LB,Lebanon,EMRO,430,1221144,2,10741
25530,2022-12-18,LB,Lebanon,EMRO,496,1221640,1,10742
25531,2022-12-25,LB,Lebanon,EMRO,486,1222126,2,10744
25532,2023-01-01,LB,Lebanon,EMRO,682,1222808,3,10747
25533,2023-01-08,LB,Lebanon,EMRO,907,1223715,6,10753
25534,2023-01-15,LB,Lebanon,EMRO,1536,1225251,7,10760
25535,2023-01-22,LB,Lebanon,EMRO,1490,1226741,13,10773
25536,2023-01-29,LB,Lebanon,EMRO,1521,1228262,13,10786
25537,2023-02-05,LB,Lebanon,EMRO,1128,1229390,9,10795
25538,2023-02-12,LB,Lebanon,EMRO,751,1230141,8,10803
25539,2023-02-19,LB,Lebanon,EMRO,694,1230835,12,10815
25540,2023-02-26,LB,Lebanon,EMRO,878,1231713,10,10825
25541,2023-03-05,LB,Lebanon,EMRO,689,1232402,12,10837
25542,2023-03-12,LB,Lebanon,EMRO,619,1233021,6,10843
25543,2023-03-19,LB,Lebanon,EMRO,626,1233647,10,10853
25544,2023-03-26,LB,Lebanon,EMRO,648,1234295,9,10862
25545,2023-04-02,LB,Lebanon,EMRO,601,1234896,8,10870
25546,2023-04-09,LB,Lebanon,EMRO,464,1235360,9,10879
25547,2023-04-16,LB,Lebanon,EMRO,444,1235804,6,10885
25548,2023-04-23,LB,Lebanon,EMRO,532,1236336,10,10895
25549,2023-04-30,LB,Lebanon,EMRO,420,1236756,6,10901
25550,2023-05-07,LB,Lebanon,EMRO,371,1237127,5,10906
25551,2023-05-14,LB,Lebanon,EMRO,429,1237556,8,10914
25552,2023-05-21,LB,Lebanon,EMRO,0,1237556,0,10914
25553,2023-05-28,LB,Lebanon,EMRO,0,1237556,0,10914
25554,2023-06-04,LB,Lebanon,EMRO,0,1237556,0,10914
25555,2023-06-11,LB,Lebanon,EMRO,808,1238364,16,10930
25556,2023-06-18,LB,Lebanon,EMRO,47,1238411,2,10932
25557,2023-06-25,LB,Lebanon,EMRO,141,1238552,4,10936
25558,2023-07-02,LB,Lebanon,EMRO,0,1238552,0,10936
25559,2023-07-09,LB,Lebanon,EMRO,0,1238552,0,10936
25560,2023-07-16,LB,Lebanon,EMRO,0,1238552,0,10936
25561,2023-07-23,LB,Lebanon,EMRO,0,1238552,0,10936
25562,2023-07-30,LB,Lebanon,EMRO,0,1238552,0,10936
25563,2023-08-06,LB,Lebanon,EMRO,0,1238552,0,10936
25564,2023-08-13,LB,Lebanon,EMRO,0,1238552,0,10936
25565,2023-08-20,LB,Lebanon,EMRO,1352,1239904,11,10947
25566,2023-08-27,LB,Lebanon,EMRO,0,1239904,0,10947
25567,2023-09-03,LB,Lebanon,EMRO,0,1239904,0,10947
25568,2023-09-10,LB,Lebanon,EMRO,0,1239904,0,10947
25569,2023-09-17,LB,Lebanon,EMRO,0,1239904,0,10947
25570,2023-09-24,LB,Lebanon,EMRO,0,1239904,0,10947
25571,2023-10-01,LB,Lebanon,EMRO,0,1239904,0,10947
25572,2023-10-08,LB,Lebanon,EMRO,0,1239904,0,10947
25573,2023-10-15,LB,Lebanon,EMRO,0,1239904,0,10947
25574,2023-10-22,LB,Lebanon,EMRO,0,1239904,0,10947
25575,2023-10-29,LB,Lebanon,EMRO,0,1239904,0,10947
25576,2023-11-05,LB,Lebanon,EMRO,0,1239904,0,10947
25577,2023-11-12,LB,Lebanon,EMRO,0,1239904,0,10947
25578,2023-11-19,LB,Lebanon,EMRO,0,1239904,0,10947
25579,2023-11-26,LB,Lebanon,EMRO,0,1239904,0,10947
25580,2023-12-03,LB,Lebanon,EMRO,0,1239904,0,10947
25581,2023-12-10,LB,Lebanon,EMRO,0,1239904,0,10947
25582,2023-12-17,LB,Lebanon,EMRO,0,1239904,0,10947
25583,2023-12-24,LB,Lebanon,EMRO,0,1239904,0,10947
25584,2020-01-05,LS,Lesotho,AFRO,0,0,0,0
25585,2020-01-12,LS,Lesotho,AFRO,0,0,0,0
25586,2020-01-19,LS,Lesotho,AFRO,0,0,0,0
25587,2020-01-26,LS,Lesotho,AFRO,0,0,0,0
25588,2020-02-02,LS,Lesotho,AFRO,0,0,0,0
25589,2020-02-09,LS,Lesotho,AFRO,0,0,0,0
25590,2020-02-16,LS,Lesotho,AFRO,0,0,0,0
25591,2020-02-23,LS,Lesotho,AFRO,0,0,0,0
25592,2020-03-01,LS,Lesotho,AFRO,0,0,0,0
25593,2020-03-08,LS,Lesotho,AFRO,0,0,0,0
25594,2020-03-15,LS,Lesotho,AFRO,0,0,0,0
25595,2020-03-22,LS,Lesotho,AFRO,0,0,0,0
25596,2020-03-29,LS,Lesotho,AFRO,0,0,0,0
25597,2020-04-05,LS,Lesotho,AFRO,0,0,0,0
25598,2020-04-12,LS,Lesotho,AFRO,0,0,0,0
25599,2020-04-19,LS,Lesotho,AFRO,0,0,0,0
25600,2020-04-26,LS,Lesotho,AFRO,0,0,0,0
25601,2020-05-03,LS,Lesotho,AFRO,0,0,0,0
25602,2020-05-10,LS,Lesotho,AFRO,0,0,0,0
25603,2020-05-17,LS,Lesotho,AFRO,1,1,0,0
25604,2020-05-24,LS,Lesotho,AFRO,1,2,0,0
25605,2020-05-31,LS,Lesotho,AFRO,0,2,0,0
25606,2020-06-07,LS,Lesotho,AFRO,2,4,0,0
25607,2020-06-14,LS,Lesotho,AFRO,0,4,0,0
25608,2020-06-21,LS,Lesotho,AFRO,0,4,0,0
25609,2020-06-28,LS,Lesotho,AFRO,23,27,0,0
25610,2020-07-05,LS,Lesotho,AFRO,52,79,0,0
25611,2020-07-12,LS,Lesotho,AFRO,105,184,20,20
25612,2020-07-19,LS,Lesotho,AFRO,175,359,4,24
25613,2020-07-26,LS,Lesotho,AFRO,87,446,5,29
25614,2020-08-02,LS,Lesotho,AFRO,256,702,3,32
25615,2020-08-09,LS,Lesotho,AFRO,40,742,9,41
25616,2020-08-16,LS,Lesotho,AFRO,161,903,2,43
25617,2020-08-23,LS,Lesotho,AFRO,112,1015,5,48
25618,2020-08-30,LS,Lesotho,AFRO,51,1066,1,49
25619,2020-09-06,LS,Lesotho,AFRO,82,1148,0,49
25620,2020-09-13,LS,Lesotho,AFRO,97,1245,2,51
25621,2020-09-20,LS,Lesotho,AFRO,145,1390,0,51
25622,2020-09-27,LS,Lesotho,AFRO,168,1558,2,53
25623,2020-10-04,LS,Lesotho,AFRO,122,1680,4,57
25624,2020-10-11,LS,Lesotho,AFRO,120,1800,3,60
25625,2020-10-18,LS,Lesotho,AFRO,33,1833,0,60
25626,2020-10-25,LS,Lesotho,AFRO,107,1940,1,61
25627,2020-11-01,LS,Lesotho,AFRO,13,1953,1,62
25628,2020-11-08,LS,Lesotho,AFRO,10,1963,0,62
25629,2020-11-15,LS,Lesotho,AFRO,87,2050,0,62
25630,2020-11-22,LS,Lesotho,AFRO,35,2085,0,62
25631,2020-11-29,LS,Lesotho,AFRO,24,2109,0,62
25632,2020-12-06,LS,Lesotho,AFRO,36,2145,0,62
25633,2020-12-13,LS,Lesotho,AFRO,5,2150,0,62
25634,2020-12-20,LS,Lesotho,AFRO,135,2285,0,62
25635,2020-12-27,LS,Lesotho,AFRO,292,2577,2,64
25636,2021-01-03,LS,Lesotho,AFRO,0,2577,0,64
25637,2021-01-10,LS,Lesotho,AFRO,2626,5203,20,84
25638,2021-01-17,LS,Lesotho,AFRO,1168,6371,9,93
25639,2021-01-24,LS,Lesotho,AFRO,1285,7656,30,123
25640,2021-01-31,LS,Lesotho,AFRO,993,8649,41,164
25641,2021-02-07,LS,Lesotho,AFRO,731,9380,19,183
25642,2021-02-14,LS,Lesotho,AFRO,585,9965,47,230
25643,2021-02-21,LS,Lesotho,AFRO,496,10461,55,285
25644,2021-02-28,LS,Lesotho,AFRO,30,10491,7,292
25645,2021-03-07,LS,Lesotho,AFRO,32,10523,15,307
25646,2021-03-14,LS,Lesotho,AFRO,7,10530,2,309
25647,2021-03-21,LS,Lesotho,AFRO,5,10535,0,309
25648,2021-03-28,LS,Lesotho,AFRO,151,10686,6,315
25649,2021-04-04,LS,Lesotho,AFRO,21,10707,0,315
25650,2021-04-11,LS,Lesotho,AFRO,0,10707,0,315
25651,2021-04-18,LS,Lesotho,AFRO,2,10709,0,315
25652,2021-04-25,LS,Lesotho,AFRO,19,10728,1,316
25653,2021-05-02,LS,Lesotho,AFRO,5,10733,2,318
25654,2021-05-09,LS,Lesotho,AFRO,40,10773,1,319
25655,2021-05-16,LS,Lesotho,AFRO,17,10790,1,320
25656,2021-05-23,LS,Lesotho,AFRO,32,10822,6,326
25657,2021-05-30,LS,Lesotho,AFRO,9,10831,0,326
25658,2021-06-06,LS,Lesotho,AFRO,8,10839,0,326
25659,2021-06-13,LS,Lesotho,AFRO,20,10859,0,326
25660,2021-06-20,LS,Lesotho,AFRO,222,11081,3,329
25661,2021-06-27,LS,Lesotho,AFRO,158,11239,0,329
25662,2021-07-04,LS,Lesotho,AFRO,329,11568,0,329
25663,2021-07-11,LS,Lesotho,AFRO,339,11907,6,335
25664,2021-07-18,LS,Lesotho,AFRO,491,12398,4,339
25665,2021-07-25,LS,Lesotho,AFRO,482,12880,24,363
25666,2021-08-01,LS,Lesotho,AFRO,723,13603,14,377
25667,2021-08-08,LS,Lesotho,AFRO,240,13843,13,390
25668,2021-08-15,LS,Lesotho,AFRO,400,14243,7,397
25669,2021-08-22,LS,Lesotho,AFRO,128,14371,3,400
25670,2021-08-29,LS,Lesotho,AFRO,450,14821,17,417
25671,2021-09-05,LS,Lesotho,AFRO,1491,16312,49,466
25672,2021-09-12,LS,Lesotho,AFRO,1491,17803,49,515
25673,2021-09-19,LS,Lesotho,AFRO,1491,19294,49,564
25674,2021-09-26,LS,Lesotho,AFRO,1491,20785,52,616
25675,2021-10-03,LS,Lesotho,AFRO,575,21360,34,650
25676,2021-10-10,LS,Lesotho,AFRO,97,21457,2,652
25677,2021-10-17,LS,Lesotho,AFRO,73,21530,3,655
25678,2021-10-24,LS,Lesotho,AFRO,57,21587,1,656
25679,2021-10-31,LS,Lesotho,AFRO,48,21635,2,658
25680,2021-11-07,LS,Lesotho,AFRO,50,21685,1,659
25681,2021-11-14,LS,Lesotho,AFRO,6,21691,2,661
25682,2021-11-21,LS,Lesotho,AFRO,38,21729,0,661
25683,2021-11-28,LS,Lesotho,AFRO,48,21777,1,662
25684,2021-12-05,LS,Lesotho,AFRO,187,21964,2,664
25685,2021-12-12,LS,Lesotho,AFRO,1138,23102,0,664
25686,2021-12-19,LS,Lesotho,AFRO,2426,25528,1,665
25687,2021-12-26,LS,Lesotho,AFRO,2654,28182,0,665
25688,2022-01-02,LS,Lesotho,AFRO,1806,29988,8,673
25689,2022-01-09,LS,Lesotho,AFRO,1186,31174,10,683
25690,2022-01-16,LS,Lesotho,AFRO,670,31844,4,687
25691,2022-01-23,LS,Lesotho,AFRO,205,32049,3,690
25692,2022-01-30,LS,Lesotho,AFRO,198,32247,3,693
25693,2022-02-06,LS,Lesotho,AFRO,114,32361,2,695
25694,2022-02-13,LS,Lesotho,AFRO,70,32431,1,696
25695,2022-02-20,LS,Lesotho,AFRO,168,32599,0,696
25696,2022-02-27,LS,Lesotho,AFRO,96,32695,1,697
25697,2022-03-06,LS,Lesotho,AFRO,21,32716,0,697
25698,2022-03-13,LS,Lesotho,AFRO,59,32775,0,697
25699,2022-03-20,LS,Lesotho,AFRO,104,32879,0,697
25700,2022-03-27,LS,Lesotho,AFRO,16,32895,0,697
25701,2022-04-03,LS,Lesotho,AFRO,15,32910,0,697
25702,2022-04-10,LS,Lesotho,AFRO,58,32968,0,697
25703,2022-04-17,LS,Lesotho,AFRO,42,33010,0,697
25704,2022-04-24,LS,Lesotho,AFRO,103,33113,0,697
25705,2022-05-01,LS,Lesotho,AFRO,24,33137,0,697
25706,2022-05-08,LS,Lesotho,AFRO,56,33193,1,698
25707,2022-05-15,LS,Lesotho,AFRO,89,33282,0,698
25708,2022-05-22,LS,Lesotho,AFRO,88,33370,0,698
25709,2022-05-29,LS,Lesotho,AFRO,116,33486,0,698
25710,2022-06-05,LS,Lesotho,AFRO,173,33659,1,699
25711,2022-06-12,LS,Lesotho,AFRO,212,33871,0,699
25712,2022-06-19,LS,Lesotho,AFRO,67,33938,0,699
25713,2022-06-26,LS,Lesotho,AFRO,0,33938,0,699
25714,2022-07-03,LS,Lesotho,AFRO,156,34094,2,701
25715,2022-07-10,LS,Lesotho,AFRO,39,34133,1,702
25716,2022-07-17,LS,Lesotho,AFRO,41,34174,0,702
25717,2022-07-24,LS,Lesotho,AFRO,47,34221,2,704
25718,2022-07-31,LS,Lesotho,AFRO,13,34234,0,704
25719,2022-08-07,LS,Lesotho,AFRO,11,34245,0,704
25720,2022-08-14,LS,Lesotho,AFRO,6,34251,0,704
25721,2022-08-21,LS,Lesotho,AFRO,47,34298,0,704
25722,2022-08-28,LS,Lesotho,AFRO,111,34409,0,704
25723,2022-09-04,LS,Lesotho,AFRO,48,34457,1,705
25724,2022-09-11,LS,Lesotho,AFRO,33,34490,1,706
25725,2022-09-18,LS,Lesotho,AFRO,0,34490,0,706
25726,2022-09-25,LS,Lesotho,AFRO,0,34490,0,706
25727,2022-10-02,LS,Lesotho,AFRO,0,34490,0,706
25728,2022-10-09,LS,Lesotho,AFRO,0,34490,0,706
25729,2022-10-16,LS,Lesotho,AFRO,0,34490,0,706
25730,2022-10-23,LS,Lesotho,AFRO,0,34490,0,706
25731,2022-10-30,LS,Lesotho,AFRO,0,34490,0,706
25732,2022-11-06,LS,Lesotho,AFRO,0,34490,0,706
25733,2022-11-13,LS,Lesotho,AFRO,0,34490,0,706
25734,2022-11-20,LS,Lesotho,AFRO,0,34490,0,706
25735,2022-11-27,LS,Lesotho,AFRO,0,34490,0,706
25736,2022-12-04,LS,Lesotho,AFRO,0,34490,0,706
25737,2022-12-11,LS,Lesotho,AFRO,0,34490,0,706
25738,2022-12-18,LS,Lesotho,AFRO,0,34490,0,706
25739,2022-12-25,LS,Lesotho,AFRO,0,34490,0,706
25740,2023-01-01,LS,Lesotho,AFRO,0,34490,0,706
25741,2023-01-08,LS,Lesotho,AFRO,0,34490,0,706
25742,2023-01-15,LS,Lesotho,AFRO,0,34490,0,706
25743,2023-01-22,LS,Lesotho,AFRO,0,34490,0,706
25744,2023-01-29,LS,Lesotho,AFRO,0,34490,0,706
25745,2023-02-05,LS,Lesotho,AFRO,0,34490,0,706
25746,2023-02-12,LS,Lesotho,AFRO,0,34490,0,706
25747,2023-02-19,LS,Lesotho,AFRO,0,34490,0,706
25748,2023-02-26,LS,Lesotho,AFRO,0,34490,0,706
25749,2023-03-05,LS,Lesotho,AFRO,0,34490,0,706
25750,2023-03-12,LS,Lesotho,AFRO,0,34490,0,706
25751,2023-03-19,LS,Lesotho,AFRO,0,34490,0,706
25752,2023-03-26,LS,Lesotho,AFRO,0,34490,0,706
25753,2023-04-02,LS,Lesotho,AFRO,0,34490,0,706
25754,2023-04-09,LS,Lesotho,AFRO,0,34490,0,706
25755,2023-04-16,LS,Lesotho,AFRO,0,34490,0,706
25756,2023-04-23,LS,Lesotho,AFRO,0,34490,0,706
25757,2023-04-30,LS,Lesotho,AFRO,0,34490,0,706
25758,2023-05-07,LS,Lesotho,AFRO,0,34490,0,706
25759,2023-05-14,LS,Lesotho,AFRO,0,34490,0,706
25760,2023-05-21,LS,Lesotho,AFRO,0,34490,0,706
25761,2023-05-28,LS,Lesotho,AFRO,0,34490,0,706
25762,2023-06-04,LS,Lesotho,AFRO,0,34490,0,706
25763,2023-06-11,LS,Lesotho,AFRO,0,34490,0,706
25764,2023-06-18,LS,Lesotho,AFRO,0,34490,0,706
25765,2023-06-25,LS,Lesotho,AFRO,0,34490,0,706
25766,2023-07-02,LS,Lesotho,AFRO,0,34490,0,706
25767,2023-07-09,LS,Lesotho,AFRO,0,34490,0,706
25768,2023-07-16,LS,Lesotho,AFRO,0,34490,0,706
25769,2023-07-23,LS,Lesotho,AFRO,0,34490,0,706
25770,2023-07-30,LS,Lesotho,AFRO,0,34490,0,706
25771,2023-08-06,LS,Lesotho,AFRO,0,34490,0,706
25772,2023-08-13,LS,Lesotho,AFRO,0,34490,0,706
25773,2023-08-20,LS,Lesotho,AFRO,0,34490,0,706
25774,2023-08-27,LS,Lesotho,AFRO,0,34490,0,706
25775,2023-09-03,LS,Lesotho,AFRO,0,34490,0,706
25776,2023-09-10,LS,Lesotho,AFRO,0,34490,0,706
25777,2023-09-17,LS,Lesotho,AFRO,0,34490,0,706
25778,2023-09-24,LS,Lesotho,AFRO,1346,35836,3,709
25779,2023-10-01,LS,Lesotho,AFRO,0,35836,0,709
25780,2023-10-08,LS,Lesotho,AFRO,24,35860,0,709
25781,2023-10-15,LS,Lesotho,AFRO,74,35934,0,709
25782,2023-10-22,LS,Lesotho,AFRO,67,36001,0,709
25783,2023-10-29,LS,Lesotho,AFRO,10,36011,0,709
25784,2023-11-05,LS,Lesotho,AFRO,28,36039,0,709
25785,2023-11-12,LS,Lesotho,AFRO,13,36052,0,709
25786,2023-11-19,LS,Lesotho,AFRO,34,36086,0,709
25787,2023-11-26,LS,Lesotho,AFRO,27,36113,0,709
25788,2023-12-03,LS,Lesotho,AFRO,11,36124,0,709
25789,2023-12-10,LS,Lesotho,AFRO,8,36132,0,709
25790,2023-12-17,LS,Lesotho,AFRO,0,36132,0,709
25791,2023-12-24,LS,Lesotho,AFRO,0,36132,0,709
25792,2020-01-05,LR,Liberia,AFRO,0,0,0,0
25793,2020-01-12,LR,Liberia,AFRO,0,0,0,0
25794,2020-01-19,LR,Liberia,AFRO,0,0,0,0
25795,2020-01-26,LR,Liberia,AFRO,0,0,0,0
25796,2020-02-02,LR,Liberia,AFRO,0,0,0,0
25797,2020-02-09,LR,Liberia,AFRO,0,0,0,0
25798,2020-02-16,LR,Liberia,AFRO,0,0,0,0
25799,2020-02-23,LR,Liberia,AFRO,0,0,0,0
25800,2020-03-01,LR,Liberia,AFRO,0,0,0,0
25801,2020-03-08,LR,Liberia,AFRO,0,0,0,0
25802,2020-03-15,LR,Liberia,AFRO,0,0,0,0
25803,2020-03-22,LR,Liberia,AFRO,3,3,0,0
25804,2020-03-29,LR,Liberia,AFRO,1,4,0,0
25805,2020-04-05,LR,Liberia,AFRO,7,11,1,1
25806,2020-04-12,LR,Liberia,AFRO,46,57,5,6
25807,2020-04-19,LR,Liberia,AFRO,41,98,3,9
25808,2020-04-26,LR,Liberia,AFRO,32,130,5,14
25809,2020-05-03,LR,Liberia,AFRO,41,171,6,20
25810,2020-05-10,LR,Liberia,AFRO,44,215,2,22
25811,2020-05-17,LR,Liberia,AFRO,22,237,1,23
25812,2020-05-24,LR,Liberia,AFRO,33,270,5,28
25813,2020-05-31,LR,Liberia,AFRO,24,294,2,30
25814,2020-06-07,LR,Liberia,AFRO,70,364,3,33
25815,2020-06-14,LR,Liberia,AFRO,99,463,2,35
25816,2020-06-21,LR,Liberia,AFRO,168,631,2,37
25817,2020-06-28,LR,Liberia,AFRO,137,768,0,37
25818,2020-07-05,LR,Liberia,AFRO,103,871,3,40
25819,2020-07-12,LR,Liberia,AFRO,136,1007,15,55
25820,2020-07-19,LR,Liberia,AFRO,81,1088,19,74
25821,2020-07-26,LR,Liberia,AFRO,64,1152,3,77
25822,2020-08-02,LR,Liberia,AFRO,52,1204,6,83
25823,2020-08-09,LR,Liberia,AFRO,31,1235,2,85
25824,2020-08-16,LR,Liberia,AFRO,49,1284,3,88
25825,2020-08-23,LR,Liberia,AFRO,21,1305,0,88
25826,2020-08-30,LR,Liberia,AFRO,20,1325,0,88
25827,2020-09-06,LR,Liberia,AFRO,3,1328,0,88
25828,2020-09-13,LR,Liberia,AFRO,18,1346,0,88
25829,2020-09-20,LR,Liberia,AFRO,17,1363,0,88
25830,2020-09-27,LR,Liberia,AFRO,3,1366,0,88
25831,2020-10-04,LR,Liberia,AFRO,9,1375,0,88
25832,2020-10-11,LR,Liberia,AFRO,22,1397,0,88
25833,2020-10-18,LR,Liberia,AFRO,10,1407,0,88
25834,2020-10-25,LR,Liberia,AFRO,15,1422,0,88
25835,2020-11-01,LR,Liberia,AFRO,39,1461,0,88
25836,2020-11-08,LR,Liberia,AFRO,14,1475,0,88
25837,2020-11-15,LR,Liberia,AFRO,59,1534,0,88
25838,2020-11-22,LR,Liberia,AFRO,51,1585,0,88
25839,2020-11-29,LR,Liberia,AFRO,34,1619,1,89
25840,2020-12-06,LR,Liberia,AFRO,106,1725,0,89
25841,2020-12-13,LR,Liberia,AFRO,67,1792,0,89
25842,2020-12-20,LR,Liberia,AFRO,17,1809,0,89
25843,2020-12-27,LR,Liberia,AFRO,12,1821,0,89
25844,2021-01-03,LR,Liberia,AFRO,35,1856,0,89
25845,2021-01-10,LR,Liberia,AFRO,24,1880,0,89
25846,2021-01-17,LR,Liberia,AFRO,26,1906,0,89
25847,2021-01-24,LR,Liberia,AFRO,19,1925,0,89
25848,2021-01-31,LR,Liberia,AFRO,29,1954,0,89
25849,2021-02-07,LR,Liberia,AFRO,23,1977,0,89
25850,2021-02-14,LR,Liberia,AFRO,16,1993,2,91
25851,2021-02-21,LR,Liberia,AFRO,11,2004,0,91
25852,2021-02-28,LR,Liberia,AFRO,19,2023,0,91
25853,2021-03-07,LR,Liberia,AFRO,12,2035,0,91
25854,2021-03-14,LR,Liberia,AFRO,10,2045,0,91
25855,2021-03-21,LR,Liberia,AFRO,9,2054,0,91
25856,2021-03-28,LR,Liberia,AFRO,12,2066,0,91
25857,2021-04-04,LR,Liberia,AFRO,4,2070,0,91
25858,2021-04-11,LR,Liberia,AFRO,6,2076,0,91
25859,2021-04-18,LR,Liberia,AFRO,16,2092,0,91
25860,2021-04-25,LR,Liberia,AFRO,15,2107,0,91
25861,2021-05-02,LR,Liberia,AFRO,10,2117,0,91
25862,2021-05-09,LR,Liberia,AFRO,11,2128,0,91
25863,2021-05-16,LR,Liberia,AFRO,13,2141,0,91
25864,2021-05-23,LR,Liberia,AFRO,27,2168,1,92
25865,2021-05-30,LR,Liberia,AFRO,36,2204,0,92
25866,2021-06-06,LR,Liberia,AFRO,110,2314,3,95
25867,2021-06-13,LR,Liberia,AFRO,265,2579,15,110
25868,2021-06-20,LR,Liberia,AFRO,509,3088,28,138
25869,2021-06-27,LR,Liberia,AFRO,704,3792,39,177
25870,2021-07-04,LR,Liberia,AFRO,1142,4934,33,210
25871,2021-07-11,LR,Liberia,AFRO,286,5220,29,239
25872,2021-07-18,LR,Liberia,AFRO,240,5460,22,261
25873,2021-07-25,LR,Liberia,AFRO,76,5536,12,273
25874,2021-08-01,LR,Liberia,AFRO,25,5561,3,276
25875,2021-08-08,LR,Liberia,AFRO,31,5592,3,279
25876,2021-08-15,LR,Liberia,AFRO,32,5624,2,281
25877,2021-08-22,LR,Liberia,AFRO,33,5657,1,282
25878,2021-08-29,LR,Liberia,AFRO,61,5718,1,283
25879,2021-09-05,LR,Liberia,AFRO,32,5750,0,283
25880,2021-09-12,LR,Liberia,AFRO,22,5772,0,283
25881,2021-09-19,LR,Liberia,AFRO,21,5793,0,283
25882,2021-09-26,LR,Liberia,AFRO,10,5803,2,285
25883,2021-10-03,LR,Liberia,AFRO,2,5805,1,286
25884,2021-10-10,LR,Liberia,AFRO,2,5807,0,286
25885,2021-10-17,LR,Liberia,AFRO,5,5812,0,286
25886,2021-10-24,LR,Liberia,AFRO,2,5814,1,287
25887,2021-10-31,LR,Liberia,AFRO,4,5818,0,287
25888,2021-11-07,LR,Liberia,AFRO,0,5818,0,287
25889,2021-11-14,LR,Liberia,AFRO,3,5821,0,287
25890,2021-11-21,LR,Liberia,AFRO,2,5823,0,287
25891,2021-11-28,LR,Liberia,AFRO,1,5824,0,287
25892,2021-12-05,LR,Liberia,AFRO,6,5830,0,287
25893,2021-12-12,LR,Liberia,AFRO,17,5847,0,287
25894,2021-12-19,LR,Liberia,AFRO,72,5919,0,287
25895,2021-12-26,LR,Liberia,AFRO,309,6228,0,287
25896,2022-01-02,LR,Liberia,AFRO,516,6744,0,287
25897,2022-01-09,LR,Liberia,AFRO,331,7075,0,287
25898,2022-01-16,LR,Liberia,AFRO,118,7193,0,287
25899,2022-01-23,LR,Liberia,AFRO,53,7246,3,290
25900,2022-01-30,LR,Liberia,AFRO,26,7272,0,290
25901,2022-02-06,LR,Liberia,AFRO,74,7346,0,290
25902,2022-02-13,LR,Liberia,AFRO,14,7360,0,290
25903,2022-02-20,LR,Liberia,AFRO,21,7381,4,294
25904,2022-02-27,LR,Liberia,AFRO,3,7384,0,294
25905,2022-03-06,LR,Liberia,AFRO,9,7393,0,294
25906,2022-03-13,LR,Liberia,AFRO,0,7393,0,294
25907,2022-03-20,LR,Liberia,AFRO,2,7395,0,294
25908,2022-03-27,LR,Liberia,AFRO,4,7399,0,294
25909,2022-04-03,LR,Liberia,AFRO,1,7400,0,294
25910,2022-04-10,LR,Liberia,AFRO,21,7421,0,294
25911,2022-04-17,LR,Liberia,AFRO,13,7434,0,294
25912,2022-04-24,LR,Liberia,AFRO,0,7434,0,294
25913,2022-05-01,LR,Liberia,AFRO,1,7435,0,294
25914,2022-05-08,LR,Liberia,AFRO,16,7451,0,294
25915,2022-05-15,LR,Liberia,AFRO,4,7455,0,294
25916,2022-05-22,LR,Liberia,AFRO,1,7456,0,294
25917,2022-05-29,LR,Liberia,AFRO,0,7456,0,294
25918,2022-06-05,LR,Liberia,AFRO,2,7458,0,294
25919,2022-06-12,LR,Liberia,AFRO,30,7488,0,294
25920,2022-06-19,LR,Liberia,AFRO,5,7493,0,294
25921,2022-06-26,LR,Liberia,AFRO,6,7499,0,294
25922,2022-07-03,LR,Liberia,AFRO,2,7501,0,294
25923,2022-07-10,LR,Liberia,AFRO,3,7504,0,294
25924,2022-07-17,LR,Liberia,AFRO,3,7507,0,294
25925,2022-07-24,LR,Liberia,AFRO,1,7508,0,294
25926,2022-07-31,LR,Liberia,AFRO,40,7548,0,294
25927,2022-08-07,LR,Liberia,AFRO,104,7652,0,294
25928,2022-08-14,LR,Liberia,AFRO,76,7728,0,294
25929,2022-08-21,LR,Liberia,AFRO,102,7830,0,294
25930,2022-08-28,LR,Liberia,AFRO,53,7883,0,294
25931,2022-09-04,LR,Liberia,AFRO,43,7926,0,294
25932,2022-09-11,LR,Liberia,AFRO,18,7944,0,294
25933,2022-09-18,LR,Liberia,AFRO,16,7960,0,294
25934,2022-09-25,LR,Liberia,AFRO,13,7973,0,294
25935,2022-10-02,LR,Liberia,AFRO,3,7976,0,294
25936,2022-10-09,LR,Liberia,AFRO,10,7986,0,294
25937,2022-10-16,LR,Liberia,AFRO,4,7990,0,294
25938,2022-10-23,LR,Liberia,AFRO,3,7993,0,294
25939,2022-10-30,LR,Liberia,AFRO,6,7999,0,294
25940,2022-11-06,LR,Liberia,AFRO,10,8009,0,294
25941,2022-11-13,LR,Liberia,AFRO,5,8014,0,294
25942,2022-11-20,LR,Liberia,AFRO,11,8025,0,294
25943,2022-11-27,LR,Liberia,AFRO,10,8035,0,294
25944,2022-12-04,LR,Liberia,AFRO,8,8043,0,294
25945,2022-12-11,LR,Liberia,AFRO,0,8043,0,294
25946,2022-12-18,LR,Liberia,AFRO,3,8046,0,294
25947,2022-12-25,LR,Liberia,AFRO,4,8050,0,294
25948,2023-01-01,LR,Liberia,AFRO,5,8055,0,294
25949,2023-01-08,LR,Liberia,AFRO,5,8060,0,294
25950,2023-01-15,LR,Liberia,AFRO,0,8060,0,294
25951,2023-01-22,LR,Liberia,AFRO,2,8062,0,294
25952,2023-01-29,LR,Liberia,AFRO,0,8062,0,294
25953,2023-02-05,LR,Liberia,AFRO,15,8077,0,294
25954,2023-02-12,LR,Liberia,AFRO,6,8083,0,294
25955,2023-02-19,LR,Liberia,AFRO,7,8090,0,294
25956,2023-02-26,LR,Liberia,AFRO,0,8090,0,294
25957,2023-03-05,LR,Liberia,AFRO,0,8090,0,294
25958,2023-03-12,LR,Liberia,AFRO,0,8090,0,294
25959,2023-03-19,LR,Liberia,AFRO,0,8090,0,294
25960,2023-03-26,LR,Liberia,AFRO,0,8090,0,294
25961,2023-04-02,LR,Liberia,AFRO,0,8090,0,294
25962,2023-04-09,LR,Liberia,AFRO,0,8090,0,294
25963,2023-04-16,LR,Liberia,AFRO,0,8090,0,294
25964,2023-04-23,LR,Liberia,AFRO,0,8090,0,294
25965,2023-04-30,LR,Liberia,AFRO,0,8090,0,294
25966,2023-05-07,LR,Liberia,AFRO,0,8090,0,294
25967,2023-05-14,LR,Liberia,AFRO,0,8090,0,294
25968,2023-05-21,LR,Liberia,AFRO,0,8090,0,294
25969,2023-05-28,LR,Liberia,AFRO,0,8090,0,294
25970,2023-06-04,LR,Liberia,AFRO,0,8090,0,294
25971,2023-06-11,LR,Liberia,AFRO,0,8090,0,294
25972,2023-06-18,LR,Liberia,AFRO,0,8090,0,294
25973,2023-06-25,LR,Liberia,AFRO,0,8090,0,294
25974,2023-07-02,LR,Liberia,AFRO,0,8090,0,294
25975,2023-07-09,LR,Liberia,AFRO,0,8090,0,294
25976,2023-07-16,LR,Liberia,AFRO,0,8090,0,294
25977,2023-07-23,LR,Liberia,AFRO,0,8090,0,294
25978,2023-07-30,LR,Liberia,AFRO,0,8090,0,294
25979,2023-08-06,LR,Liberia,AFRO,0,8090,0,294
25980,2023-08-13,LR,Liberia,AFRO,-160,7930,0,294
25981,2023-08-20,LR,Liberia,AFRO,0,7930,0,294
25982,2023-08-27,LR,Liberia,AFRO,0,7930,0,294
25983,2023-09-03,LR,Liberia,AFRO,0,7930,0,294
25984,2023-09-10,LR,Liberia,AFRO,0,7930,0,294
25985,2023-09-17,LR,Liberia,AFRO,0,7930,0,294
25986,2023-09-24,LR,Liberia,AFRO,0,7930,0,294
25987,2023-10-01,LR,Liberia,AFRO,0,7930,0,294
25988,2023-10-08,LR,Liberia,AFRO,0,7930,0,294
25989,2023-10-15,LR,Liberia,AFRO,0,7930,0,294
25990,2023-10-22,LR,Liberia,AFRO,0,7930,0,294
25991,2023-10-29,LR,Liberia,AFRO,0,7930,0,294
25992,2023-11-05,LR,Liberia,AFRO,0,7930,0,294
25993,2023-11-12,LR,Liberia,AFRO,0,7930,0,294
25994,2023-11-19,LR,Liberia,AFRO,0,7930,0,294
25995,2023-11-26,LR,Liberia,AFRO,0,7930,0,294
25996,2023-12-03,LR,Liberia,AFRO,0,7930,0,294
25997,2023-12-10,LR,Liberia,AFRO,0,7930,0,294
25998,2023-12-17,LR,Liberia,AFRO,0,7930,0,294
25999,2023-12-24,LR,Liberia,AFRO,0,7930,0,294
26000,2020-01-05,LY,Libya,EMRO,0,0,0,0
26001,2020-01-12,LY,Libya,EMRO,0,0,0,0
26002,2020-01-19,LY,Libya,EMRO,0,0,0,0
26003,2020-01-26,LY,Libya,EMRO,0,0,0,0
26004,2020-02-02,LY,Libya,EMRO,0,0,0,0
26005,2020-02-09,LY,Libya,EMRO,0,0,0,0
26006,2020-02-16,LY,Libya,EMRO,0,0,0,0
26007,2020-02-23,LY,Libya,EMRO,0,0,0,0
26008,2020-03-01,LY,Libya,EMRO,0,0,0,0
26009,2020-03-08,LY,Libya,EMRO,0,0,0,0
26010,2020-03-15,LY,Libya,EMRO,0,0,0,0
26011,2020-03-22,LY,Libya,EMRO,0,0,0,0
26012,2020-03-29,LY,Libya,EMRO,1,1,0,0
26013,2020-04-05,LY,Libya,EMRO,10,11,1,1
26014,2020-04-12,LY,Libya,EMRO,13,24,0,1
26015,2020-04-19,LY,Libya,EMRO,25,49,0,1
26016,2020-04-26,LY,Libya,EMRO,11,60,1,2
26017,2020-05-03,LY,Libya,EMRO,3,63,1,3
26018,2020-05-10,LY,Libya,EMRO,1,64,0,3
26019,2020-05-17,LY,Libya,EMRO,0,64,0,3
26020,2020-05-24,LY,Libya,EMRO,8,72,0,3
26021,2020-05-31,LY,Libya,EMRO,46,118,2,5
26022,2020-06-07,LY,Libya,EMRO,121,239,0,5
26023,2020-06-14,LY,Libya,EMRO,170,409,1,6
26024,2020-06-21,LY,Libya,EMRO,111,520,4,10
26025,2020-06-28,LY,Libya,EMRO,193,713,8,18
26026,2020-07-05,LY,Libya,EMRO,205,918,9,27
26027,2020-07-12,LY,Libya,EMRO,424,1342,11,38
26028,2020-07-19,LY,Libya,EMRO,362,1704,9,47
26029,2020-07-26,LY,Libya,EMRO,721,2425,10,57
26030,2020-08-02,LY,Libya,EMRO,1196,3621,17,74
26031,2020-08-09,LY,Libya,EMRO,1457,5078,34,108
26032,2020-08-16,LY,Libya,EMRO,2249,7327,31,139
26033,2020-08-23,LY,Libya,EMRO,2794,10121,41,180
26034,2020-08-30,LY,Libya,EMRO,2837,12958,51,231
26035,2020-09-06,LY,Libya,EMRO,4136,17094,41,272
26036,2020-09-13,LY,Libya,EMRO,5254,22348,82,354
26037,2020-09-20,LY,Libya,EMRO,4886,27234,72,426
26038,2020-09-27,LY,Libya,EMRO,4594,31828,73,499
26039,2020-10-04,LY,Libya,EMRO,4259,36087,79,578
26040,2020-10-11,LY,Libya,EMRO,5599,41686,45,623
26041,2020-10-18,LY,Libya,EMRO,6159,47845,76,699
26042,2020-10-25,LY,Libya,EMRO,6529,54374,91,790
26043,2020-11-01,LY,Libya,EMRO,6721,61095,67,857
26044,2020-11-08,LY,Libya,EMRO,5944,67039,63,920
26045,2020-11-15,LY,Libya,EMRO,5589,72628,75,995
26046,2020-11-22,LY,Libya,EMRO,4180,76808,73,1068
26047,2020-11-29,LY,Libya,EMRO,4465,81273,85,1153
26048,2020-12-06,LY,Libya,EMRO,4256,85529,66,1219
26049,2020-12-13,LY,Libya,EMRO,4351,89880,59,1278
26050,2020-12-20,LY,Libya,EMRO,3892,93772,68,1346
26051,2020-12-27,LY,Libya,EMRO,3881,97653,69,1415
26052,2021-01-03,LY,Libya,EMRO,3091,100744,72,1487
26053,2021-01-10,LY,Libya,EMRO,3258,104002,81,1568
26054,2021-01-17,LY,Libya,EMRO,4015,108017,83,1651
26055,2021-01-24,LY,Libya,EMRO,4523,112540,86,1737
26056,2021-01-31,LY,Libya,EMRO,5110,117650,105,1842
26057,2021-02-07,LY,Libya,EMRO,5244,122894,94,1936
26058,2021-02-14,LY,Libya,EMRO,3987,126881,78,2014
26059,2021-02-21,LY,Libya,EMRO,2444,129325,74,2088
26060,2021-02-28,LY,Libya,EMRO,3133,132458,86,2174
26061,2021-03-07,LY,Libya,EMRO,5024,137482,62,2236
26062,2021-03-14,LY,Libya,EMRO,6161,143643,112,2348
26063,2021-03-21,LY,Libya,EMRO,6698,150341,139,2487
26064,2021-03-28,LY,Libya,EMRO,5775,156116,115,2602
26065,2021-04-04,LY,Libya,EMRO,4972,161088,82,2684
26066,2021-04-11,LY,Libya,EMRO,5800,166888,123,2807
26067,2021-04-18,LY,Libya,EMRO,4243,171131,75,2882
26068,2021-04-25,LY,Libya,EMRO,3621,174752,65,2947
26069,2021-05-02,LY,Libya,EMRO,2756,177508,82,3029
26070,2021-05-09,LY,Libya,EMRO,2189,179697,34,3063
26071,2021-05-16,LY,Libya,EMRO,1482,181179,22,3085
26072,2021-05-23,LY,Libya,EMRO,1720,182899,20,3105
26073,2021-05-30,LY,Libya,EMRO,1916,184815,11,3116
26074,2021-06-06,LY,Libya,EMRO,2138,186953,21,3137
26075,2021-06-13,LY,Libya,EMRO,1809,188762,21,3158
26076,2021-06-20,LY,Libya,EMRO,1664,190426,15,3173
26077,2021-06-27,LY,Libya,EMRO,1703,192129,12,3185
26078,2021-07-04,LY,Libya,EMRO,2194,194323,20,3205
26079,2021-07-11,LY,Libya,EMRO,6913,201236,27,3232
26080,2021-07-18,LY,Libya,EMRO,16198,217434,21,3253
26081,2021-07-25,LY,Libya,EMRO,12170,229604,91,3344
26082,2021-08-01,LY,Libya,EMRO,19510,249114,165,3509
26083,2021-08-08,LY,Libya,EMRO,15713,264827,180,3689
26084,2021-08-15,LY,Libya,EMRO,14272,279099,180,3869
26085,2021-08-22,LY,Libya,EMRO,14433,293532,148,4017
26086,2021-08-29,LY,Libya,EMRO,10258,303790,148,4165
26087,2021-09-05,LY,Libya,EMRO,9714,313504,143,4308
26088,2021-09-12,LY,Libya,EMRO,8983,322487,102,4410
26089,2021-09-19,LY,Libya,EMRO,7337,329824,80,4490
26090,2021-09-26,LY,Libya,EMRO,6167,335991,98,4588
26091,2021-10-03,LY,Libya,EMRO,5100,341091,76,4664
26092,2021-10-10,LY,Libya,EMRO,4360,345451,93,4757
26093,2021-10-17,LY,Libya,EMRO,3759,349210,103,4860
26094,2021-10-24,LY,Libya,EMRO,3671,352881,122,4982
26095,2021-10-31,LY,Libya,EMRO,3774,356655,96,5078
26096,2021-11-07,LY,Libya,EMRO,3611,360266,108,5186
26097,2021-11-14,LY,Libya,EMRO,3810,364076,89,5275
26098,2021-11-21,LY,Libya,EMRO,3142,367218,90,5365
26099,2021-11-28,LY,Libya,EMRO,3569,370787,65,5430
26100,2021-12-05,LY,Libya,EMRO,3493,374280,50,5480
26101,2021-12-12,LY,Libya,EMRO,3170,377450,60,5540
26102,2021-12-19,LY,Libya,EMRO,3573,381023,49,5589
26103,2021-12-26,LY,Libya,EMRO,3640,384663,52,5641
26104,2022-01-02,LY,Libya,EMRO,4071,388734,69,5710
26105,2022-01-09,LY,Libya,EMRO,4134,392868,68,5778
26106,2022-01-16,LY,Libya,EMRO,3584,396452,50,5828
26107,2022-01-23,LY,Libya,EMRO,6692,403144,79,5907
26108,2022-01-30,LY,Libya,EMRO,16399,419543,86,5993
26109,2022-02-06,LY,Libya,EMRO,26333,445876,59,6052
26110,2022-02-13,LY,Libya,EMRO,20790,466666,61,6113
26111,2022-02-20,LY,Libya,EMRO,15487,482153,65,6178
26112,2022-02-27,LY,Libya,EMRO,10001,492154,63,6241
26113,2022-03-06,LY,Libya,EMRO,5125,497279,47,6288
26114,2022-03-13,LY,Libya,EMRO,2488,499767,48,6336
26115,2022-03-20,LY,Libya,EMRO,1097,500864,32,6368
26116,2022-03-27,LY,Libya,EMRO,556,501420,29,6397
26117,2022-04-03,LY,Libya,EMRO,318,501738,22,6419
26118,2022-04-10,LY,Libya,EMRO,96,501834,10,6429
26119,2022-04-17,LY,Libya,EMRO,28,501862,0,6429
26120,2022-04-24,LY,Libya,EMRO,42,501904,1,6430
26121,2022-05-01,LY,Libya,EMRO,12,501916,0,6430
26122,2022-05-08,LY,Libya,EMRO,3,501919,0,6430
26123,2022-05-15,LY,Libya,EMRO,35,501954,0,6430
26124,2022-05-22,LY,Libya,EMRO,33,501987,0,6430
26125,2022-05-29,LY,Libya,EMRO,29,502016,0,6430
26126,2022-06-05,LY,Libya,EMRO,24,502040,0,6430
26127,2022-06-12,LY,Libya,EMRO,36,502076,0,6430
26128,2022-06-19,LY,Libya,EMRO,34,502110,0,6430
26129,2022-06-26,LY,Libya,EMRO,28,502138,0,6430
26130,2022-07-03,LY,Libya,EMRO,51,502189,0,6430
26131,2022-07-10,LY,Libya,EMRO,100,502289,0,6430
26132,2022-07-17,LY,Libya,EMRO,353,502642,1,6431
26133,2022-07-24,LY,Libya,EMRO,969,503611,0,6431
26134,2022-07-31,LY,Libya,EMRO,1138,504749,0,6431
26135,2022-08-07,LY,Libya,EMRO,862,505611,2,6433
26136,2022-08-14,LY,Libya,EMRO,567,506178,1,6434
26137,2022-08-21,LY,Libya,EMRO,337,506515,2,6436
26138,2022-08-28,LY,Libya,EMRO,231,506746,0,6436
26139,2022-09-04,LY,Libya,EMRO,92,506838,1,6437
26140,2022-09-11,LY,Libya,EMRO,51,506889,0,6437
26141,2022-09-18,LY,Libya,EMRO,33,506922,0,6437
26142,2022-09-25,LY,Libya,EMRO,32,506954,0,6437
26143,2022-10-02,LY,Libya,EMRO,40,506994,0,6437
26144,2022-10-09,LY,Libya,EMRO,16,507010,0,6437
26145,2022-10-16,LY,Libya,EMRO,2,507012,0,6437
26146,2022-10-23,LY,Libya,EMRO,12,507024,0,6437
26147,2022-10-30,LY,Libya,EMRO,10,507034,0,6437
26148,2022-11-06,LY,Libya,EMRO,17,507051,0,6437
26149,2022-11-13,LY,Libya,EMRO,9,507060,0,6437
26150,2022-11-20,LY,Libya,EMRO,10,507070,0,6437
26151,2022-11-27,LY,Libya,EMRO,8,507078,0,6437
26152,2022-12-04,LY,Libya,EMRO,6,507084,0,6437
26153,2022-12-11,LY,Libya,EMRO,16,507100,0,6437
26154,2022-12-18,LY,Libya,EMRO,12,507112,0,6437
26155,2022-12-25,LY,Libya,EMRO,9,507121,0,6437
26156,2023-01-01,LY,Libya,EMRO,21,507142,0,6437
26157,2023-01-08,LY,Libya,EMRO,11,507153,0,6437
26158,2023-01-15,LY,Libya,EMRO,1,507154,0,6437
26159,2023-01-22,LY,Libya,EMRO,4,507158,0,6437
26160,2023-01-29,LY,Libya,EMRO,1,507159,0,6437
26161,2023-02-05,LY,Libya,EMRO,3,507162,0,6437
26162,2023-02-12,LY,Libya,EMRO,4,507166,0,6437
26163,2023-02-19,LY,Libya,EMRO,4,507170,0,6437
26164,2023-02-26,LY,Libya,EMRO,1,507171,0,6437
26165,2023-03-05,LY,Libya,EMRO,3,507174,0,6437
26166,2023-03-12,LY,Libya,EMRO,13,507187,0,6437
26167,2023-03-19,LY,Libya,EMRO,14,507201,0,6437
26168,2023-03-26,LY,Libya,EMRO,5,507206,0,6437
26169,2023-04-02,LY,Libya,EMRO,0,507206,0,6437
26170,2023-04-09,LY,Libya,EMRO,23,507229,0,6437
26171,2023-04-16,LY,Libya,EMRO,15,507244,0,6437
26172,2023-04-23,LY,Libya,EMRO,6,507250,0,6437
26173,2023-04-30,LY,Libya,EMRO,2,507252,0,6437
26174,2023-05-07,LY,Libya,EMRO,0,507252,0,6437
26175,2023-05-14,LY,Libya,EMRO,1,507253,0,6437
26176,2023-05-21,LY,Libya,EMRO,2,507255,0,6437
26177,2023-05-28,LY,Libya,EMRO,7,507262,0,6437
26178,2023-06-04,LY,Libya,EMRO,1,507263,0,6437
26179,2023-06-11,LY,Libya,EMRO,1,507264,0,6437
26180,2023-06-18,LY,Libya,EMRO,0,507264,0,6437
26181,2023-06-25,LY,Libya,EMRO,2,507266,0,6437
26182,2023-07-02,LY,Libya,EMRO,0,507266,0,6437
26183,2023-07-09,LY,Libya,EMRO,0,507266,0,6437
26184,2023-07-16,LY,Libya,EMRO,0,507266,0,6437
26185,2023-07-23,LY,Libya,EMRO,0,507266,0,6437
26186,2023-07-30,LY,Libya,EMRO,0,507266,0,6437
26187,2023-08-06,LY,Libya,EMRO,0,507266,0,6437
26188,2023-08-13,LY,Libya,EMRO,0,507266,0,6437
26189,2023-08-20,LY,Libya,EMRO,0,507266,0,6437
26190,2023-08-27,LY,Libya,EMRO,2,507268,0,6437
26191,2023-09-03,LY,Libya,EMRO,1,507269,0,6437
26192,2023-09-10,LY,Libya,EMRO,0,507269,0,6437
26193,2023-09-17,LY,Libya,EMRO,0,507269,0,6437
26194,2023-09-24,LY,Libya,EMRO,0,507269,0,6437
26195,2023-10-01,LY,Libya,EMRO,0,507269,0,6437
26196,2023-10-08,LY,Libya,EMRO,0,507269,0,6437
26197,2023-10-15,LY,Libya,EMRO,0,507269,0,6437
26198,2023-10-22,LY,Libya,EMRO,0,507269,0,6437
26199,2023-10-29,LY,Libya,EMRO,0,507269,0,6437
26200,2023-11-05,LY,Libya,EMRO,0,507269,0,6437
26201,2023-11-12,LY,Libya,EMRO,0,507269,0,6437
26202,2023-11-19,LY,Libya,EMRO,0,507269,0,6437
26203,2023-11-26,LY,Libya,EMRO,0,507269,0,6437
26204,2023-12-03,LY,Libya,EMRO,0,507269,0,6437
26205,2023-12-10,LY,Libya,EMRO,0,507269,0,6437
26206,2023-12-17,LY,Libya,EMRO,0,507269,0,6437
26207,2023-12-24,LY,Libya,EMRO,0,507269,0,6437
26208,2020-01-05,LI,Liechtenstein,,0,0,0,0
26209,2020-01-12,LI,Liechtenstein,,0,0,0,0
26210,2020-01-19,LI,Liechtenstein,,0,0,0,0
26211,2020-01-26,LI,Liechtenstein,,0,0,0,0
26212,2020-02-02,LI,Liechtenstein,,0,0,0,0
26213,2020-02-09,LI,Liechtenstein,,0,0,0,0
26214,2020-02-16,LI,Liechtenstein,,0,0,0,0
26215,2020-02-23,LI,Liechtenstein,,0,0,0,0
26216,2020-03-01,LI,Liechtenstein,,0,0,0,0
26217,2020-03-08,LI,Liechtenstein,,1,1,0,0
26218,2020-03-15,LI,Liechtenstein,,10,11,0,0
26219,2020-03-22,LI,Liechtenstein,,35,46,0,0
26220,2020-03-29,LI,Liechtenstein,,18,64,0,0
26221,2020-04-05,LI,Liechtenstein,,14,78,1,1
26222,2020-04-12,LI,Liechtenstein,,3,81,0,1
26223,2020-04-19,LI,Liechtenstein,,1,82,0,1
26224,2020-04-26,LI,Liechtenstein,,1,83,0,1
26225,2020-05-03,LI,Liechtenstein,,0,83,0,1
26226,2020-05-10,LI,Liechtenstein,,0,83,0,1
26227,2020-05-17,LI,Liechtenstein,,0,83,0,1
26228,2020-05-24,LI,Liechtenstein,,0,83,0,1
26229,2020-05-31,LI,Liechtenstein,,0,83,0,1
26230,2020-06-07,LI,Liechtenstein,,0,83,0,1
26231,2020-06-14,LI,Liechtenstein,,0,83,0,1
26232,2020-06-21,LI,Liechtenstein,,0,83,0,1
26233,2020-06-28,LI,Liechtenstein,,0,83,0,1
26234,2020-07-05,LI,Liechtenstein,,1,84,0,1
26235,2020-07-12,LI,Liechtenstein,,1,85,0,1
26236,2020-07-19,LI,Liechtenstein,,2,87,0,1
26237,2020-07-26,LI,Liechtenstein,,0,87,0,1
26238,2020-08-02,LI,Liechtenstein,,2,89,0,1
26239,2020-08-09,LI,Liechtenstein,,0,89,0,1
26240,2020-08-16,LI,Liechtenstein,,5,94,0,1
26241,2020-08-23,LI,Liechtenstein,,7,101,0,1
26242,2020-08-30,LI,Liechtenstein,,7,108,0,1
26243,2020-09-06,LI,Liechtenstein,,0,108,0,1
26244,2020-09-13,LI,Liechtenstein,,3,111,0,1
26245,2020-09-20,LI,Liechtenstein,,3,114,0,1
26246,2020-09-27,LI,Liechtenstein,,5,119,0,1
26247,2020-10-04,LI,Liechtenstein,,9,128,0,1
26248,2020-10-11,LI,Liechtenstein,,22,150,0,1
26249,2020-10-18,LI,Liechtenstein,,77,227,0,1
26250,2020-10-25,LI,Liechtenstein,,186,413,0,1
26251,2020-11-01,LI,Liechtenstein,,190,603,2,3
26252,2020-11-08,LI,Liechtenstein,,217,820,0,3
26253,2020-11-15,LI,Liechtenstein,,193,1013,3,6
26254,2020-11-22,LI,Liechtenstein,,141,1154,4,10
26255,2020-11-29,LI,Liechtenstein,,149,1303,7,17
26256,2020-12-06,LI,Liechtenstein,,130,1433,2,19
26257,2020-12-13,LI,Liechtenstein,,144,1577,2,21
26258,2020-12-20,LI,Liechtenstein,,254,1831,5,26
26259,2020-12-27,LI,Liechtenstein,,257,2088,13,39
26260,2021-01-03,LI,Liechtenstein,,196,2284,5,44
26261,2021-01-10,LI,Liechtenstein,,121,2405,6,50
26262,2021-01-17,LI,Liechtenstein,,49,2454,0,50
26263,2021-01-24,LI,Liechtenstein,,59,2513,3,53
26264,2021-01-31,LI,Liechtenstein,,54,2567,0,53
26265,2021-02-07,LI,Liechtenstein,,30,2597,0,53
26266,2021-02-14,LI,Liechtenstein,,18,2615,2,55
26267,2021-02-21,LI,Liechtenstein,,7,2622,0,55
26268,2021-02-28,LI,Liechtenstein,,28,2650,0,55
26269,2021-03-07,LI,Liechtenstein,,20,2670,1,56
26270,2021-03-14,LI,Liechtenstein,,20,2690,0,56
26271,2021-03-21,LI,Liechtenstein,,21,2711,0,56
26272,2021-03-28,LI,Liechtenstein,,28,2739,0,56
26273,2021-04-04,LI,Liechtenstein,,37,2776,0,56
26274,2021-04-11,LI,Liechtenstein,,61,2837,0,56
26275,2021-04-18,LI,Liechtenstein,,72,2909,0,56
26276,2021-04-25,LI,Liechtenstein,,64,2973,1,57
26277,2021-05-02,LI,Liechtenstein,,62,3035,0,57
26278,2021-05-09,LI,Liechtenstein,,27,3062,1,58
26279,2021-05-16,LI,Liechtenstein,,17,3079,0,58
26280,2021-05-23,LI,Liechtenstein,,12,3091,0,58
26281,2021-05-30,LI,Liechtenstein,,12,3103,0,58
26282,2021-06-06,LI,Liechtenstein,,12,3115,0,58
26283,2021-06-13,LI,Liechtenstein,,5,3120,1,59
26284,2021-06-20,LI,Liechtenstein,,3,3123,0,59
26285,2021-06-27,LI,Liechtenstein,,4,3127,0,59
26286,2021-07-04,LI,Liechtenstein,,13,3140,0,59
26287,2021-07-11,LI,Liechtenstein,,13,3153,0,59
26288,2021-07-18,LI,Liechtenstein,,11,3164,0,59
26289,2021-07-25,LI,Liechtenstein,,15,3179,0,59
26290,2021-08-01,LI,Liechtenstein,,13,3192,0,59
26291,2021-08-08,LI,Liechtenstein,,15,3207,0,59
26292,2021-08-15,LI,Liechtenstein,,63,3270,0,59
26293,2021-08-22,LI,Liechtenstein,,73,3343,0,59
26294,2021-08-29,LI,Liechtenstein,,38,3381,0,59
26295,2021-09-05,LI,Liechtenstein,,64,3445,0,59
26296,2021-09-12,LI,Liechtenstein,,53,3498,1,60
26297,2021-09-19,LI,Liechtenstein,,32,3530,0,60
26298,2021-09-26,LI,Liechtenstein,,25,3555,0,60
26299,2021-10-03,LI,Liechtenstein,,6,3561,0,60
26300,2021-10-10,LI,Liechtenstein,,11,3572,0,60
26301,2021-10-17,LI,Liechtenstein,,31,3603,0,60
26302,2021-10-24,LI,Liechtenstein,,39,3642,1,61
26303,2021-10-31,LI,Liechtenstein,,43,3685,0,61
26304,2021-11-07,LI,Liechtenstein,,93,3778,0,61
26305,2021-11-14,LI,Liechtenstein,,147,3925,0,61
26306,2021-11-21,LI,Liechtenstein,,378,4303,0,61
26307,2021-11-28,LI,Liechtenstein,,400,4703,1,62
26308,2021-12-05,LI,Liechtenstein,,409,5112,0,62
26309,2021-12-12,LI,Liechtenstein,,375,5487,5,67
26310,2021-12-19,LI,Liechtenstein,,304,5791,2,69
26311,2021-12-26,LI,Liechtenstein,,268,6059,0,69
26312,2022-01-02,LI,Liechtenstein,,292,6351,0,69
26313,2022-01-09,LI,Liechtenstein,,481,6832,0,69
26314,2022-01-16,LI,Liechtenstein,,545,7377,1,70
26315,2022-01-23,LI,Liechtenstein,,757,8134,1,71
26316,2022-01-30,LI,Liechtenstein,,910,9044,0,71
26317,2022-02-06,LI,Liechtenstein,,810,9854,0,71
26318,2022-02-13,LI,Liechtenstein,,846,10700,0,71
26319,2022-02-20,LI,Liechtenstein,,615,11315,3,74
26320,2022-02-27,LI,Liechtenstein,,648,11963,1,75
26321,2022-03-06,LI,Liechtenstein,,1143,13106,1,76
26322,2022-03-13,LI,Liechtenstein,,1126,14232,2,78
26323,2022-03-20,LI,Liechtenstein,,1149,15381,2,80
26324,2022-03-27,LI,Liechtenstein,,710,16091,2,82
26325,2022-04-03,LI,Liechtenstein,,406,16497,0,82
26326,2022-04-10,LI,Liechtenstein,,266,16763,0,82
26327,2022-04-17,LI,Liechtenstein,,204,16967,0,82
26328,2022-04-24,LI,Liechtenstein,,112,17079,0,82
26329,2022-05-01,LI,Liechtenstein,,95,17174,1,83
26330,2022-05-08,LI,Liechtenstein,,80,17254,0,83
26331,2022-05-15,LI,Liechtenstein,,67,17321,0,83
26332,2022-05-22,LI,Liechtenstein,,57,17378,0,83
26333,2022-05-29,LI,Liechtenstein,,53,17431,0,83
26334,2022-06-05,LI,Liechtenstein,,95,17526,0,83
26335,2022-06-12,LI,Liechtenstein,,76,17602,1,84
26336,2022-06-19,LI,Liechtenstein,,95,17697,0,84
26337,2022-06-26,LI,Liechtenstein,,124,17821,0,84
26338,2022-07-03,LI,Liechtenstein,,158,17979,1,85
26339,2022-07-10,LI,Liechtenstein,,209,18188,0,85
26340,2022-07-17,LI,Liechtenstein,,205,18393,0,85
26341,2022-07-24,LI,Liechtenstein,,164,18557,0,85
26342,2022-07-31,LI,Liechtenstein,,148,18705,1,86
26343,2022-08-07,LI,Liechtenstein,,113,18818,0,86
26344,2022-08-14,LI,Liechtenstein,,109,18927,0,86
26345,2022-08-21,LI,Liechtenstein,,70,18997,0,86
26346,2022-08-28,LI,Liechtenstein,,105,19102,0,86
26347,2022-09-04,LI,Liechtenstein,,118,19220,0,86
26348,2022-09-11,LI,Liechtenstein,,105,19325,0,86
26349,2022-09-18,LI,Liechtenstein,,111,19436,0,86
26350,2022-09-25,LI,Liechtenstein,,151,19587,0,86
26351,2022-10-02,LI,Liechtenstein,,271,19858,0,86
26352,2022-10-09,LI,Liechtenstein,,304,20162,0,86
26353,2022-10-16,LI,Liechtenstein,,243,20405,0,86
26354,2022-10-23,LI,Liechtenstein,,152,20557,0,86
26355,2022-10-30,LI,Liechtenstein,,87,20644,0,86
26356,2022-11-06,LI,Liechtenstein,,85,20729,0,86
26357,2022-11-13,LI,Liechtenstein,,56,20785,0,86
26358,2022-11-20,LI,Liechtenstein,,61,20846,0,86
26359,2022-11-27,LI,Liechtenstein,,60,20906,0,86
26360,2022-12-04,LI,Liechtenstein,,119,21025,0,86
26361,2022-12-11,LI,Liechtenstein,,91,21116,1,87
26362,2022-12-18,LI,Liechtenstein,,96,21212,0,87
26363,2022-12-25,LI,Liechtenstein,,69,21281,0,87
26364,2023-01-01,LI,Liechtenstein,,23,21304,0,87
26365,2023-01-08,LI,Liechtenstein,,20,21324,0,87
26366,2023-01-15,LI,Liechtenstein,,15,21339,0,87
26367,2023-01-22,LI,Liechtenstein,,1,21340,0,87
26368,2023-01-29,LI,Liechtenstein,,10,21350,0,87
26369,2023-02-05,LI,Liechtenstein,,9,21359,0,87
26370,2023-02-12,LI,Liechtenstein,,13,21372,0,87
26371,2023-02-19,LI,Liechtenstein,,15,21387,0,87
26372,2023-02-26,LI,Liechtenstein,,17,21404,0,87
26373,2023-03-05,LI,Liechtenstein,,28,21432,0,87
26374,2023-03-12,LI,Liechtenstein,,16,21448,0,87
26375,2023-03-19,LI,Liechtenstein,,6,21454,0,87
26376,2023-03-26,LI,Liechtenstein,,4,21458,0,87
26377,2023-04-02,LI,Liechtenstein,,0,21458,0,87
26378,2023-04-09,LI,Liechtenstein,,2,21460,0,87
26379,2023-04-16,LI,Liechtenstein,,0,21460,0,87
26380,2023-04-23,LI,Liechtenstein,,2,21462,0,87
26381,2023-04-30,LI,Liechtenstein,,2,21464,0,87
26382,2023-05-07,LI,Liechtenstein,,1,21465,0,87
26383,2023-05-14,LI,Liechtenstein,,3,21468,0,87
26384,2023-05-21,LI,Liechtenstein,,0,21468,0,87
26385,2023-05-28,LI,Liechtenstein,,1,21469,0,87
26386,2023-06-04,LI,Liechtenstein,,1,21470,0,87
26387,2023-06-11,LI,Liechtenstein,,1,21471,0,87
26388,2023-06-18,LI,Liechtenstein,,0,21471,0,87
26389,2023-06-25,LI,Liechtenstein,,1,21472,0,87
26390,2023-07-02,LI,Liechtenstein,,1,21473,0,87
26391,2023-07-09,LI,Liechtenstein,,0,21473,0,87
26392,2023-07-16,LI,Liechtenstein,,0,21473,0,87
26393,2023-07-23,LI,Liechtenstein,,0,21473,0,87
26394,2023-07-30,LI,Liechtenstein,,0,21473,0,87
26395,2023-08-06,LI,Liechtenstein,,0,21473,0,87
26396,2023-08-13,LI,Liechtenstein,,0,21473,0,87
26397,2023-08-20,LI,Liechtenstein,,1,21474,0,87
26398,2023-08-27,LI,Liechtenstein,,1,21475,0,87
26399,2023-09-03,LI,Liechtenstein,,2,21477,0,87
26400,2023-09-10,LI,Liechtenstein,,2,21479,0,87
26401,2023-09-17,LI,Liechtenstein,,7,21486,0,87
26402,2023-09-24,LI,Liechtenstein,,2,21488,0,87
26403,2023-10-01,LI,Liechtenstein,,3,21491,0,87
26404,2023-10-08,LI,Liechtenstein,,3,21494,0,87
26405,2023-10-15,LI,Liechtenstein,,3,21497,0,87
26406,2023-10-22,LI,Liechtenstein,,7,21504,0,87
26407,2023-10-29,LI,Liechtenstein,,3,21507,0,87
26408,2023-11-05,LI,Liechtenstein,,8,21515,0,87
26409,2023-11-12,LI,Liechtenstein,,6,21521,0,87
26410,2023-11-19,LI,Liechtenstein,,5,21526,0,87
26411,2023-11-26,LI,Liechtenstein,,0,21526,0,87
26412,2023-12-03,LI,Liechtenstein,,0,21526,0,87
26413,2023-12-10,LI,Liechtenstein,,0,21526,0,87
26414,2023-12-17,LI,Liechtenstein,,35,21561,0,87
26415,2023-12-24,LI,Liechtenstein,,-4,21557,0,87
26416,2020-01-05,LT,Lithuania,EURO,0,0,0,0
26417,2020-01-12,LT,Lithuania,EURO,0,0,0,0
26418,2020-01-19,LT,Lithuania,EURO,0,0,0,0
26419,2020-01-26,LT,Lithuania,EURO,0,0,0,0
26420,2020-02-02,LT,Lithuania,EURO,0,0,0,0
26421,2020-02-09,LT,Lithuania,EURO,0,0,0,0
26422,2020-02-16,LT,Lithuania,EURO,0,0,0,0
26423,2020-02-23,LT,Lithuania,EURO,0,0,0,0
26424,2020-03-01,LT,Lithuania,EURO,0,0,0,0
26425,2020-03-08,LT,Lithuania,EURO,0,0,0,0
26426,2020-03-15,LT,Lithuania,EURO,0,0,0,0
26427,2020-03-22,LT,Lithuania,EURO,29,29,0,0
26428,2020-03-29,LT,Lithuania,EURO,233,262,4,4
26429,2020-04-05,LT,Lithuania,EURO,354,616,4,8
26430,2020-04-12,LT,Lithuania,EURO,264,880,6,14
26431,2020-04-19,LT,Lithuania,EURO,238,1118,9,23
26432,2020-04-26,LT,Lithuania,EURO,127,1245,8,31
26433,2020-05-03,LT,Lithuania,EURO,82,1327,2,33
26434,2020-05-10,LT,Lithuania,EURO,72,1399,3,36
26435,2020-05-17,LT,Lithuania,EURO,76,1475,7,43
26436,2020-05-24,LT,Lithuania,EURO,82,1557,5,48
26437,2020-05-31,LT,Lithuania,EURO,48,1605,6,54
26438,2020-06-07,LT,Lithuania,EURO,44,1649,2,56
26439,2020-06-14,LT,Lithuania,EURO,52,1701,3,59
26440,2020-06-21,LT,Lithuania,EURO,29,1730,1,60
26441,2020-06-28,LT,Lithuania,EURO,15,1745,1,61
26442,2020-07-05,LT,Lithuania,EURO,26,1771,1,62
26443,2020-07-12,LT,Lithuania,EURO,31,1802,0,62
26444,2020-07-19,LT,Lithuania,EURO,71,1873,1,63
26445,2020-07-26,LT,Lithuania,EURO,30,1903,0,63
26446,2020-08-02,LT,Lithuania,EURO,146,2049,0,63
26447,2020-08-09,LT,Lithuania,EURO,142,2191,1,64
26448,2020-08-16,LT,Lithuania,EURO,192,2383,0,64
26449,2020-08-23,LT,Lithuania,EURO,237,2620,3,67
26450,2020-08-30,LT,Lithuania,EURO,227,2847,2,69
26451,2020-09-06,LT,Lithuania,EURO,214,3061,0,69
26452,2020-09-13,LT,Lithuania,EURO,287,3348,2,71
26453,2020-09-20,LT,Lithuania,EURO,433,3781,0,71
26454,2020-09-27,LT,Lithuania,EURO,710,4491,5,76
26455,2020-10-04,LT,Lithuania,EURO,790,5281,5,81
26456,2020-10-11,LT,Lithuania,EURO,1029,6310,8,89
26457,2020-10-18,LT,Lithuania,EURO,1566,7876,11,100
26458,2020-10-25,LT,Lithuania,EURO,2963,10839,22,122
26459,2020-11-01,LT,Lithuania,EURO,6039,16878,33,155
26460,2020-11-08,LT,Lithuania,EURO,8245,25123,49,204
26461,2020-11-15,LT,Lithuania,EURO,10357,35480,91,295
26462,2020-11-22,LT,Lithuania,EURO,12436,47916,144,439
26463,2020-11-29,LT,Lithuania,EURO,13381,61297,153,592
26464,2020-12-06,LT,Lithuania,EURO,14961,76258,196,788
26465,2020-12-13,LT,Lithuania,EURO,19051,95309,252,1040
26466,2020-12-20,LT,Lithuania,EURO,20737,116046,256,1296
26467,2020-12-27,LT,Lithuania,EURO,18173,134219,321,1617
26468,2021-01-03,LT,Lithuania,EURO,16309,150528,326,1943
26469,2021-01-10,LT,Lithuania,EURO,13460,163988,269,2212
26470,2021-01-17,LT,Lithuania,EURO,8013,172001,248,2460
26471,2021-01-24,LT,Lithuania,EURO,6549,178550,206,2666
26472,2021-01-31,LT,Lithuania,EURO,5897,184447,156,2822
26473,2021-02-07,LT,Lithuania,EURO,4188,188635,133,2955
26474,2021-02-14,LT,Lithuania,EURO,3496,192131,125,3080
26475,2021-02-21,LT,Lithuania,EURO,3340,195471,101,3181
26476,2021-02-28,LT,Lithuania,EURO,3691,199162,77,3258
26477,2021-03-07,LT,Lithuania,EURO,3055,202217,73,3331
26478,2021-03-14,LT,Lithuania,EURO,3205,205422,71,3402
26479,2021-03-21,LT,Lithuania,EURO,3663,209085,78,3480
26480,2021-03-28,LT,Lithuania,EURO,4942,214027,72,3552
26481,2021-04-04,LT,Lithuania,EURO,5630,219657,60,3612
26482,2021-04-11,LT,Lithuania,EURO,6640,226297,83,3695
26483,2021-04-18,LT,Lithuania,EURO,7546,233843,71,3766
26484,2021-04-25,LT,Lithuania,EURO,7750,241593,92,3858
26485,2021-05-02,LT,Lithuania,EURO,8357,249950,97,3955
26486,2021-05-09,LT,Lithuania,EURO,8075,258025,84,4039
26487,2021-05-16,LT,Lithuania,EURO,7845,265870,69,4108
26488,2021-05-23,LT,Lithuania,EURO,5339,271209,85,4193
26489,2021-05-30,LT,Lithuania,EURO,3348,274557,72,4265
26490,2021-06-06,LT,Lithuania,EURO,2273,276830,45,4310
26491,2021-06-13,LT,Lithuania,EURO,1290,278120,32,4342
26492,2021-06-20,LT,Lithuania,EURO,635,278755,26,4368
26493,2021-06-27,LT,Lithuania,EURO,306,279061,14,4382
26494,2021-07-04,LT,Lithuania,EURO,208,279269,8,4390
26495,2021-07-11,LT,Lithuania,EURO,308,279577,7,4397
26496,2021-07-18,LT,Lithuania,EURO,553,280130,6,4403
26497,2021-07-25,LT,Lithuania,EURO,1216,281346,2,4405
26498,2021-08-01,LT,Lithuania,EURO,2080,283426,6,4411
26499,2021-08-08,LT,Lithuania,EURO,3121,286547,10,4421
26500,2021-08-15,LT,Lithuania,EURO,3803,290350,24,4445
26501,2021-08-22,LT,Lithuania,EURO,3971,294321,37,4482
26502,2021-08-29,LT,Lithuania,EURO,4156,298477,54,4536
26503,2021-09-05,LT,Lithuania,EURO,4902,303379,73,4609
26504,2021-09-12,LT,Lithuania,EURO,5950,309329,79,4688
26505,2021-09-19,LT,Lithuania,EURO,7760,317089,105,4793
26506,2021-09-26,LT,Lithuania,EURO,9280,326369,123,4916
26507,2021-10-03,LT,Lithuania,EURO,11865,338234,157,5073
26508,2021-10-10,LT,Lithuania,EURO,14853,353087,167,5240
26509,2021-10-17,LT,Lithuania,EURO,16878,369965,205,5445
26510,2021-10-24,LT,Lithuania,EURO,19829,389794,193,5638
26511,2021-10-31,LT,Lithuania,EURO,21014,410808,250,5888
26512,2021-11-07,LT,Lithuania,EURO,18895,429703,240,6128
26513,2021-11-14,LT,Lithuania,EURO,16387,446090,204,6332
26514,2021-11-21,LT,Lithuania,EURO,12573,458663,209,6541
26515,2021-11-28,LT,Lithuania,EURO,12580,471243,168,6709
26516,2021-12-05,LT,Lithuania,EURO,12206,483449,152,6861
26517,2021-12-12,LT,Lithuania,EURO,11568,495017,129,6990
26518,2021-12-19,LT,Lithuania,EURO,11487,506504,145,7135
26519,2021-12-26,LT,Lithuania,EURO,9502,516006,167,7302
26520,2022-01-02,LT,Lithuania,EURO,11899,527905,130,7432
26521,2022-01-09,LT,Lithuania,EURO,21379,549284,120,7552
26522,2022-01-16,LT,Lithuania,EURO,28303,577587,113,7665
26523,2022-01-23,LT,Lithuania,EURO,46165,623752,100,7765
26524,2022-01-30,LT,Lithuania,EURO,74103,697855,104,7869
26525,2022-02-06,LT,Lithuania,EURO,88302,786157,122,7991
26526,2022-02-13,LT,Lithuania,EURO,77802,863959,131,8122
26527,2022-02-20,LT,Lithuania,EURO,54157,918116,132,8254
26528,2022-02-27,LT,Lithuania,EURO,45304,963420,161,8415
26529,2022-03-06,LT,Lithuania,EURO,37052,1000472,120,8535
26530,2022-03-13,LT,Lithuania,EURO,35485,1035957,106,8641
26531,2022-03-20,LT,Lithuania,EURO,35886,1071843,96,8737
26532,2022-03-27,LT,Lithuania,EURO,27270,1099113,103,8840
26533,2022-04-03,LT,Lithuania,EURO,18874,1117987,76,8916
26534,2022-04-10,LT,Lithuania,EURO,12314,1130301,56,8972
26535,2022-04-17,LT,Lithuania,EURO,9337,1139638,51,9023
26536,2022-04-24,LT,Lithuania,EURO,6163,1145801,47,9070
26537,2022-05-01,LT,Lithuania,EURO,4462,1150263,33,9103
26538,2022-05-08,LT,Lithuania,EURO,1303,1151566,20,9123
26539,2022-05-15,LT,Lithuania,EURO,1181,1152747,9,9132
26540,2022-05-22,LT,Lithuania,EURO,1039,1153786,4,9136
26541,2022-05-29,LT,Lithuania,EURO,909,1154695,8,9144
26542,2022-06-05,LT,Lithuania,EURO,877,1155572,5,9149
26543,2022-06-12,LT,Lithuania,EURO,1101,1156673,4,9153
26544,2022-06-19,LT,Lithuania,EURO,1304,1157977,5,9158
26545,2022-06-26,LT,Lithuania,EURO,1559,1159536,9,9167
26546,2022-07-03,LT,Lithuania,EURO,2628,1162164,8,9175
26547,2022-07-10,LT,Lithuania,EURO,2930,1165094,5,9180
26548,2022-07-17,LT,Lithuania,EURO,4578,1169672,9,9189
26549,2022-07-24,LT,Lithuania,EURO,6345,1176017,10,9199
26550,2022-07-31,LT,Lithuania,EURO,7583,1183600,9,9208
26551,2022-08-07,LT,Lithuania,EURO,8553,1192153,12,9220
26552,2022-08-14,LT,Lithuania,EURO,8562,1200715,17,9237
26553,2022-08-21,LT,Lithuania,EURO,8234,1208949,21,9258
26554,2022-08-28,LT,Lithuania,EURO,6725,1215674,24,9282
26555,2022-09-04,LT,Lithuania,EURO,5172,1220846,12,9294
26556,2022-09-11,LT,Lithuania,EURO,5775,1226621,2,9296
26557,2022-09-18,LT,Lithuania,EURO,8935,1235556,11,9307
26558,2022-09-25,LT,Lithuania,EURO,8787,1244343,10,9317
26559,2022-10-02,LT,Lithuania,EURO,7189,1251532,7,9324
26560,2022-10-09,LT,Lithuania,EURO,5598,1257130,18,9342
26561,2022-10-16,LT,Lithuania,EURO,4520,1261650,21,9363
26562,2022-10-23,LT,Lithuania,EURO,3522,1265172,17,9380
26563,2022-10-30,LT,Lithuania,EURO,2868,1268040,13,9393
26564,2022-11-06,LT,Lithuania,EURO,1765,1269805,9,9402
26565,2022-11-13,LT,Lithuania,EURO,1724,1271529,11,9413
26566,2022-11-20,LT,Lithuania,EURO,1551,1273080,4,9417
26567,2022-11-27,LT,Lithuania,EURO,1837,1274917,13,9430
26568,2022-12-04,LT,Lithuania,EURO,2699,1277616,6,9436
26569,2022-12-11,LT,Lithuania,EURO,3034,1280650,5,9441
26570,2022-12-18,LT,Lithuania,EURO,2822,1283472,13,9454
26571,2022-12-25,LT,Lithuania,EURO,2750,1286222,15,9469
26572,2023-01-01,LT,Lithuania,EURO,2258,1288480,14,9483
26573,2023-01-08,LT,Lithuania,EURO,2485,1290965,19,9502
26574,2023-01-15,LT,Lithuania,EURO,1627,1292592,18,9520
26575,2023-01-22,LT,Lithuania,EURO,1648,1294240,8,9528
26576,2023-01-29,LT,Lithuania,EURO,1730,1295970,9,9537
26577,2023-02-05,LT,Lithuania,EURO,1947,1297917,14,9551
26578,2023-02-12,LT,Lithuania,EURO,2095,1300012,7,9558
26579,2023-02-19,LT,Lithuania,EURO,1907,1301919,16,9574
26580,2023-02-26,LT,Lithuania,EURO,2194,1304113,11,9585
26581,2023-03-05,LT,Lithuania,EURO,2250,1306363,8,9593
26582,2023-03-12,LT,Lithuania,EURO,2181,1308544,9,9602
26583,2023-03-19,LT,Lithuania,EURO,2312,1310856,10,9612
26584,2023-03-26,LT,Lithuania,EURO,2091,1312947,16,9628
26585,2023-04-02,LT,Lithuania,EURO,1675,1314622,8,9636
26586,2023-04-09,LT,Lithuania,EURO,1473,1316095,7,9643
26587,2023-04-16,LT,Lithuania,EURO,968,1317063,10,9653
26588,2023-04-23,LT,Lithuania,EURO,801,1317864,5,9658
26589,2023-04-30,LT,Lithuania,EURO,610,1318474,7,9665
26590,2023-05-07,LT,Lithuania,EURO,505,1318979,7,9672
26591,2023-05-14,LT,Lithuania,EURO,504,1319483,1,9673
26592,2023-05-21,LT,Lithuania,EURO,439,1319922,7,9680
26593,2023-05-28,LT,Lithuania,EURO,393,1320315,2,9682
26594,2023-06-04,LT,Lithuania,EURO,334,1320649,3,9685
26595,2023-06-11,LT,Lithuania,EURO,273,1320922,2,9687
26596,2023-06-18,LT,Lithuania,EURO,219,1321141,3,9690
26597,2023-06-25,LT,Lithuania,EURO,154,1321295,0,9690
26598,2023-07-02,LT,Lithuania,EURO,152,1321447,1,9691
26599,2023-07-09,LT,Lithuania,EURO,93,1321540,0,9691
26600,2023-07-16,LT,Lithuania,EURO,111,1321651,1,9692
26601,2023-07-23,LT,Lithuania,EURO,110,1321761,1,9693
26602,2023-07-30,LT,Lithuania,EURO,117,1321878,1,9694
26603,2023-08-06,LT,Lithuania,EURO,144,1322022,0,9694
26604,2023-08-13,LT,Lithuania,EURO,162,1322184,1,9695
26605,2023-08-20,LT,Lithuania,EURO,263,1322447,0,9695
26606,2023-08-27,LT,Lithuania,EURO,428,1322875,2,9697
26607,2023-09-03,LT,Lithuania,EURO,524,1323399,4,9701
26608,2023-09-10,LT,Lithuania,EURO,924,1324323,2,9703
26609,2023-09-17,LT,Lithuania,EURO,1734,1326057,1,9704
26610,2023-09-24,LT,Lithuania,EURO,1988,1328045,2,9706
26611,2023-10-01,LT,Lithuania,EURO,1893,1329938,4,9710
26612,2023-10-08,LT,Lithuania,EURO,1620,1331558,4,9714
26613,2023-10-15,LT,Lithuania,EURO,1707,1333265,4,9718
26614,2023-10-22,LT,Lithuania,EURO,2308,1335573,11,9729
26615,2023-10-29,LT,Lithuania,EURO,2891,1338464,5,9734
26616,2023-11-05,LT,Lithuania,EURO,2502,1340966,5,9739
26617,2023-11-12,LT,Lithuania,EURO,3869,1344835,11,9750
26618,2023-11-19,LT,Lithuania,EURO,4146,1348981,9,9759
26619,2023-11-26,LT,Lithuania,EURO,1561,1350542,2,9761
26620,2023-12-03,LT,Lithuania,EURO,0,1350542,0,9761
26621,2023-12-10,LT,Lithuania,EURO,4782,1355324,8,9769
26622,2023-12-17,LT,Lithuania,EURO,3906,1359230,4,9773
26623,2023-12-24,LT,Lithuania,EURO,0,1359230,0,9773
26624,2020-01-05,LU,Luxembourg,EURO,0,0,0,0
26625,2020-01-12,LU,Luxembourg,EURO,0,0,0,0
26626,2020-01-19,LU,Luxembourg,EURO,0,0,0,0
26627,2020-01-26,LU,Luxembourg,EURO,0,0,0,0
26628,2020-02-02,LU,Luxembourg,EURO,0,0,0,0
26629,2020-02-09,LU,Luxembourg,EURO,0,0,0,0
26630,2020-02-16,LU,Luxembourg,EURO,0,0,0,0
26631,2020-02-23,LU,Luxembourg,EURO,0,0,0,0
26632,2020-03-01,LU,Luxembourg,EURO,1,1,0,0
26633,2020-03-08,LU,Luxembourg,EURO,3,4,0,0
26634,2020-03-15,LU,Luxembourg,EURO,83,87,3,3
26635,2020-03-22,LU,Luxembourg,EURO,682,769,12,15
26636,2020-03-29,LU,Luxembourg,EURO,1067,1836,21,36
26637,2020-04-05,LU,Luxembourg,EURO,624,2460,22,58
26638,2020-04-12,LU,Luxembourg,EURO,294,2754,16,74
26639,2020-04-19,LU,Luxembourg,EURO,110,2864,5,79
26640,2020-04-26,LU,Luxembourg,EURO,77,2941,2,81
26641,2020-05-03,LU,Luxembourg,EURO,46,2987,2,83
26642,2020-05-10,LU,Luxembourg,EURO,30,3017,0,83
26643,2020-05-17,LU,Luxembourg,EURO,26,3043,0,83
26644,2020-05-24,LU,Luxembourg,EURO,32,3075,0,83
26645,2020-05-31,LU,Luxembourg,EURO,13,3088,0,83
26646,2020-06-07,LU,Luxembourg,EURO,10,3098,0,83
26647,2020-06-14,LU,Luxembourg,EURO,26,3124,0,83
26648,2020-06-21,LU,Luxembourg,EURO,36,3160,0,83
26649,2020-06-28,LU,Luxembourg,EURO,106,3266,0,83
26650,2020-07-05,LU,Luxembourg,EURO,203,3469,0,83
26651,2020-07-12,LU,Luxembourg,EURO,255,3724,4,87
26652,2020-07-19,LU,Luxembourg,EURO,414,4138,3,90
26653,2020-07-26,LU,Luxembourg,EURO,473,4611,1,91
26654,2020-08-02,LU,Luxembourg,EURO,355,4966,3,94
26655,2020-08-09,LU,Luxembourg,EURO,249,5215,1,95
26656,2020-08-16,LU,Luxembourg,EURO,178,5393,0,95
26657,2020-08-23,LU,Luxembourg,EURO,250,5643,0,95
26658,2020-08-30,LU,Luxembourg,EURO,262,5905,0,95
26659,2020-09-06,LU,Luxembourg,EURO,265,6170,0,95
26660,2020-09-13,LU,Luxembourg,EURO,240,6410,0,95
26661,2020-09-20,LU,Luxembourg,EURO,590,7000,0,95
26662,2020-09-27,LU,Luxembourg,EURO,409,7409,3,98
26663,2020-10-04,LU,Luxembourg,EURO,463,7872,1,99
26664,2020-10-11,LU,Luxembourg,EURO,682,8554,7,106
26665,2020-10-18,LU,Luxembourg,EURO,1110,9664,7,113
26666,2020-10-25,LU,Luxembourg,EURO,2710,12374,13,126
26667,2020-11-01,LU,Luxembourg,EURO,3089,15463,11,137
26668,2020-11-08,LU,Luxembourg,EURO,2634,18097,12,149
26669,2020-11-15,LU,Luxembourg,EURO,2835,20932,11,160
26670,2020-11-22,LU,Luxembourg,EURO,3255,24187,21,181
26671,2020-11-29,LU,Luxembourg,EURO,3410,27597,17,198
26672,2020-12-06,LU,Luxembourg,EURO,3633,31230,20,218
26673,2020-12-13,LU,Luxembourg,EURO,3241,34471,32,250
26674,2020-12-20,LU,Luxembourg,EURO,2623,37094,16,266
26675,2020-12-27,LU,Luxembourg,EURO,1289,38383,19,285
26676,2021-01-03,LU,Luxembourg,EURO,1111,39494,10,295
26677,2021-01-10,LU,Luxembourg,EURO,1035,40529,6,301
26678,2021-01-17,LU,Luxembourg,EURO,857,41386,9,310
26679,2021-01-24,LU,Luxembourg,EURO,853,42239,13,323
26680,2021-01-31,LU,Luxembourg,EURO,1049,43288,14,337
26681,2021-02-07,LU,Luxembourg,EURO,1187,44475,14,351
26682,2021-02-14,LU,Luxembourg,EURO,1131,45606,16,367
26683,2021-02-21,LU,Luxembourg,EURO,1295,46901,11,378
26684,2021-02-28,LU,Luxembourg,EURO,1360,48261,28,406
26685,2021-03-07,LU,Luxembourg,EURO,1251,49512,33,439
26686,2021-03-14,LU,Luxembourg,EURO,1303,50815,23,462
26687,2021-03-21,LU,Luxembourg,EURO,1637,52452,21,483
26688,2021-03-28,LU,Luxembourg,EURO,1760,54212,13,496
26689,2021-04-04,LU,Luxembourg,EURO,1626,55838,10,506
26690,2021-04-11,LU,Luxembourg,EURO,1374,57212,14,520
26691,2021-04-18,LU,Luxembourg,EURO,1332,58544,5,525
26692,2021-04-25,LU,Luxembourg,EURO,1243,59787,2,527
26693,2021-05-02,LU,Luxembourg,EURO,1137,60924,4,531
26694,2021-05-09,LU,Luxembourg,EURO,954,61878,4,535
26695,2021-05-16,LU,Luxembourg,EURO,758,62636,2,537
26696,2021-05-23,LU,Luxembourg,EURO,526,63162,1,538
26697,2021-05-30,LU,Luxembourg,EURO,372,63534,0,538
26698,2021-06-06,LU,Luxembourg,EURO,338,63872,1,539
26699,2021-06-13,LU,Luxembourg,EURO,200,64072,0,539
26700,2021-06-20,LU,Luxembourg,EURO,103,64175,0,539
26701,2021-06-27,LU,Luxembourg,EURO,125,64300,0,539
26702,2021-07-04,LU,Luxembourg,EURO,846,65146,0,539
26703,2021-07-11,LU,Luxembourg,EURO,910,66056,1,540
26704,2021-07-18,LU,Luxembourg,EURO,800,66856,1,541
26705,2021-07-25,LU,Luxembourg,EURO,651,67507,3,544
26706,2021-08-01,LU,Luxembourg,EURO,509,68016,1,545
26707,2021-08-08,LU,Luxembourg,EURO,485,68501,1,546
26708,2021-08-15,LU,Luxembourg,EURO,370,68871,1,547
26709,2021-08-22,LU,Luxembourg,EURO,503,69374,1,548
26710,2021-08-29,LU,Luxembourg,EURO,634,70008,2,550
26711,2021-09-05,LU,Luxembourg,EURO,655,70663,2,552
26712,2021-09-12,LU,Luxembourg,EURO,605,71268,0,552
26713,2021-09-19,LU,Luxembourg,EURO,580,71848,3,555
26714,2021-09-26,LU,Luxembourg,EURO,621,72469,0,555
26715,2021-10-03,LU,Luxembourg,EURO,626,73095,1,556
26716,2021-10-10,LU,Luxembourg,EURO,728,73823,3,559
26717,2021-10-17,LU,Luxembourg,EURO,854,74677,5,564
26718,2021-10-24,LU,Luxembourg,EURO,1046,75723,5,569
26719,2021-10-31,LU,Luxembourg,EURO,1176,76899,6,575
26720,2021-11-07,LU,Luxembourg,EURO,1306,78205,5,580
26721,2021-11-14,LU,Luxembourg,EURO,1564,79769,3,583
26722,2021-11-21,LU,Luxembourg,EURO,1999,81768,8,591
26723,2021-11-28,LU,Luxembourg,EURO,2549,84317,13,604
26724,2021-12-05,LU,Luxembourg,EURO,2880,87197,13,617
26725,2021-12-12,LU,Luxembourg,EURO,2725,89922,4,621
26726,2021-12-19,LU,Luxembourg,EURO,2933,92855,8,629
26727,2021-12-26,LU,Luxembourg,EURO,3033,95888,6,635
26728,2022-01-02,LU,Luxembourg,EURO,6642,102530,5,640
26729,2022-01-09,LU,Luxembourg,EURO,12803,115333,11,651
26730,2022-01-16,LU,Luxembourg,EURO,13715,129048,7,658
26731,2022-01-23,LU,Luxembourg,EURO,18413,147461,15,673
26732,2022-01-30,LU,Luxembourg,EURO,17703,165164,18,691
26733,2022-02-06,LU,Luxembourg,EURO,13029,178193,22,713
26734,2022-02-13,LU,Luxembourg,EURO,6852,185045,15,728
26735,2022-02-20,LU,Luxembourg,EURO,4237,189282,6,734
26736,2022-02-27,LU,Luxembourg,EURO,5666,194948,8,742
26737,2022-03-06,LU,Luxembourg,EURO,5764,200712,9,751
26738,2022-03-13,LU,Luxembourg,EURO,7190,207902,15,766
26739,2022-03-20,LU,Luxembourg,EURO,9459,217361,12,778
26740,2022-03-27,LU,Luxembourg,EURO,11570,228931,13,791
26741,2022-04-03,LU,Luxembourg,EURO,9821,238752,14,805
26742,2022-04-10,LU,Luxembourg,EURO,7285,246037,11,816
26743,2022-04-17,LU,Luxembourg,EURO,6395,252432,13,829
26744,2022-04-24,LU,Luxembourg,EURO,5108,257540,5,834
26745,2022-05-01,LU,Luxembourg,EURO,4363,261903,7,841
26746,2022-05-08,LU,Luxembourg,EURO,3978,265881,11,852
26747,2022-05-15,LU,Luxembourg,EURO,3233,269114,2,854
26748,2022-05-22,LU,Luxembourg,EURO,2283,271397,5,859
26749,2022-05-29,LU,Luxembourg,EURO,1433,272830,4,863
26750,2022-06-05,LU,Luxembourg,EURO,2482,275312,4,867
26751,2022-06-12,LU,Luxembourg,EURO,3668,278980,4,871
26752,2022-06-19,LU,Luxembourg,EURO,5283,284263,2,873
26753,2022-06-26,LU,Luxembourg,EURO,5981,290244,7,880
26754,2022-07-03,LU,Luxembourg,EURO,7840,298084,4,884
26755,2022-07-10,LU,Luxembourg,EURO,7799,305883,5,889
26756,2022-07-17,LU,Luxembourg,EURO,6680,312563,1,890
26757,2022-07-24,LU,Luxembourg,EURO,4808,317371,3,893
26758,2022-07-31,LU,Luxembourg,EURO,2769,320140,3,896
26759,2022-08-07,LU,Luxembourg,EURO,1782,321922,3,899
26760,2022-08-14,LU,Luxembourg,EURO,1244,323166,0,899
26761,2022-08-21,LU,Luxembourg,EURO,1082,324248,2,901
26762,2022-08-28,LU,Luxembourg,EURO,1112,325360,0,901
26763,2022-09-04,LU,Luxembourg,EURO,1046,326406,2,903
26764,2022-09-11,LU,Luxembourg,EURO,1105,327511,0,903
26765,2022-09-18,LU,Luxembourg,EURO,1453,328964,2,905
26766,2022-09-25,LU,Luxembourg,EURO,1951,330915,1,906
26767,2022-10-02,LU,Luxembourg,EURO,3246,334161,1,907
26768,2022-10-09,LU,Luxembourg,EURO,4358,338519,2,909
26769,2022-10-16,LU,Luxembourg,EURO,4038,342557,4,913
26770,2022-10-23,LU,Luxembourg,EURO,3416,345973,5,918
26771,2022-10-30,LU,Luxembourg,EURO,2323,348296,2,920
26772,2022-11-06,LU,Luxembourg,EURO,1362,349658,4,924
26773,2022-11-13,LU,Luxembourg,EURO,1461,351119,3,927
26774,2022-11-20,LU,Luxembourg,EURO,1705,352824,4,931
26775,2022-11-27,LU,Luxembourg,EURO,1938,354762,2,933
26776,2022-12-04,LU,Luxembourg,EURO,2026,356788,8,941
26777,2022-12-11,LU,Luxembourg,EURO,2517,359305,2,943
26778,2022-12-18,LU,Luxembourg,EURO,2689,361994,4,947
26779,2022-12-25,LU,Luxembourg,EURO,2873,364867,8,955
26780,2023-01-01,LU,Luxembourg,EURO,1373,366240,6,961
26781,2023-01-08,LU,Luxembourg,EURO,1053,367293,7,968
26782,2023-01-15,LU,Luxembourg,EURO,672,367965,4,972
26783,2023-01-22,LU,Luxembourg,EURO,551,368516,5,977
26784,2023-01-29,LU,Luxembourg,EURO,646,369162,3,980
26785,2023-02-05,LU,Luxembourg,EURO,849,370011,2,982
26786,2023-02-12,LU,Luxembourg,EURO,940,370951,2,984
26787,2023-02-19,LU,Luxembourg,EURO,884,371835,1,985
26788,2023-02-26,LU,Luxembourg,EURO,1428,373263,5,990
26789,2023-03-05,LU,Luxembourg,EURO,1638,374901,1,991
26790,2023-03-12,LU,Luxembourg,EURO,1818,376719,1,992
26791,2023-03-19,LU,Luxembourg,EURO,1798,378517,2,994
26792,2023-03-26,LU,Luxembourg,EURO,1575,380092,6,1000
26793,2023-04-02,LU,Luxembourg,EURO,1012,381104,0,1000
26794,2023-04-09,LU,Luxembourg,EURO,313,381417,0,1000
26795,2023-04-16,LU,Luxembourg,EURO,232,381649,0,1000
26796,2023-04-23,LU,Luxembourg,EURO,244,381893,0,1000
26797,2023-04-30,LU,Luxembourg,EURO,208,382101,0,1000
26798,2023-05-07,LU,Luxembourg,EURO,198,382299,0,1000
26799,2023-05-14,LU,Luxembourg,EURO,152,382451,0,1000
26800,2023-05-21,LU,Luxembourg,EURO,100,382551,0,1000
26801,2023-05-28,LU,Luxembourg,EURO,106,382657,0,1000
26802,2023-06-04,LU,Luxembourg,EURO,44,382701,0,1000
26803,2023-06-11,LU,Luxembourg,EURO,44,382745,0,1000
26804,2023-06-18,LU,Luxembourg,EURO,40,382785,0,1000
26805,2023-06-25,LU,Luxembourg,EURO,28,382813,0,1000
26806,2023-07-02,LU,Luxembourg,EURO,30,382843,0,1000
26807,2023-07-09,LU,Luxembourg,EURO,36,382879,0,1000
26808,2023-07-16,LU,Luxembourg,EURO,34,382913,0,1000
26809,2023-07-23,LU,Luxembourg,EURO,33,382946,0,1000
26810,2023-07-30,LU,Luxembourg,EURO,74,383020,0,1000
26811,2023-08-06,LU,Luxembourg,EURO,59,383079,0,1000
26812,2023-08-13,LU,Luxembourg,EURO,67,383146,0,1000
26813,2023-08-20,LU,Luxembourg,EURO,119,383265,0,1000
26814,2023-08-27,LU,Luxembourg,EURO,135,383400,0,1000
26815,2023-09-03,LU,Luxembourg,EURO,189,383589,0,1000
26816,2023-09-10,LU,Luxembourg,EURO,246,383835,0,1000
26817,2023-09-17,LU,Luxembourg,EURO,267,384102,0,1000
26818,2023-09-24,LU,Luxembourg,EURO,308,384410,0,1000
26819,2023-10-01,LU,Luxembourg,EURO,355,384765,0,1000
26820,2023-10-08,LU,Luxembourg,EURO,372,385137,0,1000
26821,2023-10-15,LU,Luxembourg,EURO,350,385487,0,1000
26822,2023-10-22,LU,Luxembourg,EURO,259,385746,0,1000
26823,2023-10-29,LU,Luxembourg,EURO,284,386030,0,1000
26824,2023-11-05,LU,Luxembourg,EURO,0,386030,0,1000
26825,2023-11-12,LU,Luxembourg,EURO,0,386030,0,1000
26826,2023-11-19,LU,Luxembourg,EURO,0,386030,0,1000
26827,2023-11-26,LU,Luxembourg,EURO,0,386030,0,1000
26828,2023-12-03,LU,Luxembourg,EURO,0,386030,0,1000
26829,2023-12-10,LU,Luxembourg,EURO,0,386030,0,1000
26830,2023-12-17,LU,Luxembourg,EURO,1437,387467,0,1000
26831,2023-12-24,LU,Luxembourg,EURO,790,388257,0,1000
26832,2020-01-05,MG,Madagascar,AFRO,0,0,0,0
26833,2020-01-12,MG,Madagascar,AFRO,0,0,0,0
26834,2020-01-19,MG,Madagascar,AFRO,0,0,0,0
26835,2020-01-26,MG,Madagascar,AFRO,0,0,0,0
26836,2020-02-02,MG,Madagascar,AFRO,0,0,0,0
26837,2020-02-09,MG,Madagascar,AFRO,0,0,0,0
26838,2020-02-16,MG,Madagascar,AFRO,0,0,0,0
26839,2020-02-23,MG,Madagascar,AFRO,0,0,0,0
26840,2020-03-01,MG,Madagascar,AFRO,0,0,0,0
26841,2020-03-08,MG,Madagascar,AFRO,0,0,0,0
26842,2020-03-15,MG,Madagascar,AFRO,0,0,0,0
26843,2020-03-22,MG,Madagascar,AFRO,1,1,0,0
26844,2020-03-29,MG,Madagascar,AFRO,41,42,0,0
26845,2020-04-05,MG,Madagascar,AFRO,29,71,0,0
26846,2020-04-12,MG,Madagascar,AFRO,35,106,0,0
26847,2020-04-19,MG,Madagascar,AFRO,14,120,0,0
26848,2020-04-26,MG,Madagascar,AFRO,4,124,0,0
26849,2020-05-03,MG,Madagascar,AFRO,25,149,1,1
26850,2020-05-10,MG,Madagascar,AFRO,20,169,0,1
26851,2020-05-17,MG,Madagascar,AFRO,114,283,0,1
26852,2020-05-24,MG,Madagascar,AFRO,205,488,2,3
26853,2020-05-31,MG,Madagascar,AFRO,270,758,3,6
26854,2020-06-07,MG,Madagascar,AFRO,268,1026,2,8
26855,2020-06-14,MG,Madagascar,AFRO,226,1252,2,10
26856,2020-06-21,MG,Madagascar,AFRO,251,1503,3,13
26857,2020-06-28,MG,Madagascar,AFRO,502,2005,3,16
26858,2020-07-05,MG,Madagascar,AFRO,936,2941,13,29
26859,2020-07-12,MG,Madagascar,AFRO,1637,4578,5,34
26860,2020-07-19,MG,Madagascar,AFRO,2271,6849,21,55
26861,2020-07-26,MG,Madagascar,AFRO,2017,8866,23,78
26862,2020-08-02,MG,Madagascar,AFRO,2407,11273,29,107
26863,2020-08-09,MG,Madagascar,AFRO,1649,12922,34,141
26864,2020-08-16,MG,Madagascar,AFRO,802,13724,25,166
26865,2020-08-23,MG,Madagascar,AFRO,553,14277,12,178
26866,2020-08-30,MG,Madagascar,AFRO,514,14791,12,190
26867,2020-09-06,MG,Madagascar,AFRO,478,15269,9,199
26868,2020-09-13,MG,Madagascar,AFRO,468,15737,11,210
26869,2020-09-20,MG,Madagascar,AFRO,283,16020,9,219
26870,2020-09-27,MG,Madagascar,AFRO,237,16257,10,229
26871,2020-10-04,MG,Madagascar,AFRO,272,16529,3,232
26872,2020-10-11,MG,Madagascar,AFRO,173,16702,5,237
26873,2020-10-18,MG,Madagascar,AFRO,108,16810,1,238
26874,2020-10-25,MG,Madagascar,AFRO,158,16968,6,244
26875,2020-11-01,MG,Madagascar,AFRO,143,17111,0,244
26876,2020-11-08,MG,Madagascar,AFRO,112,17223,5,249
26877,2020-11-15,MG,Madagascar,AFRO,87,17310,1,250
26878,2020-11-22,MG,Madagascar,AFRO,31,17341,1,251
26879,2020-11-29,MG,Madagascar,AFRO,0,17341,0,251
26880,2020-12-06,MG,Madagascar,AFRO,132,17473,4,255
26881,2020-12-13,MG,Madagascar,AFRO,114,17587,4,259
26882,2020-12-20,MG,Madagascar,AFRO,46,17633,1,260
26883,2020-12-27,MG,Madagascar,AFRO,81,17714,1,261
26884,2021-01-03,MG,Madagascar,AFRO,53,17767,1,262
26885,2021-01-10,MG,Madagascar,AFRO,234,18001,5,267
26886,2021-01-17,MG,Madagascar,AFRO,300,18301,6,273
26887,2021-01-24,MG,Madagascar,AFRO,442,18743,6,279
26888,2021-01-31,MG,Madagascar,AFRO,322,19065,2,281
26889,2021-02-07,MG,Madagascar,AFRO,295,19360,4,285
26890,2021-02-14,MG,Madagascar,AFRO,238,19598,7,292
26891,2021-02-21,MG,Madagascar,AFRO,233,19831,5,297
26892,2021-02-28,MG,Madagascar,AFRO,324,20155,3,300
26893,2021-03-07,MG,Madagascar,AFRO,563,20718,10,310
26894,2021-03-14,MG,Madagascar,AFRO,764,21482,19,329
26895,2021-03-21,MG,Madagascar,AFRO,1002,22484,22,351
26896,2021-03-28,MG,Madagascar,AFRO,1101,23585,36,387
26897,2021-04-04,MG,Madagascar,AFRO,1987,25572,67,454
26898,2021-04-11,MG,Madagascar,AFRO,2491,28063,46,500
26899,2021-04-18,MG,Madagascar,AFRO,4142,32205,42,542
26900,2021-04-25,MG,Madagascar,AFRO,3541,35746,57,599
26901,2021-05-02,MG,Madagascar,AFRO,1884,37630,67,666
26902,2021-05-09,MG,Madagascar,AFRO,1382,39012,56,722
26903,2021-05-16,MG,Madagascar,AFRO,1129,40141,41,763
26904,2021-05-23,MG,Madagascar,AFRO,735,40876,37,800
26905,2021-05-30,MG,Madagascar,AFRO,390,41266,35,835
26906,2021-06-06,MG,Madagascar,AFRO,424,41690,26,861
26907,2021-06-13,MG,Madagascar,AFRO,243,41933,26,887
26908,2021-06-20,MG,Madagascar,AFRO,190,42123,14,901
26909,2021-06-27,MG,Madagascar,AFRO,71,42194,5,906
26910,2021-07-04,MG,Madagascar,AFRO,172,42366,19,925
26911,2021-07-11,MG,Madagascar,AFRO,116,42482,6,931
26912,2021-07-18,MG,Madagascar,AFRO,124,42606,10,941
26913,2021-07-25,MG,Madagascar,AFRO,63,42669,2,943
26914,2021-08-01,MG,Madagascar,AFRO,66,42735,4,947
26915,2021-08-08,MG,Madagascar,AFRO,41,42776,1,948
26916,2021-08-15,MG,Madagascar,AFRO,35,42811,4,952
26917,2021-08-22,MG,Madagascar,AFRO,34,42845,2,954
26918,2021-08-29,MG,Madagascar,AFRO,17,42862,1,955
26919,2021-09-05,MG,Madagascar,AFRO,16,42878,1,956
26920,2021-09-12,MG,Madagascar,AFRO,0,42878,0,956
26921,2021-09-19,MG,Madagascar,AFRO,692,43570,2,958
26922,2021-09-26,MG,Madagascar,AFRO,27,43597,2,960
26923,2021-10-03,MG,Madagascar,AFRO,13,43610,0,960
26924,2021-10-10,MG,Madagascar,AFRO,6,43616,0,960
26925,2021-10-17,MG,Madagascar,AFRO,6,43622,0,960
26926,2021-10-24,MG,Madagascar,AFRO,4,43626,3,963
26927,2021-10-31,MG,Madagascar,AFRO,6,43632,1,964
26928,2021-11-07,MG,Madagascar,AFRO,40,43672,0,964
26929,2021-11-14,MG,Madagascar,AFRO,0,43672,0,964
26930,2021-11-21,MG,Madagascar,AFRO,400,44072,3,967
26931,2021-11-28,MG,Madagascar,AFRO,258,44330,0,967
26932,2021-12-05,MG,Madagascar,AFRO,470,44800,5,972
26933,2021-12-12,MG,Madagascar,AFRO,994,45794,8,980
26934,2021-12-19,MG,Madagascar,AFRO,1501,47295,16,996
26935,2021-12-26,MG,Madagascar,AFRO,2984,50279,31,1027
26936,2022-01-02,MG,Madagascar,AFRO,2155,52434,40,1067
26937,2022-01-09,MG,Madagascar,AFRO,1667,54101,50,1117
26938,2022-01-16,MG,Madagascar,AFRO,1726,55827,52,1169
26939,2022-01-23,MG,Madagascar,AFRO,1548,57375,54,1223
26940,2022-01-30,MG,Madagascar,AFRO,1944,59319,51,1274
26941,2022-02-06,MG,Madagascar,AFRO,2115,61434,33,1307
26942,2022-02-13,MG,Madagascar,AFRO,1410,62844,28,1335
26943,2022-02-20,MG,Madagascar,AFRO,589,63433,15,1350
26944,2022-02-27,MG,Madagascar,AFRO,226,63659,16,1366
26945,2022-03-06,MG,Madagascar,AFRO,132,63791,7,1373
26946,2022-03-13,MG,Madagascar,AFRO,79,63870,4,1377
26947,2022-03-20,MG,Madagascar,AFRO,58,63928,3,1380
26948,2022-03-27,MG,Madagascar,AFRO,81,64009,4,1384
26949,2022-04-03,MG,Madagascar,AFRO,41,64050,4,1388
26950,2022-04-10,MG,Madagascar,AFRO,39,64089,2,1390
26951,2022-04-17,MG,Madagascar,AFRO,32,64121,1,1391
26952,2022-04-24,MG,Madagascar,AFRO,31,64152,0,1391
26953,2022-05-01,MG,Madagascar,AFRO,29,64181,0,1391
26954,2022-05-08,MG,Madagascar,AFRO,55,64236,2,1393
26955,2022-05-15,MG,Madagascar,AFRO,40,64276,0,1393
26956,2022-05-22,MG,Madagascar,AFRO,38,64314,0,1393
26957,2022-05-29,MG,Madagascar,AFRO,63,64377,2,1395
26958,2022-06-05,MG,Madagascar,AFRO,101,64478,1,1396
26959,2022-06-12,MG,Madagascar,AFRO,207,64685,0,1396
26960,2022-06-19,MG,Madagascar,AFRO,324,65009,2,1398
26961,2022-06-26,MG,Madagascar,AFRO,372,65381,0,1398
26962,2022-07-03,MG,Madagascar,AFRO,406,65787,3,1401
26963,2022-07-10,MG,Madagascar,AFRO,311,66098,2,1403
26964,2022-07-17,MG,Madagascar,AFRO,191,66289,3,1406
26965,2022-07-24,MG,Madagascar,AFRO,127,66416,1,1407
26966,2022-07-31,MG,Madagascar,AFRO,75,66491,1,1408
26967,2022-08-07,MG,Madagascar,AFRO,66,66557,1,1409
26968,2022-08-14,MG,Madagascar,AFRO,42,66599,1,1410
26969,2022-08-21,MG,Madagascar,AFRO,16,66615,0,1410
26970,2022-08-28,MG,Madagascar,AFRO,11,66626,0,1410
26971,2022-09-04,MG,Madagascar,AFRO,14,66640,0,1410
26972,2022-09-11,MG,Madagascar,AFRO,12,66652,0,1410
26973,2022-09-18,MG,Madagascar,AFRO,8,66660,0,1410
26974,2022-09-25,MG,Madagascar,AFRO,16,66676,0,1410
26975,2022-10-02,MG,Madagascar,AFRO,8,66684,0,1410
26976,2022-10-09,MG,Madagascar,AFRO,3,66687,0,1410
26977,2022-10-16,MG,Madagascar,AFRO,0,66687,0,1410
26978,2022-10-23,MG,Madagascar,AFRO,19,66706,1,1411
26979,2022-10-30,MG,Madagascar,AFRO,40,66746,0,1411
26980,2022-11-06,MG,Madagascar,AFRO,42,66788,0,1411
26981,2022-11-13,MG,Madagascar,AFRO,71,66859,0,1411
26982,2022-11-20,MG,Madagascar,AFRO,195,67054,0,1411
26983,2022-11-27,MG,Madagascar,AFRO,205,67259,1,1412
26984,2022-12-04,MG,Madagascar,AFRO,229,67488,1,1413
26985,2022-12-11,MG,Madagascar,AFRO,133,67621,1,1414
26986,2022-12-18,MG,Madagascar,AFRO,63,67684,1,1415
26987,2022-12-25,MG,Madagascar,AFRO,51,67735,1,1416
26988,2023-01-01,MG,Madagascar,AFRO,15,67750,2,1418
26989,2023-01-08,MG,Madagascar,AFRO,10,67760,0,1418
26990,2023-01-15,MG,Madagascar,AFRO,28,67788,0,1418
26991,2023-01-22,MG,Madagascar,AFRO,29,67817,1,1419
26992,2023-01-29,MG,Madagascar,AFRO,10,67827,0,1419
26993,2023-02-05,MG,Madagascar,AFRO,15,67842,1,1420
26994,2023-02-12,MG,Madagascar,AFRO,7,67849,1,1421
26995,2023-02-19,MG,Madagascar,AFRO,3,67852,0,1421
26996,2023-02-26,MG,Madagascar,AFRO,13,67865,1,1422
26997,2023-03-05,MG,Madagascar,AFRO,24,67889,1,1423
26998,2023-03-12,MG,Madagascar,AFRO,52,67941,0,1423
26999,2023-03-19,MG,Madagascar,AFRO,30,67971,1,1424
27000,2023-03-26,MG,Madagascar,AFRO,78,68049,0,1424
27001,2023-04-02,MG,Madagascar,AFRO,56,68105,0,1424
27002,2023-04-09,MG,Madagascar,AFRO,0,68105,0,1424
27003,2023-04-16,MG,Madagascar,AFRO,72,68177,0,1424
27004,2023-04-23,MG,Madagascar,AFRO,34,68211,0,1424
27005,2023-04-30,MG,Madagascar,AFRO,25,68236,0,1424
27006,2023-05-07,MG,Madagascar,AFRO,17,68253,0,1424
27007,2023-05-14,MG,Madagascar,AFRO,13,68266,0,1424
27008,2023-05-21,MG,Madagascar,AFRO,15,68281,0,1424
27009,2023-05-28,MG,Madagascar,AFRO,7,68288,1,1425
27010,2023-06-04,MG,Madagascar,AFRO,1,68289,0,1425
27011,2023-06-11,MG,Madagascar,AFRO,0,68289,0,1425
27012,2023-06-18,MG,Madagascar,AFRO,0,68289,0,1425
27013,2023-06-25,MG,Madagascar,AFRO,0,68289,0,1425
27014,2023-07-02,MG,Madagascar,AFRO,0,68289,0,1425
27015,2023-07-09,MG,Madagascar,AFRO,0,68289,0,1425
27016,2023-07-16,MG,Madagascar,AFRO,0,68289,0,1425
27017,2023-07-23,MG,Madagascar,AFRO,0,68289,0,1425
27018,2023-07-30,MG,Madagascar,AFRO,28,68317,0,1425
27019,2023-08-06,MG,Madagascar,AFRO,2,68319,0,1425
27020,2023-08-13,MG,Madagascar,AFRO,0,68319,0,1425
27021,2023-08-20,MG,Madagascar,AFRO,11,68330,0,1425
27022,2023-08-27,MG,Madagascar,AFRO,2,68332,0,1425
27023,2023-09-03,MG,Madagascar,AFRO,5,68337,0,1425
27024,2023-09-10,MG,Madagascar,AFRO,1,68338,0,1425
27025,2023-09-17,MG,Madagascar,AFRO,4,68342,0,1425
27026,2023-09-24,MG,Madagascar,AFRO,2,68344,0,1425
27027,2023-10-01,MG,Madagascar,AFRO,0,68344,0,1425
27028,2023-10-08,MG,Madagascar,AFRO,3,68347,0,1425
27029,2023-10-15,MG,Madagascar,AFRO,3,68350,0,1425
27030,2023-10-22,MG,Madagascar,AFRO,4,68354,0,1425
27031,2023-10-29,MG,Madagascar,AFRO,2,68356,0,1425
27032,2023-11-05,MG,Madagascar,AFRO,14,68370,0,1425
27033,2023-11-12,MG,Madagascar,AFRO,7,68377,0,1425
27034,2023-11-19,MG,Madagascar,AFRO,9,68386,1,1426
27035,2023-11-26,MG,Madagascar,AFRO,8,68394,0,1426
27036,2023-12-03,MG,Madagascar,AFRO,27,68421,0,1426
27037,2023-12-10,MG,Madagascar,AFRO,15,68436,0,1426
27038,2023-12-17,MG,Madagascar,AFRO,0,68436,0,1426
27039,2023-12-24,MG,Madagascar,AFRO,0,68436,0,1426
27040,2020-01-05,MW,Malawi,AFRO,0,0,0,0
27041,2020-01-12,MW,Malawi,AFRO,0,0,0,0
27042,2020-01-19,MW,Malawi,AFRO,0,0,0,0
27043,2020-01-26,MW,Malawi,AFRO,0,0,0,0
27044,2020-02-02,MW,Malawi,AFRO,0,0,0,0
27045,2020-02-09,MW,Malawi,AFRO,0,0,0,0
27046,2020-02-16,MW,Malawi,AFRO,0,0,0,0
27047,2020-02-23,MW,Malawi,AFRO,0,0,0,0
27048,2020-03-01,MW,Malawi,AFRO,0,0,0,0
27049,2020-03-08,MW,Malawi,AFRO,0,0,0,0
27050,2020-03-15,MW,Malawi,AFRO,0,0,0,0
27051,2020-03-22,MW,Malawi,AFRO,0,0,0,0
27052,2020-03-29,MW,Malawi,AFRO,0,0,0,0
27053,2020-04-05,MW,Malawi,AFRO,3,3,0,0
27054,2020-04-12,MW,Malawi,AFRO,9,12,1,1
27055,2020-04-19,MW,Malawi,AFRO,5,17,1,2
27056,2020-04-26,MW,Malawi,AFRO,16,33,1,3
27057,2020-05-03,MW,Malawi,AFRO,5,38,0,3
27058,2020-05-10,MW,Malawi,AFRO,18,56,0,3
27059,2020-05-17,MW,Malawi,AFRO,14,70,0,3
27060,2020-05-24,MW,Malawi,AFRO,13,83,1,4
27061,2020-05-31,MW,Malawi,AFRO,196,279,0,4
27062,2020-06-07,MW,Malawi,AFRO,130,409,0,4
27063,2020-06-14,MW,Malawi,AFRO,120,529,1,5
27064,2020-06-21,MW,Malawi,AFRO,201,730,6,11
27065,2020-06-28,MW,Malawi,AFRO,308,1038,2,13
27066,2020-07-05,MW,Malawi,AFRO,575,1613,11,24
27067,2020-07-12,MW,Malawi,AFRO,648,2261,10,34
27068,2020-07-19,MW,Malawi,AFRO,646,2907,26,60
27069,2020-07-26,MW,Malawi,AFRO,650,3557,34,94
27070,2020-08-02,MW,Malawi,AFRO,629,4186,28,122
27071,2020-08-09,MW,Malawi,AFRO,438,4624,21,143
27072,2020-08-16,MW,Malawi,AFRO,402,5026,14,157
27073,2020-08-23,MW,Malawi,AFRO,356,5382,11,168
27074,2020-08-30,MW,Malawi,AFRO,146,5528,6,174
27075,2020-09-06,MW,Malawi,AFRO,83,5611,1,175
27076,2020-09-13,MW,Malawi,AFRO,65,5676,2,177
27077,2020-09-20,MW,Malawi,AFRO,42,5718,2,179
27078,2020-09-27,MW,Malawi,AFRO,48,5766,0,179
27079,2020-10-04,MW,Malawi,AFRO,17,5783,0,179
27080,2020-10-11,MW,Malawi,AFRO,38,5821,1,180
27081,2020-10-18,MW,Malawi,AFRO,31,5852,1,181
27082,2020-10-25,MW,Malawi,AFRO,35,5887,2,183
27083,2020-11-01,MW,Malawi,AFRO,43,5930,1,184
27084,2020-11-08,MW,Malawi,AFRO,18,5948,0,184
27085,2020-11-15,MW,Malawi,AFRO,16,5964,1,185
27086,2020-11-22,MW,Malawi,AFRO,39,6003,0,185
27087,2020-11-29,MW,Malawi,AFRO,22,6025,0,185
27088,2020-12-06,MW,Malawi,AFRO,24,6049,0,185
27089,2020-12-13,MW,Malawi,AFRO,14,6063,1,186
27090,2020-12-20,MW,Malawi,AFRO,90,6153,1,187
27091,2020-12-27,MW,Malawi,AFRO,190,6343,1,188
27092,2021-01-03,MW,Malawi,AFRO,367,6710,4,192
27093,2021-01-10,MW,Malawi,AFRO,1594,8304,28,220
27094,2021-01-17,MW,Malawi,AFRO,3479,11783,107,327
27095,2021-01-24,MW,Malawi,AFRO,6656,18439,193,520
27096,2021-01-31,MW,Malawi,AFRO,5058,23497,187,707
27097,2021-02-07,MW,Malawi,AFRO,3378,26875,135,842
27098,2021-02-14,MW,Malawi,AFRO,2001,28876,100,942
27099,2021-02-21,MW,Malawi,AFRO,1652,30528,62,1004
27100,2021-02-28,MW,Malawi,AFRO,1270,31798,37,1041
27101,2021-03-07,MW,Malawi,AFRO,600,32398,26,1067
27102,2021-03-14,MW,Malawi,AFRO,391,32789,15,1082
27103,2021-03-21,MW,Malawi,AFRO,427,33216,11,1093
27104,2021-03-28,MW,Malawi,AFRO,242,33458,20,1113
27105,2021-04-04,MW,Malawi,AFRO,189,33647,7,1120
27106,2021-04-11,MW,Malawi,AFRO,158,33805,7,1127
27107,2021-04-18,MW,Malawi,AFRO,129,33934,11,1138
27108,2021-04-25,MW,Malawi,AFRO,77,34011,9,1147
27109,2021-05-02,MW,Malawi,AFRO,84,34095,1,1148
27110,2021-05-09,MW,Malawi,AFRO,71,34166,5,1153
27111,2021-05-16,MW,Malawi,AFRO,44,34210,0,1153
27112,2021-05-23,MW,Malawi,AFRO,64,34274,0,1153
27113,2021-05-30,MW,Malawi,AFRO,55,34329,1,1154
27114,2021-06-06,MW,Malawi,AFRO,55,34384,2,1156
27115,2021-06-13,MW,Malawi,AFRO,101,34485,3,1159
27116,2021-06-20,MW,Malawi,AFRO,347,34832,9,1168
27117,2021-06-27,MW,Malawi,AFRO,722,35554,13,1181
27118,2021-07-04,MW,Malawi,AFRO,1266,36820,24,1205
27119,2021-07-11,MW,Malawi,AFRO,2126,38946,37,1242
27120,2021-07-18,MW,Malawi,AFRO,4097,43043,83,1325
27121,2021-07-25,MW,Malawi,AFRO,5023,48066,133,1458
27122,2021-08-01,MW,Malawi,AFRO,4281,52347,177,1635
27123,2021-08-08,MW,Malawi,AFRO,3352,55699,170,1805
27124,2021-08-15,MW,Malawi,AFRO,2197,57896,150,1955
27125,2021-08-22,MW,Malawi,AFRO,1503,59399,104,2059
27126,2021-08-29,MW,Malawi,AFRO,914,60313,98,2157
27127,2021-09-05,MW,Malawi,AFRO,490,60803,49,2206
27128,2021-09-12,MW,Malawi,AFRO,295,61098,30,2236
27129,2021-09-19,MW,Malawi,AFRO,239,61337,20,2256
27130,2021-09-26,MW,Malawi,AFRO,160,61497,19,2275
27131,2021-10-03,MW,Malawi,AFRO,112,61609,8,2283
27132,2021-10-10,MW,Malawi,AFRO,63,61672,5,2288
27133,2021-10-17,MW,Malawi,AFRO,40,61712,4,2292
27134,2021-10-24,MW,Malawi,AFRO,45,61757,4,2296
27135,2021-10-31,MW,Malawi,AFRO,37,61794,4,2300
27136,2021-11-07,MW,Malawi,AFRO,21,61815,2,2302
27137,2021-11-14,MW,Malawi,AFRO,28,61843,0,2302
27138,2021-11-21,MW,Malawi,AFRO,20,61863,2,2304
27139,2021-11-28,MW,Malawi,AFRO,26,61889,0,2304
27140,2021-12-05,MW,Malawi,AFRO,77,61966,3,2307
27141,2021-12-12,MW,Malawi,AFRO,264,62230,0,2307
27142,2021-12-19,MW,Malawi,AFRO,2182,64412,4,2311
27143,2021-12-26,MW,Malawi,AFRO,6270,70682,17,2328
27144,2022-01-02,MW,Malawi,AFRO,5146,75828,40,2368
27145,2022-01-09,MW,Malawi,AFRO,3885,79713,43,2411
27146,2022-01-16,MW,Malawi,AFRO,2793,82506,48,2459
27147,2022-01-23,MW,Malawi,AFRO,1259,83765,60,2519
27148,2022-01-30,MW,Malawi,AFRO,624,84389,38,2557
27149,2022-02-06,MW,Malawi,AFRO,406,84795,13,2570
27150,2022-02-13,MW,Malawi,AFRO,214,85009,24,2594
27151,2022-02-20,MW,Malawi,AFRO,196,85205,11,2605
27152,2022-02-27,MW,Malawi,AFRO,109,85314,8,2613
27153,2022-03-06,MW,Malawi,AFRO,97,85411,5,2618
27154,2022-03-13,MW,Malawi,AFRO,84,85495,2,2620
27155,2022-03-20,MW,Malawi,AFRO,61,85556,6,2626
27156,2022-03-27,MW,Malawi,AFRO,52,85608,0,2626
27157,2022-04-03,MW,Malawi,AFRO,49,85657,0,2626
27158,2022-04-10,MW,Malawi,AFRO,45,85702,2,2628
27159,2022-04-17,MW,Malawi,AFRO,25,85727,3,2631
27160,2022-04-24,MW,Malawi,AFRO,20,85747,2,2633
27161,2022-05-01,MW,Malawi,AFRO,34,85781,1,2634
27162,2022-05-08,MW,Malawi,AFRO,30,85811,0,2634
27163,2022-05-15,MW,Malawi,AFRO,76,85887,2,2636
27164,2022-05-22,MW,Malawi,AFRO,42,85929,2,2638
27165,2022-05-29,MW,Malawi,AFRO,35,85964,1,2639
27166,2022-06-05,MW,Malawi,AFRO,37,86001,3,2642
27167,2022-06-12,MW,Malawi,AFRO,89,86090,0,2642
27168,2022-06-19,MW,Malawi,AFRO,99,86189,1,2643
27169,2022-06-26,MW,Malawi,AFRO,159,86348,2,2645
27170,2022-07-03,MW,Malawi,AFRO,186,86534,0,2645
27171,2022-07-10,MW,Malawi,AFRO,200,86734,2,2647
27172,2022-07-17,MW,Malawi,AFRO,89,86823,4,2651
27173,2022-07-24,MW,Malawi,AFRO,393,87216,6,2657
27174,2022-07-31,MW,Malawi,AFRO,149,87365,7,2664
27175,2022-08-07,MW,Malawi,AFRO,252,87617,6,2670
27176,2022-08-14,MW,Malawi,AFRO,93,87710,3,2673
27177,2022-08-21,MW,Malawi,AFRO,69,87779,2,2675
27178,2022-08-28,MW,Malawi,AFRO,55,87834,0,2675
27179,2022-09-04,MW,Malawi,AFRO,67,87901,3,2678
27180,2022-09-11,MW,Malawi,AFRO,35,87936,1,2679
27181,2022-09-18,MW,Malawi,AFRO,44,87980,1,2680
27182,2022-09-25,MW,Malawi,AFRO,29,88009,0,2680
27183,2022-10-02,MW,Malawi,AFRO,19,88028,2,2682
27184,2022-10-09,MW,Malawi,AFRO,13,88041,0,2682
27185,2022-10-16,MW,Malawi,AFRO,16,88057,0,2682
27186,2022-10-23,MW,Malawi,AFRO,16,88073,1,2683
27187,2022-10-30,MW,Malawi,AFRO,24,88097,0,2683
27188,2022-11-06,MW,Malawi,AFRO,-88,88009,2,2685
27189,2022-11-13,MW,Malawi,AFRO,0,88009,0,2685
27190,2022-11-20,MW,Malawi,AFRO,36,88045,0,2685
27191,2022-11-27,MW,Malawi,AFRO,25,88070,0,2685
27192,2022-12-04,MW,Malawi,AFRO,53,88123,0,2685
27193,2022-12-11,MW,Malawi,AFRO,0,88123,0,2685
27194,2022-12-18,MW,Malawi,AFRO,5,88128,0,2685
27195,2022-12-25,MW,Malawi,AFRO,32,88160,0,2685
27196,2023-01-01,MW,Malawi,AFRO,51,88211,0,2685
27197,2023-01-08,MW,Malawi,AFRO,3,88214,0,2685
27198,2023-01-15,MW,Malawi,AFRO,68,88282,0,2685
27199,2023-01-22,MW,Malawi,AFRO,67,88349,1,2686
27200,2023-01-29,MW,Malawi,AFRO,59,88408,0,2686
27201,2023-02-05,MW,Malawi,AFRO,54,88462,0,2686
27202,2023-02-12,MW,Malawi,AFRO,41,88503,0,2686
27203,2023-02-19,MW,Malawi,AFRO,40,88543,0,2686
27204,2023-02-26,MW,Malawi,AFRO,41,88584,0,2686
27205,2023-03-05,MW,Malawi,AFRO,21,88605,0,2686
27206,2023-03-12,MW,Malawi,AFRO,5,88610,0,2686
27207,2023-03-19,MW,Malawi,AFRO,3,88613,0,2686
27208,2023-03-26,MW,Malawi,AFRO,1,88614,0,2686
27209,2023-04-02,MW,Malawi,AFRO,2,88616,0,2686
27210,2023-04-09,MW,Malawi,AFRO,4,88620,0,2686
27211,2023-04-16,MW,Malawi,AFRO,0,88620,0,2686
27212,2023-04-23,MW,Malawi,AFRO,5,88625,0,2686
27213,2023-04-30,MW,Malawi,AFRO,6,88631,0,2686
27214,2023-05-07,MW,Malawi,AFRO,7,88638,0,2686
27215,2023-05-14,MW,Malawi,AFRO,0,88638,0,2686
27216,2023-05-21,MW,Malawi,AFRO,0,88638,0,2686
27217,2023-05-28,MW,Malawi,AFRO,2,88640,0,2686
27218,2023-06-04,MW,Malawi,AFRO,13,88653,0,2686
27219,2023-06-11,MW,Malawi,AFRO,9,88662,0,2686
27220,2023-06-18,MW,Malawi,AFRO,12,88674,0,2686
27221,2023-06-25,MW,Malawi,AFRO,29,88703,0,2686
27222,2023-07-02,MW,Malawi,AFRO,36,88739,0,2686
27223,2023-07-09,MW,Malawi,AFRO,31,88770,0,2686
27224,2023-07-16,MW,Malawi,AFRO,21,88791,0,2686
27225,2023-07-23,MW,Malawi,AFRO,13,88804,0,2686
27226,2023-07-30,MW,Malawi,AFRO,21,88825,0,2686
27227,2023-08-06,MW,Malawi,AFRO,10,88835,0,2686
27228,2023-08-13,MW,Malawi,AFRO,23,88858,0,2686
27229,2023-08-20,MW,Malawi,AFRO,18,88876,0,2686
27230,2023-08-27,MW,Malawi,AFRO,17,88893,0,2686
27231,2023-09-03,MW,Malawi,AFRO,28,88921,0,2686
27232,2023-09-10,MW,Malawi,AFRO,12,88933,0,2686
27233,2023-09-17,MW,Malawi,AFRO,12,88945,0,2686
27234,2023-09-24,MW,Malawi,AFRO,15,88960,0,2686
27235,2023-10-01,MW,Malawi,AFRO,26,88986,0,2686
27236,2023-10-08,MW,Malawi,AFRO,31,89017,0,2686
27237,2023-10-15,MW,Malawi,AFRO,23,89040,0,2686
27238,2023-10-22,MW,Malawi,AFRO,19,89059,0,2686
27239,2023-10-29,MW,Malawi,AFRO,23,89082,0,2686
27240,2023-11-05,MW,Malawi,AFRO,29,89111,0,2686
27241,2023-11-12,MW,Malawi,AFRO,16,89127,0,2686
27242,2023-11-19,MW,Malawi,AFRO,16,89143,0,2686
27243,2023-11-26,MW,Malawi,AFRO,9,89152,0,2686
27244,2023-12-03,MW,Malawi,AFRO,10,89162,0,2686
27245,2023-12-10,MW,Malawi,AFRO,6,89168,0,2686
27246,2023-12-17,MW,Malawi,AFRO,0,89168,0,2686
27247,2023-12-24,MW,Malawi,AFRO,0,89168,0,2686
27248,2020-01-05,MY,Malaysia,WPRO,0,0,0,0
27249,2020-01-12,MY,Malaysia,WPRO,0,0,0,0
27250,2020-01-19,MY,Malaysia,WPRO,0,0,0,0
27251,2020-01-26,MY,Malaysia,WPRO,4,4,0,0
27252,2020-02-02,MY,Malaysia,WPRO,4,8,0,0
27253,2020-02-09,MY,Malaysia,WPRO,8,16,0,0
27254,2020-02-16,MY,Malaysia,WPRO,6,22,0,0
27255,2020-02-23,MY,Malaysia,WPRO,0,22,0,0
27256,2020-03-01,MY,Malaysia,WPRO,3,25,0,0
27257,2020-03-08,MY,Malaysia,WPRO,68,93,0,0
27258,2020-03-15,MY,Malaysia,WPRO,145,238,0,0
27259,2020-03-22,MY,Malaysia,WPRO,945,1183,10,10
27260,2020-03-29,MY,Malaysia,WPRO,1137,2320,17,27
27261,2020-04-05,MY,Malaysia,WPRO,1163,3483,30,57
27262,2020-04-12,MY,Malaysia,WPRO,1047,4530,16,73
27263,2020-04-19,MY,Malaysia,WPRO,775,5305,15,88
27264,2020-04-26,MY,Malaysia,WPRO,437,5742,10,98
27265,2020-05-03,MY,Malaysia,WPRO,434,6176,5,103
27266,2020-05-10,MY,Malaysia,WPRO,413,6589,5,108
27267,2020-05-17,MY,Malaysia,WPRO,283,6872,5,113
27268,2020-05-24,MY,Malaysia,WPRO,313,7185,2,115
27269,2020-05-31,MY,Malaysia,WPRO,577,7762,0,115
27270,2020-06-07,MY,Malaysia,WPRO,541,8303,2,117
27271,2020-06-14,MY,Malaysia,WPRO,142,8445,3,120
27272,2020-06-21,MY,Malaysia,WPRO,111,8556,1,121
27273,2020-06-28,MY,Malaysia,WPRO,60,8616,0,121
27274,2020-07-05,MY,Malaysia,WPRO,42,8658,0,121
27275,2020-07-12,MY,Malaysia,WPRO,46,8704,1,122
27276,2020-07-19,MY,Malaysia,WPRO,60,8764,0,122
27277,2020-07-26,MY,Malaysia,WPRO,120,8884,1,123
27278,2020-08-02,MY,Malaysia,WPRO,101,8985,2,125
27279,2020-08-09,MY,Malaysia,WPRO,85,9070,0,125
27280,2020-08-16,MY,Malaysia,WPRO,105,9175,0,125
27281,2020-08-23,MY,Malaysia,WPRO,82,9257,0,125
27282,2020-08-30,MY,Malaysia,WPRO,60,9317,0,125
27283,2020-09-06,MY,Malaysia,WPRO,74,9391,3,128
27284,2020-09-13,MY,Malaysia,WPRO,477,9868,0,128
27285,2020-09-20,MY,Malaysia,WPRO,299,10167,2,130
27286,2020-09-27,MY,Malaysia,WPRO,602,10769,3,133
27287,2020-10-04,MY,Malaysia,WPRO,1319,12088,4,137
27288,2020-10-11,MY,Malaysia,WPRO,3008,15096,18,155
27289,2020-10-18,MY,Malaysia,WPRO,4531,19627,25,180
27290,2020-10-25,MY,Malaysia,WPRO,6115,25742,41,221
27291,2020-11-01,MY,Malaysia,WPRO,5806,31548,28,249
27292,2020-11-08,MY,Malaysia,WPRO,7809,39357,33,282
27293,2020-11-15,MY,Malaysia,WPRO,6852,46209,24,306
27294,2020-11-22,MY,Malaysia,WPRO,7470,53679,26,332
27295,2020-11-29,MY,Malaysia,WPRO,9497,63176,22,354
27296,2020-12-06,MY,Malaysia,WPRO,8183,71359,26,380
27297,2020-12-13,MY,Malaysia,WPRO,10887,82246,31,411
27298,2020-12-20,MY,Malaysia,WPRO,9723,91969,22,433
27299,2020-12-27,MY,Malaysia,WPRO,11931,103900,18,451
27300,2021-01-03,MY,Malaysia,WPRO,15177,119077,32,483
27301,2021-01-10,MY,Malaysia,WPRO,16915,135992,59,542
27302,2021-01-17,MY,Malaysia,WPRO,22442,158434,52,594
27303,2021-01-24,MY,Malaysia,WPRO,25367,183801,73,667
27304,2021-01-31,MY,Malaysia,WPRO,31158,214959,79,746
27305,2021-02-07,MY,Malaysia,WPRO,27493,242452,111,857
27306,2021-02-14,MY,Malaysia,WPRO,21817,264269,101,958
27307,2021-02-21,MY,Malaysia,WPRO,19300,283569,93,1051
27308,2021-02-28,MY,Malaysia,WPRO,17183,300752,70,1121
27309,2021-03-07,MY,Malaysia,WPRO,12708,313460,45,1166
27310,2021-03-14,MY,Malaysia,WPRO,10303,323763,40,1206
27311,2021-03-21,MY,Malaysia,WPRO,9277,333040,23,1229
27312,2021-03-28,MY,Malaysia,WPRO,8904,341944,22,1251
27313,2021-04-04,MY,Malaysia,WPRO,9015,350959,35,1286
27314,2021-04-11,MY,Malaysia,WPRO,9897,360856,35,1321
27315,2021-04-18,MY,Malaysia,WPRO,14198,375054,49,1370
27316,2021-04-25,MY,Malaysia,WPRO,17888,392942,56,1426
27317,2021-05-02,MY,Malaysia,WPRO,22070,415012,107,1533
27318,2021-05-09,MY,Malaysia,WPRO,25665,440677,150,1683
27319,2021-05-16,MY,Malaysia,WPRO,29433,470110,219,1902
27320,2021-05-23,MY,Malaysia,WPRO,41981,512091,346,2248
27321,2021-05-30,MY,Malaysia,WPRO,53442,565533,481,2729
27322,2021-06-06,MY,Malaysia,WPRO,51282,616815,649,3378
27323,2021-06-13,MY,Malaysia,WPRO,40693,657508,530,3908
27324,2021-06-20,MY,Malaysia,WPRO,38900,696408,500,4408
27325,2021-06-27,MY,Malaysia,WPRO,37640,734048,536,4944
27326,2021-07-04,MY,Malaysia,WPRO,44604,778652,553,5497
27327,2021-07-11,MY,Malaysia,WPRO,57644,836296,661,6158
27328,2021-07-18,MY,Malaysia,WPRO,80265,916561,861,7019
27329,2021-07-25,MY,Malaysia,WPRO,96877,1013438,975,7994
27330,2021-08-01,MY,Malaysia,WPRO,116984,1130422,1190,9184
27331,2021-08-08,MY,Malaysia,WPRO,132118,1262540,1565,10749
27332,2021-08-15,MY,Malaysia,WPRO,142359,1404899,1761,12510
27333,2021-08-22,MY,Malaysia,WPRO,150194,1555093,1658,14168
27334,2021-08-29,MY,Malaysia,WPRO,150996,1706089,1919,16087
27335,2021-09-05,MY,Malaysia,WPRO,138746,1844835,2132,18219
27336,2021-09-12,MY,Malaysia,WPRO,134863,1979698,2492,20711
27337,2021-09-19,MY,Malaysia,WPRO,118132,2097830,2732,23443
27338,2021-09-26,MY,Malaysia,WPRO,100405,2198235,1994,25437
27339,2021-10-03,MY,Malaysia,WPRO,79330,2277565,1246,26683
27340,2021-10-10,MY,Malaysia,WPRO,62029,2339594,646,27329
27341,2021-10-17,MY,Malaysia,WPRO,51093,2390687,592,27921
27342,2021-10-24,MY,Malaysia,WPRO,41029,2431716,479,28400
27343,2021-10-31,MY,Malaysia,WPRO,39926,2471642,512,28912
27344,2021-11-07,MY,Malaysia,WPRO,34667,2506309,379,29291
27345,2021-11-14,MY,Malaysia,WPRO,40000,2546309,385,29676
27346,2021-11-21,MY,Malaysia,WPRO,40292,2586601,326,30002
27347,2021-11-28,MY,Malaysia,WPRO,37215,2623816,307,30309
27348,2021-12-05,MY,Malaysia,WPRO,34956,2658772,305,30614
27349,2021-12-12,MY,Malaysia,WPRO,32867,2691639,265,30879
27350,2021-12-19,MY,Malaysia,WPRO,27316,2718955,213,31092
27351,2021-12-26,MY,Malaysia,WPRO,22224,2741179,242,31334
27352,2022-01-02,MY,Malaysia,WPRO,23175,2764354,198,31532
27353,2022-01-09,MY,Malaysia,WPRO,21865,2786219,146,31678
27354,2022-01-16,MY,Malaysia,WPRO,22128,2808347,115,31793
27355,2022-01-23,MY,Malaysia,WPRO,24598,2832945,99,31892
27356,2022-01-30,MY,Malaysia,WPRO,33039,2865984,73,31965
27357,2022-02-06,MY,Malaysia,WPRO,48236,2914220,69,32034
27358,2022-02-13,MY,Malaysia,WPRO,126015,3040235,91,32125
27359,2022-02-20,MY,Malaysia,WPRO,181445,3221680,222,32347
27360,2022-02-27,MY,Malaysia,WPRO,197956,3419636,327,32674
27361,2022-03-06,MY,Malaysia,WPRO,202971,3622607,554,33228
27362,2022-03-13,MY,Malaysia,WPRO,200964,3823571,579,33807
27363,2022-03-20,MY,Malaysia,WPRO,169553,3993124,593,34400
27364,2022-03-27,MY,Malaysia,WPRO,145743,4138867,388,34788
27365,2022-04-03,MY,Malaysia,WPRO,107600,4246467,311,35099
27366,2022-04-10,MY,Malaysia,WPRO,79351,4325818,193,35292
27367,2022-04-17,MY,Malaysia,WPRO,63207,4389025,129,35421
27368,2022-04-24,MY,Malaysia,WPRO,42048,4431073,78,35499
27369,2022-05-01,MY,Malaysia,WPRO,18434,4449507,51,35550
27370,2022-05-08,MY,Malaysia,WPRO,9382,4458889,33,35583
27371,2022-05-15,MY,Malaysia,WPRO,19223,4478112,32,35615
27372,2022-05-22,MY,Malaysia,WPRO,13208,4491320,28,35643
27373,2022-05-29,MY,Malaysia,WPRO,12414,4503734,22,35665
27374,2022-06-05,MY,Malaysia,WPRO,11255,4514989,25,35690
27375,2022-06-12,MY,Malaysia,WPRO,11309,4526298,26,35716
27376,2022-06-19,MY,Malaysia,WPRO,14314,4540612,19,35735
27377,2022-06-26,MY,Malaysia,WPRO,16052,4556664,19,35754
27378,2022-07-03,MY,Malaysia,WPRO,14691,4571355,30,35784
27379,2022-07-10,MY,Malaysia,WPRO,21355,4592710,32,35816
27380,2022-07-17,MY,Malaysia,WPRO,26315,4619025,46,35862
27381,2022-07-24,MY,Malaysia,WPRO,29906,4648931,61,35923
27382,2022-07-31,MY,Malaysia,WPRO,28339,4677270,54,35977
27383,2022-08-07,MY,Malaysia,WPRO,28554,4705824,55,36032
27384,2022-08-14,MY,Malaysia,WPRO,26678,4732502,61,36093
27385,2022-08-21,MY,Malaysia,WPRO,22786,4755288,62,36155
27386,2022-08-28,MY,Malaysia,WPRO,18715,4774003,51,36206
27387,2022-09-04,MY,Malaysia,WPRO,15549,4789552,43,36249
27388,2022-09-11,MY,Malaysia,WPRO,14072,4803624,36,36285
27389,2022-09-18,MY,Malaysia,WPRO,13627,4817251,32,36317
27390,2022-09-25,MY,Malaysia,WPRO,12963,4830214,40,36357
27391,2022-10-02,MY,Malaysia,WPRO,12291,4842505,23,36380
27392,2022-10-09,MY,Malaysia,WPRO,11018,4853523,23,36403
27393,2022-10-16,MY,Malaysia,WPRO,11957,4865480,20,36423
27394,2022-10-23,MY,Malaysia,WPRO,14525,4880005,24,36447
27395,2022-10-30,MY,Malaysia,WPRO,16750,4896755,28,36475
27396,2022-11-06,MY,Malaysia,WPRO,26783,4923538,20,36495
27397,2022-11-13,MY,Malaysia,WPRO,23045,4946583,59,36554
27398,2022-11-20,MY,Malaysia,WPRO,19083,4965666,55,36609
27399,2022-11-27,MY,Malaysia,WPRO,18606,4984272,48,36657
27400,2022-12-04,MY,Malaysia,WPRO,14558,4998830,59,36716
27401,2022-12-11,MY,Malaysia,WPRO,10937,5009767,53,36769
27402,2022-12-18,MY,Malaysia,WPRO,7249,5017016,39,36808
27403,2022-12-25,MY,Malaysia,WPRO,6290,5023306,27,36835
27404,2023-01-01,MY,Malaysia,WPRO,3371,5026677,23,36858
27405,2023-01-08,MY,Malaysia,WPRO,3231,5029908,8,36866
27406,2023-01-15,MY,Malaysia,WPRO,2525,5032433,0,36866
27407,2023-01-22,MY,Malaysia,WPRO,2088,5034521,0,36866
27408,2023-01-29,MY,Malaysia,WPRO,1350,5035871,0,36866
27409,2023-02-05,MY,Malaysia,WPRO,1913,5037784,77,36943
27410,2023-02-12,MY,Malaysia,WPRO,1542,5039326,8,36951
27411,2023-02-19,MY,Malaysia,WPRO,1495,5040821,5,36956
27412,2023-02-26,MY,Malaysia,WPRO,1367,5042188,1,36957
27413,2023-03-05,MY,Malaysia,WPRO,1438,5043626,9,36966
27414,2023-03-12,MY,Malaysia,WPRO,1566,5045192,1,36967
27415,2023-03-19,MY,Malaysia,WPRO,1848,5047040,0,36967
27416,2023-03-26,MY,Malaysia,WPRO,2228,5049268,12,36979
27417,2023-04-02,MY,Malaysia,WPRO,3069,5052337,0,36979
27418,2023-04-09,MY,Malaysia,WPRO,4574,5056911,3,36982
27419,2023-04-16,MY,Malaysia,WPRO,4268,5061179,12,36994
27420,2023-04-23,MY,Malaysia,WPRO,5698,5066877,17,37011
27421,2023-04-30,MY,Malaysia,WPRO,4817,5071694,9,37020
27422,2023-05-07,MY,Malaysia,WPRO,146,5071840,8,37028
27423,2023-05-14,MY,Malaysia,WPRO,7596,5079436,0,37028
27424,2023-05-21,MY,Malaysia,WPRO,12209,5091645,42,37070
27425,2023-05-28,MY,Malaysia,WPRO,6439,5098084,31,37101
27426,2023-06-04,MY,Malaysia,WPRO,5801,5103885,15,37116
27427,2023-06-11,MY,Malaysia,WPRO,4523,5108408,10,37126
27428,2023-06-18,MY,Malaysia,WPRO,760,5109168,10,37136
27429,2023-06-25,MY,Malaysia,WPRO,3433,5112601,11,37147
27430,2023-07-02,MY,Malaysia,WPRO,0,5112601,2,37149
27431,2023-07-09,MY,Malaysia,WPRO,2698,5115299,7,37156
27432,2023-07-16,MY,Malaysia,WPRO,1548,5116847,2,37158
27433,2023-07-23,MY,Malaysia,WPRO,1222,5118069,3,37161
27434,2023-07-30,MY,Malaysia,WPRO,1202,5119271,1,37162
27435,2023-08-06,MY,Malaysia,WPRO,958,5120229,2,37164
27436,2023-08-13,MY,Malaysia,WPRO,934,5121163,0,37164
27437,2023-08-20,MY,Malaysia,WPRO,695,5121858,0,37164
27438,2023-08-27,MY,Malaysia,WPRO,710,5122568,0,37164
27439,2023-09-03,MY,Malaysia,WPRO,1233,5123801,3,37167
27440,2023-09-10,MY,Malaysia,WPRO,680,5124481,4,37171
27441,2023-09-17,MY,Malaysia,WPRO,728,5125209,1,37172
27442,2023-09-24,MY,Malaysia,WPRO,691,5125900,0,37172
27443,2023-10-01,MY,Malaysia,WPRO,783,5126683,2,37174
27444,2023-10-08,MY,Malaysia,WPRO,933,5127616,5,37179
27445,2023-10-15,MY,Malaysia,WPRO,1052,5128668,2,37181
27446,2023-10-22,MY,Malaysia,WPRO,1132,5129800,3,37184
27447,2023-10-29,MY,Malaysia,WPRO,1339,5131139,0,37184
27448,2023-11-05,MY,Malaysia,WPRO,1692,5132831,6,37190
27449,2023-11-12,MY,Malaysia,WPRO,1801,5134632,1,37191
27450,2023-11-19,MY,Malaysia,WPRO,2305,5136937,3,37194
27451,2023-11-26,MY,Malaysia,WPRO,3626,5140563,7,37201
27452,2023-12-03,MY,Malaysia,WPRO,6796,5147359,6,37207
27453,2023-12-10,MY,Malaysia,WPRO,12757,5160116,11,37218
27454,2023-12-17,MY,Malaysia,WPRO,0,5160116,0,37218
27455,2023-12-24,MY,Malaysia,WPRO,0,5160116,0,37218
27456,2020-01-05,MV,Maldives,SEARO,0,0,0,0
27457,2020-01-12,MV,Maldives,SEARO,0,0,0,0
27458,2020-01-19,MV,Maldives,SEARO,0,0,0,0
27459,2020-01-26,MV,Maldives,SEARO,0,0,0,0
27460,2020-02-02,MV,Maldives,SEARO,0,0,0,0
27461,2020-02-09,MV,Maldives,SEARO,0,0,0,0
27462,2020-02-16,MV,Maldives,SEARO,0,0,0,0
27463,2020-02-23,MV,Maldives,SEARO,0,0,0,0
27464,2020-03-01,MV,Maldives,SEARO,0,0,0,0
27465,2020-03-08,MV,Maldives,SEARO,2,2,0,0
27466,2020-03-15,MV,Maldives,SEARO,9,11,0,0
27467,2020-03-22,MV,Maldives,SEARO,6,17,0,0
27468,2020-03-29,MV,Maldives,SEARO,-1,16,0,0
27469,2020-04-05,MV,Maldives,SEARO,3,19,0,0
27470,2020-04-12,MV,Maldives,SEARO,1,20,0,0
27471,2020-04-19,MV,Maldives,SEARO,31,51,0,0
27472,2020-04-26,MV,Maldives,SEARO,137,188,0,0
27473,2020-05-03,MV,Maldives,SEARO,339,527,1,1
27474,2020-05-10,MV,Maldives,SEARO,308,835,2,3
27475,2020-05-17,MV,Maldives,SEARO,259,1094,1,4
27476,2020-05-24,MV,Maldives,SEARO,277,1371,0,4
27477,2020-05-31,MV,Maldives,SEARO,301,1672,1,5
27478,2020-06-07,MV,Maldives,SEARO,231,1903,3,8
27479,2020-06-14,MV,Maldives,SEARO,132,2035,0,8
27480,2020-06-21,MV,Maldives,SEARO,168,2203,0,8
27481,2020-06-28,MV,Maldives,SEARO,121,2324,0,8
27482,2020-07-05,MV,Maldives,SEARO,144,2468,3,11
27483,2020-07-12,MV,Maldives,SEARO,263,2731,2,13
27484,2020-07-19,MV,Maldives,SEARO,235,2966,2,15
27485,2020-07-26,MV,Maldives,SEARO,336,3302,0,15
27486,2020-08-02,MV,Maldives,SEARO,862,4164,3,18
27487,2020-08-09,MV,Maldives,SEARO,877,5041,1,19
27488,2020-08-16,MV,Maldives,SEARO,744,5785,3,22
27489,2020-08-23,MV,Maldives,SEARO,994,6779,4,26
27490,2020-08-30,MV,Maldives,SEARO,888,7667,2,28
27491,2020-09-06,MV,Maldives,SEARO,917,8584,1,29
27492,2020-09-13,MV,Maldives,SEARO,589,9173,3,32
27493,2020-09-20,MV,Maldives,SEARO,551,9724,1,33
27494,2020-09-27,MV,Maldives,SEARO,374,10098,1,34
27495,2020-10-04,MV,Maldives,SEARO,432,10530,0,34
27496,2020-10-11,MV,Maldives,SEARO,364,10894,1,35
27497,2020-10-18,MV,Maldives,SEARO,316,11210,2,37
27498,2020-10-25,MV,Maldives,SEARO,295,11505,0,37
27499,2020-11-01,MV,Maldives,SEARO,196,11701,1,38
27500,2020-11-08,MV,Maldives,SEARO,285,11986,2,40
27501,2020-11-15,MV,Maldives,SEARO,218,12204,3,43
27502,2020-11-22,MV,Maldives,SEARO,404,12608,3,46
27503,2020-11-29,MV,Maldives,SEARO,386,12994,0,46
27504,2020-12-06,MV,Maldives,SEARO,204,13198,1,47
27505,2020-12-13,MV,Maldives,SEARO,170,13368,1,48
27506,2020-12-20,MV,Maldives,SEARO,125,13493,0,48
27507,2020-12-27,MV,Maldives,SEARO,151,13644,0,48
27508,2021-01-03,MV,Maldives,SEARO,223,13867,0,48
27509,2021-01-10,MV,Maldives,SEARO,242,14109,1,49
27510,2021-01-17,MV,Maldives,SEARO,404,14513,0,49
27511,2021-01-24,MV,Maldives,SEARO,480,14993,2,51
27512,2021-01-31,MV,Maldives,SEARO,848,15841,1,52
27513,2021-02-07,MV,Maldives,SEARO,942,16783,3,55
27514,2021-02-14,MV,Maldives,SEARO,1045,17828,3,58
27515,2021-02-21,MV,Maldives,SEARO,941,18769,2,60
27516,2021-02-28,MV,Maldives,SEARO,1024,19793,2,62
27517,2021-03-07,MV,Maldives,SEARO,1001,20794,2,64
27518,2021-03-14,MV,Maldives,SEARO,778,21572,0,64
27519,2021-03-21,MV,Maldives,SEARO,941,22513,2,66
27520,2021-03-28,MV,Maldives,SEARO,1011,23524,0,66
27521,2021-04-04,MV,Maldives,SEARO,1259,24783,1,67
27522,2021-04-11,MV,Maldives,SEARO,834,25617,0,67
27523,2021-04-18,MV,Maldives,SEARO,731,26348,3,70
27524,2021-04-25,MV,Maldives,SEARO,1526,27874,1,71
27525,2021-05-02,MV,Maldives,SEARO,2871,30745,3,74
27526,2021-05-09,MV,Maldives,SEARO,5070,35815,10,84
27527,2021-05-16,MV,Maldives,SEARO,8708,44523,13,97
27528,2021-05-23,MV,Maldives,SEARO,11401,55924,32,129
27529,2021-05-30,MV,Maldives,SEARO,7762,63686,29,158
27530,2021-06-06,MV,Maldives,SEARO,4264,67950,27,185
27531,2021-06-13,MV,Maldives,SEARO,2351,70301,12,197
27532,2021-06-20,MV,Maldives,SEARO,1595,71896,9,206
27533,2021-06-27,MV,Maldives,SEARO,1431,73327,3,209
27534,2021-07-04,MV,Maldives,SEARO,1024,74351,4,213
27535,2021-07-11,MV,Maldives,SEARO,720,75071,1,214
27536,2021-07-18,MV,Maldives,SEARO,808,75879,2,216
27537,2021-07-25,MV,Maldives,SEARO,871,76750,3,219
27538,2021-08-01,MV,Maldives,SEARO,797,77547,2,221
27539,2021-08-08,MV,Maldives,SEARO,809,78356,1,222
27540,2021-08-15,MV,Maldives,SEARO,781,79137,0,222
27541,2021-08-22,MV,Maldives,SEARO,822,79959,1,223
27542,2021-08-29,MV,Maldives,SEARO,832,80791,3,226
27543,2021-09-05,MV,Maldives,SEARO,1188,81979,0,226
27544,2021-09-12,MV,Maldives,SEARO,843,82822,1,227
27545,2021-09-19,MV,Maldives,SEARO,754,83576,2,229
27546,2021-09-26,MV,Maldives,SEARO,786,84362,2,231
27547,2021-10-03,MV,Maldives,SEARO,680,85042,0,231
27548,2021-10-10,MV,Maldives,SEARO,506,85548,3,234
27549,2021-10-17,MV,Maldives,SEARO,617,86165,4,238
27550,2021-10-24,MV,Maldives,SEARO,757,86922,2,240
27551,2021-10-31,MV,Maldives,SEARO,862,87784,3,243
27552,2021-11-07,MV,Maldives,SEARO,1033,88817,2,245
27553,2021-11-14,MV,Maldives,SEARO,1023,89840,2,247
27554,2021-11-21,MV,Maldives,SEARO,885,90725,1,248
27555,2021-11-28,MV,Maldives,SEARO,739,91464,0,248
27556,2021-12-05,MV,Maldives,SEARO,747,92211,6,254
27557,2021-12-12,MV,Maldives,SEARO,908,93119,4,258
27558,2021-12-19,MV,Maldives,SEARO,838,93957,1,259
27559,2021-12-26,MV,Maldives,SEARO,907,94864,2,261
27560,2022-01-02,MV,Maldives,SEARO,1188,96052,1,262
27561,2022-01-09,MV,Maldives,SEARO,2000,98052,2,264
27562,2022-01-16,MV,Maldives,SEARO,5529,103581,1,265
27563,2022-01-23,MV,Maldives,SEARO,13880,117461,5,270
27564,2022-01-30,MV,Maldives,SEARO,18665,136126,5,275
27565,2022-02-06,MV,Maldives,SEARO,14211,150337,8,283
27566,2022-02-13,MV,Maldives,SEARO,8724,159061,6,289
27567,2022-02-20,MV,Maldives,SEARO,6012,165073,2,291
27568,2022-02-27,MV,Maldives,SEARO,4559,169632,6,297
27569,2022-03-06,MV,Maldives,SEARO,2944,172576,0,297
27570,2022-03-13,MV,Maldives,SEARO,2082,174658,0,297
27571,2022-03-20,MV,Maldives,SEARO,1341,175999,0,297
27572,2022-03-27,MV,Maldives,SEARO,1104,177103,1,298
27573,2022-04-03,MV,Maldives,SEARO,656,177759,0,298
27574,2022-04-10,MV,Maldives,SEARO,718,178477,0,298
27575,2022-04-17,MV,Maldives,SEARO,441,178918,0,298
27576,2022-04-24,MV,Maldives,SEARO,282,179200,0,298
27577,2022-05-01,MV,Maldives,SEARO,179,179379,0,298
27578,2022-05-08,MV,Maldives,SEARO,123,179502,0,298
27579,2022-05-15,MV,Maldives,SEARO,67,179569,0,298
27580,2022-05-22,MV,Maldives,SEARO,101,179670,0,298
27581,2022-05-29,MV,Maldives,SEARO,95,179765,0,298
27582,2022-06-05,MV,Maldives,SEARO,90,179855,1,299
27583,2022-06-12,MV,Maldives,SEARO,160,180015,0,299
27584,2022-06-19,MV,Maldives,SEARO,528,180543,1,300
27585,2022-06-26,MV,Maldives,SEARO,1043,181586,5,305
27586,2022-07-03,MV,Maldives,SEARO,1134,182720,1,306
27587,2022-07-10,MV,Maldives,SEARO,771,183491,1,307
27588,2022-07-17,MV,Maldives,SEARO,417,183908,0,307
27589,2022-07-24,MV,Maldives,SEARO,394,184302,0,307
27590,2022-07-31,MV,Maldives,SEARO,183,184485,0,307
27591,2022-08-07,MV,Maldives,SEARO,106,184591,0,307
27592,2022-08-14,MV,Maldives,SEARO,98,184689,0,307
27593,2022-08-21,MV,Maldives,SEARO,99,184788,0,307
27594,2022-08-28,MV,Maldives,SEARO,68,184856,1,308
27595,2022-09-04,MV,Maldives,SEARO,68,184924,0,308
27596,2022-09-11,MV,Maldives,SEARO,42,184966,0,308
27597,2022-09-18,MV,Maldives,SEARO,38,185004,0,308
27598,2022-09-25,MV,Maldives,SEARO,38,185042,0,308
27599,2022-10-02,MV,Maldives,SEARO,40,185082,0,308
27600,2022-10-09,MV,Maldives,SEARO,43,185125,0,308
27601,2022-10-16,MV,Maldives,SEARO,69,185194,0,308
27602,2022-10-23,MV,Maldives,SEARO,86,185280,0,308
27603,2022-10-30,MV,Maldives,SEARO,84,185364,0,308
27604,2022-11-06,MV,Maldives,SEARO,90,185454,1,309
27605,2022-11-13,MV,Maldives,SEARO,95,185549,1,310
27606,2022-11-20,MV,Maldives,SEARO,35,185584,1,311
27607,2022-11-27,MV,Maldives,SEARO,34,185618,0,311
27608,2022-12-04,MV,Maldives,SEARO,14,185632,0,311
27609,2022-12-11,MV,Maldives,SEARO,19,185651,0,311
27610,2022-12-18,MV,Maldives,SEARO,15,185666,0,311
27611,2022-12-25,MV,Maldives,SEARO,12,185678,0,311
27612,2023-01-01,MV,Maldives,SEARO,15,185693,0,311
27613,2023-01-08,MV,Maldives,SEARO,9,185702,0,311
27614,2023-01-15,MV,Maldives,SEARO,6,185708,0,311
27615,2023-01-22,MV,Maldives,SEARO,5,185713,0,311
27616,2023-01-29,MV,Maldives,SEARO,2,185715,0,311
27617,2023-02-05,MV,Maldives,SEARO,6,185721,0,311
27618,2023-02-12,MV,Maldives,SEARO,2,185723,0,311
27619,2023-02-19,MV,Maldives,SEARO,6,185729,0,311
27620,2023-02-26,MV,Maldives,SEARO,3,185732,0,311
27621,2023-03-05,MV,Maldives,SEARO,6,185738,0,311
27622,2023-03-12,MV,Maldives,SEARO,6,185744,0,311
27623,2023-03-19,MV,Maldives,SEARO,11,185755,0,311
27624,2023-03-26,MV,Maldives,SEARO,16,185771,0,311
27625,2023-04-02,MV,Maldives,SEARO,39,185810,0,311
27626,2023-04-09,MV,Maldives,SEARO,84,185894,0,311
27627,2023-04-16,MV,Maldives,SEARO,148,186042,0,311
27628,2023-04-23,MV,Maldives,SEARO,199,186241,2,313
27629,2023-04-30,MV,Maldives,SEARO,194,186435,0,313
27630,2023-05-07,MV,Maldives,SEARO,91,186526,1,314
27631,2023-05-14,MV,Maldives,SEARO,63,186589,0,314
27632,2023-05-21,MV,Maldives,SEARO,36,186625,1,315
27633,2023-05-28,MV,Maldives,SEARO,26,186651,0,315
27634,2023-06-04,MV,Maldives,SEARO,21,186672,1,316
27635,2023-06-11,MV,Maldives,SEARO,11,186683,0,316
27636,2023-06-18,MV,Maldives,SEARO,0,186683,0,316
27637,2023-06-25,MV,Maldives,SEARO,0,186683,0,316
27638,2023-07-02,MV,Maldives,SEARO,4,186687,0,316
27639,2023-07-09,MV,Maldives,SEARO,0,186687,0,316
27640,2023-07-16,MV,Maldives,SEARO,0,186687,0,316
27641,2023-07-23,MV,Maldives,SEARO,0,186687,0,316
27642,2023-07-30,MV,Maldives,SEARO,0,186687,0,316
27643,2023-08-06,MV,Maldives,SEARO,7,186694,0,316
27644,2023-08-13,MV,Maldives,SEARO,0,186694,0,316
27645,2023-08-20,MV,Maldives,SEARO,0,186694,0,316
27646,2023-08-27,MV,Maldives,SEARO,0,186694,0,316
27647,2023-09-03,MV,Maldives,SEARO,0,186694,0,316
27648,2023-09-10,MV,Maldives,SEARO,0,186694,0,316
27649,2023-09-17,MV,Maldives,SEARO,0,186694,0,316
27650,2023-09-24,MV,Maldives,SEARO,0,186694,0,316
27651,2023-10-01,MV,Maldives,SEARO,0,186694,0,316
27652,2023-10-08,MV,Maldives,SEARO,0,186694,0,316
27653,2023-10-15,MV,Maldives,SEARO,0,186694,0,316
27654,2023-10-22,MV,Maldives,SEARO,0,186694,0,316
27655,2023-10-29,MV,Maldives,SEARO,0,186694,0,316
27656,2023-11-05,MV,Maldives,SEARO,0,186694,0,316
27657,2023-11-12,MV,Maldives,SEARO,0,186694,0,316
27658,2023-11-19,MV,Maldives,SEARO,0,186694,0,316
27659,2023-11-26,MV,Maldives,SEARO,0,186694,0,316
27660,2023-12-03,MV,Maldives,SEARO,0,186694,0,316
27661,2023-12-10,MV,Maldives,SEARO,0,186694,0,316
27662,2023-12-17,MV,Maldives,SEARO,0,186694,0,316
27663,2023-12-24,MV,Maldives,SEARO,0,186694,0,316
27664,2020-01-05,ML,Mali,AFRO,0,0,0,0
27665,2020-01-12,ML,Mali,AFRO,0,0,0,0
27666,2020-01-19,ML,Mali,AFRO,0,0,0,0
27667,2020-01-26,ML,Mali,AFRO,0,0,0,0
27668,2020-02-02,ML,Mali,AFRO,0,0,0,0
27669,2020-02-09,ML,Mali,AFRO,0,0,0,0
27670,2020-02-16,ML,Mali,AFRO,0,0,0,0
27671,2020-02-23,ML,Mali,AFRO,0,0,0,0
27672,2020-03-01,ML,Mali,AFRO,0,0,0,0
27673,2020-03-08,ML,Mali,AFRO,0,0,0,0
27674,2020-03-15,ML,Mali,AFRO,0,0,0,0
27675,2020-03-22,ML,Mali,AFRO,0,0,0,0
27676,2020-03-29,ML,Mali,AFRO,17,17,1,1
27677,2020-04-05,ML,Mali,AFRO,22,39,2,3
27678,2020-04-12,ML,Mali,AFRO,66,105,6,9
27679,2020-04-19,ML,Mali,AFRO,111,216,4,13
27680,2020-04-26,ML,Mali,AFRO,154,370,8,21
27681,2020-05-03,ML,Mali,AFRO,174,544,5,26
27682,2020-05-10,ML,Mali,AFRO,148,692,12,38
27683,2020-05-17,ML,Mali,AFRO,143,835,10,48
27684,2020-05-24,ML,Mali,AFRO,178,1013,15,63
27685,2020-05-31,ML,Mali,AFRO,235,1248,13,76
27686,2020-06-07,ML,Mali,AFRO,273,1521,14,90
27687,2020-06-14,ML,Mali,AFRO,253,1774,14,104
27688,2020-06-21,ML,Mali,AFRO,157,1931,5,109
27689,2020-06-28,ML,Mali,AFRO,127,2058,4,113
27690,2020-07-05,ML,Mali,AFRO,202,2260,5,118
27691,2020-07-12,ML,Mali,AFRO,31,2291,3,121
27692,2020-07-19,ML,Mali,AFRO,66,2357,0,121
27693,2020-07-26,ML,Mali,AFRO,31,2388,2,123
27694,2020-08-02,ML,Mali,AFRO,32,2420,1,124
27695,2020-08-09,ML,Mali,AFRO,30,2450,1,125
27696,2020-08-16,ML,Mali,AFRO,162,2612,0,125
27697,2020-08-23,ML,Mali,AFRO,87,2699,0,125
27698,2020-08-30,ML,Mali,AFRO,58,2757,1,126
27699,2020-09-06,ML,Mali,AFRO,76,2833,0,126
27700,2020-09-13,ML,Mali,AFRO,83,2916,2,128
27701,2020-09-20,ML,Mali,AFRO,90,3006,0,128
27702,2020-09-27,ML,Mali,AFRO,74,3080,2,130
27703,2020-10-04,ML,Mali,AFRO,90,3170,1,131
27704,2020-10-11,ML,Mali,AFRO,103,3273,1,132
27705,2020-10-18,ML,Mali,AFRO,106,3379,0,132
27706,2020-10-25,ML,Mali,AFRO,93,3472,0,132
27707,2020-11-01,ML,Mali,AFRO,82,3554,4,136
27708,2020-11-08,ML,Mali,AFRO,122,3676,1,137
27709,2020-11-15,ML,Mali,AFRO,192,3868,2,139
27710,2020-11-22,ML,Mali,AFRO,338,4206,4,143
27711,2020-11-29,ML,Mali,AFRO,453,4659,6,149
27712,2020-12-06,ML,Mali,AFRO,403,5062,14,163
27713,2020-12-13,ML,Mali,AFRO,659,5721,26,189
27714,2020-12-20,ML,Mali,AFRO,443,6164,31,220
27715,2020-12-27,ML,Mali,AFRO,410,6574,30,250
27716,2021-01-03,ML,Mali,AFRO,652,7226,26,276
27717,2021-01-10,ML,Mali,AFRO,339,7565,19,295
27718,2021-01-17,ML,Mali,AFRO,258,7823,13,308
27719,2021-01-24,ML,Mali,AFRO,142,7965,15,323
27720,2021-01-31,ML,Mali,AFRO,104,8069,7,330
27721,2021-02-07,ML,Mali,AFRO,91,8160,8,338
27722,2021-02-14,ML,Mali,AFRO,66,8226,4,342
27723,2021-02-21,ML,Mali,AFRO,66,8292,5,347
27724,2021-02-28,ML,Mali,AFRO,73,8365,5,352
27725,2021-03-07,ML,Mali,AFRO,195,8560,6,358
27726,2021-03-14,ML,Mali,AFRO,302,8862,2,360
27727,2021-03-21,ML,Mali,AFRO,408,9270,2,362
27728,2021-03-28,ML,Mali,AFRO,503,9773,14,376
27729,2021-04-04,ML,Mali,AFRO,659,10432,15,391
27730,2021-04-11,ML,Mali,AFRO,1273,11705,14,405
27731,2021-04-18,ML,Mali,AFRO,1275,12980,24,429
27732,2021-04-25,ML,Mali,AFRO,580,13560,33,462
27733,2021-05-02,ML,Mali,AFRO,336,13896,23,485
27734,2021-05-09,ML,Mali,AFRO,186,14082,14,499
27735,2021-05-16,ML,Mali,AFRO,94,14176,12,511
27736,2021-05-23,ML,Mali,AFRO,64,14240,2,513
27737,2021-05-30,ML,Mali,AFRO,25,14265,4,517
27738,2021-06-06,ML,Mali,AFRO,31,14296,1,518
27739,2021-06-13,ML,Mali,AFRO,53,14349,5,523
27740,2021-06-20,ML,Mali,AFRO,31,14380,1,524
27741,2021-06-27,ML,Mali,AFRO,34,14414,1,525
27742,2021-07-04,ML,Mali,AFRO,24,14438,1,526
27743,2021-07-11,ML,Mali,AFRO,23,14461,2,528
27744,2021-07-18,ML,Mali,AFRO,48,14509,2,530
27745,2021-07-25,ML,Mali,AFRO,31,14540,0,530
27746,2021-08-01,ML,Mali,AFRO,44,14584,2,532
27747,2021-08-08,ML,Mali,AFRO,53,14637,2,534
27748,2021-08-15,ML,Mali,AFRO,55,14692,0,534
27749,2021-08-22,ML,Mali,AFRO,57,14749,2,536
27750,2021-08-29,ML,Mali,AFRO,97,14846,3,539
27751,2021-09-05,ML,Mali,AFRO,84,14930,2,541
27752,2021-09-12,ML,Mali,AFRO,51,14981,2,543
27753,2021-09-19,ML,Mali,AFRO,79,15060,2,545
27754,2021-09-26,ML,Mali,AFRO,93,15153,2,547
27755,2021-10-03,ML,Mali,AFRO,125,15278,2,549
27756,2021-10-10,ML,Mali,AFRO,172,15450,4,553
27757,2021-10-17,ML,Mali,AFRO,153,15603,4,557
27758,2021-10-24,ML,Mali,AFRO,206,15809,1,558
27759,2021-10-31,ML,Mali,AFRO,229,16038,5,563
27760,2021-11-07,ML,Mali,AFRO,304,16342,11,574
27761,2021-11-14,ML,Mali,AFRO,301,16643,11,585
27762,2021-11-21,ML,Mali,AFRO,276,16919,6,591
27763,2021-11-28,ML,Mali,AFRO,381,17300,12,603
27764,2021-12-05,ML,Mali,AFRO,512,17812,14,617
27765,2021-12-12,ML,Mali,AFRO,692,18504,11,628
27766,2021-12-19,ML,Mali,AFRO,688,19192,11,639
27767,2021-12-26,ML,Mali,AFRO,819,20011,14,653
27768,2022-01-02,ML,Mali,AFRO,1367,21378,15,668
27769,2022-01-09,ML,Mali,AFRO,3819,25197,4,672
27770,2022-01-16,ML,Mali,AFRO,3124,28321,16,688
27771,2022-01-23,ML,Mali,AFRO,1276,29597,16,704
27772,2022-01-30,ML,Mali,AFRO,411,30008,7,711
27773,2022-02-06,ML,Mali,AFRO,148,30156,4,715
27774,2022-02-13,ML,Mali,AFRO,95,30251,0,715
27775,2022-02-20,ML,Mali,AFRO,87,30338,2,717
27776,2022-02-27,ML,Mali,AFRO,33,30371,5,722
27777,2022-03-06,ML,Mali,AFRO,27,30398,2,724
27778,2022-03-13,ML,Mali,AFRO,16,30414,2,726
27779,2022-03-20,ML,Mali,AFRO,34,30448,1,727
27780,2022-03-27,ML,Mali,AFRO,22,30470,0,727
27781,2022-04-03,ML,Mali,AFRO,23,30493,1,728
27782,2022-04-10,ML,Mali,AFRO,53,30546,1,729
27783,2022-04-17,ML,Mali,AFRO,105,30651,0,729
27784,2022-04-24,ML,Mali,AFRO,76,30727,2,731
27785,2022-05-01,ML,Mali,AFRO,106,30833,1,732
27786,2022-05-08,ML,Mali,AFRO,94,30927,1,733
27787,2022-05-15,ML,Mali,AFRO,76,31003,0,733
27788,2022-05-22,ML,Mali,AFRO,51,31054,1,734
27789,2022-05-29,ML,Mali,AFRO,34,31088,0,734
27790,2022-06-05,ML,Mali,AFRO,21,31109,1,735
27791,2022-06-12,ML,Mali,AFRO,13,31122,0,735
27792,2022-06-19,ML,Mali,AFRO,15,31137,1,736
27793,2022-06-26,ML,Mali,AFRO,16,31153,1,737
27794,2022-07-03,ML,Mali,AFRO,18,31171,0,737
27795,2022-07-10,ML,Mali,AFRO,15,31186,0,737
27796,2022-07-17,ML,Mali,AFRO,12,31198,0,737
27797,2022-07-24,ML,Mali,AFRO,14,31212,0,737
27798,2022-07-31,ML,Mali,AFRO,10,31222,2,739
27799,2022-08-07,ML,Mali,AFRO,14,31236,0,739
27800,2022-08-14,ML,Mali,AFRO,8,31244,0,739
27801,2022-08-21,ML,Mali,AFRO,15,31259,0,739
27802,2022-08-28,ML,Mali,AFRO,55,31314,0,739
27803,2022-09-04,ML,Mali,AFRO,262,31576,0,739
27804,2022-09-11,ML,Mali,AFRO,629,32205,0,739
27805,2022-09-18,ML,Mali,AFRO,292,32497,0,739
27806,2022-09-25,ML,Mali,AFRO,104,32601,2,741
27807,2022-10-02,ML,Mali,AFRO,40,32641,1,742
27808,2022-10-09,ML,Mali,AFRO,56,32697,0,742
27809,2022-10-16,ML,Mali,AFRO,9,32706,0,742
27810,2022-10-23,ML,Mali,AFRO,9,32715,0,742
27811,2022-10-30,ML,Mali,AFRO,16,32731,0,742
27812,2022-11-06,ML,Mali,AFRO,7,32738,0,742
27813,2022-11-13,ML,Mali,AFRO,7,32745,0,742
27814,2022-11-20,ML,Mali,AFRO,10,32755,0,742
27815,2022-11-27,ML,Mali,AFRO,3,32758,0,742
27816,2022-12-04,ML,Mali,AFRO,2,32760,0,742
27817,2022-12-11,ML,Mali,AFRO,3,32763,0,742
27818,2022-12-18,ML,Mali,AFRO,4,32767,1,743
27819,2022-12-25,ML,Mali,AFRO,1,32768,0,743
27820,2023-01-01,ML,Mali,AFRO,2,32770,0,743
27821,2023-01-08,ML,Mali,AFRO,1,32771,0,743
27822,2023-01-15,ML,Mali,AFRO,1,32772,0,743
27823,2023-01-22,ML,Mali,AFRO,3,32775,0,743
27824,2023-01-29,ML,Mali,AFRO,3,32778,0,743
27825,2023-02-05,ML,Mali,AFRO,12,32790,0,743
27826,2023-02-12,ML,Mali,AFRO,43,32833,0,743
27827,2023-02-19,ML,Mali,AFRO,62,32895,0,743
27828,2023-02-26,ML,Mali,AFRO,102,32997,0,743
27829,2023-03-05,ML,Mali,AFRO,57,33054,0,743
27830,2023-03-12,ML,Mali,AFRO,11,33065,0,743
27831,2023-03-19,ML,Mali,AFRO,9,33074,0,743
27832,2023-03-26,ML,Mali,AFRO,32,33106,0,743
27833,2023-04-02,ML,Mali,AFRO,11,33117,0,743
27834,2023-04-09,ML,Mali,AFRO,5,33122,0,743
27835,2023-04-16,ML,Mali,AFRO,12,33134,0,743
27836,2023-04-23,ML,Mali,AFRO,10,33144,0,743
27837,2023-04-30,ML,Mali,AFRO,0,33144,0,743
27838,2023-05-07,ML,Mali,AFRO,0,33144,0,743
27839,2023-05-14,ML,Mali,AFRO,3,33147,0,743
27840,2023-05-21,ML,Mali,AFRO,1,33148,0,743
27841,2023-05-28,ML,Mali,AFRO,0,33148,0,743
27842,2023-06-04,ML,Mali,AFRO,2,33150,0,743
27843,2023-06-11,ML,Mali,AFRO,0,33150,0,743
27844,2023-06-18,ML,Mali,AFRO,0,33150,0,743
27845,2023-06-25,ML,Mali,AFRO,1,33151,0,743
27846,2023-07-02,ML,Mali,AFRO,0,33151,0,743
27847,2023-07-09,ML,Mali,AFRO,0,33151,0,743
27848,2023-07-16,ML,Mali,AFRO,0,33151,0,743
27849,2023-07-23,ML,Mali,AFRO,0,33151,0,743
27850,2023-07-30,ML,Mali,AFRO,0,33151,0,743
27851,2023-08-06,ML,Mali,AFRO,0,33151,0,743
27852,2023-08-13,ML,Mali,AFRO,0,33151,0,743
27853,2023-08-20,ML,Mali,AFRO,1,33152,0,743
27854,2023-08-27,ML,Mali,AFRO,1,33153,0,743
27855,2023-09-03,ML,Mali,AFRO,0,33153,0,743
27856,2023-09-10,ML,Mali,AFRO,1,33154,0,743
27857,2023-09-17,ML,Mali,AFRO,3,33157,0,743
27858,2023-09-24,ML,Mali,AFRO,0,33157,0,743
27859,2023-10-01,ML,Mali,AFRO,0,33157,0,743
27860,2023-10-08,ML,Mali,AFRO,0,33157,0,743
27861,2023-10-15,ML,Mali,AFRO,1,33158,0,743
27862,2023-10-22,ML,Mali,AFRO,1,33159,0,743
27863,2023-10-29,ML,Mali,AFRO,1,33160,0,743
27864,2023-11-05,ML,Mali,AFRO,1,33161,0,743
27865,2023-11-12,ML,Mali,AFRO,0,33161,0,743
27866,2023-11-19,ML,Mali,AFRO,0,33161,0,743
27867,2023-11-26,ML,Mali,AFRO,0,33161,0,743
27868,2023-12-03,ML,Mali,AFRO,1,33162,0,743
27869,2023-12-10,ML,Mali,AFRO,0,33162,0,743
27870,2023-12-17,ML,Mali,AFRO,0,33162,0,743
27871,2023-12-24,ML,Mali,AFRO,0,33162,0,743
27872,2020-01-05,MT,Malta,EURO,0,0,0,0
27873,2020-01-12,MT,Malta,EURO,0,0,0,0
27874,2020-01-19,MT,Malta,EURO,0,0,0,0
27875,2020-01-26,MT,Malta,EURO,0,0,0,0
27876,2020-02-02,MT,Malta,EURO,0,0,0,0
27877,2020-02-09,MT,Malta,EURO,0,0,0,0
27878,2020-02-16,MT,Malta,EURO,0,0,0,0
27879,2020-02-23,MT,Malta,EURO,0,0,0,0
27880,2020-03-01,MT,Malta,EURO,0,0,0,0
27881,2020-03-08,MT,Malta,EURO,3,3,0,0
27882,2020-03-15,MT,Malta,EURO,28,31,0,0
27883,2020-03-22,MT,Malta,EURO,78,109,0,0
27884,2020-03-29,MT,Malta,EURO,50,159,0,0
27885,2020-04-05,MT,Malta,EURO,79,238,0,0
27886,2020-04-12,MT,Malta,EURO,149,387,3,3
27887,2020-04-19,MT,Malta,EURO,44,431,0,3
27888,2020-04-26,MT,Malta,EURO,20,451,1,4
27889,2020-05-03,MT,Malta,EURO,30,481,0,4
27890,2020-05-10,MT,Malta,EURO,23,504,1,5
27891,2020-05-17,MT,Malta,EURO,54,558,1,6
27892,2020-05-24,MT,Malta,EURO,56,614,0,6
27893,2020-05-31,MT,Malta,EURO,7,621,3,9
27894,2020-06-07,MT,Malta,EURO,11,632,0,9
27895,2020-06-14,MT,Malta,EURO,21,653,0,9
27896,2020-06-21,MT,Malta,EURO,15,668,0,9
27897,2020-06-28,MT,Malta,EURO,5,673,0,9
27898,2020-07-05,MT,Malta,EURO,2,675,0,9
27899,2020-07-12,MT,Malta,EURO,2,677,0,9
27900,2020-07-19,MT,Malta,EURO,3,680,0,9
27901,2020-07-26,MT,Malta,EURO,24,704,0,9
27902,2020-08-02,MT,Malta,EURO,167,871,0,9
27903,2020-08-09,MT,Malta,EURO,243,1114,0,9
27904,2020-08-16,MT,Malta,EURO,368,1482,0,9
27905,2020-08-23,MT,Malta,EURO,295,1777,1,10
27906,2020-08-30,MT,Malta,EURO,249,2026,2,12
27907,2020-09-06,MT,Malta,EURO,233,2259,3,15
27908,2020-09-13,MT,Malta,EURO,326,2585,1,16
27909,2020-09-20,MT,Malta,EURO,376,2961,6,22
27910,2020-09-27,MT,Malta,EURO,230,3191,11,33
27911,2020-10-04,MT,Malta,EURO,320,3511,7,40
27912,2020-10-11,MT,Malta,EURO,519,4030,4,44
27913,2020-10-18,MT,Malta,EURO,891,4921,2,46
27914,2020-10-25,MT,Malta,EURO,841,5762,8,54
27915,2020-11-01,MT,Malta,EURO,800,6562,11,65
27916,2020-11-08,MT,Malta,EURO,871,7433,16,81
27917,2020-11-15,MT,Malta,EURO,907,8340,21,102
27918,2020-11-22,MT,Malta,EURO,854,9194,15,117
27919,2020-11-29,MT,Malta,EURO,871,10065,26,143
27920,2020-12-06,MT,Malta,EURO,778,10843,14,157
27921,2020-12-13,MT,Malta,EURO,600,11443,23,180
27922,2020-12-20,MT,Malta,EURO,558,12001,22,202
27923,2020-12-27,MT,Malta,EURO,615,12616,25,227
27924,2021-01-03,MT,Malta,EURO,925,13541,6,233
27925,2021-01-10,MT,Malta,EURO,1286,14827,8,241
27926,2021-01-17,MT,Malta,EURO,1211,16038,12,253
27927,2021-01-24,MT,Malta,EURO,1133,17171,16,269
27928,2021-01-31,MT,Malta,EURO,1143,18314,15,284
27929,2021-02-07,MT,Malta,EURO,704,19018,14,298
27930,2021-02-14,MT,Malta,EURO,1128,20146,15,313
27931,2021-02-21,MT,Malta,EURO,1133,21279,12,325
27932,2021-02-28,MT,Malta,EURO,1607,22886,10,335
27933,2021-03-07,MT,Malta,EURO,1904,24790,20,355
27934,2021-03-14,MT,Malta,EURO,2094,26884,10,365
27935,2021-03-21,MT,Malta,EURO,1572,28456,21,386
27936,2021-03-28,MT,Malta,EURO,617,29073,18,404
27937,2021-04-04,MT,Malta,EURO,340,29413,11,415
27938,2021-04-11,MT,Malta,EURO,380,29793,3,418
27939,2021-04-18,MT,Malta,EURO,362,30155,8,426
27940,2021-04-25,MT,Malta,EURO,165,30320,5,431
27941,2021-05-02,MT,Malta,EURO,166,30486,0,431
27942,2021-05-09,MT,Malta,EURO,105,30591,0,431
27943,2021-05-16,MT,Malta,EURO,56,30647,1,432
27944,2021-05-23,MT,Malta,EURO,23,30670,0,432
27945,2021-05-30,MT,Malta,EURO,29,30699,2,434
27946,2021-06-06,MT,Malta,EURO,35,30734,0,434
27947,2021-06-13,MT,Malta,EURO,11,30745,0,434
27948,2021-06-20,MT,Malta,EURO,16,30761,1,435
27949,2021-06-27,MT,Malta,EURO,23,30784,0,435
27950,2021-07-04,MT,Malta,EURO,51,30835,0,435
27951,2021-07-11,MT,Malta,EURO,622,31457,1,436
27952,2021-07-18,MT,Malta,EURO,1383,32840,1,437
27953,2021-07-25,MT,Malta,EURO,1133,33973,1,438
27954,2021-08-01,MT,Malta,EURO,633,34606,2,440
27955,2021-08-08,MT,Malta,EURO,469,35075,4,444
27956,2021-08-15,MT,Malta,EURO,474,35549,4,448
27957,2021-08-22,MT,Malta,EURO,454,36003,5,453
27958,2021-08-29,MT,Malta,EURO,291,36294,5,458
27959,2021-09-05,MT,Malta,EURO,384,36678,5,463
27960,2021-09-12,MT,Malta,EURO,285,36963,5,468
27961,2021-09-19,MT,Malta,EURO,204,37167,5,473
27962,2021-09-26,MT,Malta,EURO,109,37276,1,474
27963,2021-10-03,MT,Malta,EURO,118,37394,3,477
27964,2021-10-10,MT,Malta,EURO,137,37531,0,477
27965,2021-10-17,MT,Malta,EURO,108,37639,1,478
27966,2021-10-24,MT,Malta,EURO,98,37737,1,479
27967,2021-10-31,MT,Malta,EURO,108,37845,2,481
27968,2021-11-07,MT,Malta,EURO,258,38103,0,481
27969,2021-11-14,MT,Malta,EURO,323,38426,0,481
27970,2021-11-21,MT,Malta,EURO,518,38944,2,483
27971,2021-11-28,MT,Malta,EURO,559,39503,5,488
27972,2021-12-05,MT,Malta,EURO,681,40184,0,488
27973,2021-12-12,MT,Malta,EURO,625,40809,3,491
27974,2021-12-19,MT,Malta,EURO,1466,42275,0,491
27975,2021-12-26,MT,Malta,EURO,5161,47436,2,493
27976,2022-01-02,MT,Malta,EURO,8118,55554,5,498
27977,2022-01-09,MT,Malta,EURO,5468,61022,11,509
27978,2022-01-16,MT,Malta,EURO,2968,63990,18,527
27979,2022-01-23,MT,Malta,EURO,2073,66063,26,553
27980,2022-01-30,MT,Malta,EURO,1641,67704,15,568
27981,2022-02-06,MT,Malta,EURO,1428,69132,22,590
27982,2022-02-13,MT,Malta,EURO,823,69955,20,610
27983,2022-02-20,MT,Malta,EURO,637,70592,7,617
27984,2022-02-27,MT,Malta,EURO,540,71132,8,625
27985,2022-03-06,MT,Malta,EURO,664,71796,4,629
27986,2022-03-13,MT,Malta,EURO,962,72758,6,635
27987,2022-03-20,MT,Malta,EURO,1906,74664,8,643
27988,2022-03-27,MT,Malta,EURO,2570,77234,9,652
27989,2022-04-03,MT,Malta,EURO,4491,81725,10,662
27990,2022-04-10,MT,Malta,EURO,4557,86282,21,683
27991,2022-04-17,MT,Malta,EURO,2664,88946,13,696
27992,2022-04-24,MT,Malta,EURO,1764,90710,13,709
27993,2022-05-01,MT,Malta,EURO,1250,91960,10,719
27994,2022-05-08,MT,Malta,EURO,984,92944,11,730
27995,2022-05-15,MT,Malta,EURO,658,93602,4,734
27996,2022-05-22,MT,Malta,EURO,537,94139,4,738
27997,2022-05-29,MT,Malta,EURO,532,94671,4,742
27998,2022-06-05,MT,Malta,EURO,615,95286,2,744
27999,2022-06-12,MT,Malta,EURO,934,96220,3,747
28000,2022-06-19,MT,Malta,EURO,1720,97940,4,751
28001,2022-06-26,MT,Malta,EURO,3160,101100,10,761
28002,2022-07-03,MT,Malta,EURO,3860,104960,8,769
28003,2022-07-10,MT,Malta,EURO,3765,108725,11,780
28004,2022-07-17,MT,Malta,EURO,2275,111000,13,793
28005,2022-07-24,MT,Malta,EURO,1249,112249,13,806
28006,2022-07-31,MT,Malta,EURO,608,112857,9,815
28007,2022-08-07,MT,Malta,EURO,417,113274,1,816
28008,2022-08-14,MT,Malta,EURO,287,113561,2,818
28009,2022-08-21,MT,Malta,EURO,242,113803,2,820
28010,2022-08-28,MT,Malta,EURO,189,113992,2,822
28011,2022-09-04,MT,Malta,EURO,139,114131,1,823
28012,2022-09-11,MT,Malta,EURO,130,114261,0,823
28013,2022-09-18,MT,Malta,EURO,149,114410,2,825
28014,2022-09-25,MT,Malta,EURO,156,114566,0,825
28015,2022-10-02,MT,Malta,EURO,155,114721,2,827
28016,2022-10-09,MT,Malta,EURO,146,114867,0,827
28017,2022-10-16,MT,Malta,EURO,147,115014,0,827
28018,2022-10-23,MT,Malta,EURO,184,115198,2,829
28019,2022-10-30,MT,Malta,EURO,141,115339,0,829
28020,2022-11-06,MT,Malta,EURO,123,115462,0,829
28021,2022-11-13,MT,Malta,EURO,128,115590,0,829
28022,2022-11-20,MT,Malta,EURO,98,115688,0,829
28023,2022-11-27,MT,Malta,EURO,81,115769,1,830
28024,2022-12-04,MT,Malta,EURO,91,115860,0,830
28025,2022-12-11,MT,Malta,EURO,103,115963,0,830
28026,2022-12-18,MT,Malta,EURO,141,116104,2,832
28027,2022-12-25,MT,Malta,EURO,133,116237,2,834
28028,2023-01-01,MT,Malta,EURO,167,116404,4,838
28029,2023-01-08,MT,Malta,EURO,241,116645,4,842
28030,2023-01-15,MT,Malta,EURO,165,116810,1,843
28031,2023-01-22,MT,Malta,EURO,133,116943,2,845
28032,2023-01-29,MT,Malta,EURO,109,117052,0,845
28033,2023-02-05,MT,Malta,EURO,104,117156,2,847
28034,2023-02-12,MT,Malta,EURO,82,117238,0,847
28035,2023-02-19,MT,Malta,EURO,90,117328,1,848
28036,2023-02-26,MT,Malta,EURO,139,117467,0,848
28037,2023-03-05,MT,Malta,EURO,133,117600,1,849
28038,2023-03-12,MT,Malta,EURO,139,117739,0,849
28039,2023-03-19,MT,Malta,EURO,148,117887,2,851
28040,2023-03-26,MT,Malta,EURO,106,117993,1,852
28041,2023-04-02,MT,Malta,EURO,129,118122,0,852
28042,2023-04-09,MT,Malta,EURO,81,118203,1,853
28043,2023-04-16,MT,Malta,EURO,103,118306,1,854
28044,2023-04-23,MT,Malta,EURO,124,118430,1,855
28045,2023-04-30,MT,Malta,EURO,83,118513,0,855
28046,2023-05-07,MT,Malta,EURO,50,118563,0,855
28047,2023-05-14,MT,Malta,EURO,57,118620,0,855
28048,2023-05-21,MT,Malta,EURO,46,118666,1,856
28049,2023-05-28,MT,Malta,EURO,79,118745,1,857
28050,2023-06-04,MT,Malta,EURO,59,118804,2,859
28051,2023-06-11,MT,Malta,EURO,43,118847,1,860
28052,2023-06-18,MT,Malta,EURO,60,118907,1,861
28053,2023-06-25,MT,Malta,EURO,59,118966,0,861
28054,2023-07-02,MT,Malta,EURO,86,119052,3,864
28055,2023-07-09,MT,Malta,EURO,60,119112,1,865
28056,2023-07-16,MT,Malta,EURO,102,119214,3,868
28057,2023-07-23,MT,Malta,EURO,74,119288,1,869
28058,2023-07-30,MT,Malta,EURO,135,119423,3,872
28059,2023-08-06,MT,Malta,EURO,151,119574,1,873
28060,2023-08-13,MT,Malta,EURO,150,119724,2,875
28061,2023-08-20,MT,Malta,EURO,140,119864,1,876
28062,2023-08-27,MT,Malta,EURO,180,120044,1,877
28063,2023-09-03,MT,Malta,EURO,134,120178,1,878
28064,2023-09-10,MT,Malta,EURO,107,120285,2,880
28065,2023-09-17,MT,Malta,EURO,62,120347,1,881
28066,2023-09-24,MT,Malta,EURO,75,120422,1,882
28067,2023-10-01,MT,Malta,EURO,79,120501,0,882
28068,2023-10-08,MT,Malta,EURO,63,120564,1,883
28069,2023-10-15,MT,Malta,EURO,68,120632,0,883
28070,2023-10-22,MT,Malta,EURO,43,120675,2,885
28071,2023-10-29,MT,Malta,EURO,30,120705,0,885
28072,2023-11-05,MT,Malta,EURO,0,120705,0,885
28073,2023-11-12,MT,Malta,EURO,0,120705,0,885
28074,2023-11-19,MT,Malta,EURO,0,120705,0,885
28075,2023-11-26,MT,Malta,EURO,0,120705,0,885
28076,2023-12-03,MT,Malta,EURO,0,120705,0,885
28077,2023-12-10,MT,Malta,EURO,34,120739,0,885
28078,2023-12-17,MT,Malta,EURO,28,120767,0,885
28079,2023-12-24,MT,Malta,EURO,40,120807,1,886
28080,2020-01-05,MH,Marshall Islands,WPRO,0,0,0,0
28081,2020-01-12,MH,Marshall Islands,WPRO,0,0,0,0
28082,2020-01-19,MH,Marshall Islands,WPRO,0,0,0,0
28083,2020-01-26,MH,Marshall Islands,WPRO,0,0,0,0
28084,2020-02-02,MH,Marshall Islands,WPRO,0,0,0,0
28085,2020-02-09,MH,Marshall Islands,WPRO,0,0,0,0
28086,2020-02-16,MH,Marshall Islands,WPRO,0,0,0,0
28087,2020-02-23,MH,Marshall Islands,WPRO,0,0,0,0
28088,2020-03-01,MH,Marshall Islands,WPRO,0,0,0,0
28089,2020-03-08,MH,Marshall Islands,WPRO,0,0,0,0
28090,2020-03-15,MH,Marshall Islands,WPRO,0,0,0,0
28091,2020-03-22,MH,Marshall Islands,WPRO,0,0,0,0
28092,2020-03-29,MH,Marshall Islands,WPRO,0,0,0,0
28093,2020-04-05,MH,Marshall Islands,WPRO,0,0,0,0
28094,2020-04-12,MH,Marshall Islands,WPRO,0,0,0,0
28095,2020-04-19,MH,Marshall Islands,WPRO,0,0,0,0
28096,2020-04-26,MH,Marshall Islands,WPRO,0,0,0,0
28097,2020-05-03,MH,Marshall Islands,WPRO,0,0,0,0
28098,2020-05-10,MH,Marshall Islands,WPRO,0,0,0,0
28099,2020-05-17,MH,Marshall Islands,WPRO,0,0,0,0
28100,2020-05-24,MH,Marshall Islands,WPRO,0,0,0,0
28101,2020-05-31,MH,Marshall Islands,WPRO,0,0,0,0
28102,2020-06-07,MH,Marshall Islands,WPRO,0,0,0,0
28103,2020-06-14,MH,Marshall Islands,WPRO,0,0,0,0
28104,2020-06-21,MH,Marshall Islands,WPRO,0,0,0,0
28105,2020-06-28,MH,Marshall Islands,WPRO,0,0,0,0
28106,2020-07-05,MH,Marshall Islands,WPRO,0,0,0,0
28107,2020-07-12,MH,Marshall Islands,WPRO,0,0,0,0
28108,2020-07-19,MH,Marshall Islands,WPRO,0,0,0,0
28109,2020-07-26,MH,Marshall Islands,WPRO,0,0,0,0
28110,2020-08-02,MH,Marshall Islands,WPRO,0,0,0,0
28111,2020-08-09,MH,Marshall Islands,WPRO,0,0,0,0
28112,2020-08-16,MH,Marshall Islands,WPRO,0,0,0,0
28113,2020-08-23,MH,Marshall Islands,WPRO,0,0,0,0
28114,2020-08-30,MH,Marshall Islands,WPRO,0,0,0,0
28115,2020-09-06,MH,Marshall Islands,WPRO,0,0,0,0
28116,2020-09-13,MH,Marshall Islands,WPRO,0,0,0,0
28117,2020-09-20,MH,Marshall Islands,WPRO,0,0,0,0
28118,2020-09-27,MH,Marshall Islands,WPRO,0,0,0,0
28119,2020-10-04,MH,Marshall Islands,WPRO,0,0,0,0
28120,2020-10-11,MH,Marshall Islands,WPRO,0,0,0,0
28121,2020-10-18,MH,Marshall Islands,WPRO,0,0,0,0
28122,2020-10-25,MH,Marshall Islands,WPRO,0,0,0,0
28123,2020-11-01,MH,Marshall Islands,WPRO,1,1,0,0
28124,2020-11-08,MH,Marshall Islands,WPRO,0,1,0,0
28125,2020-11-15,MH,Marshall Islands,WPRO,0,1,0,0
28126,2020-11-22,MH,Marshall Islands,WPRO,3,4,0,0
28127,2020-11-29,MH,Marshall Islands,WPRO,0,4,0,0
28128,2020-12-06,MH,Marshall Islands,WPRO,0,4,0,0
28129,2020-12-13,MH,Marshall Islands,WPRO,0,4,0,0
28130,2020-12-20,MH,Marshall Islands,WPRO,0,4,0,0
28131,2020-12-27,MH,Marshall Islands,WPRO,0,4,0,0
28132,2021-01-03,MH,Marshall Islands,WPRO,0,4,0,0
28133,2021-01-10,MH,Marshall Islands,WPRO,0,4,0,0
28134,2021-01-17,MH,Marshall Islands,WPRO,0,4,0,0
28135,2021-01-24,MH,Marshall Islands,WPRO,0,4,0,0
28136,2021-01-31,MH,Marshall Islands,WPRO,0,4,0,0
28137,2021-02-07,MH,Marshall Islands,WPRO,0,4,0,0
28138,2021-02-14,MH,Marshall Islands,WPRO,0,4,0,0
28139,2021-02-21,MH,Marshall Islands,WPRO,0,4,0,0
28140,2021-02-28,MH,Marshall Islands,WPRO,0,4,0,0
28141,2021-03-07,MH,Marshall Islands,WPRO,0,4,0,0
28142,2021-03-14,MH,Marshall Islands,WPRO,0,4,0,0
28143,2021-03-21,MH,Marshall Islands,WPRO,0,4,0,0
28144,2021-03-28,MH,Marshall Islands,WPRO,0,4,0,0
28145,2021-04-04,MH,Marshall Islands,WPRO,0,4,0,0
28146,2021-04-11,MH,Marshall Islands,WPRO,0,4,0,0
28147,2021-04-18,MH,Marshall Islands,WPRO,0,4,0,0
28148,2021-04-25,MH,Marshall Islands,WPRO,0,4,0,0
28149,2021-05-02,MH,Marshall Islands,WPRO,0,4,0,0
28150,2021-05-09,MH,Marshall Islands,WPRO,0,4,0,0
28151,2021-05-16,MH,Marshall Islands,WPRO,0,4,0,0
28152,2021-05-23,MH,Marshall Islands,WPRO,0,4,0,0
28153,2021-05-30,MH,Marshall Islands,WPRO,0,4,0,0
28154,2021-06-06,MH,Marshall Islands,WPRO,0,4,0,0
28155,2021-06-13,MH,Marshall Islands,WPRO,0,4,0,0
28156,2021-06-20,MH,Marshall Islands,WPRO,0,4,0,0
28157,2021-06-27,MH,Marshall Islands,WPRO,0,4,0,0
28158,2021-07-04,MH,Marshall Islands,WPRO,0,4,0,0
28159,2021-07-11,MH,Marshall Islands,WPRO,0,4,0,0
28160,2021-07-18,MH,Marshall Islands,WPRO,0,4,0,0
28161,2021-07-25,MH,Marshall Islands,WPRO,0,4,0,0
28162,2021-08-01,MH,Marshall Islands,WPRO,0,4,0,0
28163,2021-08-08,MH,Marshall Islands,WPRO,0,4,0,0
28164,2021-08-15,MH,Marshall Islands,WPRO,0,4,0,0
28165,2021-08-22,MH,Marshall Islands,WPRO,0,4,0,0
28166,2021-08-29,MH,Marshall Islands,WPRO,0,4,0,0
28167,2021-09-05,MH,Marshall Islands,WPRO,0,4,0,0
28168,2021-09-12,MH,Marshall Islands,WPRO,0,4,0,0
28169,2021-09-19,MH,Marshall Islands,WPRO,0,4,0,0
28170,2021-09-26,MH,Marshall Islands,WPRO,0,4,0,0
28171,2021-10-03,MH,Marshall Islands,WPRO,0,4,0,0
28172,2021-10-10,MH,Marshall Islands,WPRO,0,4,0,0
28173,2021-10-17,MH,Marshall Islands,WPRO,0,4,0,0
28174,2021-10-24,MH,Marshall Islands,WPRO,0,4,0,0
28175,2021-10-31,MH,Marshall Islands,WPRO,0,4,0,0
28176,2021-11-07,MH,Marshall Islands,WPRO,0,4,0,0
28177,2021-11-14,MH,Marshall Islands,WPRO,0,4,0,0
28178,2021-11-21,MH,Marshall Islands,WPRO,0,4,0,0
28179,2021-11-28,MH,Marshall Islands,WPRO,0,4,0,0
28180,2021-12-05,MH,Marshall Islands,WPRO,0,4,0,0
28181,2021-12-12,MH,Marshall Islands,WPRO,0,4,0,0
28182,2021-12-19,MH,Marshall Islands,WPRO,0,4,0,0
28183,2021-12-26,MH,Marshall Islands,WPRO,0,4,0,0
28184,2022-01-02,MH,Marshall Islands,WPRO,0,4,0,0
28185,2022-01-09,MH,Marshall Islands,WPRO,0,4,0,0
28186,2022-01-16,MH,Marshall Islands,WPRO,0,4,0,0
28187,2022-01-23,MH,Marshall Islands,WPRO,0,4,0,0
28188,2022-01-30,MH,Marshall Islands,WPRO,3,7,0,0
28189,2022-02-06,MH,Marshall Islands,WPRO,0,7,0,0
28190,2022-02-13,MH,Marshall Islands,WPRO,0,7,0,0
28191,2022-02-20,MH,Marshall Islands,WPRO,0,7,0,0
28192,2022-02-27,MH,Marshall Islands,WPRO,0,7,0,0
28193,2022-03-06,MH,Marshall Islands,WPRO,0,7,0,0
28194,2022-03-13,MH,Marshall Islands,WPRO,0,7,0,0
28195,2022-03-20,MH,Marshall Islands,WPRO,0,7,0,0
28196,2022-03-27,MH,Marshall Islands,WPRO,0,7,0,0
28197,2022-04-03,MH,Marshall Islands,WPRO,0,7,0,0
28198,2022-04-10,MH,Marshall Islands,WPRO,0,7,0,0
28199,2022-04-17,MH,Marshall Islands,WPRO,0,7,0,0
28200,2022-04-24,MH,Marshall Islands,WPRO,8,15,0,0
28201,2022-05-01,MH,Marshall Islands,WPRO,2,17,0,0
28202,2022-05-08,MH,Marshall Islands,WPRO,0,17,0,0
28203,2022-05-15,MH,Marshall Islands,WPRO,0,17,0,0
28204,2022-05-22,MH,Marshall Islands,WPRO,0,17,0,0
28205,2022-05-29,MH,Marshall Islands,WPRO,0,17,0,0
28206,2022-06-05,MH,Marshall Islands,WPRO,1,18,0,0
28207,2022-06-12,MH,Marshall Islands,WPRO,0,18,0,0
28208,2022-06-19,MH,Marshall Islands,WPRO,0,18,0,0
28209,2022-06-26,MH,Marshall Islands,WPRO,0,18,0,0
28210,2022-07-03,MH,Marshall Islands,WPRO,8,26,0,0
28211,2022-07-10,MH,Marshall Islands,WPRO,21,47,0,0
28212,2022-07-17,MH,Marshall Islands,WPRO,2,49,0,0
28213,2022-07-24,MH,Marshall Islands,WPRO,10,59,0,0
28214,2022-07-31,MH,Marshall Islands,WPRO,5,64,0,0
28215,2022-08-07,MH,Marshall Islands,WPRO,4,68,0,0
28216,2022-08-14,MH,Marshall Islands,WPRO,758,826,5,5
28217,2022-08-21,MH,Marshall Islands,WPRO,9086,9912,9,14
28218,2022-08-28,MH,Marshall Islands,WPRO,4885,14797,2,16
28219,2022-09-04,MH,Marshall Islands,WPRO,266,15063,1,17
28220,2022-09-11,MH,Marshall Islands,WPRO,9,15072,0,17
28221,2022-09-18,MH,Marshall Islands,WPRO,141,15213,0,17
28222,2022-09-25,MH,Marshall Islands,WPRO,62,15275,0,17
28223,2022-10-02,MH,Marshall Islands,WPRO,30,15305,0,17
28224,2022-10-09,MH,Marshall Islands,WPRO,0,15305,0,17
28225,2022-10-16,MH,Marshall Islands,WPRO,57,15362,0,17
28226,2022-10-23,MH,Marshall Islands,WPRO,0,15362,0,17
28227,2022-10-30,MH,Marshall Islands,WPRO,13,15375,0,17
28228,2022-11-06,MH,Marshall Islands,WPRO,7,15382,0,17
28229,2022-11-13,MH,Marshall Islands,WPRO,4,15386,0,17
28230,2022-11-20,MH,Marshall Islands,WPRO,115,15501,0,17
28231,2022-11-27,MH,Marshall Islands,WPRO,40,15541,0,17
28232,2022-12-04,MH,Marshall Islands,WPRO,3,15544,0,17
28233,2022-12-11,MH,Marshall Islands,WPRO,0,15544,0,17
28234,2022-12-18,MH,Marshall Islands,WPRO,0,15544,0,17
28235,2022-12-25,MH,Marshall Islands,WPRO,0,15544,0,17
28236,2023-01-01,MH,Marshall Islands,WPRO,0,15544,0,17
28237,2023-01-08,MH,Marshall Islands,WPRO,0,15544,0,17
28238,2023-01-15,MH,Marshall Islands,WPRO,0,15544,0,17
28239,2023-01-22,MH,Marshall Islands,WPRO,0,15544,0,17
28240,2023-01-29,MH,Marshall Islands,WPRO,40,15584,0,17
28241,2023-02-05,MH,Marshall Islands,WPRO,0,15584,0,17
28242,2023-02-12,MH,Marshall Islands,WPRO,6,15590,0,17
28243,2023-02-19,MH,Marshall Islands,WPRO,11,15601,0,17
28244,2023-02-26,MH,Marshall Islands,WPRO,17,15618,0,17
28245,2023-03-05,MH,Marshall Islands,WPRO,31,15649,0,17
28246,2023-03-12,MH,Marshall Islands,WPRO,0,15649,0,17
28247,2023-03-19,MH,Marshall Islands,WPRO,74,15723,0,17
28248,2023-03-26,MH,Marshall Islands,WPRO,0,15723,0,17
28249,2023-04-02,MH,Marshall Islands,WPRO,290,16013,0,17
28250,2023-04-09,MH,Marshall Islands,WPRO,68,16081,0,17
28251,2023-04-16,MH,Marshall Islands,WPRO,0,16081,0,17
28252,2023-04-23,MH,Marshall Islands,WPRO,0,16081,0,17
28253,2023-04-30,MH,Marshall Islands,WPRO,0,16081,0,17
28254,2023-05-07,MH,Marshall Islands,WPRO,0,16081,0,17
28255,2023-05-14,MH,Marshall Islands,WPRO,0,16081,0,17
28256,2023-05-21,MH,Marshall Islands,WPRO,0,16081,0,17
28257,2023-05-28,MH,Marshall Islands,WPRO,0,16081,0,17
28258,2023-06-04,MH,Marshall Islands,WPRO,0,16081,0,17
28259,2023-06-11,MH,Marshall Islands,WPRO,17,16098,0,17
28260,2023-06-18,MH,Marshall Islands,WPRO,0,16098,0,17
28261,2023-06-25,MH,Marshall Islands,WPRO,0,16098,0,17
28262,2023-07-02,MH,Marshall Islands,WPRO,0,16098,0,17
28263,2023-07-09,MH,Marshall Islands,WPRO,0,16098,0,17
28264,2023-07-16,MH,Marshall Islands,WPRO,0,16098,0,17
28265,2023-07-23,MH,Marshall Islands,WPRO,0,16098,0,17
28266,2023-07-30,MH,Marshall Islands,WPRO,0,16098,0,17
28267,2023-08-06,MH,Marshall Islands,WPRO,0,16098,0,17
28268,2023-08-13,MH,Marshall Islands,WPRO,0,16098,0,17
28269,2023-08-20,MH,Marshall Islands,WPRO,0,16098,0,17
28270,2023-08-27,MH,Marshall Islands,WPRO,0,16098,0,17
28271,2023-09-03,MH,Marshall Islands,WPRO,21,16119,0,17
28272,2023-09-10,MH,Marshall Islands,WPRO,14,16133,0,17
28273,2023-09-17,MH,Marshall Islands,WPRO,0,16133,0,17
28274,2023-09-24,MH,Marshall Islands,WPRO,0,16133,0,17
28275,2023-10-01,MH,Marshall Islands,WPRO,0,16133,0,17
28276,2023-10-08,MH,Marshall Islands,WPRO,5,16138,0,17
28277,2023-10-15,MH,Marshall Islands,WPRO,0,16138,0,17
28278,2023-10-22,MH,Marshall Islands,WPRO,0,16138,0,17
28279,2023-10-29,MH,Marshall Islands,WPRO,0,16138,0,17
28280,2023-11-05,MH,Marshall Islands,WPRO,0,16138,0,17
28281,2023-11-12,MH,Marshall Islands,WPRO,0,16138,0,17
28282,2023-11-19,MH,Marshall Islands,WPRO,0,16138,0,17
28283,2023-11-26,MH,Marshall Islands,WPRO,0,16138,0,17
28284,2023-12-03,MH,Marshall Islands,WPRO,0,16138,0,17
28285,2023-12-10,MH,Marshall Islands,WPRO,0,16138,0,17
28286,2023-12-17,MH,Marshall Islands,WPRO,0,16138,0,17
28287,2023-12-24,MH,Marshall Islands,WPRO,0,16138,0,17
28288,2020-01-05,MQ,Martinique,,0,0,0,0
28289,2020-01-12,MQ,Martinique,,0,0,0,0
28290,2020-01-19,MQ,Martinique,,0,0,0,0
28291,2020-01-26,MQ,Martinique,,0,0,0,0
28292,2020-02-02,MQ,Martinique,,0,0,0,0
28293,2020-02-09,MQ,Martinique,,0,0,0,0
28294,2020-02-16,MQ,Martinique,,0,0,0,0
28295,2020-02-23,MQ,Martinique,,0,0,0,0
28296,2020-03-01,MQ,Martinique,,0,0,0,0
28297,2020-03-08,MQ,Martinique,,2,2,0,0
28298,2020-03-15,MQ,Martinique,,5,7,0,0
28299,2020-03-22,MQ,Martinique,,25,32,0,0
28300,2020-03-29,MQ,Martinique,,61,93,1,1
28301,2020-04-05,MQ,Martinique,,52,145,2,3
28302,2020-04-12,MQ,Martinique,,10,155,3,6
28303,2020-04-19,MQ,Martinique,,8,163,6,12
28304,2020-04-26,MQ,Martinique,,7,170,2,14
28305,2020-05-03,MQ,Martinique,,10,180,0,14
28306,2020-05-10,MQ,Martinique,,6,186,0,14
28307,2020-05-17,MQ,Martinique,,6,192,0,14
28308,2020-05-24,MQ,Martinique,,5,197,0,14
28309,2020-05-31,MQ,Martinique,,3,200,0,14
28310,2020-06-07,MQ,Martinique,,2,202,0,14
28311,2020-06-14,MQ,Martinique,,0,202,0,14
28312,2020-06-21,MQ,Martinique,,34,236,0,14
28313,2020-06-28,MQ,Martinique,,6,242,0,14
28314,2020-07-05,MQ,Martinique,,7,249,0,14
28315,2020-07-12,MQ,Martinique,,6,255,1,15
28316,2020-07-19,MQ,Martinique,,7,262,0,15
28317,2020-07-26,MQ,Martinique,,7,269,0,15
28318,2020-08-02,MQ,Martinique,,0,269,0,15
28319,2020-08-09,MQ,Martinique,,67,336,1,16
28320,2020-08-16,MQ,Martinique,,0,336,0,16
28321,2020-08-23,MQ,Martinique,,128,464,0,16
28322,2020-08-30,MQ,Martinique,,132,596,0,16
28323,2020-09-06,MQ,Martinique,,162,758,2,18
28324,2020-09-13,MQ,Martinique,,181,939,0,18
28325,2020-09-20,MQ,Martinique,,183,1122,0,18
28326,2020-09-27,MQ,Martinique,,176,1298,2,20
28327,2020-10-04,MQ,Martinique,,245,1543,1,21
28328,2020-10-11,MQ,Martinique,,308,1851,1,22
28329,2020-10-18,MQ,Martinique,,415,2266,3,25
28330,2020-10-25,MQ,Martinique,,534,2800,2,27
28331,2020-11-01,MQ,Martinique,,1018,3818,4,31
28332,2020-11-08,MQ,Martinique,,397,4215,2,33
28333,2020-11-15,MQ,Martinique,,517,4732,4,37
28334,2020-11-22,MQ,Martinique,,359,5091,2,39
28335,2020-11-29,MQ,Martinique,,322,5413,1,40
28336,2020-12-06,MQ,Martinique,,107,5520,1,41
28337,2020-12-13,MQ,Martinique,,33,5553,0,41
28338,2020-12-20,MQ,Martinique,,81,5634,1,42
28339,2020-12-27,MQ,Martinique,,438,6072,0,42
28340,2021-01-03,MQ,Martinique,,19,6091,1,43
28341,2021-01-10,MQ,Martinique,,26,6117,0,43
28342,2021-01-17,MQ,Martinique,,110,6227,0,43
28343,2021-01-24,MQ,Martinique,,143,6370,1,44
28344,2021-01-31,MQ,Martinique,,0,6370,0,44
28345,2021-02-07,MQ,Martinique,,72,6442,1,45
28346,2021-02-14,MQ,Martinique,,151,6593,0,45
28347,2021-02-21,MQ,Martinique,,0,6593,0,45
28348,2021-02-28,MQ,Martinique,,153,6746,0,45
28349,2021-03-07,MQ,Martinique,,140,6886,2,47
28350,2021-03-14,MQ,Martinique,,151,7037,0,47
28351,2021-03-21,MQ,Martinique,,227,7264,0,47
28352,2021-03-28,MQ,Martinique,,285,7549,3,50
28353,2021-04-04,MQ,Martinique,,614,8163,4,54
28354,2021-04-11,MQ,Martinique,,724,8887,5,59
28355,2021-04-18,MQ,Martinique,,871,9758,7,66
28356,2021-04-25,MQ,Martinique,,733,10491,4,70
28357,2021-05-02,MQ,Martinique,,648,11139,9,79
28358,2021-05-09,MQ,Martinique,,351,11490,8,87
28359,2021-05-16,MQ,Martinique,,179,11669,3,90
28360,2021-05-23,MQ,Martinique,,120,11789,3,93
28361,2021-05-30,MQ,Martinique,,190,11979,2,95
28362,2021-06-06,MQ,Martinique,,81,12060,2,97
28363,2021-06-13,MQ,Martinique,,70,12130,1,98
28364,2021-06-20,MQ,Martinique,,69,12199,0,98
28365,2021-06-27,MQ,Martinique,,87,12286,0,98
28366,2021-07-04,MQ,Martinique,,110,12396,0,98
28367,2021-07-11,MQ,Martinique,,411,12807,0,98
28368,2021-07-18,MQ,Martinique,,2157,14964,4,102
28369,2021-07-25,MQ,Martinique,,2251,17215,2,104
28370,2021-08-01,MQ,Martinique,,5224,22439,25,129
28371,2021-08-08,MQ,Martinique,,4308,26747,38,167
28372,2021-08-15,MQ,Martinique,,3500,30247,54,221
28373,2021-08-22,MQ,Martinique,,3574,33821,57,278
28374,2021-08-29,MQ,Martinique,,2132,35953,133,411
28375,2021-09-05,MQ,Martinique,,2245,38198,76,487
28376,2021-09-12,MQ,Martinique,,1175,39373,69,556
28377,2021-09-19,MQ,Martinique,,866,40239,32,588
28378,2021-09-26,MQ,Martinique,,644,40883,27,615
28379,2021-10-03,MQ,Martinique,,474,41357,17,632
28380,2021-10-10,MQ,Martinique,,561,41918,18,650
28381,2021-10-17,MQ,Martinique,,510,42428,12,662
28382,2021-10-24,MQ,Martinique,,475,42903,11,673
28383,2021-10-31,MQ,Martinique,,444,43347,10,683
28384,2021-11-07,MQ,Martinique,,318,43665,11,694
28385,2021-11-14,MQ,Martinique,,297,43962,6,700
28386,2021-11-21,MQ,Martinique,,656,44618,4,704
28387,2021-11-28,MQ,Martinique,,558,45176,6,710
28388,2021-12-05,MQ,Martinique,,635,45811,14,724
28389,2021-12-12,MQ,Martinique,,599,46410,13,737
28390,2021-12-19,MQ,Martinique,,579,46989,26,763
28391,2021-12-26,MQ,Martinique,,839,47828,12,775
28392,2022-01-02,MQ,Martinique,,2177,50005,9,784
28393,2022-01-09,MQ,Martinique,,1835,51840,4,788
28394,2022-01-16,MQ,Martinique,,13540,65380,17,805
28395,2022-01-23,MQ,Martinique,,11695,77075,16,821
28396,2022-01-30,MQ,Martinique,,10559,87634,11,832
28397,2022-02-06,MQ,Martinique,,8985,96619,10,842
28398,2022-02-13,MQ,Martinique,,8478,105097,15,857
28399,2022-02-20,MQ,Martinique,,5637,110734,4,861
28400,2022-02-27,MQ,Martinique,,3734,114468,33,894
28401,2022-03-06,MQ,Martinique,,3216,117684,1,895
28402,2022-03-13,MQ,Martinique,,13686,131370,9,904
28403,2022-03-20,MQ,Martinique,,6669,138039,5,909
28404,2022-03-27,MQ,Martinique,,5136,143175,3,912
28405,2022-04-03,MQ,Martinique,,2791,145966,4,916
28406,2022-04-10,MQ,Martinique,,2082,148048,2,918
28407,2022-04-17,MQ,Martinique,,1211,149259,0,918
28408,2022-04-24,MQ,Martinique,,818,150077,0,918
28409,2022-05-01,MQ,Martinique,,1895,151972,0,918
28410,2022-05-08,MQ,Martinique,,2022,153994,0,918
28411,2022-05-15,MQ,Martinique,,3298,157292,0,918
28412,2022-05-22,MQ,Martinique,,4871,162163,0,918
28413,2022-05-29,MQ,Martinique,,5353,167516,20,938
28414,2022-06-05,MQ,Martinique,,5367,172883,4,942
28415,2022-06-12,MQ,Martinique,,8000,180883,8,950
28416,2022-06-19,MQ,Martinique,,8076,188959,7,957
28417,2022-06-26,MQ,Martinique,,6953,195912,8,965
28418,2022-07-03,MQ,Martinique,,5299,201211,6,971
28419,2022-07-10,MQ,Martinique,,4050,205261,10,981
28420,2022-07-17,MQ,Martinique,,2742,208003,5,986
28421,2022-07-24,MQ,Martinique,,1855,209858,6,992
28422,2022-07-31,MQ,Martinique,,1714,211572,6,998
28423,2022-08-07,MQ,Martinique,,1330,212902,7,1005
28424,2022-08-14,MQ,Martinique,,987,213889,4,1009
28425,2022-08-21,MQ,Martinique,,836,214725,9,1018
28426,2022-08-28,MQ,Martinique,,857,215582,4,1022
28427,2022-09-04,MQ,Martinique,,0,215582,0,1022
28428,2022-09-11,MQ,Martinique,,3947,219529,14,1036
28429,2022-09-18,MQ,Martinique,,0,219529,0,1036
28430,2022-09-25,MQ,Martinique,,663,220192,6,1042
28431,2022-10-02,MQ,Martinique,,2140,222332,5,1047
28432,2022-10-09,MQ,Martinique,,498,222830,0,1047
28433,2022-10-16,MQ,Martinique,,462,223292,0,1047
28434,2022-10-23,MQ,Martinique,,436,223728,0,1047
28435,2022-10-30,MQ,Martinique,,0,223728,0,1047
28436,2022-11-06,MQ,Martinique,,68,223796,7,1054
28437,2022-11-13,MQ,Martinique,,81,223877,3,1057
28438,2022-11-20,MQ,Martinique,,771,224648,0,1057
28439,2022-11-27,MQ,Martinique,,0,224648,0,1057
28440,2022-12-04,MQ,Martinique,,621,225269,3,1060
28441,2022-12-11,MQ,Martinique,,634,225903,16,1076
28442,2022-12-18,MQ,Martinique,,817,226720,3,1079
28443,2022-12-25,MQ,Martinique,,670,227390,0,1079
28444,2023-01-01,MQ,Martinique,,414,227804,5,1084
28445,2023-01-08,MQ,Martinique,,367,228171,1,1085
28446,2023-01-15,MQ,Martinique,,194,228365,1,1086
28447,2023-01-22,MQ,Martinique,,147,228512,3,1089
28448,2023-01-29,MQ,Martinique,,135,228647,0,1089
28449,2023-02-05,MQ,Martinique,,109,228756,2,1091
28450,2023-02-12,MQ,Martinique,,68,228824,1,1092
28451,2023-02-19,MQ,Martinique,,51,228875,0,1092
28452,2023-02-26,MQ,Martinique,,68,228943,0,1092
28453,2023-03-05,MQ,Martinique,,77,229020,0,1092
28454,2023-03-12,MQ,Martinique,,141,229161,0,1092
28455,2023-03-19,MQ,Martinique,,204,229365,1,1093
28456,2023-03-26,MQ,Martinique,,114,229479,2,1095
28457,2023-04-02,MQ,Martinique,,0,229479,0,1095
28458,2023-04-09,MQ,Martinique,,0,229479,0,1095
28459,2023-04-16,MQ,Martinique,,195,229674,2,1097
28460,2023-04-23,MQ,Martinique,,110,229784,0,1097
28461,2023-04-30,MQ,Martinique,,116,229900,3,1100
28462,2023-05-07,MQ,Martinique,,0,229900,0,1100
28463,2023-05-14,MQ,Martinique,,0,229900,0,1100
28464,2023-05-21,MQ,Martinique,,75,229975,2,1102
28465,2023-05-28,MQ,Martinique,,0,229975,0,1102
28466,2023-06-04,MQ,Martinique,,0,229975,0,1102
28467,2023-06-11,MQ,Martinique,,0,229975,0,1102
28468,2023-06-18,MQ,Martinique,,0,229975,0,1102
28469,2023-06-25,MQ,Martinique,,379,230354,2,1104
28470,2023-07-02,MQ,Martinique,,0,230354,0,1104
28471,2023-07-09,MQ,Martinique,,0,230354,0,1104
28472,2023-07-16,MQ,Martinique,,0,230354,0,1104
28473,2023-07-23,MQ,Martinique,,0,230354,0,1104
28474,2023-07-30,MQ,Martinique,,0,230354,0,1104
28475,2023-08-06,MQ,Martinique,,0,230354,0,1104
28476,2023-08-13,MQ,Martinique,,0,230354,0,1104
28477,2023-08-20,MQ,Martinique,,0,230354,0,1104
28478,2023-08-27,MQ,Martinique,,0,230354,0,1104
28479,2023-09-03,MQ,Martinique,,0,230354,0,1104
28480,2023-09-10,MQ,Martinique,,0,230354,0,1104
28481,2023-09-17,MQ,Martinique,,0,230354,0,1104
28482,2023-09-24,MQ,Martinique,,0,230354,0,1104
28483,2023-10-01,MQ,Martinique,,0,230354,0,1104
28484,2023-10-08,MQ,Martinique,,0,230354,0,1104
28485,2023-10-15,MQ,Martinique,,0,230354,0,1104
28486,2023-10-22,MQ,Martinique,,0,230354,0,1104
28487,2023-10-29,MQ,Martinique,,0,230354,0,1104
28488,2023-11-05,MQ,Martinique,,0,230354,0,1104
28489,2023-11-12,MQ,Martinique,,0,230354,0,1104
28490,2023-11-19,MQ,Martinique,,0,230354,0,1104
28491,2023-11-26,MQ,Martinique,,0,230354,0,1104
28492,2023-12-03,MQ,Martinique,,0,230354,0,1104
28493,2023-12-10,MQ,Martinique,,0,230354,0,1104
28494,2023-12-17,MQ,Martinique,,0,230354,0,1104
28495,2023-12-24,MQ,Martinique,,0,230354,0,1104
28496,2020-01-05,MR,Mauritania,AFRO,0,0,0,0
28497,2020-01-12,MR,Mauritania,AFRO,0,0,0,0
28498,2020-01-19,MR,Mauritania,AFRO,0,0,0,0
28499,2020-01-26,MR,Mauritania,AFRO,0,0,0,0
28500,2020-02-02,MR,Mauritania,AFRO,0,0,0,0
28501,2020-02-09,MR,Mauritania,AFRO,0,0,0,0
28502,2020-02-16,MR,Mauritania,AFRO,0,0,0,0
28503,2020-02-23,MR,Mauritania,AFRO,0,0,0,0
28504,2020-03-01,MR,Mauritania,AFRO,0,0,0,0
28505,2020-03-08,MR,Mauritania,AFRO,0,0,0,0
28506,2020-03-15,MR,Mauritania,AFRO,1,1,0,0
28507,2020-03-22,MR,Mauritania,AFRO,1,2,0,0
28508,2020-03-29,MR,Mauritania,AFRO,3,5,0,0
28509,2020-04-05,MR,Mauritania,AFRO,1,6,149,149
28510,2020-04-12,MR,Mauritania,AFRO,1,7,0,149
28511,2020-04-19,MR,Mauritania,AFRO,0,7,0,149
28512,2020-04-26,MR,Mauritania,AFRO,0,7,0,149
28513,2020-05-03,MR,Mauritania,AFRO,1,8,0,149
28514,2020-05-10,MR,Mauritania,AFRO,0,8,0,149
28515,2020-05-17,MR,Mauritania,AFRO,32,40,0,149
28516,2020-05-24,MR,Mauritania,AFRO,187,227,5,154
28517,2020-05-31,MR,Mauritania,AFRO,256,483,17,171
28518,2020-06-07,MR,Mauritania,AFRO,464,947,26,197
28519,2020-06-14,MR,Mauritania,AFRO,735,1682,34,231
28520,2020-06-21,MR,Mauritania,AFRO,1131,2813,25,256
28521,2020-06-28,MR,Mauritania,AFRO,1212,4025,13,269
28522,2020-07-05,MR,Mauritania,AFRO,802,4827,8,277
28523,2020-07-12,MR,Mauritania,AFRO,448,5275,15,292
28524,2020-07-19,MR,Mauritania,AFRO,538,5813,9,301
28525,2020-07-26,MR,Mauritania,AFRO,338,6151,3,304
28526,2020-08-02,MR,Mauritania,AFRO,168,6319,1,305
28527,2020-08-09,MR,Mauritania,AFRO,191,6510,0,305
28528,2020-08-16,MR,Mauritania,AFRO,183,6693,0,305
28529,2020-08-23,MR,Mauritania,AFRO,201,6894,1,306
28530,2020-08-30,MR,Mauritania,AFRO,124,7018,0,306
28531,2020-09-06,MR,Mauritania,AFRO,116,7134,1,307
28532,2020-09-13,MR,Mauritania,AFRO,140,7274,1,308
28533,2020-09-20,MR,Mauritania,AFRO,91,7365,0,308
28534,2020-09-27,MR,Mauritania,AFRO,97,7462,0,308
28535,2020-10-04,MR,Mauritania,AFRO,55,7517,0,308
28536,2020-10-11,MR,Mauritania,AFRO,33,7550,0,308
28537,2020-10-18,MR,Mauritania,AFRO,57,7607,0,308
28538,2020-10-25,MR,Mauritania,AFRO,56,7663,0,308
28539,2020-11-01,MR,Mauritania,AFRO,54,7717,0,308
28540,2020-11-08,MR,Mauritania,AFRO,97,7814,0,308
28541,2020-11-15,MR,Mauritania,AFRO,134,7948,2,310
28542,2020-11-22,MR,Mauritania,AFRO,340,8288,4,314
28543,2020-11-29,MR,Mauritania,AFRO,259,8547,1,315
28544,2020-12-06,MR,Mauritania,AFRO,812,9359,2,317
28545,2020-12-13,MR,Mauritania,AFRO,1421,10780,17,334
28546,2020-12-20,MR,Mauritania,AFRO,2736,13516,3,337
28547,2020-12-27,MR,Mauritania,AFRO,0,13516,0,337
28548,2021-01-03,MR,Mauritania,AFRO,1161,14677,17,354
28549,2021-01-10,MR,Mauritania,AFRO,752,15429,30,384
28550,2021-01-17,MR,Mauritania,AFRO,570,15999,18,402
28551,2021-01-24,MR,Mauritania,AFRO,398,16397,15,417
28552,2021-01-31,MR,Mauritania,AFRO,211,16608,3,420
28553,2021-02-07,MR,Mauritania,AFRO,184,16792,5,425
28554,2021-02-14,MR,Mauritania,AFRO,173,16965,3,428
28555,2021-02-21,MR,Mauritania,AFRO,118,17083,6,434
28556,2021-02-28,MR,Mauritania,AFRO,104,17187,6,440
28557,2021-03-07,MR,Mauritania,AFRO,122,17309,2,442
28558,2021-03-14,MR,Mauritania,AFRO,115,17424,1,443
28559,2021-03-21,MR,Mauritania,AFRO,163,17587,3,446
28560,2021-03-28,MR,Mauritania,AFRO,169,17756,2,448
28561,2021-04-04,MR,Mauritania,AFRO,161,17917,1,449
28562,2021-04-11,MR,Mauritania,AFRO,95,18012,1,450
28563,2021-04-18,MR,Mauritania,AFRO,109,18121,2,452
28564,2021-04-25,MR,Mauritania,AFRO,71,18192,2,454
28565,2021-05-02,MR,Mauritania,AFRO,237,18429,1,455
28566,2021-05-09,MR,Mauritania,AFRO,207,18636,1,456
28567,2021-05-16,MR,Mauritania,AFRO,170,18806,1,457
28568,2021-05-23,MR,Mauritania,AFRO,308,19114,1,458
28569,2021-05-30,MR,Mauritania,AFRO,349,19463,5,463
28570,2021-06-06,MR,Mauritania,AFRO,322,19785,3,466
28571,2021-06-13,MR,Mauritania,AFRO,255,20040,9,475
28572,2021-06-20,MR,Mauritania,AFRO,274,20314,5,480
28573,2021-06-27,MR,Mauritania,AFRO,290,20604,6,486
28574,2021-07-04,MR,Mauritania,AFRO,423,21027,3,489
28575,2021-07-11,MR,Mauritania,AFRO,563,21590,5,494
28576,2021-07-18,MR,Mauritania,AFRO,918,22508,14,508
28577,2021-07-25,MR,Mauritania,AFRO,1047,23555,20,528
28578,2021-08-01,MR,Mauritania,AFRO,2136,25691,34,562
28579,2021-08-08,MR,Mauritania,AFRO,2266,27957,37,599
28580,2021-08-15,MR,Mauritania,AFRO,1927,29884,37,636
28581,2021-08-22,MR,Mauritania,AFRO,1758,31642,36,672
28582,2021-08-29,MR,Mauritania,AFRO,1516,33158,30,702
28583,2021-09-05,MR,Mauritania,AFRO,953,34111,31,733
28584,2021-09-12,MR,Mauritania,AFRO,660,34771,16,749
28585,2021-09-19,MR,Mauritania,AFRO,557,35328,14,763
28586,2021-09-26,MR,Mauritania,AFRO,491,35819,5,768
28587,2021-10-03,MR,Mauritania,AFRO,295,36114,9,777
28588,2021-10-10,MR,Mauritania,AFRO,273,36387,7,784
28589,2021-10-17,MR,Mauritania,AFRO,258,36645,4,788
28590,2021-10-24,MR,Mauritania,AFRO,265,36910,4,792
28591,2021-10-31,MR,Mauritania,AFRO,312,37222,2,794
28592,2021-11-07,MR,Mauritania,AFRO,437,37659,7,801
28593,2021-11-14,MR,Mauritania,AFRO,410,38069,6,807
28594,2021-11-21,MR,Mauritania,AFRO,514,38583,9,816
28595,2021-11-28,MR,Mauritania,AFRO,532,39115,15,831
28596,2021-12-05,MR,Mauritania,AFRO,395,39510,7,838
28597,2021-12-12,MR,Mauritania,AFRO,268,39778,11,849
28598,2021-12-19,MR,Mauritania,AFRO,249,40027,3,852
28599,2021-12-26,MR,Mauritania,AFRO,426,40453,10,862
28600,2022-01-02,MR,Mauritania,AFRO,1414,41867,8,870
28601,2022-01-09,MR,Mauritania,AFRO,6238,48105,15,885
28602,2022-01-16,MR,Mauritania,AFRO,6288,54393,18,903
28603,2022-01-23,MR,Mauritania,AFRO,2779,57172,21,924
28604,2022-01-30,MR,Mauritania,AFRO,957,58129,25,949
28605,2022-02-06,MR,Mauritania,AFRO,314,58443,15,964
28606,2022-02-13,MR,Mauritania,AFRO,120,58563,8,972
28607,2022-02-20,MR,Mauritania,AFRO,41,58604,4,976
28608,2022-02-27,MR,Mauritania,AFRO,25,58629,3,979
28609,2022-03-06,MR,Mauritania,AFRO,17,58646,1,980
28610,2022-03-13,MR,Mauritania,AFRO,11,58657,1,981
28611,2022-03-20,MR,Mauritania,AFRO,5,58662,0,981
28612,2022-03-27,MR,Mauritania,AFRO,4,58666,1,982
28613,2022-04-03,MR,Mauritania,AFRO,4,58670,0,982
28614,2022-04-10,MR,Mauritania,AFRO,6,58676,0,982
28615,2022-04-17,MR,Mauritania,AFRO,5,58681,0,982
28616,2022-04-24,MR,Mauritania,AFRO,2,58683,0,982
28617,2022-05-01,MR,Mauritania,AFRO,5,58688,0,982
28618,2022-05-08,MR,Mauritania,AFRO,48,58736,0,982
28619,2022-05-15,MR,Mauritania,AFRO,104,58840,0,982
28620,2022-05-22,MR,Mauritania,AFRO,132,58972,0,982
28621,2022-05-29,MR,Mauritania,AFRO,130,59102,0,982
28622,2022-06-05,MR,Mauritania,AFRO,81,59183,0,982
28623,2022-06-12,MR,Mauritania,AFRO,110,59293,0,982
28624,2022-06-19,MR,Mauritania,AFRO,0,59293,0,982
28625,2022-06-26,MR,Mauritania,AFRO,135,59428,0,982
28626,2022-07-03,MR,Mauritania,AFRO,699,60127,2,984
28627,2022-07-10,MR,Mauritania,AFRO,1056,61183,2,986
28628,2022-07-17,MR,Mauritania,AFRO,682,61865,0,986
28629,2022-07-24,MR,Mauritania,AFRO,415,62280,3,989
28630,2022-07-31,MR,Mauritania,AFRO,260,62540,2,991
28631,2022-08-07,MR,Mauritania,AFRO,112,62652,1,992
28632,2022-08-14,MR,Mauritania,AFRO,53,62705,0,992
28633,2022-08-21,MR,Mauritania,AFRO,24,62729,0,992
28634,2022-08-28,MR,Mauritania,AFRO,30,62759,0,992
28635,2022-09-04,MR,Mauritania,AFRO,11,62770,1,993
28636,2022-09-11,MR,Mauritania,AFRO,6,62776,0,993
28637,2022-09-18,MR,Mauritania,AFRO,6,62782,1,994
28638,2022-09-25,MR,Mauritania,AFRO,9,62791,0,994
28639,2022-10-02,MR,Mauritania,AFRO,32,62823,1,995
28640,2022-10-09,MR,Mauritania,AFRO,85,62908,0,995
28641,2022-10-16,MR,Mauritania,AFRO,137,63045,0,995
28642,2022-10-23,MR,Mauritania,AFRO,219,63264,2,997
28643,2022-10-30,MR,Mauritania,AFRO,85,63349,0,997
28644,2022-11-06,MR,Mauritania,AFRO,43,63392,0,997
28645,2022-11-13,MR,Mauritania,AFRO,20,63412,0,997
28646,2022-11-20,MR,Mauritania,AFRO,4,63416,0,997
28647,2022-11-27,MR,Mauritania,AFRO,3,63419,0,997
28648,2022-12-04,MR,Mauritania,AFRO,0,63419,0,997
28649,2022-12-11,MR,Mauritania,AFRO,2,63421,0,997
28650,2022-12-18,MR,Mauritania,AFRO,2,63423,0,997
28651,2022-12-25,MR,Mauritania,AFRO,5,63428,0,997
28652,2023-01-01,MR,Mauritania,AFRO,1,63429,0,997
28653,2023-01-08,MR,Mauritania,AFRO,3,63432,0,997
28654,2023-01-15,MR,Mauritania,AFRO,3,63435,0,997
28655,2023-01-22,MR,Mauritania,AFRO,1,63436,0,997
28656,2023-01-29,MR,Mauritania,AFRO,0,63436,0,997
28657,2023-02-05,MR,Mauritania,AFRO,126,63562,0,997
28658,2023-02-12,MR,Mauritania,AFRO,-124,63438,0,997
28659,2023-02-19,MR,Mauritania,AFRO,0,63438,0,997
28660,2023-02-26,MR,Mauritania,AFRO,0,63438,0,997
28661,2023-03-05,MR,Mauritania,AFRO,1,63439,0,997
28662,2023-03-12,MR,Mauritania,AFRO,1,63440,0,997
28663,2023-03-19,MR,Mauritania,AFRO,0,63440,0,997
28664,2023-03-26,MR,Mauritania,AFRO,25,63465,0,997
28665,2023-04-02,MR,Mauritania,AFRO,50,63515,0,997
28666,2023-04-09,MR,Mauritania,AFRO,47,63562,0,997
28667,2023-04-16,MR,Mauritania,AFRO,20,63582,0,997
28668,2023-04-23,MR,Mauritania,AFRO,27,63609,0,997
28669,2023-04-30,MR,Mauritania,AFRO,8,63617,0,997
28670,2023-05-07,MR,Mauritania,AFRO,36,63653,0,997
28671,2023-05-14,MR,Mauritania,AFRO,10,63663,0,997
28672,2023-05-21,MR,Mauritania,AFRO,6,63669,0,997
28673,2023-05-28,MR,Mauritania,AFRO,12,63681,0,997
28674,2023-06-04,MR,Mauritania,AFRO,14,63695,0,997
28675,2023-06-11,MR,Mauritania,AFRO,5,63700,0,997
28676,2023-06-18,MR,Mauritania,AFRO,7,63707,0,997
28677,2023-06-25,MR,Mauritania,AFRO,3,63710,0,997
28678,2023-07-02,MR,Mauritania,AFRO,0,63710,0,997
28679,2023-07-09,MR,Mauritania,AFRO,2,63712,0,997
28680,2023-07-16,MR,Mauritania,AFRO,0,63712,0,997
28681,2023-07-23,MR,Mauritania,AFRO,0,63712,0,997
28682,2023-07-30,MR,Mauritania,AFRO,0,63712,0,997
28683,2023-08-06,MR,Mauritania,AFRO,0,63712,0,997
28684,2023-08-13,MR,Mauritania,AFRO,1,63713,0,997
28685,2023-08-20,MR,Mauritania,AFRO,1,63714,0,997
28686,2023-08-27,MR,Mauritania,AFRO,0,63714,0,997
28687,2023-09-03,MR,Mauritania,AFRO,2,63716,0,997
28688,2023-09-10,MR,Mauritania,AFRO,14,63730,0,997
28689,2023-09-17,MR,Mauritania,AFRO,16,63746,0,997
28690,2023-09-24,MR,Mauritania,AFRO,11,63757,0,997
28691,2023-10-01,MR,Mauritania,AFRO,0,63757,0,997
28692,2023-10-08,MR,Mauritania,AFRO,0,63757,0,997
28693,2023-10-15,MR,Mauritania,AFRO,2,63759,0,997
28694,2023-10-22,MR,Mauritania,AFRO,2,63761,0,997
28695,2023-10-29,MR,Mauritania,AFRO,0,63761,0,997
28696,2023-11-05,MR,Mauritania,AFRO,1,63762,0,997
28697,2023-11-12,MR,Mauritania,AFRO,0,63762,0,997
28698,2023-11-19,MR,Mauritania,AFRO,0,63762,0,997
28699,2023-11-26,MR,Mauritania,AFRO,2,63764,0,997
28700,2023-12-03,MR,Mauritania,AFRO,0,63764,0,997
28701,2023-12-10,MR,Mauritania,AFRO,4,63768,0,997
28702,2023-12-17,MR,Mauritania,AFRO,0,63768,0,997
28703,2023-12-24,MR,Mauritania,AFRO,0,63768,0,997
28704,2020-01-05,MU,Mauritius,AFRO,0,0,0,0
28705,2020-01-12,MU,Mauritius,AFRO,0,0,0,0
28706,2020-01-19,MU,Mauritius,AFRO,0,0,0,0
28707,2020-01-26,MU,Mauritius,AFRO,0,0,0,0
28708,2020-02-02,MU,Mauritius,AFRO,0,0,0,0
28709,2020-02-09,MU,Mauritius,AFRO,0,0,0,0
28710,2020-02-16,MU,Mauritius,AFRO,0,0,0,0
28711,2020-02-23,MU,Mauritius,AFRO,0,0,0,0
28712,2020-03-01,MU,Mauritius,AFRO,0,0,0,0
28713,2020-03-08,MU,Mauritius,AFRO,0,0,0,0
28714,2020-03-15,MU,Mauritius,AFRO,0,0,0,0
28715,2020-03-22,MU,Mauritius,AFRO,14,14,1,1
28716,2020-03-29,MU,Mauritius,AFRO,88,102,1,2
28717,2020-04-05,MU,Mauritius,AFRO,94,196,5,7
28718,2020-04-12,MU,Mauritius,AFRO,123,319,2,9
28719,2020-04-19,MU,Mauritius,AFRO,6,325,0,9
28720,2020-04-26,MU,Mauritius,AFRO,6,331,0,9
28721,2020-05-03,MU,Mauritius,AFRO,1,332,1,10
28722,2020-05-10,MU,Mauritius,AFRO,0,332,0,10
28723,2020-05-17,MU,Mauritius,AFRO,0,332,0,10
28724,2020-05-24,MU,Mauritius,AFRO,0,332,0,10
28725,2020-05-31,MU,Mauritius,AFRO,3,335,0,10
28726,2020-06-07,MU,Mauritius,AFRO,2,337,0,10
28727,2020-06-14,MU,Mauritius,AFRO,0,337,0,10
28728,2020-06-21,MU,Mauritius,AFRO,0,337,0,10
28729,2020-06-28,MU,Mauritius,AFRO,4,341,0,10
28730,2020-07-05,MU,Mauritius,AFRO,0,341,0,10
28731,2020-07-12,MU,Mauritius,AFRO,1,342,0,10
28732,2020-07-19,MU,Mauritius,AFRO,1,343,0,10
28733,2020-07-26,MU,Mauritius,AFRO,1,344,0,10
28734,2020-08-02,MU,Mauritius,AFRO,0,344,0,10
28735,2020-08-09,MU,Mauritius,AFRO,0,344,0,10
28736,2020-08-16,MU,Mauritius,AFRO,2,346,0,10
28737,2020-08-23,MU,Mauritius,AFRO,0,346,0,10
28738,2020-08-30,MU,Mauritius,AFRO,0,346,0,10
28739,2020-09-06,MU,Mauritius,AFRO,10,356,0,10
28740,2020-09-13,MU,Mauritius,AFRO,5,361,0,10
28741,2020-09-20,MU,Mauritius,AFRO,6,367,0,10
28742,2020-09-27,MU,Mauritius,AFRO,0,367,0,10
28743,2020-10-04,MU,Mauritius,AFRO,18,385,0,10
28744,2020-10-11,MU,Mauritius,AFRO,10,395,0,10
28745,2020-10-18,MU,Mauritius,AFRO,12,407,0,10
28746,2020-10-25,MU,Mauritius,AFRO,28,435,0,10
28747,2020-11-01,MU,Mauritius,AFRO,6,441,0,10
28748,2020-11-08,MU,Mauritius,AFRO,14,455,0,10
28749,2020-11-15,MU,Mauritius,AFRO,15,470,0,10
28750,2020-11-22,MU,Mauritius,AFRO,25,495,0,10
28751,2020-11-29,MU,Mauritius,AFRO,8,503,0,10
28752,2020-12-06,MU,Mauritius,AFRO,2,505,0,10
28753,2020-12-13,MU,Mauritius,AFRO,18,523,0,10
28754,2020-12-20,MU,Mauritius,AFRO,1,524,0,10
28755,2020-12-27,MU,Mauritius,AFRO,3,527,0,10
28756,2021-01-03,MU,Mauritius,AFRO,0,527,0,10
28757,2021-01-10,MU,Mauritius,AFRO,12,539,0,10
28758,2021-01-17,MU,Mauritius,AFRO,8,547,0,10
28759,2021-01-24,MU,Mauritius,AFRO,9,556,0,10
28760,2021-01-31,MU,Mauritius,AFRO,12,568,0,10
28761,2021-02-07,MU,Mauritius,AFRO,16,584,0,10
28762,2021-02-14,MU,Mauritius,AFRO,11,595,0,10
28763,2021-02-21,MU,Mauritius,AFRO,8,603,0,10
28764,2021-02-28,MU,Mauritius,AFRO,7,610,0,10
28765,2021-03-07,MU,Mauritius,AFRO,29,639,0,10
28766,2021-03-14,MU,Mauritius,AFRO,52,691,0,10
28767,2021-03-21,MU,Mauritius,AFRO,121,812,0,10
28768,2021-03-28,MU,Mauritius,AFRO,58,870,0,10
28769,2021-04-04,MU,Mauritius,AFRO,242,1112,2,12
28770,2021-04-11,MU,Mauritius,AFRO,64,1176,0,12
28771,2021-04-18,MU,Mauritius,AFRO,27,1203,3,15
28772,2021-04-25,MU,Mauritius,AFRO,3,1206,1,16
28773,2021-05-02,MU,Mauritius,AFRO,35,1241,1,17
28774,2021-05-09,MU,Mauritius,AFRO,5,1246,0,17
28775,2021-05-16,MU,Mauritius,AFRO,42,1288,0,17
28776,2021-05-23,MU,Mauritius,AFRO,34,1322,0,17
28777,2021-05-30,MU,Mauritius,AFRO,71,1393,0,17
28778,2021-06-06,MU,Mauritius,AFRO,65,1458,1,18
28779,2021-06-13,MU,Mauritius,AFRO,251,1709,0,18
28780,2021-06-20,MU,Mauritius,AFRO,64,1773,0,18
28781,2021-06-27,MU,Mauritius,AFRO,107,1880,0,18
28782,2021-07-04,MU,Mauritius,AFRO,104,1984,0,18
28783,2021-07-11,MU,Mauritius,AFRO,147,2131,0,18
28784,2021-07-18,MU,Mauritius,AFRO,404,2535,1,19
28785,2021-07-25,MU,Mauritius,AFRO,1194,3729,0,19
28786,2021-08-01,MU,Mauritius,AFRO,485,4214,1,20
28787,2021-08-08,MU,Mauritius,AFRO,796,5010,0,20
28788,2021-08-15,MU,Mauritius,AFRO,955,5965,1,21
28789,2021-08-22,MU,Mauritius,AFRO,1849,7814,2,23
28790,2021-08-29,MU,Mauritius,AFRO,2382,10196,6,29
28791,2021-09-05,MU,Mauritius,AFRO,1840,12036,5,34
28792,2021-09-12,MU,Mauritius,AFRO,1253,13289,9,43
28793,2021-09-19,MU,Mauritius,AFRO,4012,17301,11,54
28794,2021-09-26,MU,Mauritius,AFRO,4422,21723,25,79
28795,2021-10-03,MU,Mauritius,AFRO,4076,25799,11,90
28796,2021-10-10,MU,Mauritius,AFRO,3364,29163,20,110
28797,2021-10-17,MU,Mauritius,AFRO,3859,33022,24,134
28798,2021-10-24,MU,Mauritius,AFRO,4618,37640,19,153
28799,2021-10-31,MU,Mauritius,AFRO,6128,43768,23,176
28800,2021-11-07,MU,Mauritius,AFRO,7193,50961,37,213
28801,2021-11-14,MU,Mauritius,AFRO,11906,62867,54,267
28802,2021-11-21,MU,Mauritius,AFRO,9474,72341,105,372
28803,2021-11-28,MU,Mauritius,AFRO,7272,79613,96,468
28804,2021-12-05,MU,Mauritius,AFRO,4470,84083,126,594
28805,2021-12-12,MU,Mauritius,AFRO,2950,87033,72,666
28806,2021-12-19,MU,Mauritius,AFRO,1841,88874,80,746
28807,2021-12-26,MU,Mauritius,AFRO,1216,90090,16,762
28808,2022-01-02,MU,Mauritius,AFRO,1387,91477,24,786
28809,2022-01-09,MU,Mauritius,AFRO,1895,93372,12,798
28810,2022-01-16,MU,Mauritius,AFRO,2438,95810,15,813
28811,2022-01-23,MU,Mauritius,AFRO,3165,98975,9,822
28812,2022-01-30,MU,Mauritius,AFRO,5827,104802,0,822
28813,2022-02-06,MU,Mauritius,AFRO,9768,114570,0,822
28814,2022-02-13,MU,Mauritius,AFRO,14875,129445,19,841
28815,2022-02-20,MU,Mauritius,AFRO,19687,149132,37,878
28816,2022-02-27,MU,Mauritius,AFRO,16531,165663,17,895
28817,2022-03-06,MU,Mauritius,AFRO,13983,179646,9,904
28818,2022-03-13,MU,Mauritius,AFRO,11458,191104,30,934
28819,2022-03-20,MU,Mauritius,AFRO,10686,201790,0,934
28820,2022-03-27,MU,Mauritius,AFRO,7759,209549,34,968
28821,2022-04-03,MU,Mauritius,AFRO,4876,214425,0,968
28822,2022-04-10,MU,Mauritius,AFRO,3450,217875,17,985
28823,2022-04-17,MU,Mauritius,AFRO,2239,220114,5,990
28824,2022-04-24,MU,Mauritius,AFRO,1502,221616,0,990
28825,2022-05-01,MU,Mauritius,AFRO,1107,222723,6,996
28826,2022-05-08,MU,Mauritius,AFRO,965,223688,0,996
28827,2022-05-15,MU,Mauritius,AFRO,901,224589,0,996
28828,2022-05-22,MU,Mauritius,AFRO,1133,225722,0,996
28829,2022-05-29,MU,Mauritius,AFRO,1039,226761,0,996
28830,2022-06-05,MU,Mauritius,AFRO,739,227500,2,998
28831,2022-06-12,MU,Mauritius,AFRO,743,228243,2,1000
28832,2022-06-19,MU,Mauritius,AFRO,1066,229309,1,1001
28833,2022-06-26,MU,Mauritius,AFRO,1416,230725,1,1002
28834,2022-07-03,MU,Mauritius,AFRO,2080,232805,4,1006
28835,2022-07-10,MU,Mauritius,AFRO,2745,235550,1,1007
28836,2022-07-17,MU,Mauritius,AFRO,4294,239844,1,1008
28837,2022-07-24,MU,Mauritius,AFRO,4551,244395,0,1008
28838,2022-07-31,MU,Mauritius,AFRO,3932,248327,6,1014
28839,2022-08-07,MU,Mauritius,AFRO,3080,251407,2,1016
28840,2022-08-14,MU,Mauritius,AFRO,2464,253871,4,1020
28841,2022-08-21,MU,Mauritius,AFRO,2314,256185,0,1020
28842,2022-08-28,MU,Mauritius,AFRO,1937,258122,3,1023
28843,2022-09-04,MU,Mauritius,AFRO,1470,259592,0,1023
28844,2022-09-11,MU,Mauritius,AFRO,1234,260826,1,1024
28845,2022-09-18,MU,Mauritius,AFRO,1077,261903,1,1025
28846,2022-09-25,MU,Mauritius,AFRO,680,262583,1,1026
28847,2022-10-02,MU,Mauritius,AFRO,534,263117,1,1027
28848,2022-10-09,MU,Mauritius,AFRO,587,263704,4,1031
28849,2022-10-16,MU,Mauritius,AFRO,680,264384,1,1032
28850,2022-10-23,MU,Mauritius,AFRO,831,265215,0,1032
28851,2022-10-30,MU,Mauritius,AFRO,1120,266335,0,1032
28852,2022-11-06,MU,Mauritius,AFRO,1787,268122,1,1033
28853,2022-11-13,MU,Mauritius,AFRO,3282,271404,0,1033
28854,2022-11-20,MU,Mauritius,AFRO,4504,275908,1,1034
28855,2022-11-27,MU,Mauritius,AFRO,4740,280648,1,1035
28856,2022-12-04,MU,Mauritius,AFRO,3899,284547,2,1037
28857,2022-12-11,MU,Mauritius,AFRO,3183,287730,1,1038
28858,2022-12-18,MU,Mauritius,AFRO,2098,289828,0,1038
28859,2022-12-25,MU,Mauritius,AFRO,1378,291206,1,1039
28860,2023-01-01,MU,Mauritius,AFRO,1090,292296,2,1041
28861,2023-01-08,MU,Mauritius,AFRO,985,293281,1,1042
28862,2023-01-15,MU,Mauritius,AFRO,734,294015,1,1043
28863,2023-01-22,MU,Mauritius,AFRO,539,294554,0,1043
28864,2023-01-29,MU,Mauritius,AFRO,320,294874,0,1043
28865,2023-02-05,MU,Mauritius,AFRO,258,295132,1,1044
28866,2023-02-12,MU,Mauritius,AFRO,271,295403,0,1044
28867,2023-02-19,MU,Mauritius,AFRO,316,295719,0,1044
28868,2023-02-26,MU,Mauritius,AFRO,34,295753,0,1044
28869,2023-03-05,MU,Mauritius,AFRO,575,296328,0,1044
28870,2023-03-12,MU,Mauritius,AFRO,399,296727,0,1044
28871,2023-03-19,MU,Mauritius,AFRO,143,296870,0,1044
28872,2023-03-26,MU,Mauritius,AFRO,392,297262,0,1044
28873,2023-04-02,MU,Mauritius,AFRO,498,297760,0,1044
28874,2023-04-09,MU,Mauritius,AFRO,339,298099,0,1044
28875,2023-04-16,MU,Mauritius,AFRO,715,298814,0,1044
28876,2023-04-23,MU,Mauritius,AFRO,962,299776,0,1044
28877,2023-04-30,MU,Mauritius,AFRO,1320,301096,2,1046
28878,2023-05-07,MU,Mauritius,AFRO,1599,302695,2,1048
28879,2023-05-14,MU,Mauritius,AFRO,1538,304233,2,1050
28880,2023-05-21,MU,Mauritius,AFRO,1230,305463,0,1050
28881,2023-05-28,MU,Mauritius,AFRO,860,306323,0,1050
28882,2023-06-04,MU,Mauritius,AFRO,646,306969,1,1051
28883,2023-06-11,MU,Mauritius,AFRO,516,307485,1,1052
28884,2023-06-18,MU,Mauritius,AFRO,333,307818,0,1052
28885,2023-06-25,MU,Mauritius,AFRO,226,308044,0,1052
28886,2023-07-02,MU,Mauritius,AFRO,165,308209,1,1053
28887,2023-07-09,MU,Mauritius,AFRO,136,308345,0,1053
28888,2023-07-16,MU,Mauritius,AFRO,138,308483,0,1053
28889,2023-07-23,MU,Mauritius,AFRO,146,308629,0,1053
28890,2023-07-30,MU,Mauritius,AFRO,110,308739,0,1053
28891,2023-08-06,MU,Mauritius,AFRO,85,308824,0,1053
28892,2023-08-13,MU,Mauritius,AFRO,644,309468,1,1054
28893,2023-08-20,MU,Mauritius,AFRO,67,309535,0,1054
28894,2023-08-27,MU,Mauritius,AFRO,79,309614,0,1054
28895,2023-09-03,MU,Mauritius,AFRO,63,309677,0,1054
28896,2023-09-10,MU,Mauritius,AFRO,64,309741,0,1054
28897,2023-09-17,MU,Mauritius,AFRO,45,309786,0,1054
28898,2023-09-24,MU,Mauritius,AFRO,44,309830,0,1054
28899,2023-10-01,MU,Mauritius,AFRO,39,309869,0,1054
28900,2023-10-08,MU,Mauritius,AFRO,48,309917,0,1054
28901,2023-10-15,MU,Mauritius,AFRO,66,309983,0,1054
28902,2023-10-22,MU,Mauritius,AFRO,72,310055,0,1054
28903,2023-10-29,MU,Mauritius,AFRO,127,310182,0,1054
28904,2023-11-05,MU,Mauritius,AFRO,158,310340,0,1054
28905,2023-11-12,MU,Mauritius,AFRO,317,310657,1,1055
28906,2023-11-19,MU,Mauritius,AFRO,808,311465,0,1055
28907,2023-11-26,MU,Mauritius,AFRO,1507,312972,1,1056
28908,2023-12-03,MU,Mauritius,AFRO,2128,315100,0,1056
28909,2023-12-10,MU,Mauritius,AFRO,3091,318191,1,1057
28910,2023-12-17,MU,Mauritius,AFRO,0,318191,0,1057
28911,2023-12-24,MU,Mauritius,AFRO,0,318191,0,1057
28912,2020-01-05,YT,Mayotte,,0,0,0,0
28913,2020-01-12,YT,Mayotte,,0,0,0,0
28914,2020-01-19,YT,Mayotte,,0,0,0,0
28915,2020-01-26,YT,Mayotte,,0,0,0,0
28916,2020-02-02,YT,Mayotte,,0,0,0,0
28917,2020-02-09,YT,Mayotte,,0,0,0,0
28918,2020-02-16,YT,Mayotte,,0,0,0,0
28919,2020-02-23,YT,Mayotte,,0,0,0,0
28920,2020-03-01,YT,Mayotte,,0,0,0,0
28921,2020-03-08,YT,Mayotte,,0,0,0,0
28922,2020-03-15,YT,Mayotte,,5,5,0,0
28923,2020-03-22,YT,Mayotte,,6,11,0,0
28924,2020-03-29,YT,Mayotte,,39,50,0,0
28925,2020-04-05,YT,Mayotte,,97,147,2,2
28926,2020-04-12,YT,Mayotte,,44,191,0,2
28927,2020-04-19,YT,Mayotte,,54,245,2,4
28928,2020-04-26,YT,Mayotte,,109,354,0,4
28929,2020-05-03,YT,Mayotte,,242,596,2,6
28930,2020-05-10,YT,Mayotte,,294,890,5,11
28931,2020-05-17,YT,Mayotte,,368,1258,5,16
28932,2020-05-24,YT,Mayotte,,263,1521,3,19
28933,2020-05-31,YT,Mayotte,,222,1743,2,21
28934,2020-06-07,YT,Mayotte,,336,2079,4,25
28935,2020-06-14,YT,Mayotte,,203,2282,4,29
28936,2020-06-21,YT,Mayotte,,122,2404,2,31
28937,2020-06-28,YT,Mayotte,,136,2540,4,35
28938,2020-07-05,YT,Mayotte,,128,2668,1,36
28939,2020-07-12,YT,Mayotte,,43,2711,1,37
28940,2020-07-19,YT,Mayotte,,71,2782,0,37
28941,2020-07-26,YT,Mayotte,,91,2873,1,38
28942,2020-08-02,YT,Mayotte,,89,2962,1,39
28943,2020-08-09,YT,Mayotte,,106,3068,0,39
28944,2020-08-16,YT,Mayotte,,51,3119,0,39
28945,2020-08-23,YT,Mayotte,,118,3237,0,39
28946,2020-08-30,YT,Mayotte,,64,3301,1,40
28947,2020-09-06,YT,Mayotte,,73,3374,0,40
28948,2020-09-13,YT,Mayotte,,0,3374,0,40
28949,2020-09-20,YT,Mayotte,,167,3541,0,40
28950,2020-09-27,YT,Mayotte,,0,3541,0,40
28951,2020-10-04,YT,Mayotte,,238,3779,2,42
28952,2020-10-11,YT,Mayotte,,210,3989,1,43
28953,2020-10-18,YT,Mayotte,,41,4030,0,43
28954,2020-10-25,YT,Mayotte,,246,4276,1,44
28955,2020-11-01,YT,Mayotte,,90,4366,0,44
28956,2020-11-08,YT,Mayotte,,184,4550,1,45
28957,2020-11-15,YT,Mayotte,,371,4921,1,46
28958,2020-11-22,YT,Mayotte,,115,5036,2,48
28959,2020-11-29,YT,Mayotte,,145,5181,1,49
28960,2020-12-06,YT,Mayotte,,0,5181,0,49
28961,2020-12-13,YT,Mayotte,,370,5551,3,52
28962,2020-12-20,YT,Mayotte,,157,5708,1,53
28963,2020-12-27,YT,Mayotte,,59,5767,1,54
28964,2021-01-03,YT,Mayotte,,123,5890,1,55
28965,2021-01-10,YT,Mayotte,,342,6232,1,56
28966,2021-01-17,YT,Mayotte,,379,6611,2,58
28967,2021-01-24,YT,Mayotte,,933,7544,1,59
28968,2021-01-31,YT,Mayotte,,687,8231,2,61
28969,2021-02-07,YT,Mayotte,,2524,10755,3,64
28970,2021-02-14,YT,Mayotte,,2780,13535,14,78
28971,2021-02-21,YT,Mayotte,,2257,15792,14,92
28972,2021-02-28,YT,Mayotte,,1069,16861,10,102
28973,2021-03-07,YT,Mayotte,,1279,18140,23,125
28974,2021-03-14,YT,Mayotte,,502,18642,4,129
28975,2021-03-21,YT,Mayotte,,364,19006,22,151
28976,2021-03-28,YT,Mayotte,,300,19306,3,154
28977,2021-04-04,YT,Mayotte,,184,19490,8,162
28978,2021-04-11,YT,Mayotte,,153,19643,5,167
28979,2021-04-18,YT,Mayotte,,146,19789,1,168
28980,2021-04-25,YT,Mayotte,,107,19896,1,169
28981,2021-05-02,YT,Mayotte,,198,20094,1,170
28982,2021-05-09,YT,Mayotte,,40,20134,0,170
28983,2021-05-16,YT,Mayotte,,42,20176,1,171
28984,2021-05-23,YT,Mayotte,,-875,19301,0,171
28985,2021-05-30,YT,Mayotte,,24,19325,2,173
28986,2021-06-06,YT,Mayotte,,22,19347,0,173
28987,2021-06-13,YT,Mayotte,,26,19373,0,173
28988,2021-06-20,YT,Mayotte,,16,19389,1,174
28989,2021-06-27,YT,Mayotte,,16,19405,0,174
28990,2021-07-04,YT,Mayotte,,7,19412,0,174
28991,2021-07-11,YT,Mayotte,,13,19425,0,174
28992,2021-07-18,YT,Mayotte,,26,19451,0,174
28993,2021-07-25,YT,Mayotte,,14,19465,0,174
28994,2021-08-01,YT,Mayotte,,29,19494,0,174
28995,2021-08-08,YT,Mayotte,,24,19518,0,174
28996,2021-08-15,YT,Mayotte,,49,19567,1,175
28997,2021-08-22,YT,Mayotte,,97,19664,0,175
28998,2021-08-29,YT,Mayotte,,75,19739,0,175
28999,2021-09-05,YT,Mayotte,,136,19875,0,175
29000,2021-09-12,YT,Mayotte,,140,20015,0,175
29001,2021-09-19,YT,Mayotte,,92,20107,1,176
29002,2021-09-26,YT,Mayotte,,112,20219,2,178
29003,2021-10-03,YT,Mayotte,,104,20323,2,180
29004,2021-10-10,YT,Mayotte,,62,20385,0,180
29005,2021-10-17,YT,Mayotte,,54,20439,1,181
29006,2021-10-24,YT,Mayotte,,46,20485,1,182
29007,2021-10-31,YT,Mayotte,,70,20555,3,185
29008,2021-11-07,YT,Mayotte,,96,20651,0,185
29009,2021-11-14,YT,Mayotte,,118,20769,0,185
29010,2021-11-21,YT,Mayotte,,91,20860,0,185
29011,2021-11-28,YT,Mayotte,,78,20938,0,185
29012,2021-12-05,YT,Mayotte,,35,20973,0,185
29013,2021-12-12,YT,Mayotte,,115,21088,0,185
29014,2021-12-19,YT,Mayotte,,92,21180,0,185
29015,2021-12-26,YT,Mayotte,,108,21288,0,185
29016,2022-01-02,YT,Mayotte,,623,21911,0,185
29017,2022-01-09,YT,Mayotte,,2760,24671,1,186
29018,2022-01-16,YT,Mayotte,,9086,33757,0,186
29019,2022-01-23,YT,Mayotte,,1934,35691,1,187
29020,2022-01-30,YT,Mayotte,,591,36282,0,187
29021,2022-02-06,YT,Mayotte,,192,36474,0,187
29022,2022-02-13,YT,Mayotte,,98,36572,0,187
29023,2022-02-20,YT,Mayotte,,0,36572,0,187
29024,2022-02-27,YT,Mayotte,,59,36631,0,187
29025,2022-03-06,YT,Mayotte,,72,36703,0,187
29026,2022-03-13,YT,Mayotte,,42,36745,0,187
29027,2022-03-20,YT,Mayotte,,0,36745,0,187
29028,2022-03-27,YT,Mayotte,,94,36839,0,187
29029,2022-04-03,YT,Mayotte,,0,36839,0,187
29030,2022-04-10,YT,Mayotte,,119,36958,0,187
29031,2022-04-17,YT,Mayotte,,80,37038,0,187
29032,2022-04-24,YT,Mayotte,,0,37038,0,187
29033,2022-05-01,YT,Mayotte,,325,37363,0,187
29034,2022-05-08,YT,Mayotte,,0,37363,0,187
29035,2022-05-15,YT,Mayotte,,0,37363,0,187
29036,2022-05-22,YT,Mayotte,,160,37523,0,187
29037,2022-05-29,YT,Mayotte,,0,37523,0,187
29038,2022-06-05,YT,Mayotte,,134,37657,0,187
29039,2022-06-12,YT,Mayotte,,94,37751,0,187
29040,2022-06-19,YT,Mayotte,,69,37820,0,187
29041,2022-06-26,YT,Mayotte,,57,37877,0,187
29042,2022-07-03,YT,Mayotte,,81,37958,0,187
29043,2022-07-10,YT,Mayotte,,181,38139,0,187
29044,2022-07-17,YT,Mayotte,,262,38401,0,187
29045,2022-07-24,YT,Mayotte,,245,38646,0,187
29046,2022-07-31,YT,Mayotte,,313,38959,0,187
29047,2022-08-07,YT,Mayotte,,433,39392,0,187
29048,2022-08-14,YT,Mayotte,,312,39704,0,187
29049,2022-08-21,YT,Mayotte,,191,39895,0,187
29050,2022-08-28,YT,Mayotte,,109,40004,0,187
29051,2022-09-04,YT,Mayotte,,91,40095,0,187
29052,2022-09-11,YT,Mayotte,,66,40161,0,187
29053,2022-09-18,YT,Mayotte,,43,40204,0,187
29054,2022-09-25,YT,Mayotte,,39,40243,0,187
29055,2022-10-02,YT,Mayotte,,18,40261,0,187
29056,2022-10-09,YT,Mayotte,,16,40277,0,187
29057,2022-10-16,YT,Mayotte,,20,40297,0,187
29058,2022-10-23,YT,Mayotte,,23,40320,0,187
29059,2022-10-30,YT,Mayotte,,0,40320,0,187
29060,2022-11-06,YT,Mayotte,,19,40339,0,187
29061,2022-11-13,YT,Mayotte,,76,40415,0,187
29062,2022-11-20,YT,Mayotte,,197,40612,0,187
29063,2022-11-27,YT,Mayotte,,594,41206,0,187
29064,2022-12-04,YT,Mayotte,,473,41679,0,187
29065,2022-12-11,YT,Mayotte,,174,41853,0,187
29066,2022-12-18,YT,Mayotte,,68,41921,0,187
29067,2022-12-25,YT,Mayotte,,48,41969,0,187
29068,2023-01-01,YT,Mayotte,,24,41993,0,187
29069,2023-01-08,YT,Mayotte,,9,42002,0,187
29070,2023-01-15,YT,Mayotte,,0,42002,0,187
29071,2023-01-22,YT,Mayotte,,0,42002,0,187
29072,2023-01-29,YT,Mayotte,,0,42002,0,187
29073,2023-02-05,YT,Mayotte,,0,42002,0,187
29074,2023-02-12,YT,Mayotte,,2,42004,0,187
29075,2023-02-19,YT,Mayotte,,0,42004,0,187
29076,2023-02-26,YT,Mayotte,,0,42004,0,187
29077,2023-03-05,YT,Mayotte,,0,42004,0,187
29078,2023-03-12,YT,Mayotte,,0,42004,0,187
29079,2023-03-19,YT,Mayotte,,0,42004,0,187
29080,2023-03-26,YT,Mayotte,,3,42007,0,187
29081,2023-04-02,YT,Mayotte,,1,42008,0,187
29082,2023-04-09,YT,Mayotte,,0,42008,0,187
29083,2023-04-16,YT,Mayotte,,19,42027,0,187
29084,2023-04-23,YT,Mayotte,,0,42027,0,187
29085,2023-04-30,YT,Mayotte,,0,42027,0,187
29086,2023-05-07,YT,Mayotte,,0,42027,0,187
29087,2023-05-14,YT,Mayotte,,0,42027,0,187
29088,2023-05-21,YT,Mayotte,,0,42027,0,187
29089,2023-05-28,YT,Mayotte,,0,42027,0,187
29090,2023-06-04,YT,Mayotte,,0,42027,0,187
29091,2023-06-11,YT,Mayotte,,0,42027,0,187
29092,2023-06-18,YT,Mayotte,,0,42027,0,187
29093,2023-06-25,YT,Mayotte,,0,42027,0,187
29094,2023-07-02,YT,Mayotte,,0,42027,0,187
29095,2023-07-09,YT,Mayotte,,0,42027,0,187
29096,2023-07-16,YT,Mayotte,,0,42027,0,187
29097,2023-07-23,YT,Mayotte,,0,42027,0,187
29098,2023-07-30,YT,Mayotte,,0,42027,0,187
29099,2023-08-06,YT,Mayotte,,0,42027,0,187
29100,2023-08-13,YT,Mayotte,,0,42027,0,187
29101,2023-08-20,YT,Mayotte,,0,42027,0,187
29102,2023-08-27,YT,Mayotte,,0,42027,0,187
29103,2023-09-03,YT,Mayotte,,0,42027,0,187
29104,2023-09-10,YT,Mayotte,,0,42027,0,187
29105,2023-09-17,YT,Mayotte,,0,42027,0,187
29106,2023-09-24,YT,Mayotte,,0,42027,0,187
29107,2023-10-01,YT,Mayotte,,0,42027,0,187
29108,2023-10-08,YT,Mayotte,,0,42027,0,187
29109,2023-10-15,YT,Mayotte,,0,42027,0,187
29110,2023-10-22,YT,Mayotte,,0,42027,0,187
29111,2023-10-29,YT,Mayotte,,0,42027,0,187
29112,2023-11-05,YT,Mayotte,,0,42027,0,187
29113,2023-11-12,YT,Mayotte,,0,42027,0,187
29114,2023-11-19,YT,Mayotte,,0,42027,0,187
29115,2023-11-26,YT,Mayotte,,0,42027,0,187
29116,2023-12-03,YT,Mayotte,,0,42027,0,187
29117,2023-12-10,YT,Mayotte,,0,42027,0,187
29118,2023-12-17,YT,Mayotte,,0,42027,0,187
29119,2023-12-24,YT,Mayotte,,0,42027,0,187
29120,2020-01-05,MX,Mexico,AMRO,0,0,0,0
29121,2020-01-12,MX,Mexico,AMRO,0,0,0,0
29122,2020-01-19,MX,Mexico,AMRO,0,0,0,0
29123,2020-01-26,MX,Mexico,AMRO,0,0,0,0
29124,2020-02-02,MX,Mexico,AMRO,0,0,0,0
29125,2020-02-09,MX,Mexico,AMRO,0,0,0,0
29126,2020-02-16,MX,Mexico,AMRO,0,0,0,0
29127,2020-02-23,MX,Mexico,AMRO,1,1,0,0
29128,2020-03-01,MX,Mexico,AMRO,5,6,0,0
29129,2020-03-08,MX,Mexico,AMRO,45,51,0,0
29130,2020-03-15,MX,Mexico,AMRO,183,234,0,0
29131,2020-03-22,MX,Mexico,AMRO,669,903,4,4
29132,2020-03-29,MX,Mexico,AMRO,1214,2117,24,28
29133,2020-04-05,MX,Mexico,AMRO,2134,4251,146,174
29134,2020-04-12,MX,Mexico,AMRO,3291,7542,382,556
29135,2020-04-19,MX,Mexico,AMRO,5958,13500,749,1305
29136,2020-04-26,MX,Mexico,AMRO,9264,22764,1453,2758
29137,2020-05-03,MX,Mexico,AMRO,11571,34335,2361,5119
29138,2020-05-10,MX,Mexico,AMRO,15196,49531,2893,8012
29139,2020-05-17,MX,Mexico,AMRO,19538,69069,3414,11426
29140,2020-05-24,MX,Mexico,AMRO,24187,93256,3994,15420
29141,2020-05-31,MX,Mexico,AMRO,26973,120229,4178,19598
29142,2020-06-07,MX,Mexico,AMRO,30556,150785,4512,24110
29143,2020-06-14,MX,Mexico,AMRO,34822,185607,4891,29001
29144,2020-06-21,MX,Mexico,AMRO,37587,223194,4986,33987
29145,2020-06-28,MX,Mexico,AMRO,39306,262500,4569,38556
29146,2020-07-05,MX,Mexico,AMRO,43553,306053,4971,43527
29147,2020-07-12,MX,Mexico,AMRO,44406,350459,5374,48901
29148,2020-07-19,MX,Mexico,AMRO,49775,400234,5534,54435
29149,2020-07-26,MX,Mexico,AMRO,50177,450411,5464,59899
29150,2020-08-02,MX,Mexico,AMRO,45999,496410,5258,65157
29151,2020-08-09,MX,Mexico,AMRO,41814,538224,5027,70184
29152,2020-08-16,MX,Mexico,AMRO,39452,577676,4522,74706
29153,2020-08-23,MX,Mexico,AMRO,37867,615543,4065,78771
29154,2020-08-30,MX,Mexico,AMRO,39230,654773,3731,82502
29155,2020-09-06,MX,Mexico,AMRO,38873,693646,3556,86058
29156,2020-09-13,MX,Mexico,AMRO,35339,728985,3208,89266
29157,2020-09-20,MX,Mexico,AMRO,29659,758644,2955,92221
29158,2020-09-27,MX,Mexico,AMRO,33716,792360,2840,95061
29159,2020-10-04,MX,Mexico,AMRO,32636,824996,2586,97647
29160,2020-10-11,MX,Mexico,AMRO,33071,858067,2488,100135
29161,2020-10-18,MX,Mexico,AMRO,38778,896845,2689,102824
29162,2020-10-25,MX,Mexico,AMRO,44301,941146,3107,105931
29163,2020-11-01,MX,Mexico,AMRO,42679,983825,3336,109267
29164,2020-11-08,MX,Mexico,AMRO,40741,1024566,3482,112749
29165,2020-11-15,MX,Mexico,AMRO,48200,1072766,3561,116310
29166,2020-11-22,MX,Mexico,AMRO,44816,1117582,3709,120019
29167,2020-11-29,MX,Mexico,AMRO,56457,1174039,4060,124079
29168,2020-12-06,MX,Mexico,AMRO,64076,1238115,4235,128314
29169,2020-12-13,MX,Mexico,AMRO,73050,1311165,4644,132958
29170,2020-12-20,MX,Mexico,AMRO,77433,1388598,5157,138115
29171,2020-12-27,MX,Mexico,AMRO,64816,1453414,5775,143890
29172,2021-01-03,MX,Mexico,AMRO,72877,1526291,6552,150442
29173,2021-01-10,MX,Mexico,AMRO,105375,1631666,7632,158074
29174,2021-01-17,MX,Mexico,AMRO,110588,1742254,8745,166819
29175,2021-01-24,MX,Mexico,AMRO,104374,1846628,9877,176696
29176,2021-01-31,MX,Mexico,AMRO,90123,1936751,9495,186191
29177,2021-02-07,MX,Mexico,AMRO,61598,1998349,8292,194483
29178,2021-02-14,MX,Mexico,AMRO,53192,2051541,6731,201214
29179,2021-02-21,MX,Mexico,AMRO,43136,2094677,5321,206535
29180,2021-02-28,MX,Mexico,AMRO,42204,2136881,4449,210984
29181,2021-03-07,MX,Mexico,AMRO,40192,2177073,3889,214873
29182,2021-03-14,MX,Mexico,AMRO,34305,2211378,3411,218284
29183,2021-03-21,MX,Mexico,AMRO,28302,2239680,2881,221165
29184,2021-03-28,MX,Mexico,AMRO,28664,2268344,2442,223607
29185,2021-04-04,MX,Mexico,AMRO,21218,2289562,2273,225880
29186,2021-04-11,MX,Mexico,AMRO,26011,2315573,2060,227940
29187,2021-04-18,MX,Mexico,AMRO,23767,2339340,1923,229863
29188,2021-04-25,MX,Mexico,AMRO,20925,2360265,1611,231474
29189,2021-05-02,MX,Mexico,AMRO,19142,2379407,1400,232874
29190,2021-05-09,MX,Mexico,AMRO,16175,2395582,1164,234038
29191,2021-05-16,MX,Mexico,AMRO,14482,2410064,963,235001
29192,2021-05-23,MX,Mexico,AMRO,14750,2424814,827,235828
29193,2021-05-30,MX,Mexico,AMRO,15313,2440127,746,236574
29194,2021-06-06,MX,Mexico,AMRO,16193,2456320,654,237228
29195,2021-06-13,MX,Mexico,AMRO,19451,2475771,708,237936
29196,2021-06-20,MX,Mexico,AMRO,22779,2498550,686,238622
29197,2021-06-27,MX,Mexico,AMRO,29738,2528288,769,239391
29198,2021-07-04,MX,Mexico,AMRO,37423,2565711,931,240322
29199,2021-07-11,MX,Mexico,AMRO,55106,2620817,1114,241436
29200,2021-07-18,MX,Mexico,AMRO,78515,2699332,1460,242896
29201,2021-07-25,MX,Mexico,AMRO,102995,2802327,2197,245093
29202,2021-08-01,MX,Mexico,AMRO,122311,2924638,3135,248228
29203,2021-08-08,MX,Mexico,AMRO,128282,3052920,4191,252419
29204,2021-08-15,MX,Mexico,AMRO,135141,3188061,4909,257328
29205,2021-08-22,MX,Mexico,AMRO,120883,3308944,5528,262856
29206,2021-08-29,MX,Mexico,AMRO,103015,3411959,5539,268395
29207,2021-09-05,MX,Mexico,AMRO,87342,3499301,5103,273498
29208,2021-09-12,MX,Mexico,AMRO,76284,3575585,4561,278059
29209,2021-09-19,MX,Mexico,AMRO,57961,3633546,3950,282009
29210,2021-09-26,MX,Mexico,AMRO,58868,3692414,3416,285425
29211,2021-10-03,MX,Mexico,AMRO,44758,3737172,2863,288288
29212,2021-10-10,MX,Mexico,AMRO,36194,3773366,2389,290677
29213,2021-10-17,MX,Mexico,AMRO,31059,3804425,2006,292683
29214,2021-10-24,MX,Mexico,AMRO,25762,3830187,1633,294316
29215,2021-10-31,MX,Mexico,AMRO,23445,3853632,1375,295691
29216,2021-11-07,MX,Mexico,AMRO,18907,3872539,1159,296850
29217,2021-11-14,MX,Mexico,AMRO,20001,3892540,1012,297862
29218,2021-11-21,MX,Mexico,AMRO,17228,3909768,965,298827
29219,2021-11-28,MX,Mexico,AMRO,19349,3929117,927,299754
29220,2021-12-05,MX,Mexico,AMRO,18247,3947364,940,300694
29221,2021-12-12,MX,Mexico,AMRO,17484,3964848,903,301597
29222,2021-12-19,MX,Mexico,AMRO,16128,3980976,848,302445
29223,2021-12-26,MX,Mexico,AMRO,21003,4001979,810,303255
29224,2022-01-02,MX,Mexico,AMRO,56920,4058899,770,304025
29225,2022-01-09,MX,Mexico,AMRO,194803,4253702,909,304934
29226,2022-01-16,MX,Mexico,AMRO,406782,4660484,1385,306319
29227,2022-01-23,MX,Mexico,AMRO,406815,5067299,2395,308714
29228,2022-01-30,MX,Mexico,AMRO,282729,5350028,3603,312317
29229,2022-02-06,MX,Mexico,AMRO,166547,5516575,3901,316218
29230,2022-02-13,MX,Mexico,AMRO,86372,5602947,3308,319526
29231,2022-02-20,MX,Mexico,AMRO,61576,5664523,2385,321911
29232,2022-02-27,MX,Mexico,AMRO,37281,5701804,1571,323482
29233,2022-03-06,MX,Mexico,AMRO,21369,5723173,930,324412
29234,2022-03-13,MX,Mexico,AMRO,14069,5737242,532,324944
29235,2022-03-20,MX,Mexico,AMRO,10068,5747310,349,325293
29236,2022-03-27,MX,Mexico,AMRO,6920,5754230,209,325502
29237,2022-04-03,MX,Mexico,AMRO,6523,5760753,153,325655
29238,2022-04-10,MX,Mexico,AMRO,4757,5765510,117,325772
29239,2022-04-17,MX,Mexico,AMRO,3205,5768715,71,325843
29240,2022-04-24,MX,Mexico,AMRO,3846,5772561,70,325913
29241,2022-05-01,MX,Mexico,AMRO,3993,5776554,41,325954
29242,2022-05-08,MX,Mexico,AMRO,4324,5780878,42,325996
29243,2022-05-15,MX,Mexico,AMRO,5359,5786237,34,326030
29244,2022-05-22,MX,Mexico,AMRO,7750,5793987,40,326070
29245,2022-05-29,MX,Mexico,AMRO,12237,5806224,38,326108
29246,2022-06-05,MX,Mexico,AMRO,19550,5825774,35,326143
29247,2022-06-12,MX,Mexico,AMRO,34371,5860145,37,326180
29248,2022-06-19,MX,Mexico,AMRO,55313,5915458,76,326256
29249,2022-06-26,MX,Mexico,AMRO,97266,6012724,118,326374
29250,2022-07-03,MX,Mexico,AMRO,152465,6165189,186,326560
29251,2022-07-10,MX,Mexico,AMRO,200105,6365294,315,326875
29252,2022-07-17,MX,Mexico,AMRO,213873,6579167,559,327434
29253,2022-07-24,MX,Mexico,AMRO,179987,6759154,607,328041
29254,2022-07-31,MX,Mexico,AMRO,122038,6881192,638,328679
29255,2022-08-07,MX,Mexico,AMRO,80263,6961455,596,329275
29256,2022-08-14,MX,Mexico,AMRO,53654,7015109,423,329698
29257,2022-08-21,MX,Mexico,AMRO,33244,7048353,292,329990
29258,2022-08-28,MX,Mexico,AMRO,22956,7071309,231,330221
29259,2022-09-04,MX,Mexico,AMRO,16411,7087720,171,330392
29260,2022-09-11,MX,Mexico,AMRO,12055,7099775,105,330497
29261,2022-09-18,MX,Mexico,AMRO,7691,7107466,86,330583
29262,2022-09-25,MX,Mexico,AMRO,7673,7115139,55,330638
29263,2022-10-02,MX,Mexico,AMRO,5199,7120338,55,330693
29264,2022-10-09,MX,Mexico,AMRO,3878,7124216,53,330746
29265,2022-10-16,MX,Mexico,AMRO,2867,7127083,22,330768
29266,2022-10-23,MX,Mexico,AMRO,2657,7129740,25,330793
29267,2022-10-30,MX,Mexico,AMRO,2840,7132580,25,330818
29268,2022-11-06,MX,Mexico,AMRO,2896,7135476,24,330842
29269,2022-11-13,MX,Mexico,AMRO,4403,7139879,19,330861
29270,2022-11-20,MX,Mexico,AMRO,5670,7145549,33,330894
29271,2022-11-27,MX,Mexico,AMRO,7419,7152968,22,330916
29272,2022-12-04,MX,Mexico,AMRO,12749,7165717,61,330977
29273,2022-12-11,MX,Mexico,AMRO,19203,7184920,69,331046
29274,2022-12-18,MX,Mexico,AMRO,26720,7211640,117,331163
29275,2022-12-25,MX,Mexico,AMRO,33950,7245590,159,331322
29276,2023-01-01,MX,Mexico,AMRO,30816,7276406,206,331528
29277,2023-01-08,MX,Mexico,AMRO,31932,7308338,280,331808
29278,2023-01-15,MX,Mexico,AMRO,29637,7337975,301,332109
29279,2023-01-22,MX,Mexico,AMRO,25514,7363489,261,332370
29280,2023-01-29,MX,Mexico,AMRO,23596,7387085,251,332621
29281,2023-02-05,MX,Mexico,AMRO,20573,7407658,194,332815
29282,2023-02-12,MX,Mexico,AMRO,18694,7426352,148,332963
29283,2023-02-19,MX,Mexico,AMRO,19702,7446054,170,333133
29284,2023-02-26,MX,Mexico,AMRO,20305,7466359,117,333250
29285,2023-03-05,MX,Mexico,AMRO,19418,7485777,98,333348
29286,2023-03-12,MX,Mexico,AMRO,20313,7506090,107,333455
29287,2023-03-19,MX,Mexico,AMRO,19021,7525111,74,333529
29288,2023-03-26,MX,Mexico,AMRO,15357,7540468,111,333640
29289,2023-04-02,MX,Mexico,AMRO,15113,7555581,96,333736
29290,2023-04-09,MX,Mexico,AMRO,8608,7564189,84,333820
29291,2023-04-16,MX,Mexico,AMRO,9869,7574058,69,333889
29292,2023-04-23,MX,Mexico,AMRO,9401,7583459,73,333962
29293,2023-04-30,MX,Mexico,AMRO,9419,7592878,72,334034
29294,2023-05-07,MX,Mexico,AMRO,8109,7600987,54,334088
29295,2023-05-14,MX,Mexico,AMRO,7429,7608416,38,334126
29296,2023-05-21,MX,Mexico,AMRO,0,7608416,0,334126
29297,2023-05-28,MX,Mexico,AMRO,5719,7614135,50,334176
29298,2023-06-04,MX,Mexico,AMRO,3841,7617976,37,334213
29299,2023-06-11,MX,Mexico,AMRO,3017,7620993,40,334253
29300,2023-06-18,MX,Mexico,AMRO,2661,7623654,34,334287
29301,2023-06-25,MX,Mexico,AMRO,2710,7626364,33,334320
29302,2023-07-02,MX,Mexico,AMRO,2778,7629142,32,334352
29303,2023-07-09,MX,Mexico,AMRO,2932,7632074,23,334375
29304,2023-07-16,MX,Mexico,AMRO,3111,7635185,24,334399
29305,2023-07-23,MX,Mexico,AMRO,3480,7638665,21,334420
29306,2023-07-30,MX,Mexico,AMRO,3744,7642409,34,334454
29307,2023-08-06,MX,Mexico,AMRO,5223,7647632,31,334485
29308,2023-08-13,MX,Mexico,AMRO,6362,7653994,33,334518
29309,2023-08-20,MX,Mexico,AMRO,6772,7660766,39,334557
29310,2023-08-27,MX,Mexico,AMRO,7862,7668628,49,334606
29311,2023-09-03,MX,Mexico,AMRO,9089,7677717,38,334644
29312,2023-09-10,MX,Mexico,AMRO,9672,7687389,51,334695
29313,2023-09-17,MX,Mexico,AMRO,7093,7694482,35,334730
29314,2023-09-24,MX,Mexico,AMRO,4801,7699283,40,334770
29315,2023-10-01,MX,Mexico,AMRO,2093,7701376,41,334811
29316,2023-10-08,MX,Mexico,AMRO,264,7701640,28,334839
29317,2023-10-15,MX,Mexico,AMRO,191,7701831,25,334864
29318,2023-10-22,MX,Mexico,AMRO,166,7701997,16,334880
29319,2023-10-29,MX,Mexico,AMRO,99,7702096,10,334890
29320,2023-11-05,MX,Mexico,AMRO,73,7702169,15,334905
29321,2023-11-12,MX,Mexico,AMRO,95,7702264,8,334913
29322,2023-11-19,MX,Mexico,AMRO,60,7702324,6,334919
29323,2023-11-26,MX,Mexico,AMRO,82,7702406,9,334928
29324,2023-12-03,MX,Mexico,AMRO,101,7702507,9,334937
29325,2023-12-10,MX,Mexico,AMRO,101,7702608,2,334939
29326,2023-12-17,MX,Mexico,AMRO,106,7702714,6,334945
29327,2023-12-24,MX,Mexico,AMRO,17,7702731,2,334947
29328,2020-01-05,FM,Micronesia (Federated States of),WPRO,0,0,0,0
29329,2020-01-12,FM,Micronesia (Federated States of),WPRO,0,0,0,0
29330,2020-01-19,FM,Micronesia (Federated States of),WPRO,0,0,0,0
29331,2020-01-26,FM,Micronesia (Federated States of),WPRO,0,0,0,0
29332,2020-02-02,FM,Micronesia (Federated States of),WPRO,0,0,0,0
29333,2020-02-09,FM,Micronesia (Federated States of),WPRO,0,0,0,0
29334,2020-02-16,FM,Micronesia (Federated States of),WPRO,0,0,0,0
29335,2020-02-23,FM,Micronesia (Federated States of),WPRO,0,0,0,0
29336,2020-03-01,FM,Micronesia (Federated States of),WPRO,0,0,0,0
29337,2020-03-08,FM,Micronesia (Federated States of),WPRO,0,0,0,0
29338,2020-03-15,FM,Micronesia (Federated States of),WPRO,0,0,0,0
29339,2020-03-22,FM,Micronesia (Federated States of),WPRO,0,0,0,0
29340,2020-03-29,FM,Micronesia (Federated States of),WPRO,0,0,0,0
29341,2020-04-05,FM,Micronesia (Federated States of),WPRO,0,0,0,0
29342,2020-04-12,FM,Micronesia (Federated States of),WPRO,0,0,0,0
29343,2020-04-19,FM,Micronesia (Federated States of),WPRO,0,0,0,0
29344,2020-04-26,FM,Micronesia (Federated States of),WPRO,0,0,0,0
29345,2020-05-03,FM,Micronesia (Federated States of),WPRO,0,0,0,0
29346,2020-05-10,FM,Micronesia (Federated States of),WPRO,0,0,0,0
29347,2020-05-17,FM,Micronesia (Federated States of),WPRO,0,0,0,0
29348,2020-05-24,FM,Micronesia (Federated States of),WPRO,0,0,0,0
29349,2020-05-31,FM,Micronesia (Federated States of),WPRO,0,0,0,0
29350,2020-06-07,FM,Micronesia (Federated States of),WPRO,0,0,0,0
29351,2020-06-14,FM,Micronesia (Federated States of),WPRO,0,0,0,0
29352,2020-06-21,FM,Micronesia (Federated States of),WPRO,0,0,0,0
29353,2020-06-28,FM,Micronesia (Federated States of),WPRO,0,0,0,0
29354,2020-07-05,FM,Micronesia (Federated States of),WPRO,0,0,0,0
29355,2020-07-12,FM,Micronesia (Federated States of),WPRO,0,0,0,0
29356,2020-07-19,FM,Micronesia (Federated States of),WPRO,0,0,0,0
29357,2020-07-26,FM,Micronesia (Federated States of),WPRO,0,0,0,0
29358,2020-08-02,FM,Micronesia (Federated States of),WPRO,0,0,0,0
29359,2020-08-09,FM,Micronesia (Federated States of),WPRO,0,0,0,0
29360,2020-08-16,FM,Micronesia (Federated States of),WPRO,0,0,0,0
29361,2020-08-23,FM,Micronesia (Federated States of),WPRO,0,0,0,0
29362,2020-08-30,FM,Micronesia (Federated States of),WPRO,0,0,0,0
29363,2020-09-06,FM,Micronesia (Federated States of),WPRO,0,0,0,0
29364,2020-09-13,FM,Micronesia (Federated States of),WPRO,0,0,0,0
29365,2020-09-20,FM,Micronesia (Federated States of),WPRO,0,0,0,0
29366,2020-09-27,FM,Micronesia (Federated States of),WPRO,0,0,0,0
29367,2020-10-04,FM,Micronesia (Federated States of),WPRO,0,0,0,0
29368,2020-10-11,FM,Micronesia (Federated States of),WPRO,0,0,0,0
29369,2020-10-18,FM,Micronesia (Federated States of),WPRO,0,0,0,0
29370,2020-10-25,FM,Micronesia (Federated States of),WPRO,0,0,0,0
29371,2020-11-01,FM,Micronesia (Federated States of),WPRO,0,0,0,0
29372,2020-11-08,FM,Micronesia (Federated States of),WPRO,0,0,0,0
29373,2020-11-15,FM,Micronesia (Federated States of),WPRO,0,0,0,0
29374,2020-11-22,FM,Micronesia (Federated States of),WPRO,0,0,0,0
29375,2020-11-29,FM,Micronesia (Federated States of),WPRO,0,0,0,0
29376,2020-12-06,FM,Micronesia (Federated States of),WPRO,0,0,0,0
29377,2020-12-13,FM,Micronesia (Federated States of),WPRO,0,0,0,0
29378,2020-12-20,FM,Micronesia (Federated States of),WPRO,0,0,0,0
29379,2020-12-27,FM,Micronesia (Federated States of),WPRO,0,0,0,0
29380,2021-01-03,FM,Micronesia (Federated States of),WPRO,0,0,0,0
29381,2021-01-10,FM,Micronesia (Federated States of),WPRO,0,0,0,0
29382,2021-01-17,FM,Micronesia (Federated States of),WPRO,0,0,0,0
29383,2021-01-24,FM,Micronesia (Federated States of),WPRO,0,0,0,0
29384,2021-01-31,FM,Micronesia (Federated States of),WPRO,0,0,0,0
29385,2021-02-07,FM,Micronesia (Federated States of),WPRO,0,0,0,0
29386,2021-02-14,FM,Micronesia (Federated States of),WPRO,0,0,0,0
29387,2021-02-21,FM,Micronesia (Federated States of),WPRO,0,0,0,0
29388,2021-02-28,FM,Micronesia (Federated States of),WPRO,0,0,0,0
29389,2021-03-07,FM,Micronesia (Federated States of),WPRO,0,0,0,0
29390,2021-03-14,FM,Micronesia (Federated States of),WPRO,0,0,0,0
29391,2021-03-21,FM,Micronesia (Federated States of),WPRO,0,0,0,0
29392,2021-03-28,FM,Micronesia (Federated States of),WPRO,0,0,0,0
29393,2021-04-04,FM,Micronesia (Federated States of),WPRO,0,0,0,0
29394,2021-04-11,FM,Micronesia (Federated States of),WPRO,0,0,0,0
29395,2021-04-18,FM,Micronesia (Federated States of),WPRO,0,0,0,0
29396,2021-04-25,FM,Micronesia (Federated States of),WPRO,0,0,0,0
29397,2021-05-02,FM,Micronesia (Federated States of),WPRO,0,0,0,0
29398,2021-05-09,FM,Micronesia (Federated States of),WPRO,0,0,0,0
29399,2021-05-16,FM,Micronesia (Federated States of),WPRO,0,0,0,0
29400,2021-05-23,FM,Micronesia (Federated States of),WPRO,0,0,0,0
29401,2021-05-30,FM,Micronesia (Federated States of),WPRO,0,0,0,0
29402,2021-06-06,FM,Micronesia (Federated States of),WPRO,0,0,0,0
29403,2021-06-13,FM,Micronesia (Federated States of),WPRO,0,0,0,0
29404,2021-06-20,FM,Micronesia (Federated States of),WPRO,0,0,0,0
29405,2021-06-27,FM,Micronesia (Federated States of),WPRO,0,0,0,0
29406,2021-07-04,FM,Micronesia (Federated States of),WPRO,0,0,0,0
29407,2021-07-11,FM,Micronesia (Federated States of),WPRO,0,0,0,0
29408,2021-07-18,FM,Micronesia (Federated States of),WPRO,0,0,0,0
29409,2021-07-25,FM,Micronesia (Federated States of),WPRO,0,0,0,0
29410,2021-08-01,FM,Micronesia (Federated States of),WPRO,0,0,0,0
29411,2021-08-08,FM,Micronesia (Federated States of),WPRO,0,0,0,0
29412,2021-08-15,FM,Micronesia (Federated States of),WPRO,0,0,0,0
29413,2021-08-22,FM,Micronesia (Federated States of),WPRO,0,0,0,0
29414,2021-08-29,FM,Micronesia (Federated States of),WPRO,0,0,0,0
29415,2021-09-05,FM,Micronesia (Federated States of),WPRO,0,0,0,0
29416,2021-09-12,FM,Micronesia (Federated States of),WPRO,0,0,0,0
29417,2021-09-19,FM,Micronesia (Federated States of),WPRO,0,0,0,0
29418,2021-09-26,FM,Micronesia (Federated States of),WPRO,0,0,0,0
29419,2021-10-03,FM,Micronesia (Federated States of),WPRO,0,0,0,0
29420,2021-10-10,FM,Micronesia (Federated States of),WPRO,0,0,0,0
29421,2021-10-17,FM,Micronesia (Federated States of),WPRO,0,0,0,0
29422,2021-10-24,FM,Micronesia (Federated States of),WPRO,0,0,0,0
29423,2021-10-31,FM,Micronesia (Federated States of),WPRO,0,0,0,0
29424,2021-11-07,FM,Micronesia (Federated States of),WPRO,0,0,0,0
29425,2021-11-14,FM,Micronesia (Federated States of),WPRO,0,0,0,0
29426,2021-11-21,FM,Micronesia (Federated States of),WPRO,0,0,0,0
29427,2021-11-28,FM,Micronesia (Federated States of),WPRO,0,0,0,0
29428,2021-12-05,FM,Micronesia (Federated States of),WPRO,0,0,0,0
29429,2021-12-12,FM,Micronesia (Federated States of),WPRO,0,0,0,0
29430,2021-12-19,FM,Micronesia (Federated States of),WPRO,0,0,0,0
29431,2021-12-26,FM,Micronesia (Federated States of),WPRO,0,0,0,0
29432,2022-01-02,FM,Micronesia (Federated States of),WPRO,0,0,0,0
29433,2022-01-09,FM,Micronesia (Federated States of),WPRO,0,0,0,0
29434,2022-01-16,FM,Micronesia (Federated States of),WPRO,0,0,0,0
29435,2022-01-23,FM,Micronesia (Federated States of),WPRO,0,0,0,0
29436,2022-01-30,FM,Micronesia (Federated States of),WPRO,0,0,0,0
29437,2022-02-06,FM,Micronesia (Federated States of),WPRO,0,0,0,0
29438,2022-02-13,FM,Micronesia (Federated States of),WPRO,0,0,0,0
29439,2022-02-20,FM,Micronesia (Federated States of),WPRO,0,0,0,0
29440,2022-02-27,FM,Micronesia (Federated States of),WPRO,0,0,0,0
29441,2022-03-06,FM,Micronesia (Federated States of),WPRO,0,0,0,0
29442,2022-03-13,FM,Micronesia (Federated States of),WPRO,0,0,0,0
29443,2022-03-20,FM,Micronesia (Federated States of),WPRO,0,0,0,0
29444,2022-03-27,FM,Micronesia (Federated States of),WPRO,0,0,0,0
29445,2022-04-03,FM,Micronesia (Federated States of),WPRO,0,0,0,0
29446,2022-04-10,FM,Micronesia (Federated States of),WPRO,0,0,0,0
29447,2022-04-17,FM,Micronesia (Federated States of),WPRO,0,0,0,0
29448,2022-04-24,FM,Micronesia (Federated States of),WPRO,2,2,0,0
29449,2022-05-01,FM,Micronesia (Federated States of),WPRO,5,7,0,0
29450,2022-05-08,FM,Micronesia (Federated States of),WPRO,0,7,0,0
29451,2022-05-15,FM,Micronesia (Federated States of),WPRO,0,7,0,0
29452,2022-05-22,FM,Micronesia (Federated States of),WPRO,23,30,0,0
29453,2022-05-29,FM,Micronesia (Federated States of),WPRO,0,30,0,0
29454,2022-06-05,FM,Micronesia (Federated States of),WPRO,8,38,0,0
29455,2022-06-12,FM,Micronesia (Federated States of),WPRO,0,38,0,0
29456,2022-06-19,FM,Micronesia (Federated States of),WPRO,0,38,0,0
29457,2022-06-26,FM,Micronesia (Federated States of),WPRO,0,38,0,0
29458,2022-07-03,FM,Micronesia (Federated States of),WPRO,0,38,0,0
29459,2022-07-10,FM,Micronesia (Federated States of),WPRO,0,38,0,0
29460,2022-07-17,FM,Micronesia (Federated States of),WPRO,0,38,0,0
29461,2022-07-24,FM,Micronesia (Federated States of),WPRO,111,149,1,1
29462,2022-07-31,FM,Micronesia (Federated States of),WPRO,5109,5258,9,10
29463,2022-08-07,FM,Micronesia (Federated States of),WPRO,1176,6434,6,16
29464,2022-08-14,FM,Micronesia (Federated States of),WPRO,447,6881,5,21
29465,2022-08-21,FM,Micronesia (Federated States of),WPRO,0,6881,0,21
29466,2022-08-28,FM,Micronesia (Federated States of),WPRO,182,7063,5,26
29467,2022-09-04,FM,Micronesia (Federated States of),WPRO,1486,8549,1,27
29468,2022-09-11,FM,Micronesia (Federated States of),WPRO,827,9376,2,29
29469,2022-09-18,FM,Micronesia (Federated States of),WPRO,660,10036,2,31
29470,2022-09-25,FM,Micronesia (Federated States of),WPRO,47,10083,0,31
29471,2022-10-02,FM,Micronesia (Federated States of),WPRO,4383,14466,2,33
29472,2022-10-09,FM,Micronesia (Federated States of),WPRO,6367,20833,18,51
29473,2022-10-16,FM,Micronesia (Federated States of),WPRO,982,21815,4,55
29474,2022-10-23,FM,Micronesia (Federated States of),WPRO,217,22032,0,55
29475,2022-10-30,FM,Micronesia (Federated States of),WPRO,0,22032,0,55
29476,2022-11-06,FM,Micronesia (Federated States of),WPRO,0,22032,0,55
29477,2022-11-13,FM,Micronesia (Federated States of),WPRO,0,22032,0,55
29478,2022-11-20,FM,Micronesia (Federated States of),WPRO,2,22034,3,58
29479,2022-11-27,FM,Micronesia (Federated States of),WPRO,2,22036,0,58
29480,2022-12-04,FM,Micronesia (Federated States of),WPRO,0,22036,0,58
29481,2022-12-11,FM,Micronesia (Federated States of),WPRO,0,22036,0,58
29482,2022-12-18,FM,Micronesia (Federated States of),WPRO,12,22048,0,58
29483,2022-12-25,FM,Micronesia (Federated States of),WPRO,21,22069,0,58
29484,2023-01-01,FM,Micronesia (Federated States of),WPRO,165,22234,0,58
29485,2023-01-08,FM,Micronesia (Federated States of),WPRO,13,22247,0,58
29486,2023-01-15,FM,Micronesia (Federated States of),WPRO,1219,23466,0,58
29487,2023-01-22,FM,Micronesia (Federated States of),WPRO,0,23466,0,58
29488,2023-01-29,FM,Micronesia (Federated States of),WPRO,205,23671,0,58
29489,2023-02-05,FM,Micronesia (Federated States of),WPRO,0,23671,2,60
29490,2023-02-12,FM,Micronesia (Federated States of),WPRO,277,23948,1,61
29491,2023-02-19,FM,Micronesia (Federated States of),WPRO,0,23948,0,61
29492,2023-02-26,FM,Micronesia (Federated States of),WPRO,0,23948,0,61
29493,2023-03-05,FM,Micronesia (Federated States of),WPRO,247,24195,2,63
29494,2023-03-12,FM,Micronesia (Federated States of),WPRO,0,24195,0,63
29495,2023-03-19,FM,Micronesia (Federated States of),WPRO,1066,25261,0,63
29496,2023-03-26,FM,Micronesia (Federated States of),WPRO,442,25703,0,63
29497,2023-04-02,FM,Micronesia (Federated States of),WPRO,0,25703,0,63
29498,2023-04-09,FM,Micronesia (Federated States of),WPRO,226,25929,0,63
29499,2023-04-16,FM,Micronesia (Federated States of),WPRO,115,26044,1,64
29500,2023-04-23,FM,Micronesia (Federated States of),WPRO,36,26080,0,64
29501,2023-04-30,FM,Micronesia (Federated States of),WPRO,0,26080,0,64
29502,2023-05-07,FM,Micronesia (Federated States of),WPRO,373,26453,0,64
29503,2023-05-14,FM,Micronesia (Federated States of),WPRO,0,26453,1,65
29504,2023-05-21,FM,Micronesia (Federated States of),WPRO,5,26458,0,65
29505,2023-05-28,FM,Micronesia (Federated States of),WPRO,0,26458,0,65
29506,2023-06-04,FM,Micronesia (Federated States of),WPRO,0,26458,0,65
29507,2023-06-11,FM,Micronesia (Federated States of),WPRO,1,26459,0,65
29508,2023-06-18,FM,Micronesia (Federated States of),WPRO,0,26459,0,65
29509,2023-06-25,FM,Micronesia (Federated States of),WPRO,0,26459,0,65
29510,2023-07-02,FM,Micronesia (Federated States of),WPRO,1,26460,0,65
29511,2023-07-09,FM,Micronesia (Federated States of),WPRO,2,26462,0,65
29512,2023-07-16,FM,Micronesia (Federated States of),WPRO,4,26466,0,65
29513,2023-07-23,FM,Micronesia (Federated States of),WPRO,6,26472,0,65
29514,2023-07-30,FM,Micronesia (Federated States of),WPRO,0,26472,0,65
29515,2023-08-06,FM,Micronesia (Federated States of),WPRO,0,26472,0,65
29516,2023-08-13,FM,Micronesia (Federated States of),WPRO,69,26541,0,65
29517,2023-08-20,FM,Micronesia (Federated States of),WPRO,0,26541,0,65
29518,2023-08-27,FM,Micronesia (Federated States of),WPRO,0,26541,0,65
29519,2023-09-03,FM,Micronesia (Federated States of),WPRO,0,26541,0,65
29520,2023-09-10,FM,Micronesia (Federated States of),WPRO,5,26546,0,65
29521,2023-09-17,FM,Micronesia (Federated States of),WPRO,1,26547,0,65
29522,2023-09-24,FM,Micronesia (Federated States of),WPRO,0,26547,0,65
29523,2023-10-01,FM,Micronesia (Federated States of),WPRO,0,26547,0,65
29524,2023-10-08,FM,Micronesia (Federated States of),WPRO,0,26547,0,65
29525,2023-10-15,FM,Micronesia (Federated States of),WPRO,0,26547,0,65
29526,2023-10-22,FM,Micronesia (Federated States of),WPRO,0,26547,0,65
29527,2023-10-29,FM,Micronesia (Federated States of),WPRO,0,26547,0,65
29528,2023-11-05,FM,Micronesia (Federated States of),WPRO,0,26547,0,65
29529,2023-11-12,FM,Micronesia (Federated States of),WPRO,0,26547,0,65
29530,2023-11-19,FM,Micronesia (Federated States of),WPRO,0,26547,0,65
29531,2023-11-26,FM,Micronesia (Federated States of),WPRO,0,26547,0,65
29532,2023-12-03,FM,Micronesia (Federated States of),WPRO,0,26547,0,65
29533,2023-12-10,FM,Micronesia (Federated States of),WPRO,0,26547,0,65
29534,2023-12-17,FM,Micronesia (Federated States of),WPRO,0,26547,0,65
29535,2023-12-24,FM,Micronesia (Federated States of),WPRO,0,26547,0,65
29536,2020-01-05,MC,Monaco,EURO,0,0,0,0
29537,2020-01-12,MC,Monaco,EURO,1,1,0,0
29538,2020-01-19,MC,Monaco,EURO,0,1,0,0
29539,2020-01-26,MC,Monaco,EURO,0,1,0,0
29540,2020-02-02,MC,Monaco,EURO,0,1,0,0
29541,2020-02-09,MC,Monaco,EURO,0,1,0,0
29542,2020-02-16,MC,Monaco,EURO,0,1,0,0
29543,2020-02-23,MC,Monaco,EURO,0,1,0,0
29544,2020-03-01,MC,Monaco,EURO,1,2,0,0
29545,2020-03-08,MC,Monaco,EURO,0,2,0,0
29546,2020-03-15,MC,Monaco,EURO,5,7,0,0
29547,2020-03-22,MC,Monaco,EURO,5,12,0,0
29548,2020-03-29,MC,Monaco,EURO,15,27,0,0
29549,2020-04-05,MC,Monaco,EURO,14,41,0,0
29550,2020-04-12,MC,Monaco,EURO,12,53,1,1
29551,2020-04-19,MC,Monaco,EURO,1,54,0,1
29552,2020-04-26,MC,Monaco,EURO,2,56,0,1
29553,2020-05-03,MC,Monaco,EURO,0,56,0,1
29554,2020-05-10,MC,Monaco,EURO,0,56,0,1
29555,2020-05-17,MC,Monaco,EURO,1,57,0,1
29556,2020-05-24,MC,Monaco,EURO,2,59,0,1
29557,2020-05-31,MC,Monaco,EURO,0,59,0,1
29558,2020-06-07,MC,Monaco,EURO,0,59,0,1
29559,2020-06-14,MC,Monaco,EURO,0,59,0,1
29560,2020-06-21,MC,Monaco,EURO,0,59,0,1
29561,2020-06-28,MC,Monaco,EURO,2,61,0,1
29562,2020-07-05,MC,Monaco,EURO,5,66,0,1
29563,2020-07-12,MC,Monaco,EURO,2,68,0,1
29564,2020-07-19,MC,Monaco,EURO,0,68,0,1
29565,2020-07-26,MC,Monaco,EURO,3,71,0,1
29566,2020-08-02,MC,Monaco,EURO,3,74,0,1
29567,2020-08-09,MC,Monaco,EURO,3,77,0,1
29568,2020-08-16,MC,Monaco,EURO,6,83,0,1
29569,2020-08-23,MC,Monaco,EURO,18,101,0,1
29570,2020-08-30,MC,Monaco,EURO,22,123,0,1
29571,2020-09-06,MC,Monaco,EURO,24,147,0,1
29572,2020-09-13,MC,Monaco,EURO,13,160,0,1
29573,2020-09-20,MC,Monaco,EURO,14,174,0,1
29574,2020-09-27,MC,Monaco,EURO,8,182,1,2
29575,2020-10-04,MC,Monaco,EURO,9,191,0,2
29576,2020-10-11,MC,Monaco,EURO,14,205,0,2
29577,2020-10-18,MC,Monaco,EURO,22,227,0,2
29578,2020-10-25,MC,Monaco,EURO,32,259,0,2
29579,2020-11-01,MC,Monaco,EURO,55,314,0,2
29580,2020-11-08,MC,Monaco,EURO,55,369,0,2
29581,2020-11-15,MC,Monaco,EURO,54,423,0,2
29582,2020-11-22,MC,Monaco,EURO,28,451,1,3
29583,2020-11-29,MC,Monaco,EURO,18,469,0,3
29584,2020-12-06,MC,Monaco,EURO,20,489,0,3
29585,2020-12-13,MC,Monaco,EURO,31,520,0,3
29586,2020-12-20,MC,Monaco,EURO,64,584,0,3
29587,2020-12-27,MC,Monaco,EURO,61,645,0,3
29588,2021-01-03,MC,Monaco,EURO,119,764,1,4
29589,2021-01-10,MC,Monaco,EURO,124,888,1,5
29590,2021-01-17,MC,Monaco,EURO,141,1029,3,8
29591,2021-01-24,MC,Monaco,EURO,154,1183,1,9
29592,2021-01-31,MC,Monaco,EURO,127,1310,3,12
29593,2021-02-07,MC,Monaco,EURO,159,1469,8,20
29594,2021-02-14,MC,Monaco,EURO,113,1582,1,21
29595,2021-02-21,MC,Monaco,EURO,110,1692,1,22
29596,2021-02-28,MC,Monaco,EURO,82,1774,2,24
29597,2021-03-07,MC,Monaco,EURO,72,1846,2,26
29598,2021-03-14,MC,Monaco,EURO,83,1929,1,27
29599,2021-03-21,MC,Monaco,EURO,66,1995,0,27
29600,2021-03-28,MC,Monaco,EURO,83,2078,1,28
29601,2021-04-04,MC,Monaco,EURO,66,2144,1,29
29602,2021-04-11,MC,Monaco,EURO,42,2186,2,31
29603,2021-04-18,MC,Monaco,EURO,24,2210,0,31
29604,2021-04-25,MC,Monaco,EURO,35,2245,0,31
29605,2021-05-02,MC,Monaco,EURO,32,2277,1,32
29606,2021-05-09,MC,Monaco,EURO,27,2304,0,32
29607,2021-05-16,MC,Monaco,EURO,14,2318,0,32
29608,2021-05-23,MC,Monaco,EURO,8,2326,0,32
29609,2021-05-30,MC,Monaco,EURO,3,2329,0,32
29610,2021-06-06,MC,Monaco,EURO,4,2333,1,33
29611,2021-06-13,MC,Monaco,EURO,17,2350,0,33
29612,2021-06-20,MC,Monaco,EURO,18,2368,0,33
29613,2021-06-27,MC,Monaco,EURO,18,2386,0,33
29614,2021-07-04,MC,Monaco,EURO,17,2403,0,33
29615,2021-07-11,MC,Monaco,EURO,43,2446,0,33
29616,2021-07-18,MC,Monaco,EURO,62,2508,0,33
29617,2021-07-25,MC,Monaco,EURO,120,2628,0,33
29618,2021-08-01,MC,Monaco,EURO,105,2733,0,33
29619,2021-08-08,MC,Monaco,EURO,109,2842,0,33
29620,2021-08-15,MC,Monaco,EURO,75,2917,2,35
29621,2021-08-22,MC,Monaco,EURO,84,3001,0,35
29622,2021-08-29,MC,Monaco,EURO,48,3049,0,35
29623,2021-09-05,MC,Monaco,EURO,51,3100,0,35
29624,2021-09-12,MC,Monaco,EURO,32,3132,0,35
29625,2021-09-19,MC,Monaco,EURO,15,3147,0,35
29626,2021-09-26,MC,Monaco,EURO,13,3160,0,35
29627,2021-10-03,MC,Monaco,EURO,12,3172,0,35
29628,2021-10-10,MC,Monaco,EURO,16,3188,0,35
29629,2021-10-17,MC,Monaco,EURO,23,3211,0,35
29630,2021-10-24,MC,Monaco,EURO,32,3243,0,35
29631,2021-10-31,MC,Monaco,EURO,25,3268,1,36
29632,2021-11-07,MC,Monaco,EURO,20,3288,0,36
29633,2021-11-14,MC,Monaco,EURO,37,3325,0,36
29634,2021-11-21,MC,Monaco,EURO,67,3392,0,36
29635,2021-11-28,MC,Monaco,EURO,156,3548,0,36
29636,2021-12-05,MC,Monaco,EURO,156,3704,0,36
29637,2021-12-12,MC,Monaco,EURO,196,3900,0,36
29638,2021-12-19,MC,Monaco,EURO,328,4228,0,36
29639,2021-12-26,MC,Monaco,EURO,377,4605,2,38
29640,2022-01-02,MC,Monaco,EURO,523,5128,1,39
29641,2022-01-09,MC,Monaco,EURO,943,6071,3,42
29642,2022-01-16,MC,Monaco,EURO,913,6984,2,44
29643,2022-01-23,MC,Monaco,EURO,949,7933,1,45
29644,2022-01-30,MC,Monaco,EURO,696,8629,1,46
29645,2022-02-06,MC,Monaco,EURO,467,9096,2,48
29646,2022-02-13,MC,Monaco,EURO,249,9345,2,50
29647,2022-02-20,MC,Monaco,EURO,171,9516,1,51
29648,2022-02-27,MC,Monaco,EURO,201,9717,0,51
29649,2022-03-06,MC,Monaco,EURO,178,9895,0,51
29650,2022-03-13,MC,Monaco,EURO,265,10160,1,52
29651,2022-03-20,MC,Monaco,EURO,374,10534,2,54
29652,2022-03-27,MC,Monaco,EURO,421,10955,0,54
29653,2022-04-03,MC,Monaco,EURO,334,11289,0,54
29654,2022-04-10,MC,Monaco,EURO,334,11623,1,55
29655,2022-04-17,MC,Monaco,EURO,274,11897,1,56
29656,2022-04-24,MC,Monaco,EURO,203,12100,1,57
29657,2022-05-01,MC,Monaco,EURO,172,12272,0,57
29658,2022-05-08,MC,Monaco,EURO,156,12428,0,57
29659,2022-05-15,MC,Monaco,EURO,90,12518,0,57
29660,2022-05-22,MC,Monaco,EURO,86,12604,0,57
29661,2022-05-29,MC,Monaco,EURO,62,12666,0,57
29662,2022-06-05,MC,Monaco,EURO,144,12810,0,57
29663,2022-06-12,MC,Monaco,EURO,191,13001,0,57
29664,2022-06-19,MC,Monaco,EURO,161,13162,0,57
29665,2022-06-26,MC,Monaco,EURO,207,13369,0,57
29666,2022-07-03,MC,Monaco,EURO,334,13703,2,59
29667,2022-07-10,MC,Monaco,EURO,354,14057,1,60
29668,2022-07-17,MC,Monaco,EURO,291,14348,1,61
29669,2022-07-24,MC,Monaco,EURO,168,14516,0,61
29670,2022-07-31,MC,Monaco,EURO,111,14627,0,61
29671,2022-08-07,MC,Monaco,EURO,93,14720,0,61
29672,2022-08-14,MC,Monaco,EURO,98,14818,0,61
29673,2022-08-21,MC,Monaco,EURO,36,14854,0,61
29674,2022-08-28,MC,Monaco,EURO,41,14895,0,61
29675,2022-09-04,MC,Monaco,EURO,36,14931,0,61
29676,2022-09-11,MC,Monaco,EURO,33,14964,2,63
29677,2022-09-18,MC,Monaco,EURO,66,15030,0,63
29678,2022-09-25,MC,Monaco,EURO,56,15086,0,63
29679,2022-10-02,MC,Monaco,EURO,86,15172,0,63
29680,2022-10-09,MC,Monaco,EURO,87,15259,0,63
29681,2022-10-16,MC,Monaco,EURO,81,15340,0,63
29682,2022-10-23,MC,Monaco,EURO,80,15420,1,64
29683,2022-10-30,MC,Monaco,EURO,67,15487,1,65
29684,2022-11-06,MC,Monaco,EURO,63,15550,0,65
29685,2022-11-13,MC,Monaco,EURO,94,15644,0,65
29686,2022-11-20,MC,Monaco,EURO,93,15737,0,65
29687,2022-11-27,MC,Monaco,EURO,152,15889,0,65
29688,2022-12-04,MC,Monaco,EURO,209,16098,0,65
29689,2022-12-11,MC,Monaco,EURO,175,16273,0,65
29690,2022-12-18,MC,Monaco,EURO,100,16373,0,65
29691,2022-12-25,MC,Monaco,EURO,66,16439,0,65
29692,2023-01-01,MC,Monaco,EURO,37,16476,0,65
29693,2023-01-08,MC,Monaco,EURO,47,16523,0,65
29694,2023-01-15,MC,Monaco,EURO,23,16546,0,65
29695,2023-01-22,MC,Monaco,EURO,18,16564,0,65
29696,2023-01-29,MC,Monaco,EURO,13,16577,0,65
29697,2023-02-05,MC,Monaco,EURO,31,16608,2,67
29698,2023-02-12,MC,Monaco,EURO,14,16622,0,67
29699,2023-02-19,MC,Monaco,EURO,7,16629,0,67
29700,2023-02-26,MC,Monaco,EURO,5,16634,0,67
29701,2023-03-05,MC,Monaco,EURO,6,16640,0,67
29702,2023-03-12,MC,Monaco,EURO,7,16647,0,67
29703,2023-03-19,MC,Monaco,EURO,24,16671,0,67
29704,2023-03-26,MC,Monaco,EURO,15,16686,0,67
29705,2023-04-02,MC,Monaco,EURO,19,16705,0,67
29706,2023-04-09,MC,Monaco,EURO,19,16724,0,67
29707,2023-04-16,MC,Monaco,EURO,15,16739,0,67
29708,2023-04-23,MC,Monaco,EURO,11,16750,0,67
29709,2023-04-30,MC,Monaco,EURO,5,16755,0,67
29710,2023-05-07,MC,Monaco,EURO,8,16763,0,67
29711,2023-05-14,MC,Monaco,EURO,12,16775,0,67
29712,2023-05-21,MC,Monaco,EURO,9,16784,0,67
29713,2023-05-28,MC,Monaco,EURO,9,16793,0,67
29714,2023-06-04,MC,Monaco,EURO,5,16798,0,67
29715,2023-06-11,MC,Monaco,EURO,16,16814,0,67
29716,2023-06-18,MC,Monaco,EURO,3,16817,0,67
29717,2023-06-25,MC,Monaco,EURO,9,16826,0,67
29718,2023-07-02,MC,Monaco,EURO,12,16838,0,67
29719,2023-07-09,MC,Monaco,EURO,2,16840,0,67
29720,2023-07-16,MC,Monaco,EURO,2,16842,0,67
29721,2023-07-23,MC,Monaco,EURO,6,16848,0,67
29722,2023-07-30,MC,Monaco,EURO,4,16852,0,67
29723,2023-08-06,MC,Monaco,EURO,6,16858,0,67
29724,2023-08-13,MC,Monaco,EURO,13,16871,0,67
29725,2023-08-20,MC,Monaco,EURO,10,16881,0,67
29726,2023-08-27,MC,Monaco,EURO,20,16901,0,67
29727,2023-09-03,MC,Monaco,EURO,17,16918,0,67
29728,2023-09-10,MC,Monaco,EURO,13,16931,0,67
29729,2023-09-17,MC,Monaco,EURO,13,16944,0,67
29730,2023-09-24,MC,Monaco,EURO,31,16975,0,67
29731,2023-10-01,MC,Monaco,EURO,26,17001,0,67
29732,2023-10-08,MC,Monaco,EURO,26,17027,0,67
29733,2023-10-15,MC,Monaco,EURO,22,17049,0,67
29734,2023-10-22,MC,Monaco,EURO,23,17072,0,67
29735,2023-10-29,MC,Monaco,EURO,18,17090,0,67
29736,2023-11-05,MC,Monaco,EURO,19,17109,0,67
29737,2023-11-12,MC,Monaco,EURO,11,17120,0,67
29738,2023-11-19,MC,Monaco,EURO,46,17166,0,67
29739,2023-11-26,MC,Monaco,EURO,15,17181,0,67
29740,2023-12-03,MC,Monaco,EURO,0,17181,0,67
29741,2023-12-10,MC,Monaco,EURO,0,17181,0,67
29742,2023-12-17,MC,Monaco,EURO,0,17181,0,67
29743,2023-12-24,MC,Monaco,EURO,0,17181,0,67
29744,2020-01-05,MN,Mongolia,WPRO,0,0,0,0
29745,2020-01-12,MN,Mongolia,WPRO,0,0,0,0
29746,2020-01-19,MN,Mongolia,WPRO,0,0,0,0
29747,2020-01-26,MN,Mongolia,WPRO,0,0,0,0
29748,2020-02-02,MN,Mongolia,WPRO,0,0,0,0
29749,2020-02-09,MN,Mongolia,WPRO,0,0,0,0
29750,2020-02-16,MN,Mongolia,WPRO,0,0,0,0
29751,2020-02-23,MN,Mongolia,WPRO,0,0,0,0
29752,2020-03-01,MN,Mongolia,WPRO,0,0,0,0
29753,2020-03-08,MN,Mongolia,WPRO,0,0,0,0
29754,2020-03-15,MN,Mongolia,WPRO,1,1,0,0
29755,2020-03-22,MN,Mongolia,WPRO,9,10,0,0
29756,2020-03-29,MN,Mongolia,WPRO,2,12,0,0
29757,2020-04-05,MN,Mongolia,WPRO,2,14,0,0
29758,2020-04-12,MN,Mongolia,WPRO,2,16,0,0
29759,2020-04-19,MN,Mongolia,WPRO,16,32,0,0
29760,2020-04-26,MN,Mongolia,WPRO,6,38,0,0
29761,2020-05-03,MN,Mongolia,WPRO,1,39,0,0
29762,2020-05-10,MN,Mongolia,WPRO,3,42,0,0
29763,2020-05-17,MN,Mongolia,WPRO,94,136,0,0
29764,2020-05-24,MN,Mongolia,WPRO,5,141,0,0
29765,2020-05-31,MN,Mongolia,WPRO,38,179,0,0
29766,2020-06-07,MN,Mongolia,WPRO,14,193,0,0
29767,2020-06-14,MN,Mongolia,WPRO,4,197,0,0
29768,2020-06-21,MN,Mongolia,WPRO,7,204,0,0
29769,2020-06-28,MN,Mongolia,WPRO,15,219,0,0
29770,2020-07-05,MN,Mongolia,WPRO,1,220,0,0
29771,2020-07-12,MN,Mongolia,WPRO,10,230,0,0
29772,2020-07-19,MN,Mongolia,WPRO,57,287,0,0
29773,2020-07-26,MN,Mongolia,WPRO,1,288,0,0
29774,2020-08-02,MN,Mongolia,WPRO,5,293,0,0
29775,2020-08-09,MN,Mongolia,WPRO,0,293,0,0
29776,2020-08-16,MN,Mongolia,WPRO,5,298,0,0
29777,2020-08-23,MN,Mongolia,WPRO,0,298,0,0
29778,2020-08-30,MN,Mongolia,WPRO,3,301,0,0
29779,2020-09-06,MN,Mongolia,WPRO,9,310,0,0
29780,2020-09-13,MN,Mongolia,WPRO,1,311,0,0
29781,2020-09-20,MN,Mongolia,WPRO,0,311,0,0
29782,2020-09-27,MN,Mongolia,WPRO,2,313,0,0
29783,2020-10-04,MN,Mongolia,WPRO,0,313,0,0
29784,2020-10-11,MN,Mongolia,WPRO,2,315,0,0
29785,2020-10-18,MN,Mongolia,WPRO,5,320,0,0
29786,2020-10-25,MN,Mongolia,WPRO,17,337,0,0
29787,2020-11-01,MN,Mongolia,WPRO,9,346,0,0
29788,2020-11-08,MN,Mongolia,WPRO,11,357,0,0
29789,2020-11-15,MN,Mongolia,WPRO,59,416,0,0
29790,2020-11-22,MN,Mongolia,WPRO,213,629,0,0
29791,2020-11-29,MN,Mongolia,WPRO,155,784,0,0
29792,2020-12-06,MN,Mongolia,WPRO,65,849,0,0
29793,2020-12-13,MN,Mongolia,WPRO,58,907,0,0
29794,2020-12-20,MN,Mongolia,WPRO,54,961,1,1
29795,2020-12-27,MN,Mongolia,WPRO,160,1121,0,1
29796,2021-01-03,MN,Mongolia,WPRO,165,1286,0,1
29797,2021-01-10,MN,Mongolia,WPRO,156,1442,0,1
29798,2021-01-17,MN,Mongolia,WPRO,84,1526,0,1
29799,2021-01-24,MN,Mongolia,WPRO,117,1643,1,2
29800,2021-01-31,MN,Mongolia,WPRO,171,1814,0,2
29801,2021-02-07,MN,Mongolia,WPRO,259,2073,0,2
29802,2021-02-14,MN,Mongolia,WPRO,310,2383,0,2
29803,2021-02-21,MN,Mongolia,WPRO,310,2693,0,2
29804,2021-02-28,MN,Mongolia,WPRO,259,2952,0,2
29805,2021-03-07,MN,Mongolia,WPRO,384,3336,1,3
29806,2021-03-14,MN,Mongolia,WPRO,747,4083,1,4
29807,2021-03-21,MN,Mongolia,WPRO,1103,5186,1,5
29808,2021-03-28,MN,Mongolia,WPRO,2403,7589,1,6
29809,2021-04-04,MN,Mongolia,WPRO,3231,10820,6,12
29810,2021-04-11,MN,Mongolia,WPRO,4898,15718,11,23
29811,2021-04-18,MN,Mongolia,WPRO,7166,22884,26,49
29812,2021-04-25,MN,Mongolia,WPRO,8455,31339,34,83
29813,2021-05-02,MN,Mongolia,WPRO,8042,39381,48,131
29814,2021-05-09,MN,Mongolia,WPRO,6078,45459,34,165
29815,2021-05-16,MN,Mongolia,WPRO,3716,49175,37,202
29816,2021-05-23,MN,Mongolia,WPRO,3925,53100,21,223
29817,2021-05-30,MN,Mongolia,WPRO,5339,58439,30,253
29818,2021-06-06,MN,Mongolia,WPRO,8004,66443,35,288
29819,2021-06-13,MN,Mongolia,WPRO,11904,78347,57,345
29820,2021-06-20,MN,Mongolia,WPRO,17472,95819,74,419
29821,2021-06-27,MN,Mongolia,WPRO,15686,111505,60,479
29822,2021-07-04,MN,Mongolia,WPRO,15306,126811,69,548
29823,2021-07-11,MN,Mongolia,WPRO,12473,139284,57,605
29824,2021-07-18,MN,Mongolia,WPRO,10449,149733,32,637
29825,2021-07-25,MN,Mongolia,WPRO,8241,157974,51,688
29826,2021-08-01,MN,Mongolia,WPRO,9255,167229,34,722
29827,2021-08-08,MN,Mongolia,WPRO,8331,175560,31,753
29828,2021-08-15,MN,Mongolia,WPRO,8092,183652,23,776
29829,2021-08-22,MN,Mongolia,WPRO,11593,195245,26,802
29830,2021-08-29,MN,Mongolia,WPRO,16030,211275,33,835
29831,2021-09-05,MN,Mongolia,WPRO,24999,236274,50,885
29832,2021-09-12,MN,Mongolia,WPRO,32709,268983,88,973
29833,2021-09-19,MN,Mongolia,WPRO,38895,307878,73,1046
29834,2021-09-26,MN,Mongolia,WPRO,50789,358667,106,1152
29835,2021-10-03,MN,Mongolia,WPRO,46698,405365,122,1274
29836,2021-10-10,MN,Mongolia,WPRO,46988,452353,103,1377
29837,2021-10-17,MN,Mongolia,WPRO,46550,498903,106,1483
29838,2021-10-24,MN,Mongolia,WPRO,40294,539197,110,1593
29839,2021-10-31,MN,Mongolia,WPRO,53797,592994,79,1672
29840,2021-11-07,MN,Mongolia,WPRO,27029,620023,72,1744
29841,2021-11-14,MN,Mongolia,WPRO,18494,638517,71,1815
29842,2021-11-21,MN,Mongolia,WPRO,16310,654827,60,1875
29843,2021-11-28,MN,Mongolia,WPRO,12534,667361,47,1922
29844,2021-12-05,MN,Mongolia,WPRO,9498,676859,22,1944
29845,2021-12-12,MN,Mongolia,WPRO,5868,682727,19,1963
29846,2021-12-19,MN,Mongolia,WPRO,4705,687432,9,1972
29847,2021-12-26,MN,Mongolia,WPRO,3518,690950,9,1981
29848,2022-01-02,MN,Mongolia,WPRO,2899,693849,6,1987
29849,2022-01-09,MN,Mongolia,WPRO,12137,705986,14,2001
29850,2022-01-16,MN,Mongolia,WPRO,35696,741682,12,2013
29851,2022-01-23,MN,Mongolia,WPRO,53226,794908,8,2021
29852,2022-01-30,MN,Mongolia,WPRO,46940,841848,15,2036
29853,2022-02-06,MN,Mongolia,WPRO,19128,860976,19,2055
29854,2022-02-13,MN,Mongolia,WPRO,26778,887754,19,2074
29855,2022-02-20,MN,Mongolia,WPRO,11952,899706,13,2087
29856,2022-02-27,MN,Mongolia,WPRO,8451,908157,9,2096
29857,2022-03-06,MN,Mongolia,WPRO,5098,913255,8,2104
29858,2022-03-13,MN,Mongolia,WPRO,2556,915811,1,2105
29859,2022-03-20,MN,Mongolia,WPRO,1402,917213,3,2108
29860,2022-03-27,MN,Mongolia,WPRO,1691,918904,0,2108
29861,2022-04-03,MN,Mongolia,WPRO,640,919544,0,2108
29862,2022-04-10,MN,Mongolia,WPRO,460,920004,0,2108
29863,2022-04-17,MN,Mongolia,WPRO,202,920206,0,2108
29864,2022-04-24,MN,Mongolia,WPRO,230,920436,0,2108
29865,2022-05-01,MN,Mongolia,WPRO,989,921425,2,2110
29866,2022-05-08,MN,Mongolia,WPRO,802,922227,1,2111
29867,2022-05-15,MN,Mongolia,WPRO,0,922227,2,2113
29868,2022-05-22,MN,Mongolia,WPRO,1808,924035,1,2114
29869,2022-05-29,MN,Mongolia,WPRO,1038,925073,1,2115
29870,2022-06-05,MN,Mongolia,WPRO,2199,927272,1,2116
29871,2022-06-12,MN,Mongolia,WPRO,741,928013,0,2116
29872,2022-06-19,MN,Mongolia,WPRO,573,928586,0,2116
29873,2022-06-26,MN,Mongolia,WPRO,0,928586,0,2116
29874,2022-07-03,MN,Mongolia,WPRO,395,928981,2,2118
29875,2022-07-10,MN,Mongolia,WPRO,672,929653,1,2119
29876,2022-07-17,MN,Mongolia,WPRO,1024,930677,0,2119
29877,2022-07-24,MN,Mongolia,WPRO,7066,937743,0,2119
29878,2022-07-31,MN,Mongolia,WPRO,9279,947022,0,2119
29879,2022-08-07,MN,Mongolia,WPRO,13970,960992,4,2123
29880,2022-08-14,MN,Mongolia,WPRO,5431,966423,0,2123
29881,2022-08-21,MN,Mongolia,WPRO,7810,974233,2,2125
29882,2022-08-28,MN,Mongolia,WPRO,3023,977256,3,2128
29883,2022-09-04,MN,Mongolia,WPRO,2388,979644,1,2129
29884,2022-09-11,MN,Mongolia,WPRO,1506,981150,1,2130
29885,2022-09-18,MN,Mongolia,WPRO,1157,982307,1,2131
29886,2022-09-25,MN,Mongolia,WPRO,393,982700,0,2131
29887,2022-10-02,MN,Mongolia,WPRO,304,983004,0,2131
29888,2022-10-09,MN,Mongolia,WPRO,606,983610,0,2131
29889,2022-10-16,MN,Mongolia,WPRO,378,983988,0,2131
29890,2022-10-23,MN,Mongolia,WPRO,343,984331,0,2131
29891,2022-10-30,MN,Mongolia,WPRO,492,984823,0,2131
29892,2022-11-06,MN,Mongolia,WPRO,829,985652,0,2131
29893,2022-11-13,MN,Mongolia,WPRO,1588,987240,1,2132
29894,2022-11-20,MN,Mongolia,WPRO,2473,989713,2,2134
29895,2022-11-27,MN,Mongolia,WPRO,2388,992101,0,2134
29896,2022-12-04,MN,Mongolia,WPRO,1271,993372,1,2135
29897,2022-12-11,MN,Mongolia,WPRO,707,994079,0,2135
29898,2022-12-18,MN,Mongolia,WPRO,12991,1007070,0,2135
29899,2022-12-25,MN,Mongolia,WPRO,244,1007314,1,2136
29900,2023-01-01,MN,Mongolia,WPRO,108,1007422,0,2136
29901,2023-01-08,MN,Mongolia,WPRO,343,1007765,0,2136
29902,2023-01-15,MN,Mongolia,WPRO,61,1007826,0,2136
29903,2023-01-22,MN,Mongolia,WPRO,31,1007857,0,2136
29904,2023-01-29,MN,Mongolia,WPRO,12,1007869,0,2136
29905,2023-02-05,MN,Mongolia,WPRO,7,1007876,0,2136
29906,2023-02-12,MN,Mongolia,WPRO,18,1007894,0,2136
29907,2023-02-19,MN,Mongolia,WPRO,1,1007895,0,2136
29908,2023-02-26,MN,Mongolia,WPRO,2,1007897,0,2136
29909,2023-03-05,MN,Mongolia,WPRO,3,1007900,0,2136
29910,2023-03-12,MN,Mongolia,WPRO,5,1007905,0,2136
29911,2023-03-19,MN,Mongolia,WPRO,2,1007907,0,2136
29912,2023-03-26,MN,Mongolia,WPRO,4,1007911,0,2136
29913,2023-04-02,MN,Mongolia,WPRO,9,1007920,0,2136
29914,2023-04-09,MN,Mongolia,WPRO,0,1007920,0,2136
29915,2023-04-16,MN,Mongolia,WPRO,23,1007943,0,2136
29916,2023-04-23,MN,Mongolia,WPRO,27,1007970,0,2136
29917,2023-04-30,MN,Mongolia,WPRO,29,1007999,0,2136
29918,2023-05-07,MN,Mongolia,WPRO,39,1008038,0,2136
29919,2023-05-14,MN,Mongolia,WPRO,227,1008265,0,2136
29920,2023-05-21,MN,Mongolia,WPRO,390,1008655,0,2136
29921,2023-05-28,MN,Mongolia,WPRO,671,1009326,0,2136
29922,2023-06-04,MN,Mongolia,WPRO,764,1010090,0,2136
29923,2023-06-11,MN,Mongolia,WPRO,369,1010459,0,2136
29924,2023-06-18,MN,Mongolia,WPRO,277,1010736,0,2136
29925,2023-06-25,MN,Mongolia,WPRO,116,1010852,0,2136
29926,2023-07-02,MN,Mongolia,WPRO,54,1010906,148,2284
29927,2023-07-09,MN,Mongolia,WPRO,29,1010935,0,2284
29928,2023-07-16,MN,Mongolia,WPRO,6,1010941,0,2284
29929,2023-07-23,MN,Mongolia,WPRO,6,1010947,0,2284
29930,2023-07-30,MN,Mongolia,WPRO,7,1010954,0,2284
29931,2023-08-06,MN,Mongolia,WPRO,9,1010963,0,2284
29932,2023-08-13,MN,Mongolia,WPRO,8,1010971,0,2284
29933,2023-08-20,MN,Mongolia,WPRO,4,1010975,0,2284
29934,2023-08-27,MN,Mongolia,WPRO,9,1010984,0,2284
29935,2023-09-03,MN,Mongolia,WPRO,11,1010995,0,2284
29936,2023-09-10,MN,Mongolia,WPRO,16,1011011,0,2284
29937,2023-09-17,MN,Mongolia,WPRO,34,1011045,0,2284
29938,2023-09-24,MN,Mongolia,WPRO,41,1011086,0,2284
29939,2023-10-01,MN,Mongolia,WPRO,84,1011170,0,2284
29940,2023-10-08,MN,Mongolia,WPRO,18,1011188,0,2284
29941,2023-10-15,MN,Mongolia,WPRO,0,1011188,0,2284
29942,2023-10-22,MN,Mongolia,WPRO,18,1011206,0,2284
29943,2023-10-29,MN,Mongolia,WPRO,18,1011224,0,2284
29944,2023-11-05,MN,Mongolia,WPRO,21,1011245,0,2284
29945,2023-11-12,MN,Mongolia,WPRO,16,1011261,0,2284
29946,2023-11-19,MN,Mongolia,WPRO,19,1011280,0,2284
29947,2023-11-26,MN,Mongolia,WPRO,17,1011297,0,2284
29948,2023-12-03,MN,Mongolia,WPRO,22,1011319,0,2284
29949,2023-12-10,MN,Mongolia,WPRO,34,1011353,0,2284
29950,2023-12-17,MN,Mongolia,WPRO,35,1011388,0,2284
29951,2023-12-24,MN,Mongolia,WPRO,0,1011388,0,2284
29952,2020-01-05,ME,Montenegro,EURO,0,0,0,0
29953,2020-01-12,ME,Montenegro,EURO,0,0,0,0
29954,2020-01-19,ME,Montenegro,EURO,0,0,0,0
29955,2020-01-26,ME,Montenegro,EURO,0,0,0,0
29956,2020-02-02,ME,Montenegro,EURO,0,0,0,0
29957,2020-02-09,ME,Montenegro,EURO,0,0,0,0
29958,2020-02-16,ME,Montenegro,EURO,0,0,0,0
29959,2020-02-23,ME,Montenegro,EURO,0,0,0,0
29960,2020-03-01,ME,Montenegro,EURO,0,0,0,0
29961,2020-03-08,ME,Montenegro,EURO,0,0,0,0
29962,2020-03-15,ME,Montenegro,EURO,0,0,0,0
29963,2020-03-22,ME,Montenegro,EURO,0,0,0,0
29964,2020-03-29,ME,Montenegro,EURO,0,0,0,0
29965,2020-04-05,ME,Montenegro,EURO,0,0,0,0
29966,2020-04-12,ME,Montenegro,EURO,0,0,0,0
29967,2020-04-19,ME,Montenegro,EURO,0,0,0,0
29968,2020-04-26,ME,Montenegro,EURO,0,0,0,0
29969,2020-05-03,ME,Montenegro,EURO,2,2,1,1
29970,2020-05-10,ME,Montenegro,EURO,1,3,1,2
29971,2020-05-17,ME,Montenegro,EURO,0,3,0,2
29972,2020-05-24,ME,Montenegro,EURO,0,3,0,2
29973,2020-05-31,ME,Montenegro,EURO,0,3,0,2
29974,2020-06-07,ME,Montenegro,EURO,0,3,0,2
29975,2020-06-14,ME,Montenegro,EURO,0,3,0,2
29976,2020-06-21,ME,Montenegro,EURO,37,40,0,2
29977,2020-06-28,ME,Montenegro,EURO,0,40,0,2
29978,2020-07-05,ME,Montenegro,EURO,0,40,0,2
29979,2020-07-12,ME,Montenegro,EURO,0,40,0,2
29980,2020-07-19,ME,Montenegro,EURO,0,40,0,2
29981,2020-07-26,ME,Montenegro,EURO,0,40,0,2
29982,2020-08-02,ME,Montenegro,EURO,429,469,8,10
29983,2020-08-09,ME,Montenegro,EURO,384,853,16,26
29984,2020-08-16,ME,Montenegro,EURO,394,1247,11,37
29985,2020-08-23,ME,Montenegro,EURO,300,1547,6,43
29986,2020-08-30,ME,Montenegro,EURO,461,2008,15,58
29987,2020-09-06,ME,Montenegro,EURO,788,2796,9,67
29988,2020-09-13,ME,Montenegro,EURO,1568,4364,12,79
29989,2020-09-20,ME,Montenegro,EURO,1666,6030,16,95
29990,2020-09-27,ME,Montenegro,EURO,1730,7760,22,117
29991,2020-10-04,ME,Montenegro,EURO,1679,9439,21,138
29992,2020-10-11,ME,Montenegro,EURO,1736,11175,23,161
29993,2020-10-18,ME,Montenegro,EURO,1746,12921,32,193
29994,2020-10-25,ME,Montenegro,EURO,1138,14059,30,223
29995,2020-11-01,ME,Montenegro,EURO,2090,16149,44,267
29996,2020-11-08,ME,Montenegro,EURO,0,16149,0,267
29997,2020-11-15,ME,Montenegro,EURO,0,16149,0,267
29998,2020-11-22,ME,Montenegro,EURO,3808,19957,48,315
29999,2020-11-29,ME,Montenegro,EURO,3742,23699,48,363
30000,2020-12-06,ME,Montenegro,EURO,3318,27017,46,409
30001,2020-12-13,ME,Montenegro,EURO,3014,30031,49,458
30002,2020-12-20,ME,Montenegro,EURO,2534,32565,44,502
30003,2020-12-27,ME,Montenegro,EURO,2645,35210,41,543
30004,2021-01-03,ME,Montenegro,EURO,2546,37756,23,566
30005,2021-01-10,ME,Montenegro,EURO,3265,41021,36,602
30006,2021-01-17,ME,Montenegro,EURO,12597,53618,32,634
30007,2021-01-24,ME,Montenegro,EURO,2903,56521,23,657
30008,2021-01-31,ME,Montenegro,EURO,3292,59813,37,694
30009,2021-02-07,ME,Montenegro,EURO,3665,63478,33,727
30010,2021-02-14,ME,Montenegro,EURO,3621,67099,52,779
30011,2021-02-21,ME,Montenegro,EURO,3621,70720,60,839
30012,2021-02-28,ME,Montenegro,EURO,3877,74597,53,892
30013,2021-03-07,ME,Montenegro,EURO,3896,78493,64,956
30014,2021-03-14,ME,Montenegro,EURO,3958,82451,62,1018
30015,2021-03-21,ME,Montenegro,EURO,3475,85926,70,1088
30016,2021-03-28,ME,Montenegro,EURO,2757,88683,46,1134
30017,2021-04-04,ME,Montenegro,EURO,2315,90998,60,1194
30018,2021-04-11,ME,Montenegro,EURO,1676,92674,68,1262
30019,2021-04-18,ME,Montenegro,EURO,1274,93948,56,1318
30020,2021-04-25,ME,Montenegro,EURO,1081,95029,52,1370
30021,2021-05-02,ME,Montenegro,EURO,938,95967,40,1410
30022,2021-05-09,ME,Montenegro,EURO,647,96614,35,1445
30023,2021-05-16,ME,Montenegro,EURO,531,97145,21,1466
30024,2021-05-23,ME,Montenegro,EURO,393,97538,13,1479
30025,2021-05-30,ME,Montenegro,EURO,333,97871,9,1488
30026,2021-06-06,ME,Montenegro,EURO,211,98082,9,1497
30027,2021-06-13,ME,Montenegro,EURO,129,98211,9,1506
30028,2021-06-20,ME,Montenegro,EURO,128,98339,4,1510
30029,2021-06-27,ME,Montenegro,EURO,110,98449,4,1514
30030,2021-07-04,ME,Montenegro,EURO,134,98583,10,1524
30031,2021-07-11,ME,Montenegro,EURO,147,98730,5,1529
30032,2021-07-18,ME,Montenegro,EURO,195,98925,3,1532
30033,2021-07-25,ME,Montenegro,EURO,517,99442,1,1533
30034,2021-08-01,ME,Montenegro,EURO,977,100419,6,1539
30035,2021-08-08,ME,Montenegro,EURO,1747,102166,5,1544
30036,2021-08-15,ME,Montenegro,EURO,2560,104726,9,1553
30037,2021-08-22,ME,Montenegro,EURO,4401,109127,45,1598
30038,2021-08-29,ME,Montenegro,EURO,0,109127,0,1598
30039,2021-09-05,ME,Montenegro,EURO,3676,112803,41,1639
30040,2021-09-12,ME,Montenegro,EURO,3896,116699,43,1682
30041,2021-09-19,ME,Montenegro,EURO,4298,120997,49,1731
30042,2021-09-26,ME,Montenegro,EURO,3301,124298,46,1777
30043,2021-10-03,ME,Montenegro,EURO,2994,127292,39,1816
30044,2021-10-10,ME,Montenegro,EURO,2519,129811,52,1868
30045,2021-10-17,ME,Montenegro,EURO,2507,132318,37,1905
30046,2021-10-24,ME,Montenegro,EURO,3237,135555,42,1947
30047,2021-10-31,ME,Montenegro,EURO,3384,138939,38,1985
30048,2021-11-07,ME,Montenegro,EURO,4302,143241,45,2030
30049,2021-11-14,ME,Montenegro,EURO,3396,146637,59,2089
30050,2021-11-21,ME,Montenegro,EURO,2571,149208,38,2127
30051,2021-11-28,ME,Montenegro,EURO,2061,151269,40,2167
30052,2021-12-05,ME,Montenegro,EURO,1518,152787,44,2211
30053,2021-12-12,ME,Montenegro,EURO,1249,154036,21,2232
30054,2021-12-19,ME,Montenegro,EURO,1184,155220,25,2257
30055,2021-12-26,ME,Montenegro,EURO,2790,158010,19,2276
30056,2022-01-02,ME,Montenegro,EURO,10890,168900,22,2298
30057,2022-01-09,ME,Montenegro,EURO,17071,185971,26,2324
30058,2022-01-16,ME,Montenegro,EURO,0,185971,0,2324
30059,2022-01-23,ME,Montenegro,EURO,0,185971,0,2324
30060,2022-01-30,ME,Montenegro,EURO,5801,191772,42,2366
30061,2022-02-06,ME,Montenegro,EURO,3928,195700,46,2412
30062,2022-02-13,ME,Montenegro,EURO,2860,198560,34,2446
30063,2022-02-20,ME,Montenegro,EURO,2216,200776,23,2469
30064,2022-02-27,ME,Montenegro,EURO,1219,201995,18,2487
30065,2022-03-06,ME,Montenegro,EURO,787,202782,9,2496
30066,2022-03-13,ME,Montenegro,EURO,590,203372,8,2504
30067,2022-03-20,ME,Montenegro,EURO,629,204001,23,2527
30068,2022-03-27,ME,Montenegro,EURO,575,204576,4,2531
30069,2022-04-03,ME,Montenegro,EURO,521,205097,8,2539
30070,2022-04-10,ME,Montenegro,EURO,375,205472,1,2540
30071,2022-04-17,ME,Montenegro,EURO,490,205962,3,2543
30072,2022-04-24,ME,Montenegro,EURO,506,206468,4,2547
30073,2022-05-01,ME,Montenegro,EURO,576,207044,2,2549
30074,2022-05-08,ME,Montenegro,EURO,494,207538,2,2551
30075,2022-05-15,ME,Montenegro,EURO,482,208020,2,2553
30076,2022-05-22,ME,Montenegro,EURO,435,208455,0,2553
30077,2022-05-29,ME,Montenegro,EURO,384,208839,1,2554
30078,2022-06-05,ME,Montenegro,EURO,413,209252,0,2554
30079,2022-06-12,ME,Montenegro,EURO,380,209632,2,2556
30080,2022-06-19,ME,Montenegro,EURO,598,210230,1,2557
30081,2022-06-26,ME,Montenegro,EURO,995,211225,1,2558
30082,2022-07-03,ME,Montenegro,EURO,1633,212858,5,2563
30083,2022-07-10,ME,Montenegro,EURO,0,212858,0,2563
30084,2022-07-17,ME,Montenegro,EURO,0,212858,0,2563
30085,2022-07-24,ME,Montenegro,EURO,0,212858,0,2563
30086,2022-07-31,ME,Montenegro,EURO,6602,219460,8,2571
30087,2022-08-07,ME,Montenegro,EURO,5656,225116,9,2580
30088,2022-08-14,ME,Montenegro,EURO,4398,229514,4,2584
30089,2022-08-21,ME,Montenegro,EURO,3110,232624,7,2591
30090,2022-08-28,ME,Montenegro,EURO,1907,234531,5,2596
30091,2022-09-04,ME,Montenegro,EURO,1342,235873,7,2603
30092,2022-09-11,ME,Montenegro,EURO,988,236861,0,2603
30093,2022-09-18,ME,Montenegro,EURO,1064,237925,1,2604
30094,2022-09-25,ME,Montenegro,EURO,986,238911,2,2606
30095,2022-10-02,ME,Montenegro,EURO,1063,239974,1,2607
30096,2022-10-09,ME,Montenegro,EURO,702,240676,0,2607
30097,2022-10-16,ME,Montenegro,EURO,620,241296,2,2609
30098,2022-10-23,ME,Montenegro,EURO,423,241719,1,2610
30099,2022-10-30,ME,Montenegro,EURO,448,242167,0,2610
30100,2022-11-06,ME,Montenegro,EURO,352,242519,2,2612
30101,2022-11-13,ME,Montenegro,EURO,227,242746,1,2613
30102,2022-11-20,ME,Montenegro,EURO,168,242914,1,2614
30103,2022-11-27,ME,Montenegro,EURO,147,243061,0,2614
30104,2022-12-04,ME,Montenegro,EURO,184,243245,1,2615
30105,2022-12-11,ME,Montenegro,EURO,291,243536,0,2615
30106,2022-12-18,ME,Montenegro,EURO,237,243773,0,2615
30107,2022-12-25,ME,Montenegro,EURO,200,243973,1,2616
30108,2023-01-01,ME,Montenegro,EURO,225,244198,0,2616
30109,2023-01-08,ME,Montenegro,EURO,363,244561,0,2616
30110,2023-01-15,ME,Montenegro,EURO,471,245032,3,2619
30111,2023-01-22,ME,Montenegro,EURO,365,245397,1,2620
30112,2023-01-29,ME,Montenegro,EURO,289,245686,1,2621
30113,2023-02-05,ME,Montenegro,EURO,260,245946,1,2622
30114,2023-02-12,ME,Montenegro,EURO,407,246353,2,2624
30115,2023-02-19,ME,Montenegro,EURO,595,246948,2,2626
30116,2023-02-26,ME,Montenegro,EURO,634,247582,1,2627
30117,2023-03-05,ME,Montenegro,EURO,428,248010,4,2631
30118,2023-03-12,ME,Montenegro,EURO,379,248389,3,2634
30119,2023-03-19,ME,Montenegro,EURO,365,248754,0,2634
30120,2023-03-26,ME,Montenegro,EURO,417,249171,6,2640
30121,2023-04-02,ME,Montenegro,EURO,375,249546,1,2641
30122,2023-04-09,ME,Montenegro,EURO,344,249890,1,2642
30123,2023-04-16,ME,Montenegro,EURO,327,250217,4,2646
30124,2023-04-23,ME,Montenegro,EURO,380,250597,4,2650
30125,2023-04-30,ME,Montenegro,EURO,276,250873,2,2652
30126,2023-05-07,ME,Montenegro,EURO,187,251060,0,2652
30127,2023-05-14,ME,Montenegro,EURO,134,251194,1,2653
30128,2023-05-21,ME,Montenegro,EURO,27,251221,0,2653
30129,2023-05-28,ME,Montenegro,EURO,40,251261,1,2654
30130,2023-06-04,ME,Montenegro,EURO,19,251280,0,2654
30131,2023-06-11,ME,Montenegro,EURO,0,251280,0,2654
30132,2023-06-18,ME,Montenegro,EURO,0,251280,0,2654
30133,2023-06-25,ME,Montenegro,EURO,0,251280,0,2654
30134,2023-07-02,ME,Montenegro,EURO,0,251280,0,2654
30135,2023-07-09,ME,Montenegro,EURO,0,251280,0,2654
30136,2023-07-16,ME,Montenegro,EURO,0,251280,0,2654
30137,2023-07-23,ME,Montenegro,EURO,0,251280,0,2654
30138,2023-07-30,ME,Montenegro,EURO,0,251280,0,2654
30139,2023-08-06,ME,Montenegro,EURO,0,251280,0,2654
30140,2023-08-13,ME,Montenegro,EURO,0,251280,0,2654
30141,2023-08-20,ME,Montenegro,EURO,0,251280,0,2654
30142,2023-08-27,ME,Montenegro,EURO,0,251280,0,2654
30143,2023-09-03,ME,Montenegro,EURO,0,251280,0,2654
30144,2023-09-10,ME,Montenegro,EURO,0,251280,0,2654
30145,2023-09-17,ME,Montenegro,EURO,0,251280,0,2654
30146,2023-09-24,ME,Montenegro,EURO,0,251280,0,2654
30147,2023-10-01,ME,Montenegro,EURO,0,251280,0,2654
30148,2023-10-08,ME,Montenegro,EURO,0,251280,0,2654
30149,2023-10-15,ME,Montenegro,EURO,0,251280,0,2654
30150,2023-10-22,ME,Montenegro,EURO,0,251280,0,2654
30151,2023-10-29,ME,Montenegro,EURO,0,251280,0,2654
30152,2023-11-05,ME,Montenegro,EURO,0,251280,0,2654
30153,2023-11-12,ME,Montenegro,EURO,0,251280,0,2654
30154,2023-11-19,ME,Montenegro,EURO,0,251280,0,2654
30155,2023-11-26,ME,Montenegro,EURO,0,251280,0,2654
30156,2023-12-03,ME,Montenegro,EURO,0,251280,0,2654
30157,2023-12-10,ME,Montenegro,EURO,0,251280,0,2654
30158,2023-12-17,ME,Montenegro,EURO,0,251280,0,2654
30159,2023-12-24,ME,Montenegro,EURO,0,251280,0,2654
30160,2020-01-05,MS,Montserrat,AMRO,0,0,0,0
30161,2020-01-12,MS,Montserrat,AMRO,0,0,0,0
30162,2020-01-19,MS,Montserrat,AMRO,0,0,0,0
30163,2020-01-26,MS,Montserrat,AMRO,0,0,0,0
30164,2020-02-02,MS,Montserrat,AMRO,0,0,0,0
30165,2020-02-09,MS,Montserrat,AMRO,0,0,0,0
30166,2020-02-16,MS,Montserrat,AMRO,0,0,0,0
30167,2020-02-23,MS,Montserrat,AMRO,0,0,0,0
30168,2020-03-01,MS,Montserrat,AMRO,0,0,0,0
30169,2020-03-08,MS,Montserrat,AMRO,0,0,0,0
30170,2020-03-15,MS,Montserrat,AMRO,0,0,0,0
30171,2020-03-22,MS,Montserrat,AMRO,1,1,0,0
30172,2020-03-29,MS,Montserrat,AMRO,4,5,0,0
30173,2020-04-05,MS,Montserrat,AMRO,1,6,0,0
30174,2020-04-12,MS,Montserrat,AMRO,3,9,0,0
30175,2020-04-19,MS,Montserrat,AMRO,2,11,0,0
30176,2020-04-26,MS,Montserrat,AMRO,0,11,1,1
30177,2020-05-03,MS,Montserrat,AMRO,0,11,0,1
30178,2020-05-10,MS,Montserrat,AMRO,0,11,0,1
30179,2020-05-17,MS,Montserrat,AMRO,0,11,0,1
30180,2020-05-24,MS,Montserrat,AMRO,0,11,0,1
30181,2020-05-31,MS,Montserrat,AMRO,0,11,0,1
30182,2020-06-07,MS,Montserrat,AMRO,0,11,0,1
30183,2020-06-14,MS,Montserrat,AMRO,0,11,0,1
30184,2020-06-21,MS,Montserrat,AMRO,0,11,0,1
30185,2020-06-28,MS,Montserrat,AMRO,0,11,0,1
30186,2020-07-05,MS,Montserrat,AMRO,0,11,0,1
30187,2020-07-12,MS,Montserrat,AMRO,1,12,0,1
30188,2020-07-19,MS,Montserrat,AMRO,0,12,0,1
30189,2020-07-26,MS,Montserrat,AMRO,1,13,0,1
30190,2020-08-02,MS,Montserrat,AMRO,0,13,0,1
30191,2020-08-09,MS,Montserrat,AMRO,0,13,0,1
30192,2020-08-16,MS,Montserrat,AMRO,0,13,0,1
30193,2020-08-23,MS,Montserrat,AMRO,0,13,0,1
30194,2020-08-30,MS,Montserrat,AMRO,0,13,0,1
30195,2020-09-06,MS,Montserrat,AMRO,0,13,0,1
30196,2020-09-13,MS,Montserrat,AMRO,0,13,0,1
30197,2020-09-20,MS,Montserrat,AMRO,0,13,0,1
30198,2020-09-27,MS,Montserrat,AMRO,0,13,0,1
30199,2020-10-04,MS,Montserrat,AMRO,0,13,0,1
30200,2020-10-11,MS,Montserrat,AMRO,0,13,0,1
30201,2020-10-18,MS,Montserrat,AMRO,0,13,0,1
30202,2020-10-25,MS,Montserrat,AMRO,0,13,0,1
30203,2020-11-01,MS,Montserrat,AMRO,0,13,0,1
30204,2020-11-08,MS,Montserrat,AMRO,0,13,0,1
30205,2020-11-15,MS,Montserrat,AMRO,0,13,0,1
30206,2020-11-22,MS,Montserrat,AMRO,0,13,0,1
30207,2020-11-29,MS,Montserrat,AMRO,0,13,0,1
30208,2020-12-06,MS,Montserrat,AMRO,0,13,0,1
30209,2020-12-13,MS,Montserrat,AMRO,0,13,0,1
30210,2020-12-20,MS,Montserrat,AMRO,0,13,0,1
30211,2020-12-27,MS,Montserrat,AMRO,0,13,0,1
30212,2021-01-03,MS,Montserrat,AMRO,0,13,0,1
30213,2021-01-10,MS,Montserrat,AMRO,0,13,0,1
30214,2021-01-17,MS,Montserrat,AMRO,0,13,0,1
30215,2021-01-24,MS,Montserrat,AMRO,0,13,0,1
30216,2021-01-31,MS,Montserrat,AMRO,0,13,0,1
30217,2021-02-07,MS,Montserrat,AMRO,2,15,0,1
30218,2021-02-14,MS,Montserrat,AMRO,4,19,0,1
30219,2021-02-21,MS,Montserrat,AMRO,1,20,0,1
30220,2021-02-28,MS,Montserrat,AMRO,0,20,0,1
30221,2021-03-07,MS,Montserrat,AMRO,0,20,0,1
30222,2021-03-14,MS,Montserrat,AMRO,0,20,0,1
30223,2021-03-21,MS,Montserrat,AMRO,0,20,0,1
30224,2021-03-28,MS,Montserrat,AMRO,0,20,0,1
30225,2021-04-04,MS,Montserrat,AMRO,0,20,0,1
30226,2021-04-11,MS,Montserrat,AMRO,0,20,0,1
30227,2021-04-18,MS,Montserrat,AMRO,0,20,0,1
30228,2021-04-25,MS,Montserrat,AMRO,0,20,0,1
30229,2021-05-02,MS,Montserrat,AMRO,0,20,0,1
30230,2021-05-09,MS,Montserrat,AMRO,0,20,0,1
30231,2021-05-16,MS,Montserrat,AMRO,0,20,0,1
30232,2021-05-23,MS,Montserrat,AMRO,0,20,0,1
30233,2021-05-30,MS,Montserrat,AMRO,0,20,0,1
30234,2021-06-06,MS,Montserrat,AMRO,0,20,0,1
30235,2021-06-13,MS,Montserrat,AMRO,0,20,0,1
30236,2021-06-20,MS,Montserrat,AMRO,0,20,0,1
30237,2021-06-27,MS,Montserrat,AMRO,0,20,0,1
30238,2021-07-04,MS,Montserrat,AMRO,0,20,0,1
30239,2021-07-11,MS,Montserrat,AMRO,1,21,0,1
30240,2021-07-18,MS,Montserrat,AMRO,0,21,0,1
30241,2021-07-25,MS,Montserrat,AMRO,0,21,0,1
30242,2021-08-01,MS,Montserrat,AMRO,0,21,0,1
30243,2021-08-08,MS,Montserrat,AMRO,1,22,0,1
30244,2021-08-15,MS,Montserrat,AMRO,0,22,0,1
30245,2021-08-22,MS,Montserrat,AMRO,3,25,0,1
30246,2021-08-29,MS,Montserrat,AMRO,1,26,0,1
30247,2021-09-05,MS,Montserrat,AMRO,5,31,0,1
30248,2021-09-12,MS,Montserrat,AMRO,1,32,0,1
30249,2021-09-19,MS,Montserrat,AMRO,1,33,0,1
30250,2021-09-26,MS,Montserrat,AMRO,0,33,0,1
30251,2021-10-03,MS,Montserrat,AMRO,1,34,0,1
30252,2021-10-10,MS,Montserrat,AMRO,7,41,0,1
30253,2021-10-17,MS,Montserrat,AMRO,0,41,0,1
30254,2021-10-24,MS,Montserrat,AMRO,0,41,0,1
30255,2021-10-31,MS,Montserrat,AMRO,0,41,0,1
30256,2021-11-07,MS,Montserrat,AMRO,0,41,0,1
30257,2021-11-14,MS,Montserrat,AMRO,0,41,0,1
30258,2021-11-21,MS,Montserrat,AMRO,3,44,0,1
30259,2021-11-28,MS,Montserrat,AMRO,0,44,0,1
30260,2021-12-05,MS,Montserrat,AMRO,0,44,0,1
30261,2021-12-12,MS,Montserrat,AMRO,0,44,0,1
30262,2021-12-19,MS,Montserrat,AMRO,1,45,0,1
30263,2021-12-26,MS,Montserrat,AMRO,0,45,0,1
30264,2022-01-02,MS,Montserrat,AMRO,5,50,0,1
30265,2022-01-09,MS,Montserrat,AMRO,60,110,0,1
30266,2022-01-16,MS,Montserrat,AMRO,19,129,0,1
30267,2022-01-23,MS,Montserrat,AMRO,23,152,0,1
30268,2022-01-30,MS,Montserrat,AMRO,10,162,0,1
30269,2022-02-06,MS,Montserrat,AMRO,1,163,0,1
30270,2022-02-13,MS,Montserrat,AMRO,0,163,1,2
30271,2022-02-20,MS,Montserrat,AMRO,0,163,0,2
30272,2022-02-27,MS,Montserrat,AMRO,0,163,0,2
30273,2022-03-06,MS,Montserrat,AMRO,1,164,0,2
30274,2022-03-13,MS,Montserrat,AMRO,2,166,0,2
30275,2022-03-20,MS,Montserrat,AMRO,8,174,0,2
30276,2022-03-27,MS,Montserrat,AMRO,1,175,0,2
30277,2022-04-03,MS,Montserrat,AMRO,0,175,0,2
30278,2022-04-10,MS,Montserrat,AMRO,0,175,0,2
30279,2022-04-17,MS,Montserrat,AMRO,1,176,0,2
30280,2022-04-24,MS,Montserrat,AMRO,1,177,0,2
30281,2022-05-01,MS,Montserrat,AMRO,39,216,0,2
30282,2022-05-08,MS,Montserrat,AMRO,236,452,0,2
30283,2022-05-15,MS,Montserrat,AMRO,295,747,0,2
30284,2022-05-22,MS,Montserrat,AMRO,139,886,2,4
30285,2022-05-29,MS,Montserrat,AMRO,72,958,0,4
30286,2022-06-05,MS,Montserrat,AMRO,45,1003,4,8
30287,2022-06-12,MS,Montserrat,AMRO,7,1010,0,8
30288,2022-06-19,MS,Montserrat,AMRO,5,1015,0,8
30289,2022-06-26,MS,Montserrat,AMRO,1,1016,0,8
30290,2022-07-03,MS,Montserrat,AMRO,4,1020,0,8
30291,2022-07-10,MS,Montserrat,AMRO,3,1023,0,8
30292,2022-07-17,MS,Montserrat,AMRO,2,1025,0,8
30293,2022-07-24,MS,Montserrat,AMRO,7,1032,0,8
30294,2022-07-31,MS,Montserrat,AMRO,22,1054,0,8
30295,2022-08-07,MS,Montserrat,AMRO,23,1077,0,8
30296,2022-08-14,MS,Montserrat,AMRO,20,1097,0,8
30297,2022-08-21,MS,Montserrat,AMRO,9,1106,0,8
30298,2022-08-28,MS,Montserrat,AMRO,20,1126,0,8
30299,2022-09-04,MS,Montserrat,AMRO,64,1190,0,8
30300,2022-09-11,MS,Montserrat,AMRO,86,1276,0,8
30301,2022-09-18,MS,Montserrat,AMRO,80,1356,0,8
30302,2022-09-25,MS,Montserrat,AMRO,36,1392,0,8
30303,2022-10-02,MS,Montserrat,AMRO,11,1403,0,8
30304,2022-10-09,MS,Montserrat,AMRO,0,1403,0,8
30305,2022-10-16,MS,Montserrat,AMRO,0,1403,0,8
30306,2022-10-23,MS,Montserrat,AMRO,0,1403,0,8
30307,2022-10-30,MS,Montserrat,AMRO,0,1403,0,8
30308,2022-11-06,MS,Montserrat,AMRO,0,1403,0,8
30309,2022-11-13,MS,Montserrat,AMRO,0,1403,0,8
30310,2022-11-20,MS,Montserrat,AMRO,0,1403,0,8
30311,2022-11-27,MS,Montserrat,AMRO,0,1403,0,8
30312,2022-12-04,MS,Montserrat,AMRO,0,1403,0,8
30313,2022-12-11,MS,Montserrat,AMRO,0,1403,0,8
30314,2022-12-18,MS,Montserrat,AMRO,0,1403,0,8
30315,2022-12-25,MS,Montserrat,AMRO,0,1403,0,8
30316,2023-01-01,MS,Montserrat,AMRO,0,1403,0,8
30317,2023-01-08,MS,Montserrat,AMRO,0,1403,0,8
30318,2023-01-15,MS,Montserrat,AMRO,0,1403,0,8
30319,2023-01-22,MS,Montserrat,AMRO,0,1403,0,8
30320,2023-01-29,MS,Montserrat,AMRO,0,1403,0,8
30321,2023-02-05,MS,Montserrat,AMRO,0,1403,0,8
30322,2023-02-12,MS,Montserrat,AMRO,0,1403,0,8
30323,2023-02-19,MS,Montserrat,AMRO,0,1403,0,8
30324,2023-02-26,MS,Montserrat,AMRO,0,1403,0,8
30325,2023-03-05,MS,Montserrat,AMRO,0,1403,0,8
30326,2023-03-12,MS,Montserrat,AMRO,0,1403,0,8
30327,2023-03-19,MS,Montserrat,AMRO,0,1403,0,8
30328,2023-03-26,MS,Montserrat,AMRO,0,1403,0,8
30329,2023-04-02,MS,Montserrat,AMRO,0,1403,0,8
30330,2023-04-09,MS,Montserrat,AMRO,0,1403,0,8
30331,2023-04-16,MS,Montserrat,AMRO,0,1403,0,8
30332,2023-04-23,MS,Montserrat,AMRO,0,1403,0,8
30333,2023-04-30,MS,Montserrat,AMRO,0,1403,0,8
30334,2023-05-07,MS,Montserrat,AMRO,0,1403,0,8
30335,2023-05-14,MS,Montserrat,AMRO,0,1403,0,8
30336,2023-05-21,MS,Montserrat,AMRO,0,1403,0,8
30337,2023-05-28,MS,Montserrat,AMRO,0,1403,0,8
30338,2023-06-04,MS,Montserrat,AMRO,0,1403,0,8
30339,2023-06-11,MS,Montserrat,AMRO,0,1403,0,8
30340,2023-06-18,MS,Montserrat,AMRO,0,1403,0,8
30341,2023-06-25,MS,Montserrat,AMRO,0,1403,0,8
30342,2023-07-02,MS,Montserrat,AMRO,0,1403,0,8
30343,2023-07-09,MS,Montserrat,AMRO,0,1403,0,8
30344,2023-07-16,MS,Montserrat,AMRO,0,1403,0,8
30345,2023-07-23,MS,Montserrat,AMRO,0,1403,0,8
30346,2023-07-30,MS,Montserrat,AMRO,0,1403,0,8
30347,2023-08-06,MS,Montserrat,AMRO,0,1403,0,8
30348,2023-08-13,MS,Montserrat,AMRO,0,1403,0,8
30349,2023-08-20,MS,Montserrat,AMRO,0,1403,0,8
30350,2023-08-27,MS,Montserrat,AMRO,0,1403,0,8
30351,2023-09-03,MS,Montserrat,AMRO,0,1403,0,8
30352,2023-09-10,MS,Montserrat,AMRO,0,1403,0,8
30353,2023-09-17,MS,Montserrat,AMRO,0,1403,0,8
30354,2023-09-24,MS,Montserrat,AMRO,0,1403,0,8
30355,2023-10-01,MS,Montserrat,AMRO,0,1403,0,8
30356,2023-10-08,MS,Montserrat,AMRO,0,1403,0,8
30357,2023-10-15,MS,Montserrat,AMRO,0,1403,0,8
30358,2023-10-22,MS,Montserrat,AMRO,0,1403,0,8
30359,2023-10-29,MS,Montserrat,AMRO,0,1403,0,8
30360,2023-11-05,MS,Montserrat,AMRO,0,1403,0,8
30361,2023-11-12,MS,Montserrat,AMRO,0,1403,0,8
30362,2023-11-19,MS,Montserrat,AMRO,0,1403,0,8
30363,2023-11-26,MS,Montserrat,AMRO,0,1403,0,8
30364,2023-12-03,MS,Montserrat,AMRO,0,1403,0,8
30365,2023-12-10,MS,Montserrat,AMRO,0,1403,0,8
30366,2023-12-17,MS,Montserrat,AMRO,0,1403,0,8
30367,2023-12-24,MS,Montserrat,AMRO,0,1403,0,8
30368,2020-01-05,MA,Morocco,EMRO,0,0,0,0
30369,2020-01-12,MA,Morocco,EMRO,0,0,0,0
30370,2020-01-19,MA,Morocco,EMRO,0,0,0,0
30371,2020-01-26,MA,Morocco,EMRO,0,0,0,0
30372,2020-02-02,MA,Morocco,EMRO,0,0,0,0
30373,2020-02-09,MA,Morocco,EMRO,0,0,0,0
30374,2020-02-16,MA,Morocco,EMRO,0,0,0,0
30375,2020-02-23,MA,Morocco,EMRO,0,0,0,0
30376,2020-03-01,MA,Morocco,EMRO,0,0,0,0
30377,2020-03-08,MA,Morocco,EMRO,2,2,0,0
30378,2020-03-15,MA,Morocco,EMRO,15,17,1,1
30379,2020-03-22,MA,Morocco,EMRO,79,96,2,3
30380,2020-03-29,MA,Morocco,EMRO,294,390,22,25
30381,2020-04-05,MA,Morocco,EMRO,529,919,34,59
30382,2020-04-12,MA,Morocco,EMRO,626,1545,52,111
30383,2020-04-19,MA,Morocco,EMRO,1140,2685,26,137
30384,2020-04-26,MA,Morocco,EMRO,1212,3897,22,159
30385,2020-05-03,MA,Morocco,EMRO,832,4729,14,173
30386,2020-05-10,MA,Morocco,EMRO,1181,5910,13,186
30387,2020-05-17,MA,Morocco,EMRO,831,6741,6,192
30388,2020-05-24,MA,Morocco,EMRO,665,7406,6,198
30389,2020-05-31,MA,Morocco,EMRO,374,7780,6,204
30390,2020-06-07,MA,Morocco,EMRO,371,8151,4,208
30391,2020-06-14,MA,Morocco,EMRO,541,8692,4,212
30392,2020-06-21,MA,Morocco,EMRO,1147,9839,1,213
30393,2020-06-28,MA,Morocco,EMRO,2038,11877,7,220
30394,2020-07-05,MA,Morocco,EMRO,1945,13822,12,232
30395,2020-07-12,MA,Morocco,EMRO,1720,15542,13,245
30396,2020-07-19,MA,Morocco,EMRO,1473,17015,24,269
30397,2020-07-26,MA,Morocco,EMRO,2630,19645,36,305
30398,2020-08-02,MA,Morocco,EMRO,5406,25051,62,367
30399,2020-08-09,MA,Morocco,EMRO,6956,32007,113,480
30400,2020-08-16,MA,Morocco,EMRO,9010,41017,152,632
30401,2020-08-23,MA,Morocco,EMRO,9795,50812,226,858
30402,2020-08-30,MA,Morocco,EMRO,9244,60056,220,1078
30403,2020-09-06,MA,Morocco,EMRO,10104,70160,251,1329
30404,2020-09-13,MA,Morocco,EMRO,14275,84435,224,1553
30405,2020-09-20,MA,Morocco,EMRO,15381,99816,242,1795
30406,2020-09-27,MA,Morocco,EMRO,15425,115241,246,2041
30407,2020-10-04,MA,Morocco,EMRO,15987,131228,252,2293
30408,2020-10-11,MA,Morocco,EMRO,18613,149841,279,2572
30409,2020-10-18,MA,Morocco,EMRO,21070,170911,306,2878
30410,2020-10-25,MA,Morocco,EMRO,23550,194461,377,3255
30411,2020-11-01,MA,Morocco,EMRO,24623,219084,440,3695
30412,2020-11-08,MA,Morocco,EMRO,33101,252185,502,4197
30413,2020-11-15,MA,Morocco,EMRO,36026,288211,500,4697
30414,2020-11-22,MA,Morocco,EMRO,32751,320962,559,5256
30415,2020-11-29,MA,Morocco,EMRO,28726,349688,483,5739
30416,2020-12-06,MA,Morocco,EMRO,27050,376738,445,6184
30417,2020-12-13,MA,Morocco,EMRO,20859,397597,405,6589
30418,2020-12-20,MA,Morocco,EMRO,17629,415226,320,6909
30419,2020-12-27,MA,Morocco,EMRO,15336,430562,295,7204
30420,2021-01-03,MA,Morocco,EMRO,11579,442141,248,7452
30421,2021-01-10,MA,Morocco,EMRO,9496,451637,257,7709
30422,2021-01-17,MA,Morocco,EMRO,7228,458865,202,7911
30423,2021-01-24,MA,Morocco,EMRO,6904,465769,217,8128
30424,2021-01-31,MA,Morocco,EMRO,4922,470691,131,8259
30425,2021-02-07,MA,Morocco,EMRO,4275,474966,122,8381
30426,2021-02-14,MA,Morocco,EMRO,3169,478135,79,8460
30427,2021-02-21,MA,Morocco,EMRO,2813,480948,88,8548
30428,2021-02-28,MA,Morocco,EMRO,2462,483410,67,8615
30429,2021-03-07,MA,Morocco,EMRO,2564,485974,61,8676
30430,2021-03-14,MA,Morocco,EMRO,2658,488632,42,8718
30431,2021-03-21,MA,Morocco,EMRO,2831,491463,45,8763
30432,2021-03-28,MA,Morocco,EMRO,2895,494358,35,8798
30433,2021-04-04,MA,Morocco,EMRO,3474,497832,44,8842
30434,2021-04-11,MA,Morocco,EMRO,3856,501688,49,8891
30435,2021-04-18,MA,Morocco,EMRO,3759,505447,53,8944
30436,2021-04-25,MA,Morocco,EMRO,3590,509037,44,8988
30437,2021-05-02,MA,Morocco,EMRO,2525,511562,38,9026
30438,2021-05-09,MA,Morocco,EMRO,2066,513628,38,9064
30439,2021-05-16,MA,Morocco,EMRO,1189,514817,34,9098
30440,2021-05-23,MA,Morocco,EMRO,1995,516812,21,9119
30441,2021-05-30,MA,Morocco,EMRO,2056,518868,19,9138
30442,2021-06-06,MA,Morocco,EMRO,2327,521195,35,9173
30443,2021-06-13,MA,Morocco,EMRO,2425,523620,34,9207
30444,2021-06-20,MA,Morocco,EMRO,2743,526363,30,9237
30445,2021-06-27,MA,Morocco,EMRO,2861,529224,36,9273
30446,2021-07-04,MA,Morocco,EMRO,4721,533945,42,9315
30447,2021-07-11,MA,Morocco,EMRO,7460,541405,45,9360
30448,2021-07-18,MA,Morocco,EMRO,14083,555488,74,9434
30449,2021-07-25,MA,Morocco,EMRO,19674,575162,125,9559
30450,2021-08-01,MA,Morocco,EMRO,48366,623528,226,9785
30451,2021-08-08,MA,Morocco,EMRO,63764,687292,470,10255
30452,2021-08-15,MA,Morocco,EMRO,64784,752076,678,10933
30453,2021-08-22,MA,Morocco,EMRO,54212,806288,744,11677
30454,2021-08-29,MA,Morocco,EMRO,43244,849532,684,12361
30455,2021-09-05,MA,Morocco,EMRO,31510,881042,632,12993
30456,2021-09-12,MA,Morocco,EMRO,21652,902694,495,13488
30457,2021-09-19,MA,Morocco,EMRO,15432,918126,388,13876
30458,2021-09-26,MA,Morocco,EMRO,10445,928571,256,14132
30459,2021-10-03,MA,Morocco,EMRO,6257,934828,183,14315
30460,2021-10-10,MA,Morocco,EMRO,3973,938801,128,14443
30461,2021-10-17,MA,Morocco,EMRO,3062,941863,94,14537
30462,2021-10-24,MA,Morocco,EMRO,2213,944076,69,14606
30463,2021-10-31,MA,Morocco,EMRO,1884,945960,61,14667
30464,2021-11-07,MA,Morocco,EMRO,1347,947307,39,14706
30465,2021-11-14,MA,Morocco,EMRO,850,948157,34,14740
30466,2021-11-21,MA,Morocco,EMRO,673,948830,21,14761
30467,2021-11-28,MA,Morocco,EMRO,818,949648,13,14774
30468,2021-12-05,MA,Morocco,EMRO,853,950501,13,14787
30469,2021-12-12,MA,Morocco,EMRO,879,951380,9,14796
30470,2021-12-19,MA,Morocco,EMRO,1248,952628,12,14808
30471,2021-12-26,MA,Morocco,EMRO,2959,955587,19,14827
30472,2022-01-02,MA,Morocco,EMRO,9833,965420,24,14851
30473,2022-01-09,MA,Morocco,EMRO,31701,997121,53,14904
30474,2022-01-16,MA,Morocco,EMRO,46104,1043225,59,14963
30475,2022-01-23,MA,Morocco,EMRO,50753,1093978,150,15113
30476,2022-01-30,MA,Morocco,EMRO,35162,1129140,215,15328
30477,2022-02-06,MA,Morocco,EMRO,16901,1146041,247,15575
30478,2022-02-13,MA,Morocco,EMRO,8490,1154531,191,15766
30479,2022-02-20,MA,Morocco,EMRO,4138,1158669,115,15881
30480,2022-02-27,MA,Morocco,EMRO,2081,1160750,89,15970
30481,2022-03-06,MA,Morocco,EMRO,836,1161586,45,16015
30482,2022-03-13,MA,Morocco,EMRO,454,1162040,21,16036
30483,2022-03-20,MA,Morocco,EMRO,404,1162444,15,16051
30484,2022-03-27,MA,Morocco,EMRO,479,1162923,6,16057
30485,2022-04-03,MA,Morocco,EMRO,549,1163472,3,16060
30486,2022-04-10,MA,Morocco,EMRO,490,1163962,1,16061
30487,2022-04-17,MA,Morocco,EMRO,383,1164345,1,16062
30488,2022-04-24,MA,Morocco,EMRO,325,1164670,3,16065
30489,2022-05-01,MA,Morocco,EMRO,283,1164953,4,16069
30490,2022-05-08,MA,Morocco,EMRO,253,1165206,1,16070
30491,2022-05-15,MA,Morocco,EMRO,500,1165706,1,16071
30492,2022-05-22,MA,Morocco,EMRO,824,1166530,4,16075
30493,2022-05-29,MA,Morocco,EMRO,1202,1167732,1,16076
30494,2022-06-05,MA,Morocco,EMRO,2188,1169920,3,16079
30495,2022-06-12,MA,Morocco,EMRO,5184,1175104,3,16082
30496,2022-06-19,MA,Morocco,EMRO,9628,1184732,4,16086
30497,2022-06-26,MA,Morocco,EMRO,17729,1202461,12,16098
30498,2022-07-03,MA,Morocco,EMRO,21124,1223585,18,16116
30499,2022-07-10,MA,Morocco,EMRO,17262,1240847,35,16151
30500,2022-07-17,MA,Morocco,EMRO,9663,1250510,27,16178
30501,2022-07-24,MA,Morocco,EMRO,6810,1257320,33,16211
30502,2022-07-31,MA,Morocco,EMRO,3439,1260759,23,16234
30503,2022-08-07,MA,Morocco,EMRO,1742,1262501,22,16256
30504,2022-08-14,MA,Morocco,EMRO,872,1263373,12,16268
30505,2022-08-21,MA,Morocco,EMRO,570,1263943,2,16270
30506,2022-08-28,MA,Morocco,EMRO,343,1264286,1,16271
30507,2022-09-04,MA,Morocco,EMRO,245,1264531,3,16274
30508,2022-09-11,MA,Morocco,EMRO,117,1264648,2,16276
30509,2022-09-18,MA,Morocco,EMRO,114,1264762,1,16277
30510,2022-09-25,MA,Morocco,EMRO,110,1264872,1,16278
30511,2022-10-02,MA,Morocco,EMRO,89,1264961,0,16278
30512,2022-10-09,MA,Morocco,EMRO,125,1265086,0,16278
30513,2022-10-16,MA,Morocco,EMRO,115,1265201,0,16278
30514,2022-10-23,MA,Morocco,EMRO,181,1265382,2,16280
30515,2022-10-30,MA,Morocco,EMRO,190,1265572,1,16281
30516,2022-11-06,MA,Morocco,EMRO,393,1265965,0,16281
30517,2022-11-13,MA,Morocco,EMRO,596,1266561,2,16283
30518,2022-11-20,MA,Morocco,EMRO,705,1267266,0,16283
30519,2022-11-27,MA,Morocco,EMRO,1029,1268295,1,16284
30520,2022-12-04,MA,Morocco,EMRO,1001,1269296,1,16285
30521,2022-12-11,MA,Morocco,EMRO,823,1270119,3,16288
30522,2022-12-18,MA,Morocco,EMRO,663,1270782,6,16294
30523,2022-12-25,MA,Morocco,EMRO,462,1271244,0,16294
30524,2023-01-01,MA,Morocco,EMRO,351,1271595,0,16294
30525,2023-01-08,MA,Morocco,EMRO,273,1271868,1,16295
30526,2023-01-15,MA,Morocco,EMRO,188,1272056,0,16295
30527,2023-01-22,MA,Morocco,EMRO,119,1272175,1,16296
30528,2023-01-29,MA,Morocco,EMRO,47,1272222,0,16296
30529,2023-02-05,MA,Morocco,EMRO,54,1272276,0,16296
30530,2023-02-12,MA,Morocco,EMRO,56,1272332,0,16296
30531,2023-02-19,MA,Morocco,EMRO,39,1272371,0,16296
30532,2023-02-26,MA,Morocco,EMRO,71,1272442,0,16296
30533,2023-03-05,MA,Morocco,EMRO,44,1272486,0,16296
30534,2023-03-12,MA,Morocco,EMRO,40,1272526,0,16296
30535,2023-03-19,MA,Morocco,EMRO,59,1272585,0,16296
30536,2023-03-26,MA,Morocco,EMRO,37,1272622,0,16296
30537,2023-04-02,MA,Morocco,EMRO,57,1272679,0,16296
30538,2023-04-09,MA,Morocco,EMRO,54,1272733,0,16296
30539,2023-04-16,MA,Morocco,EMRO,156,1272889,0,16296
30540,2023-04-23,MA,Morocco,EMRO,241,1273130,1,16297
30541,2023-04-30,MA,Morocco,EMRO,333,1273463,0,16297
30542,2023-05-07,MA,Morocco,EMRO,369,1273832,0,16297
30543,2023-05-14,MA,Morocco,EMRO,348,1274180,0,16297
30544,2023-05-21,MA,Morocco,EMRO,373,1274553,0,16297
30545,2023-05-28,MA,Morocco,EMRO,180,1274733,0,16297
30546,2023-06-04,MA,Morocco,EMRO,168,1274901,0,16297
30547,2023-06-11,MA,Morocco,EMRO,102,1275003,0,16297
30548,2023-06-18,MA,Morocco,EMRO,86,1275089,0,16297
30549,2023-06-25,MA,Morocco,EMRO,47,1275136,0,16297
30550,2023-07-02,MA,Morocco,EMRO,32,1275168,0,16297
30551,2023-07-09,MA,Morocco,EMRO,23,1275191,0,16297
30552,2023-07-16,MA,Morocco,EMRO,33,1275224,0,16297
30553,2023-07-23,MA,Morocco,EMRO,21,1275245,0,16297
30554,2023-07-30,MA,Morocco,EMRO,28,1275273,0,16297
30555,2023-08-06,MA,Morocco,EMRO,20,1275293,0,16297
30556,2023-08-13,MA,Morocco,EMRO,27,1275320,0,16297
30557,2023-08-20,MA,Morocco,EMRO,74,1275394,0,16297
30558,2023-08-27,MA,Morocco,EMRO,161,1275555,0,16297
30559,2023-09-03,MA,Morocco,EMRO,309,1275864,0,16297
30560,2023-09-10,MA,Morocco,EMRO,312,1276176,0,16297
30561,2023-09-17,MA,Morocco,EMRO,254,1276430,0,16297
30562,2023-09-24,MA,Morocco,EMRO,205,1276635,0,16297
30563,2023-10-01,MA,Morocco,EMRO,177,1276812,0,16297
30564,2023-10-08,MA,Morocco,EMRO,138,1276950,0,16297
30565,2023-10-15,MA,Morocco,EMRO,132,1277082,0,16297
30566,2023-10-22,MA,Morocco,EMRO,136,1277218,0,16297
30567,2023-10-29,MA,Morocco,EMRO,124,1277342,0,16297
30568,2023-11-05,MA,Morocco,EMRO,0,1277342,0,16297
30569,2023-11-12,MA,Morocco,EMRO,196,1277538,0,16297
30570,2023-11-19,MA,Morocco,EMRO,104,1277642,0,16297
30571,2023-11-26,MA,Morocco,EMRO,104,1277746,0,16297
30572,2023-12-03,MA,Morocco,EMRO,116,1277862,1,16298
30573,2023-12-10,MA,Morocco,EMRO,94,1277956,0,16298
30574,2023-12-17,MA,Morocco,EMRO,99,1278055,0,16298
30575,2023-12-24,MA,Morocco,EMRO,109,1278164,0,16298
30576,2020-01-05,MZ,Mozambique,AFRO,0,0,0,0
30577,2020-01-12,MZ,Mozambique,AFRO,0,0,0,0
30578,2020-01-19,MZ,Mozambique,AFRO,0,0,0,0
30579,2020-01-26,MZ,Mozambique,AFRO,0,0,0,0
30580,2020-02-02,MZ,Mozambique,AFRO,0,0,0,0
30581,2020-02-09,MZ,Mozambique,AFRO,0,0,0,0
30582,2020-02-16,MZ,Mozambique,AFRO,0,0,0,0
30583,2020-02-23,MZ,Mozambique,AFRO,0,0,0,0
30584,2020-03-01,MZ,Mozambique,AFRO,0,0,0,0
30585,2020-03-08,MZ,Mozambique,AFRO,0,0,0,0
30586,2020-03-15,MZ,Mozambique,AFRO,0,0,0,0
30587,2020-03-22,MZ,Mozambique,AFRO,0,0,0,0
30588,2020-03-29,MZ,Mozambique,AFRO,8,8,0,0
30589,2020-04-05,MZ,Mozambique,AFRO,2,10,0,0
30590,2020-04-12,MZ,Mozambique,AFRO,10,20,0,0
30591,2020-04-19,MZ,Mozambique,AFRO,15,35,0,0
30592,2020-04-26,MZ,Mozambique,AFRO,35,70,0,0
30593,2020-05-03,MZ,Mozambique,AFRO,10,80,0,0
30594,2020-05-10,MZ,Mozambique,AFRO,7,87,0,0
30595,2020-05-17,MZ,Mozambique,AFRO,42,129,0,0
30596,2020-05-24,MZ,Mozambique,AFRO,39,168,0,0
30597,2020-05-31,MZ,Mozambique,AFRO,76,244,2,2
30598,2020-06-07,MZ,Mozambique,AFRO,167,411,0,2
30599,2020-06-14,MZ,Mozambique,AFRO,142,553,0,2
30600,2020-06-21,MZ,Mozambique,AFRO,135,688,2,4
30601,2020-06-28,MZ,Mozambique,AFRO,151,839,1,5
30602,2020-07-05,MZ,Mozambique,AFRO,130,969,2,7
30603,2020-07-12,MZ,Mozambique,AFRO,166,1135,2,9
30604,2020-07-19,MZ,Mozambique,AFRO,300,1435,1,10
30605,2020-07-26,MZ,Mozambique,AFRO,181,1616,1,11
30606,2020-08-02,MZ,Mozambique,AFRO,291,1907,1,12
30607,2020-08-09,MZ,Mozambique,AFRO,334,2241,6,18
30608,2020-08-16,MZ,Mozambique,AFRO,550,2791,1,19
30609,2020-08-23,MZ,Mozambique,AFRO,513,3304,1,20
30610,2020-08-30,MZ,Mozambique,AFRO,456,3760,2,22
30611,2020-09-06,MZ,Mozambique,AFRO,581,4341,4,26
30612,2020-09-13,MZ,Mozambique,AFRO,699,5040,9,35
30613,2020-09-20,MZ,Mozambique,AFRO,1497,6537,6,41
30614,2020-09-27,MZ,Mozambique,AFRO,1220,7757,13,54
30615,2020-10-04,MZ,Mozambique,AFRO,1292,9049,10,64
30616,2020-10-11,MZ,Mozambique,AFRO,795,9844,7,71
30617,2020-10-18,MZ,Mozambique,AFRO,863,10707,3,74
30618,2020-10-25,MZ,Mozambique,AFRO,1188,11895,11,85
30619,2020-11-01,MZ,Mozambique,AFRO,974,12869,7,92
30620,2020-11-08,MZ,Mozambique,AFRO,708,13577,7,99
30621,2020-11-15,MZ,Mozambique,AFRO,763,14340,11,110
30622,2020-11-22,MZ,Mozambique,AFRO,641,14981,13,123
30623,2020-11-29,MZ,Mozambique,AFRO,605,15586,6,129
30624,2020-12-06,MZ,Mozambique,AFRO,547,16133,4,133
30625,2020-12-13,MZ,Mozambique,AFRO,679,16812,7,140
30626,2020-12-20,MZ,Mozambique,AFRO,665,17477,7,147
30627,2020-12-27,MZ,Mozambique,AFRO,685,18162,12,159
30628,2021-01-03,MZ,Mozambique,AFRO,806,18968,9,168
30629,2021-01-10,MZ,Mozambique,AFRO,2393,21361,19,187
30630,2021-01-17,MZ,Mozambique,AFRO,4501,25862,47,234
30631,2021-01-24,MZ,Mozambique,AFRO,5766,31628,63,297
30632,2021-01-31,MZ,Mozambique,AFRO,6077,37705,66,363
30633,2021-02-07,MZ,Mozambique,AFRO,6407,44112,88,451
30634,2021-02-14,MZ,Mozambique,AFRO,5339,49451,74,525
30635,2021-02-21,MZ,Mozambique,AFRO,5517,54968,62,587
30636,2021-02-28,MZ,Mozambique,AFRO,3804,58772,43,630
30637,2021-03-07,MZ,Mozambique,AFRO,3359,62131,56,686
30638,2021-03-14,MZ,Mozambique,AFRO,2165,64296,36,722
30639,2021-03-21,MZ,Mozambique,AFRO,1768,66064,24,746
30640,2021-03-28,MZ,Mozambique,AFRO,947,67011,16,762
30641,2021-04-04,MZ,Mozambique,AFRO,994,68005,20,782
30642,2021-04-11,MZ,Mozambique,AFRO,573,68578,7,789
30643,2021-04-18,MZ,Mozambique,AFRO,556,69134,9,798
30644,2021-04-25,MZ,Mozambique,AFRO,509,69643,9,807
30645,2021-05-02,MZ,Mozambique,AFRO,322,69965,7,814
30646,2021-05-09,MZ,Mozambique,AFRO,201,70166,7,821
30647,2021-05-16,MZ,Mozambique,AFRO,244,70410,5,826
30648,2021-05-23,MZ,Mozambique,AFRO,158,70568,5,831
30649,2021-05-30,MZ,Mozambique,AFRO,156,70724,5,836
30650,2021-06-06,MZ,Mozambique,AFRO,358,71082,1,837
30651,2021-06-13,MZ,Mozambique,AFRO,379,71461,3,840
30652,2021-06-20,MZ,Mozambique,AFRO,906,72367,7,847
30653,2021-06-27,MZ,Mozambique,AFRO,2337,74704,20,867
30654,2021-07-04,MZ,Mozambique,AFRO,4509,79213,30,897
30655,2021-07-11,MZ,Mozambique,AFRO,8722,87935,65,962
30656,2021-07-18,MZ,Mozambique,AFRO,10217,98152,137,1099
30657,2021-07-25,MZ,Mozambique,AFRO,10608,108760,158,1257
30658,2021-08-01,MZ,Mozambique,AFRO,13268,122028,177,1434
30659,2021-08-08,MZ,Mozambique,AFRO,9771,131799,166,1600
30660,2021-08-15,MZ,Mozambique,AFRO,6545,138344,107,1707
30661,2021-08-22,MZ,Mozambique,AFRO,4179,142523,78,1785
30662,2021-08-29,MZ,Mozambique,AFRO,3201,145724,57,1842
30663,2021-09-05,MZ,Mozambique,AFRO,2061,147785,35,1877
30664,2021-09-12,MZ,Mozambique,AFRO,1303,149088,15,1892
30665,2021-09-19,MZ,Mozambique,AFRO,893,149981,11,1903
30666,2021-09-26,MZ,Mozambique,AFRO,513,150494,6,1909
30667,2021-10-03,MZ,Mozambique,AFRO,296,150790,9,1918
30668,2021-10-10,MZ,Mozambique,AFRO,173,150963,4,1922
30669,2021-10-17,MZ,Mozambique,AFRO,134,151097,3,1925
30670,2021-10-24,MZ,Mozambique,AFRO,123,151220,3,1928
30671,2021-10-31,MZ,Mozambique,AFRO,68,151288,2,1930
30672,2021-11-07,MZ,Mozambique,AFRO,79,151367,4,1934
30673,2021-11-14,MZ,Mozambique,AFRO,55,151422,0,1934
30674,2021-11-21,MZ,Mozambique,AFRO,66,151488,2,1936
30675,2021-11-28,MZ,Mozambique,AFRO,32,151520,4,1940
30676,2021-12-05,MZ,Mozambique,AFRO,348,151868,1,1941
30677,2021-12-12,MZ,Mozambique,AFRO,1540,153408,1,1942
30678,2021-12-19,MZ,Mozambique,AFRO,5955,159363,8,1950
30679,2021-12-26,MZ,Mozambique,AFRO,5499,164862,10,1960
30680,2022-01-02,MZ,Mozambique,AFRO,26860,191722,52,2012
30681,2022-01-09,MZ,Mozambique,AFRO,17667,209389,65,2077
30682,2022-01-16,MZ,Mozambique,AFRO,9408,218797,46,2123
30683,2022-01-23,MZ,Mozambique,AFRO,3618,222415,30,2153
30684,2022-01-30,MZ,Mozambique,AFRO,1323,223738,14,2167
30685,2022-02-06,MZ,Mozambique,AFRO,571,224309,16,2183
30686,2022-02-13,MZ,Mozambique,AFRO,344,224653,6,2189
30687,2022-02-20,MZ,Mozambique,AFRO,229,224882,0,2189
30688,2022-02-27,MZ,Mozambique,AFRO,154,225036,3,2192
30689,2022-03-06,MZ,Mozambique,AFRO,99,225135,4,2196
30690,2022-03-13,MZ,Mozambique,AFRO,38,225173,2,2198
30691,2022-03-20,MZ,Mozambique,AFRO,33,225206,1,2199
30692,2022-03-27,MZ,Mozambique,AFRO,31,225237,1,2200
30693,2022-04-03,MZ,Mozambique,AFRO,27,225264,0,2200
30694,2022-04-10,MZ,Mozambique,AFRO,16,225280,0,2200
30695,2022-04-17,MZ,Mozambique,AFRO,43,225323,0,2200
30696,2022-04-24,MZ,Mozambique,AFRO,35,225358,1,2201
30697,2022-05-01,MZ,Mozambique,AFRO,29,225387,0,2201
30698,2022-05-08,MZ,Mozambique,AFRO,32,225419,0,2201
30699,2022-05-15,MZ,Mozambique,AFRO,74,225493,0,2201
30700,2022-05-22,MZ,Mozambique,AFRO,70,225563,0,2201
30701,2022-05-29,MZ,Mozambique,AFRO,138,225701,2,2203
30702,2022-06-05,MZ,Mozambique,AFRO,232,225933,1,2204
30703,2022-06-12,MZ,Mozambique,AFRO,392,226325,2,2206
30704,2022-06-19,MZ,Mozambique,AFRO,758,227083,3,2209
30705,2022-06-26,MZ,Mozambique,AFRO,444,227527,3,2212
30706,2022-07-03,MZ,Mozambique,AFRO,495,228022,0,2212
30707,2022-07-10,MZ,Mozambique,AFRO,617,228639,1,2213
30708,2022-07-17,MZ,Mozambique,AFRO,381,229020,2,2215
30709,2022-07-24,MZ,Mozambique,AFRO,331,229351,0,2215
30710,2022-07-31,MZ,Mozambique,AFRO,213,229564,0,2215
30711,2022-08-07,MZ,Mozambique,AFRO,132,229696,1,2216
30712,2022-08-14,MZ,Mozambique,AFRO,182,229878,3,2219
30713,2022-08-21,MZ,Mozambique,AFRO,114,229992,0,2219
30714,2022-08-28,MZ,Mozambique,AFRO,72,230064,1,2220
30715,2022-09-04,MZ,Mozambique,AFRO,61,230125,0,2220
30716,2022-09-11,MZ,Mozambique,AFRO,46,230171,2,2222
30717,2022-09-18,MZ,Mozambique,AFRO,48,230219,0,2222
30718,2022-09-25,MZ,Mozambique,AFRO,0,230219,0,2222
30719,2022-10-02,MZ,Mozambique,AFRO,93,230312,0,2222
30720,2022-10-09,MZ,Mozambique,AFRO,58,230370,2,2224
30721,2022-10-16,MZ,Mozambique,AFRO,31,230401,0,2224
30722,2022-10-23,MZ,Mozambique,AFRO,30,230431,0,2224
30723,2022-10-30,MZ,Mozambique,AFRO,44,230475,0,2224
30724,2022-11-06,MZ,Mozambique,AFRO,24,230499,0,2224
30725,2022-11-13,MZ,Mozambique,AFRO,44,230543,0,2224
30726,2022-11-20,MZ,Mozambique,AFRO,47,230590,0,2224
30727,2022-11-27,MZ,Mozambique,AFRO,34,230624,2,2226
30728,2022-12-04,MZ,Mozambique,AFRO,91,230715,0,2226
30729,2022-12-11,MZ,Mozambique,AFRO,101,230816,3,2229
30730,2022-12-18,MZ,Mozambique,AFRO,102,230918,0,2229
30731,2022-12-25,MZ,Mozambique,AFRO,52,230970,1,2230
30732,2023-01-01,MZ,Mozambique,AFRO,69,231039,2,2232
30733,2023-01-08,MZ,Mozambique,AFRO,180,231219,0,2232
30734,2023-01-15,MZ,Mozambique,AFRO,185,231404,0,2232
30735,2023-01-22,MZ,Mozambique,AFRO,590,231994,1,2233
30736,2023-01-29,MZ,Mozambique,AFRO,516,232510,3,2236
30737,2023-02-05,MZ,Mozambique,AFRO,309,232819,1,2237
30738,2023-02-12,MZ,Mozambique,AFRO,184,233003,2,2239
30739,2023-02-19,MZ,Mozambique,AFRO,95,233098,3,2242
30740,2023-02-26,MZ,Mozambique,AFRO,50,233148,0,2242
30741,2023-03-05,MZ,Mozambique,AFRO,66,233214,0,2242
30742,2023-03-12,MZ,Mozambique,AFRO,0,233214,0,2242
30743,2023-03-19,MZ,Mozambique,AFRO,0,233214,0,2242
30744,2023-03-26,MZ,Mozambique,AFRO,120,233334,0,2242
30745,2023-04-02,MZ,Mozambique,AFRO,9,233343,0,2242
30746,2023-04-09,MZ,Mozambique,AFRO,27,233370,0,2242
30747,2023-04-16,MZ,Mozambique,AFRO,12,233382,0,2242
30748,2023-04-23,MZ,Mozambique,AFRO,16,233398,0,2242
30749,2023-04-30,MZ,Mozambique,AFRO,19,233417,1,2243
30750,2023-05-07,MZ,Mozambique,AFRO,0,233417,0,2243
30751,2023-05-14,MZ,Mozambique,AFRO,0,233417,0,2243
30752,2023-05-21,MZ,Mozambique,AFRO,0,233417,0,2243
30753,2023-05-28,MZ,Mozambique,AFRO,0,233417,0,2243
30754,2023-06-04,MZ,Mozambique,AFRO,0,233417,0,2243
30755,2023-06-11,MZ,Mozambique,AFRO,0,233417,0,2243
30756,2023-06-18,MZ,Mozambique,AFRO,0,233417,0,2243
30757,2023-06-25,MZ,Mozambique,AFRO,0,233417,0,2243
30758,2023-07-02,MZ,Mozambique,AFRO,0,233417,0,2243
30759,2023-07-09,MZ,Mozambique,AFRO,0,233417,0,2243
30760,2023-07-16,MZ,Mozambique,AFRO,0,233417,0,2243
30761,2023-07-23,MZ,Mozambique,AFRO,0,233417,0,2243
30762,2023-07-30,MZ,Mozambique,AFRO,0,233417,0,2243
30763,2023-08-06,MZ,Mozambique,AFRO,0,233417,0,2243
30764,2023-08-13,MZ,Mozambique,AFRO,214,233631,6,2249
30765,2023-08-20,MZ,Mozambique,AFRO,3,233634,0,2249
30766,2023-08-27,MZ,Mozambique,AFRO,4,233638,0,2249
30767,2023-09-03,MZ,Mozambique,AFRO,4,233642,0,2249
30768,2023-09-10,MZ,Mozambique,AFRO,3,233645,0,2249
30769,2023-09-17,MZ,Mozambique,AFRO,4,233649,0,2249
30770,2023-09-24,MZ,Mozambique,AFRO,2,233651,0,2249
30771,2023-10-01,MZ,Mozambique,AFRO,1,233652,0,2249
30772,2023-10-08,MZ,Mozambique,AFRO,2,233654,0,2249
30773,2023-10-15,MZ,Mozambique,AFRO,4,233658,0,2249
30774,2023-10-22,MZ,Mozambique,AFRO,1,233659,0,2249
30775,2023-10-29,MZ,Mozambique,AFRO,3,233662,0,2249
30776,2023-11-05,MZ,Mozambique,AFRO,2,233664,1,2250
30777,2023-11-12,MZ,Mozambique,AFRO,4,233668,0,2250
30778,2023-11-19,MZ,Mozambique,AFRO,12,233680,0,2250
30779,2023-11-26,MZ,Mozambique,AFRO,31,233711,0,2250
30780,2023-12-03,MZ,Mozambique,AFRO,9,233720,0,2250
30781,2023-12-10,MZ,Mozambique,AFRO,11,233731,0,2250
30782,2023-12-17,MZ,Mozambique,AFRO,0,233731,0,2250
30783,2023-12-24,MZ,Mozambique,AFRO,0,233731,0,2250
30784,2020-01-05,MM,Myanmar,SEARO,0,0,0,0
30785,2020-01-12,MM,Myanmar,SEARO,0,0,0,0
30786,2020-01-19,MM,Myanmar,SEARO,0,0,0,0
30787,2020-01-26,MM,Myanmar,SEARO,0,0,0,0
30788,2020-02-02,MM,Myanmar,SEARO,0,0,0,0
30789,2020-02-09,MM,Myanmar,SEARO,0,0,0,0
30790,2020-02-16,MM,Myanmar,SEARO,0,0,0,0
30791,2020-02-23,MM,Myanmar,SEARO,0,0,0,0
30792,2020-03-01,MM,Myanmar,SEARO,0,0,0,0
30793,2020-03-08,MM,Myanmar,SEARO,0,0,0,0
30794,2020-03-15,MM,Myanmar,SEARO,0,0,0,0
30795,2020-03-22,MM,Myanmar,SEARO,0,0,0,0
30796,2020-03-29,MM,Myanmar,SEARO,8,8,0,0
30797,2020-04-05,MM,Myanmar,SEARO,13,21,1,1
30798,2020-04-12,MM,Myanmar,SEARO,17,38,2,3
30799,2020-04-19,MM,Myanmar,SEARO,69,107,2,5
30800,2020-04-26,MM,Myanmar,SEARO,39,146,0,5
30801,2020-05-03,MM,Myanmar,SEARO,5,151,1,6
30802,2020-05-10,MM,Myanmar,SEARO,27,178,0,6
30803,2020-05-17,MM,Myanmar,SEARO,6,184,0,6
30804,2020-05-24,MM,Myanmar,SEARO,17,201,0,6
30805,2020-05-31,MM,Myanmar,SEARO,23,224,0,6
30806,2020-06-07,MM,Myanmar,SEARO,18,242,0,6
30807,2020-06-14,MM,Myanmar,SEARO,19,261,0,6
30808,2020-06-21,MM,Myanmar,SEARO,29,290,0,6
30809,2020-06-28,MM,Myanmar,SEARO,9,299,0,6
30810,2020-07-05,MM,Myanmar,SEARO,14,313,0,6
30811,2020-07-12,MM,Myanmar,SEARO,18,331,0,6
30812,2020-07-19,MM,Myanmar,SEARO,10,341,0,6
30813,2020-07-26,MM,Myanmar,SEARO,9,350,0,6
30814,2020-08-02,MM,Myanmar,SEARO,3,353,0,6
30815,2020-08-09,MM,Myanmar,SEARO,7,360,0,6
30816,2020-08-16,MM,Myanmar,SEARO,14,374,0,6
30817,2020-08-23,MM,Myanmar,SEARO,70,444,0,6
30818,2020-08-30,MM,Myanmar,SEARO,331,775,0,6
30819,2020-09-06,MM,Myanmar,SEARO,644,1419,2,8
30820,2020-09-13,MM,Myanmar,SEARO,1513,2932,12,20
30821,2020-09-20,MM,Myanmar,SEARO,2331,5263,69,89
30822,2020-09-27,MM,Myanmar,SEARO,4728,9991,109,198
30823,2020-10-04,MM,Myanmar,SEARO,6512,16503,173,371
30824,2020-10-11,MM,Myanmar,SEARO,9561,26064,227,598
30825,2020-10-18,MM,Myanmar,SEARO,8811,34875,240,838
30826,2020-10-25,MM,Myanmar,SEARO,8913,43788,228,1066
30827,2020-11-01,MM,Myanmar,SEARO,8918,52706,171,1237
30828,2020-11-08,MM,Myanmar,SEARO,7642,60348,159,1396
30829,2020-11-15,MM,Myanmar,SEARO,7530,67878,156,1552
30830,2020-11-22,MM,Myanmar,SEARO,9970,77848,170,1722
30831,2020-11-29,MM,Myanmar,SEARO,10129,87977,165,1887
30832,2020-12-06,MM,Myanmar,SEARO,10070,98047,194,2081
30833,2020-12-13,MM,Myanmar,SEARO,9168,107215,164,2245
30834,2020-12-20,MM,Myanmar,SEARO,7972,115187,179,2424
30835,2020-12-27,MM,Myanmar,SEARO,6699,121886,177,2601
30836,2021-01-03,MM,Myanmar,SEARO,4459,126345,127,2728
30837,2021-01-10,MM,Myanmar,SEARO,4259,130604,118,2846
30838,2021-01-17,MM,Myanmar,SEARO,3714,134318,109,2955
30839,2021-01-24,MM,Myanmar,SEARO,3256,137574,107,3062
30840,2021-01-31,MM,Myanmar,SEARO,2571,140145,69,3131
30841,2021-02-07,MM,Myanmar,SEARO,1159,141304,37,3168
30842,2021-02-14,MM,Myanmar,SEARO,297,141601,21,3189
30843,2021-02-21,MM,Myanmar,SEARO,149,141750,7,3196
30844,2021-02-28,MM,Myanmar,SEARO,146,141896,3,3199
30845,2021-03-07,MM,Myanmar,SEARO,138,142034,1,3200
30846,2021-03-14,MM,Myanmar,SEARO,113,142147,2,3202
30847,2021-03-21,MM,Myanmar,SEARO,65,142212,2,3204
30848,2021-03-28,MM,Myanmar,SEARO,173,142385,2,3206
30849,2021-04-04,MM,Myanmar,SEARO,126,142511,0,3206
30850,2021-04-11,MM,Myanmar,SEARO,76,142587,0,3206
30851,2021-04-18,MM,Myanmar,SEARO,57,142644,0,3206
30852,2021-04-25,MM,Myanmar,SEARO,78,142722,1,3207
30853,2021-05-02,MM,Myanmar,SEARO,116,142838,2,3209
30854,2021-05-09,MM,Myanmar,SEARO,116,142954,1,3210
30855,2021-05-16,MM,Myanmar,SEARO,111,143065,2,3212
30856,2021-05-23,MM,Myanmar,SEARO,169,143234,4,3216
30857,2021-05-30,MM,Myanmar,SEARO,337,143571,0,3216
30858,2021-06-06,MM,Myanmar,SEARO,746,144317,9,3225
30859,2021-06-13,MM,Myanmar,SEARO,1286,145603,19,3244
30860,2021-06-20,MM,Myanmar,SEARO,2419,148022,18,3262
30861,2021-06-27,MM,Myanmar,SEARO,5138,153160,35,3297
30862,2021-07-04,MM,Myanmar,SEARO,12245,165405,122,3419
30863,2021-07-11,MM,Myanmar,SEARO,26808,192213,419,3838
30864,2021-07-18,MM,Myanmar,SEARO,37308,229521,1162,5000
30865,2021-07-25,MM,Myanmar,SEARO,40004,269525,2111,7111
30866,2021-08-01,MM,Myanmar,SEARO,33140,302665,2620,9731
30867,2021-08-08,MM,Myanmar,SEARO,26851,329516,2045,11776
30868,2021-08-15,MM,Myanmar,SEARO,24763,354279,1487,13263
30869,2021-08-22,MM,Myanmar,SEARO,19406,373685,1111,14374
30870,2021-08-29,MM,Myanmar,SEARO,18615,392300,809,15183
30871,2021-09-05,MM,Myanmar,SEARO,23116,415416,708,15891
30872,2021-09-12,MM,Myanmar,SEARO,16417,431833,639,16530
30873,2021-09-19,MM,Myanmar,SEARO,14740,446573,543,17073
30874,2021-09-26,MM,Myanmar,SEARO,11581,458154,454,17527
30875,2021-10-03,MM,Myanmar,SEARO,10309,468463,356,17883
30876,2021-10-10,MM,Myanmar,SEARO,10188,478651,251,18134
30877,2021-10-17,MM,Myanmar,SEARO,9202,487853,225,18359
30878,2021-10-24,MM,Myanmar,SEARO,6410,494263,179,18538
30879,2021-10-31,MM,Myanmar,SEARO,5810,500073,159,18697
30880,2021-11-07,MM,Myanmar,SEARO,6743,506816,124,18821
30881,2021-11-14,MM,Myanmar,SEARO,6446,513262,108,18929
30882,2021-11-21,MM,Myanmar,SEARO,4660,517922,96,19025
30883,2021-11-28,MM,Myanmar,SEARO,3639,521561,63,19088
30884,2021-12-05,MM,Myanmar,SEARO,2846,524407,53,19141
30885,2021-12-12,MM,Myanmar,SEARO,2254,526661,42,19183
30886,2021-12-19,MM,Myanmar,SEARO,1592,528253,37,19220
30887,2021-12-26,MM,Myanmar,SEARO,1360,529613,34,19254
30888,2022-01-02,MM,Myanmar,SEARO,1412,531025,20,19274
30889,2022-01-09,MM,Myanmar,SEARO,1037,532062,17,19291
30890,2022-01-16,MM,Myanmar,SEARO,1082,533144,11,19302
30891,2022-01-23,MM,Myanmar,SEARO,927,534071,8,19310
30892,2022-01-30,MM,Myanmar,SEARO,1183,535254,0,19310
30893,2022-02-06,MM,Myanmar,SEARO,2647,537901,0,19310
30894,2022-02-13,MM,Myanmar,SEARO,8870,546771,0,19310
30895,2022-02-20,MM,Myanmar,SEARO,18896,565667,21,19331
30896,2022-02-27,MM,Myanmar,SEARO,20531,586198,34,19365
30897,2022-03-06,MM,Myanmar,SEARO,12248,598446,24,19389
30898,2022-03-13,MM,Myanmar,SEARO,6901,605347,20,19409
30899,2022-03-20,MM,Myanmar,SEARO,3643,608990,16,19425
30900,2022-03-27,MM,Myanmar,SEARO,1868,610858,5,19430
30901,2022-04-03,MM,Myanmar,SEARO,1017,611875,3,19433
30902,2022-04-10,MM,Myanmar,SEARO,466,612341,1,19434
30903,2022-04-17,MM,Myanmar,SEARO,224,612565,0,19434
30904,2022-04-24,MM,Myanmar,SEARO,184,612749,0,19434
30905,2022-05-01,MM,Myanmar,SEARO,151,612900,0,19434
30906,2022-05-08,MM,Myanmar,SEARO,153,613053,0,19434
30907,2022-05-15,MM,Myanmar,SEARO,87,613140,0,19434
30908,2022-05-22,MM,Myanmar,SEARO,82,613222,0,19434
30909,2022-05-29,MM,Myanmar,SEARO,93,613315,0,19434
30910,2022-06-05,MM,Myanmar,SEARO,67,613382,0,19434
30911,2022-06-12,MM,Myanmar,SEARO,61,613443,0,19434
30912,2022-06-19,MM,Myanmar,SEARO,47,613490,0,19434
30913,2022-06-26,MM,Myanmar,SEARO,66,613556,0,19434
30914,2022-07-03,MM,Myanmar,SEARO,92,613648,0,19434
30915,2022-07-10,MM,Myanmar,SEARO,88,613736,0,19434
30916,2022-07-17,MM,Myanmar,SEARO,80,613816,0,19434
30917,2022-07-24,MM,Myanmar,SEARO,135,613951,0,19434
30918,2022-07-31,MM,Myanmar,SEARO,141,614092,0,19434
30919,2022-08-07,MM,Myanmar,SEARO,106,614198,0,19434
30920,2022-08-14,MM,Myanmar,SEARO,191,614389,1,19435
30921,2022-08-21,MM,Myanmar,SEARO,265,614654,2,19437
30922,2022-08-28,MM,Myanmar,SEARO,308,614962,0,19437
30923,2022-09-04,MM,Myanmar,SEARO,597,615559,3,19440
30924,2022-09-11,MM,Myanmar,SEARO,1293,616852,2,19442
30925,2022-09-18,MM,Myanmar,SEARO,2046,618898,4,19446
30926,2022-09-25,MM,Myanmar,SEARO,2504,621402,9,19455
30927,2022-10-02,MM,Myanmar,SEARO,2512,623914,6,19461
30928,2022-10-09,MM,Myanmar,SEARO,2544,626458,6,19467
30929,2022-10-16,MM,Myanmar,SEARO,2119,628577,3,19470
30930,2022-10-23,MM,Myanmar,SEARO,2026,630603,6,19476
30931,2022-10-30,MM,Myanmar,SEARO,1022,631625,6,19482
30932,2022-11-06,MM,Myanmar,SEARO,649,632274,3,19485
30933,2022-11-13,MM,Myanmar,SEARO,405,632679,1,19486
30934,2022-11-20,MM,Myanmar,SEARO,326,633005,1,19487
30935,2022-11-27,MM,Myanmar,SEARO,162,633167,1,19488
30936,2022-12-04,MM,Myanmar,SEARO,151,633318,0,19488
30937,2022-12-11,MM,Myanmar,SEARO,139,633457,0,19488
30938,2022-12-18,MM,Myanmar,SEARO,98,633555,0,19488
30939,2022-12-25,MM,Myanmar,SEARO,57,633612,2,19490
30940,2023-01-01,MM,Myanmar,SEARO,73,633685,0,19490
30941,2023-01-08,MM,Myanmar,SEARO,32,633717,0,19490
30942,2023-01-15,MM,Myanmar,SEARO,33,633750,0,19490
30943,2023-01-22,MM,Myanmar,SEARO,51,633801,0,19490
30944,2023-01-29,MM,Myanmar,SEARO,18,633819,0,19490
30945,2023-02-05,MM,Myanmar,SEARO,23,633842,0,19490
30946,2023-02-12,MM,Myanmar,SEARO,24,633866,0,19490
30947,2023-02-19,MM,Myanmar,SEARO,35,633901,0,19490
30948,2023-02-26,MM,Myanmar,SEARO,10,633911,0,19490
30949,2023-03-05,MM,Myanmar,SEARO,35,633946,0,19490
30950,2023-03-12,MM,Myanmar,SEARO,9,633955,0,19490
30951,2023-03-19,MM,Myanmar,SEARO,37,633992,0,19490
30952,2023-03-26,MM,Myanmar,SEARO,81,634073,0,19490
30953,2023-04-02,MM,Myanmar,SEARO,12,634085,0,19490
30954,2023-04-09,MM,Myanmar,SEARO,13,634098,0,19490
30955,2023-04-16,MM,Myanmar,SEARO,62,634160,0,19490
30956,2023-04-23,MM,Myanmar,SEARO,189,634349,0,19490
30957,2023-04-30,MM,Myanmar,SEARO,528,634877,2,19492
30958,2023-05-07,MM,Myanmar,SEARO,1154,636031,0,19492
30959,2023-05-14,MM,Myanmar,SEARO,1218,637249,2,19494
30960,2023-05-21,MM,Myanmar,SEARO,785,638034,0,19494
30961,2023-05-28,MM,Myanmar,SEARO,634,638668,0,19494
30962,2023-06-04,MM,Myanmar,SEARO,507,639175,0,19494
30963,2023-06-11,MM,Myanmar,SEARO,487,639662,0,19494
30964,2023-06-18,MM,Myanmar,SEARO,387,640049,0,19494
30965,2023-06-25,MM,Myanmar,SEARO,253,640302,0,19494
30966,2023-07-02,MM,Myanmar,SEARO,194,640496,0,19494
30967,2023-07-09,MM,Myanmar,SEARO,263,640759,0,19494
30968,2023-07-16,MM,Myanmar,SEARO,127,640886,0,19494
30969,2023-07-23,MM,Myanmar,SEARO,91,640977,0,19494
30970,2023-07-30,MM,Myanmar,SEARO,79,641056,0,19494
30971,2023-08-06,MM,Myanmar,SEARO,34,641090,0,19494
30972,2023-08-13,MM,Myanmar,SEARO,41,641131,0,19494
30973,2023-08-20,MM,Myanmar,SEARO,17,641148,0,19494
30974,2023-08-27,MM,Myanmar,SEARO,19,641167,0,19494
30975,2023-09-03,MM,Myanmar,SEARO,21,641188,0,19494
30976,2023-09-10,MM,Myanmar,SEARO,26,641214,0,19494
30977,2023-09-17,MM,Myanmar,SEARO,11,641225,0,19494
30978,2023-09-24,MM,Myanmar,SEARO,28,641253,0,19494
30979,2023-10-01,MM,Myanmar,SEARO,27,641280,0,19494
30980,2023-10-08,MM,Myanmar,SEARO,27,641307,0,19494
30981,2023-10-15,MM,Myanmar,SEARO,17,641324,0,19494
30982,2023-10-22,MM,Myanmar,SEARO,11,641335,0,19494
30983,2023-10-29,MM,Myanmar,SEARO,6,641341,0,19494
30984,2023-11-05,MM,Myanmar,SEARO,15,641356,0,19494
30985,2023-11-12,MM,Myanmar,SEARO,10,641366,0,19494
30986,2023-11-19,MM,Myanmar,SEARO,8,641374,0,19494
30987,2023-11-26,MM,Myanmar,SEARO,2,641376,0,19494
30988,2023-12-03,MM,Myanmar,SEARO,7,641383,0,19494
30989,2023-12-10,MM,Myanmar,SEARO,3,641386,0,19494
30990,2023-12-17,MM,Myanmar,SEARO,7,641393,0,19494
30991,2023-12-24,MM,Myanmar,SEARO,29,641422,0,19494
30992,2020-01-05,,Namibia,AFRO,0,0,0,0
30993,2020-01-12,,Namibia,AFRO,0,0,0,0
30994,2020-01-19,,Namibia,AFRO,0,0,0,0
30995,2020-01-26,,Namibia,AFRO,0,0,0,0
30996,2020-02-02,,Namibia,AFRO,0,0,0,0
30997,2020-02-09,,Namibia,AFRO,0,0,0,0
30998,2020-02-16,,Namibia,AFRO,0,0,0,0
30999,2020-02-23,,Namibia,AFRO,0,0,0,0
31000,2020-03-01,,Namibia,AFRO,0,0,0,0
31001,2020-03-08,,Namibia,AFRO,0,0,0,0
31002,2020-03-15,,Namibia,AFRO,2,2,0,0
31003,2020-03-22,,Namibia,AFRO,1,3,0,0
31004,2020-03-29,,Namibia,AFRO,8,11,0,0
31005,2020-04-05,,Namibia,AFRO,5,16,0,0
31006,2020-04-12,,Namibia,AFRO,0,16,0,0
31007,2020-04-19,,Namibia,AFRO,0,16,0,0
31008,2020-04-26,,Namibia,AFRO,0,16,0,0
31009,2020-05-03,,Namibia,AFRO,0,16,0,0
31010,2020-05-10,,Namibia,AFRO,0,16,0,0
31011,2020-05-17,,Namibia,AFRO,0,16,0,0
31012,2020-05-24,,Namibia,AFRO,4,20,0,0
31013,2020-05-31,,Namibia,AFRO,3,23,0,0
31014,2020-06-07,,Namibia,AFRO,6,29,0,0
31015,2020-06-14,,Namibia,AFRO,3,32,0,0
31016,2020-06-21,,Namibia,AFRO,13,45,0,0
31017,2020-06-28,,Namibia,AFRO,91,136,0,0
31018,2020-07-05,,Namibia,AFRO,276,412,0,0
31019,2020-07-12,,Namibia,AFRO,373,785,1,1
31020,2020-07-19,,Namibia,AFRO,558,1343,3,4
31021,2020-07-26,,Namibia,AFRO,431,1774,3,7
31022,2020-08-02,,Namibia,AFRO,520,2294,3,10
31023,2020-08-09,,Namibia,AFRO,655,2949,8,18
31024,2020-08-16,,Namibia,AFRO,1205,4154,18,36
31025,2020-08-23,,Namibia,AFRO,1700,5854,18,54
31026,2020-08-30,,Namibia,AFRO,1511,7365,24,78
31027,2020-09-06,,Namibia,AFRO,1320,8685,12,90
31028,2020-09-13,,Namibia,AFRO,1034,9719,17,107
31029,2020-09-20,,Namibia,AFRO,658,10377,20,127
31030,2020-09-27,,Namibia,AFRO,656,11033,3,130
31031,2020-10-04,,Namibia,AFRO,593,11626,5,135
31032,2020-10-11,,Namibia,AFRO,310,11936,3,138
31033,2020-10-18,,Namibia,AFRO,357,12293,3,141
31034,2020-10-25,,Namibia,AFRO,367,12660,1,142
31035,2020-11-01,,Namibia,AFRO,328,12988,0,142
31036,2020-11-08,,Namibia,AFRO,223,13211,2,144
31037,2020-11-15,,Namibia,AFRO,297,13508,4,148
31038,2020-11-22,,Namibia,AFRO,357,13865,6,154
31039,2020-11-29,,Namibia,AFRO,480,14345,7,161
31040,2020-12-06,,Namibia,AFRO,733,15078,3,164
31041,2020-12-13,,Namibia,AFRO,1458,16536,7,171
31042,2020-12-20,,Namibia,AFRO,2178,18714,9,180
31043,2020-12-27,,Namibia,AFRO,3209,21923,15,195
31044,2021-01-03,,Namibia,AFRO,3184,25107,21,216
31045,2021-01-10,,Namibia,AFRO,3152,28259,40,256
31046,2021-01-17,,Namibia,AFRO,1939,30198,28,284
31047,2021-01-24,,Namibia,AFRO,2213,32411,47,331
31048,2021-01-31,,Namibia,AFRO,1529,33940,27,358
31049,2021-02-07,,Namibia,AFRO,1034,34974,21,379
31050,2021-02-14,,Namibia,AFRO,978,35952,16,395
31051,2021-02-21,,Namibia,AFRO,1531,37483,14,409
31052,2021-02-28,,Namibia,AFRO,1364,38847,13,422
31053,2021-03-07,,Namibia,AFRO,1183,40030,34,456
31054,2021-03-14,,Namibia,AFRO,1170,41200,15,471
31055,2021-03-21,,Namibia,AFRO,1277,42477,28,499
31056,2021-03-28,,Namibia,AFRO,1155,43632,13,512
31057,2021-04-04,,Namibia,AFRO,1158,44790,25,537
31058,2021-04-11,,Namibia,AFRO,737,45527,33,570
31059,2021-04-18,,Namibia,AFRO,1128,46655,34,604
31060,2021-04-25,,Namibia,AFRO,1121,47776,21,625
31061,2021-05-02,,Namibia,AFRO,1223,48999,27,652
31062,2021-05-09,,Namibia,AFRO,1071,50070,37,689
31063,2021-05-16,,Namibia,AFRO,1148,51218,29,718
31064,2021-05-23,,Namibia,AFRO,1728,52946,47,765
31065,2021-05-30,,Namibia,AFRO,2195,55141,59,824
31066,2021-06-06,,Namibia,AFRO,3566,58707,88,912
31067,2021-06-13,,Namibia,AFRO,6382,65089,83,995
31068,2021-06-20,,Namibia,AFRO,9593,74682,169,1164
31069,2021-06-27,,Namibia,AFRO,11967,86649,281,1445
31070,2021-07-04,,Namibia,AFRO,10438,97087,217,1662
31071,2021-07-11,,Namibia,AFRO,9792,106879,357,2019
31072,2021-07-18,,Namibia,AFRO,5945,112824,513,2532
31073,2021-07-25,,Namibia,AFRO,4140,116964,302,2834
31074,2021-08-01,,Namibia,AFRO,2478,119442,230,3064
31075,2021-08-08,,Namibia,AFRO,1761,121203,132,3196
31076,2021-08-15,,Namibia,AFRO,1342,122545,89,3285
31077,2021-08-22,,Namibia,AFRO,1316,123861,60,3345
31078,2021-08-29,,Namibia,AFRO,1039,124900,27,3372
31079,2021-09-05,,Namibia,AFRO,759,125659,40,3412
31080,2021-09-12,,Namibia,AFRO,682,126341,24,3436
31081,2021-09-19,,Namibia,AFRO,559,126900,35,3471
31082,2021-09-26,,Namibia,AFRO,473,127373,23,3494
31083,2021-10-03,,Namibia,AFRO,489,127862,23,3517
31084,2021-10-10,,Namibia,AFRO,267,128129,10,3527
31085,2021-10-17,,Namibia,AFRO,224,128353,13,3540
31086,2021-10-24,,Namibia,AFRO,496,128849,10,3550
31087,2021-10-31,,Namibia,AFRO,89,128938,4,3554
31088,2021-11-07,,Namibia,AFRO,76,129014,9,3563
31089,2021-11-14,,Namibia,AFRO,46,129060,1,3564
31090,2021-11-21,,Namibia,AFRO,45,129105,5,3569
31091,2021-11-28,,Namibia,AFRO,55,129160,4,3573
31092,2021-12-05,,Namibia,AFRO,778,129938,1,3574
31093,2021-12-12,,Namibia,AFRO,3152,133090,3,3577
31094,2021-12-19,,Namibia,AFRO,6428,139518,6,3583
31095,2021-12-26,,Namibia,AFRO,6579,146097,28,3611
31096,2022-01-02,,Namibia,AFRO,3644,149741,45,3656
31097,2022-01-09,,Namibia,AFRO,3085,152826,70,3726
31098,2022-01-16,,Namibia,AFRO,1710,154536,97,3823
31099,2022-01-23,,Namibia,AFRO,821,155357,97,3920
31100,2022-01-30,,Namibia,AFRO,483,155840,47,3967
31101,2022-02-06,,Namibia,AFRO,531,156371,13,3980
31102,2022-02-13,,Namibia,AFRO,418,156789,15,3995
31103,2022-02-20,,Namibia,AFRO,221,157010,7,4002
31104,2022-02-27,,Namibia,AFRO,200,157210,5,4007
31105,2022-03-06,,Namibia,AFRO,128,157338,6,4013
31106,2022-03-13,,Namibia,AFRO,100,157438,1,4014
31107,2022-03-20,,Namibia,AFRO,85,157523,2,4016
31108,2022-03-27,,Namibia,AFRO,88,157611,3,4019
31109,2022-04-03,,Namibia,AFRO,146,157757,0,4019
31110,2022-04-10,,Namibia,AFRO,139,157896,2,4021
31111,2022-04-17,,Namibia,AFRO,190,158086,1,4022
31112,2022-04-24,,Namibia,AFRO,272,158358,3,4025
31113,2022-05-01,,Namibia,AFRO,453,158811,0,4025
31114,2022-05-08,,Namibia,AFRO,408,159219,2,4027
31115,2022-05-15,,Namibia,AFRO,966,160185,3,4030
31116,2022-05-22,,Namibia,AFRO,2036,162221,2,4032
31117,2022-05-29,,Namibia,AFRO,1167,163388,5,4037
31118,2022-06-05,,Namibia,AFRO,1257,164645,3,4040
31119,2022-06-12,,Namibia,AFRO,820,165465,9,4049
31120,2022-06-19,,Namibia,AFRO,318,165783,5,4054
31121,2022-06-26,,Namibia,AFRO,298,166081,7,4061
31122,2022-07-03,,Namibia,AFRO,126,166207,4,4065
31123,2022-07-10,,Namibia,AFRO,17,166224,3,4068
31124,2022-07-17,,Namibia,AFRO,159,166383,1,4069
31125,2022-07-24,,Namibia,AFRO,52,166435,2,4071
31126,2022-07-31,,Namibia,AFRO,69,166504,2,4073
31127,2022-08-07,,Namibia,AFRO,38,166542,0,4073
31128,2022-08-14,,Namibia,AFRO,56,166598,1,4074
31129,2022-08-21,,Namibia,AFRO,37,166635,3,4077
31130,2022-08-28,,Namibia,AFRO,21,166656,0,4077
31131,2022-09-04,,Namibia,AFRO,27,166683,0,4077
31132,2022-09-11,,Namibia,AFRO,5,166688,0,4077
31133,2022-09-18,,Namibia,AFRO,68,166756,3,4080
31134,2022-09-25,,Namibia,AFRO,16,166772,0,4080
31135,2022-10-02,,Namibia,AFRO,6,166778,0,4080
31136,2022-10-09,,Namibia,AFRO,16,166794,0,4080
31137,2022-10-16,,Namibia,AFRO,3088,169882,0,4080
31138,2022-10-23,,Namibia,AFRO,9,169891,0,4080
31139,2022-10-30,,Namibia,AFRO,43,169934,0,4080
31140,2022-11-06,,Namibia,AFRO,11,169945,0,4080
31141,2022-11-13,,Namibia,AFRO,16,169961,0,4080
31142,2022-11-20,,Namibia,AFRO,33,169994,0,4080
31143,2022-11-27,,Namibia,AFRO,40,170034,0,4080
31144,2022-12-04,,Namibia,AFRO,66,170100,0,4080
31145,2022-12-11,,Namibia,AFRO,64,170164,0,4080
31146,2022-12-18,,Namibia,AFRO,53,170217,2,4082
31147,2022-12-25,,Namibia,AFRO,61,170278,0,4082
31148,2023-01-01,,Namibia,AFRO,74,170352,0,4082
31149,2023-01-08,,Namibia,AFRO,61,170413,0,4082
31150,2023-01-15,,Namibia,AFRO,66,170479,1,4083
31151,2023-01-22,,Namibia,AFRO,119,170598,3,4086
31152,2023-01-29,,Namibia,AFRO,126,170724,2,4088
31153,2023-02-05,,Namibia,AFRO,149,170873,2,4090
31154,2023-02-12,,Namibia,AFRO,186,171059,0,4090
31155,2023-02-19,,Namibia,AFRO,62,171121,0,4090
31156,2023-02-26,,Namibia,AFRO,35,171156,0,4090
31157,2023-03-05,,Namibia,AFRO,26,171182,0,4090
31158,2023-03-12,,Namibia,AFRO,26,171208,0,4090
31159,2023-03-19,,Namibia,AFRO,14,171222,0,4090
31160,2023-03-26,,Namibia,AFRO,0,171222,0,4090
31161,2023-04-02,,Namibia,AFRO,0,171222,0,4090
31162,2023-04-09,,Namibia,AFRO,0,171222,0,4090
31163,2023-04-16,,Namibia,AFRO,0,171222,0,4090
31164,2023-04-23,,Namibia,AFRO,0,171222,0,4090
31165,2023-04-30,,Namibia,AFRO,88,171310,1,4091
31166,2023-05-07,,Namibia,AFRO,0,171310,0,4091
31167,2023-05-14,,Namibia,AFRO,0,171310,0,4091
31168,2023-05-21,,Namibia,AFRO,0,171310,0,4091
31169,2023-05-28,,Namibia,AFRO,0,171310,0,4091
31170,2023-06-04,,Namibia,AFRO,0,171310,0,4091
31171,2023-06-11,,Namibia,AFRO,0,171310,0,4091
31172,2023-06-18,,Namibia,AFRO,507,171817,3,4094
31173,2023-06-25,,Namibia,AFRO,77,171894,2,4096
31174,2023-07-02,,Namibia,AFRO,37,171931,1,4097
31175,2023-07-09,,Namibia,AFRO,35,171966,1,4098
31176,2023-07-16,,Namibia,AFRO,32,171998,0,4098
31177,2023-07-23,,Namibia,AFRO,0,171998,0,4098
31178,2023-07-30,,Namibia,AFRO,0,171998,0,4098
31179,2023-08-06,,Namibia,AFRO,0,171998,0,4098
31180,2023-08-13,,Namibia,AFRO,0,171998,0,4098
31181,2023-08-20,,Namibia,AFRO,0,171998,0,4098
31182,2023-08-27,,Namibia,AFRO,0,171998,0,4098
31183,2023-09-03,,Namibia,AFRO,0,171998,0,4098
31184,2023-09-10,,Namibia,AFRO,0,171998,0,4098
31185,2023-09-17,,Namibia,AFRO,113,172111,2,4100
31186,2023-09-24,,Namibia,AFRO,5,172116,0,4100
31187,2023-10-01,,Namibia,AFRO,0,172116,0,4100
31188,2023-10-08,,Namibia,AFRO,2,172118,0,4100
31189,2023-10-15,,Namibia,AFRO,3,172121,0,4100
31190,2023-10-22,,Namibia,AFRO,2,172123,0,4100
31191,2023-10-29,,Namibia,AFRO,9,172132,0,4100
31192,2023-11-05,,Namibia,AFRO,6,172138,0,4100
31193,2023-11-12,,Namibia,AFRO,13,172151,0,4100
31194,2023-11-19,,Namibia,AFRO,19,172170,2,4102
31195,2023-11-26,,Namibia,AFRO,19,172189,0,4102
31196,2023-12-03,,Namibia,AFRO,19,172208,1,4103
31197,2023-12-10,,Namibia,AFRO,13,172221,0,4103
31198,2023-12-17,,Namibia,AFRO,0,172221,0,4103
31199,2023-12-24,,Namibia,AFRO,0,172221,0,4103
31200,2020-01-05,NR,Nauru,WPRO,0,0,0,0
31201,2020-01-12,NR,Nauru,WPRO,0,0,0,0
31202,2020-01-19,NR,Nauru,WPRO,0,0,0,0
31203,2020-01-26,NR,Nauru,WPRO,0,0,0,0
31204,2020-02-02,NR,Nauru,WPRO,0,0,0,0
31205,2020-02-09,NR,Nauru,WPRO,0,0,0,0
31206,2020-02-16,NR,Nauru,WPRO,0,0,0,0
31207,2020-02-23,NR,Nauru,WPRO,0,0,0,0
31208,2020-03-01,NR,Nauru,WPRO,0,0,0,0
31209,2020-03-08,NR,Nauru,WPRO,0,0,0,0
31210,2020-03-15,NR,Nauru,WPRO,0,0,0,0
31211,2020-03-22,NR,Nauru,WPRO,0,0,0,0
31212,2020-03-29,NR,Nauru,WPRO,0,0,0,0
31213,2020-04-05,NR,Nauru,WPRO,0,0,0,0
31214,2020-04-12,NR,Nauru,WPRO,0,0,0,0
31215,2020-04-19,NR,Nauru,WPRO,0,0,0,0
31216,2020-04-26,NR,Nauru,WPRO,0,0,0,0
31217,2020-05-03,NR,Nauru,WPRO,0,0,0,0
31218,2020-05-10,NR,Nauru,WPRO,0,0,0,0
31219,2020-05-17,NR,Nauru,WPRO,0,0,0,0
31220,2020-05-24,NR,Nauru,WPRO,0,0,0,0
31221,2020-05-31,NR,Nauru,WPRO,0,0,0,0
31222,2020-06-07,NR,Nauru,WPRO,0,0,0,0
31223,2020-06-14,NR,Nauru,WPRO,0,0,0,0
31224,2020-06-21,NR,Nauru,WPRO,0,0,0,0
31225,2020-06-28,NR,Nauru,WPRO,0,0,0,0
31226,2020-07-05,NR,Nauru,WPRO,0,0,0,0
31227,2020-07-12,NR,Nauru,WPRO,0,0,0,0
31228,2020-07-19,NR,Nauru,WPRO,0,0,0,0
31229,2020-07-26,NR,Nauru,WPRO,0,0,0,0
31230,2020-08-02,NR,Nauru,WPRO,0,0,0,0
31231,2020-08-09,NR,Nauru,WPRO,0,0,0,0
31232,2020-08-16,NR,Nauru,WPRO,0,0,0,0
31233,2020-08-23,NR,Nauru,WPRO,0,0,0,0
31234,2020-08-30,NR,Nauru,WPRO,0,0,0,0
31235,2020-09-06,NR,Nauru,WPRO,0,0,0,0
31236,2020-09-13,NR,Nauru,WPRO,0,0,0,0
31237,2020-09-20,NR,Nauru,WPRO,0,0,0,0
31238,2020-09-27,NR,Nauru,WPRO,0,0,0,0
31239,2020-10-04,NR,Nauru,WPRO,0,0,0,0
31240,2020-10-11,NR,Nauru,WPRO,0,0,0,0
31241,2020-10-18,NR,Nauru,WPRO,0,0,0,0
31242,2020-10-25,NR,Nauru,WPRO,0,0,0,0
31243,2020-11-01,NR,Nauru,WPRO,0,0,0,0
31244,2020-11-08,NR,Nauru,WPRO,0,0,0,0
31245,2020-11-15,NR,Nauru,WPRO,0,0,0,0
31246,2020-11-22,NR,Nauru,WPRO,0,0,0,0
31247,2020-11-29,NR,Nauru,WPRO,0,0,0,0
31248,2020-12-06,NR,Nauru,WPRO,0,0,0,0
31249,2020-12-13,NR,Nauru,WPRO,0,0,0,0
31250,2020-12-20,NR,Nauru,WPRO,0,0,0,0
31251,2020-12-27,NR,Nauru,WPRO,0,0,0,0
31252,2021-01-03,NR,Nauru,WPRO,0,0,0,0
31253,2021-01-10,NR,Nauru,WPRO,0,0,0,0
31254,2021-01-17,NR,Nauru,WPRO,0,0,0,0
31255,2021-01-24,NR,Nauru,WPRO,0,0,0,0
31256,2021-01-31,NR,Nauru,WPRO,0,0,0,0
31257,2021-02-07,NR,Nauru,WPRO,0,0,0,0
31258,2021-02-14,NR,Nauru,WPRO,0,0,0,0
31259,2021-02-21,NR,Nauru,WPRO,0,0,0,0
31260,2021-02-28,NR,Nauru,WPRO,0,0,0,0
31261,2021-03-07,NR,Nauru,WPRO,0,0,0,0
31262,2021-03-14,NR,Nauru,WPRO,0,0,0,0
31263,2021-03-21,NR,Nauru,WPRO,0,0,0,0
31264,2021-03-28,NR,Nauru,WPRO,0,0,0,0
31265,2021-04-04,NR,Nauru,WPRO,0,0,0,0
31266,2021-04-11,NR,Nauru,WPRO,0,0,0,0
31267,2021-04-18,NR,Nauru,WPRO,0,0,0,0
31268,2021-04-25,NR,Nauru,WPRO,0,0,0,0
31269,2021-05-02,NR,Nauru,WPRO,0,0,0,0
31270,2021-05-09,NR,Nauru,WPRO,0,0,0,0
31271,2021-05-16,NR,Nauru,WPRO,0,0,0,0
31272,2021-05-23,NR,Nauru,WPRO,0,0,0,0
31273,2021-05-30,NR,Nauru,WPRO,0,0,0,0
31274,2021-06-06,NR,Nauru,WPRO,0,0,0,0
31275,2021-06-13,NR,Nauru,WPRO,0,0,0,0
31276,2021-06-20,NR,Nauru,WPRO,0,0,0,0
31277,2021-06-27,NR,Nauru,WPRO,0,0,0,0
31278,2021-07-04,NR,Nauru,WPRO,0,0,0,0
31279,2021-07-11,NR,Nauru,WPRO,0,0,0,0
31280,2021-07-18,NR,Nauru,WPRO,0,0,0,0
31281,2021-07-25,NR,Nauru,WPRO,0,0,0,0
31282,2021-08-01,NR,Nauru,WPRO,0,0,0,0
31283,2021-08-08,NR,Nauru,WPRO,0,0,0,0
31284,2021-08-15,NR,Nauru,WPRO,0,0,0,0
31285,2021-08-22,NR,Nauru,WPRO,0,0,0,0
31286,2021-08-29,NR,Nauru,WPRO,0,0,0,0
31287,2021-09-05,NR,Nauru,WPRO,0,0,0,0
31288,2021-09-12,NR,Nauru,WPRO,0,0,0,0
31289,2021-09-19,NR,Nauru,WPRO,0,0,0,0
31290,2021-09-26,NR,Nauru,WPRO,0,0,0,0
31291,2021-10-03,NR,Nauru,WPRO,0,0,0,0
31292,2021-10-10,NR,Nauru,WPRO,0,0,0,0
31293,2021-10-17,NR,Nauru,WPRO,0,0,0,0
31294,2021-10-24,NR,Nauru,WPRO,0,0,0,0
31295,2021-10-31,NR,Nauru,WPRO,0,0,0,0
31296,2021-11-07,NR,Nauru,WPRO,0,0,0,0
31297,2021-11-14,NR,Nauru,WPRO,0,0,0,0
31298,2021-11-21,NR,Nauru,WPRO,0,0,0,0
31299,2021-11-28,NR,Nauru,WPRO,0,0,0,0
31300,2021-12-05,NR,Nauru,WPRO,0,0,0,0
31301,2021-12-12,NR,Nauru,WPRO,0,0,0,0
31302,2021-12-19,NR,Nauru,WPRO,0,0,0,0
31303,2021-12-26,NR,Nauru,WPRO,0,0,0,0
31304,2022-01-02,NR,Nauru,WPRO,0,0,0,0
31305,2022-01-09,NR,Nauru,WPRO,0,0,0,0
31306,2022-01-16,NR,Nauru,WPRO,0,0,0,0
31307,2022-01-23,NR,Nauru,WPRO,0,0,0,0
31308,2022-01-30,NR,Nauru,WPRO,0,0,0,0
31309,2022-02-06,NR,Nauru,WPRO,0,0,0,0
31310,2022-02-13,NR,Nauru,WPRO,0,0,0,0
31311,2022-02-20,NR,Nauru,WPRO,0,0,0,0
31312,2022-02-27,NR,Nauru,WPRO,0,0,0,0
31313,2022-03-06,NR,Nauru,WPRO,0,0,0,0
31314,2022-03-13,NR,Nauru,WPRO,0,0,0,0
31315,2022-03-20,NR,Nauru,WPRO,0,0,0,0
31316,2022-03-27,NR,Nauru,WPRO,0,0,0,0
31317,2022-04-03,NR,Nauru,WPRO,2,2,0,0
31318,2022-04-10,NR,Nauru,WPRO,1,3,0,0
31319,2022-04-17,NR,Nauru,WPRO,0,3,0,0
31320,2022-04-24,NR,Nauru,WPRO,0,3,0,0
31321,2022-05-01,NR,Nauru,WPRO,0,3,0,0
31322,2022-05-08,NR,Nauru,WPRO,0,3,0,0
31323,2022-05-15,NR,Nauru,WPRO,0,3,0,0
31324,2022-05-22,NR,Nauru,WPRO,0,3,0,0
31325,2022-05-29,NR,Nauru,WPRO,0,3,0,0
31326,2022-06-05,NR,Nauru,WPRO,0,3,0,0
31327,2022-06-12,NR,Nauru,WPRO,0,3,0,0
31328,2022-06-19,NR,Nauru,WPRO,347,350,0,0
31329,2022-06-26,NR,Nauru,WPRO,2055,2405,0,0
31330,2022-07-03,NR,Nauru,WPRO,1565,3970,1,1
31331,2022-07-10,NR,Nauru,WPRO,365,4335,0,1
31332,2022-07-17,NR,Nauru,WPRO,0,4335,0,1
31333,2022-07-24,NR,Nauru,WPRO,67,4402,0,1
31334,2022-07-31,NR,Nauru,WPRO,5,4407,0,1
31335,2022-08-07,NR,Nauru,WPRO,2,4409,0,1
31336,2022-08-14,NR,Nauru,WPRO,196,4605,0,1
31337,2022-08-21,NR,Nauru,WPRO,5,4610,0,1
31338,2022-08-28,NR,Nauru,WPRO,0,4610,0,1
31339,2022-09-04,NR,Nauru,WPRO,0,4610,0,1
31340,2022-09-11,NR,Nauru,WPRO,0,4610,0,1
31341,2022-09-18,NR,Nauru,WPRO,0,4610,0,1
31342,2022-09-25,NR,Nauru,WPRO,0,4610,0,1
31343,2022-10-02,NR,Nauru,WPRO,0,4610,0,1
31344,2022-10-09,NR,Nauru,WPRO,0,4610,0,1
31345,2022-10-16,NR,Nauru,WPRO,0,4610,0,1
31346,2022-10-23,NR,Nauru,WPRO,0,4610,0,1
31347,2022-10-30,NR,Nauru,WPRO,0,4610,0,1
31348,2022-11-06,NR,Nauru,WPRO,0,4610,0,1
31349,2022-11-13,NR,Nauru,WPRO,8,4618,0,1
31350,2022-11-20,NR,Nauru,WPRO,3,4621,0,1
31351,2022-11-27,NR,Nauru,WPRO,0,4621,0,1
31352,2022-12-04,NR,Nauru,WPRO,0,4621,0,1
31353,2022-12-11,NR,Nauru,WPRO,0,4621,0,1
31354,2022-12-18,NR,Nauru,WPRO,0,4621,0,1
31355,2022-12-25,NR,Nauru,WPRO,0,4621,0,1
31356,2023-01-01,NR,Nauru,WPRO,0,4621,0,1
31357,2023-01-08,NR,Nauru,WPRO,0,4621,0,1
31358,2023-01-15,NR,Nauru,WPRO,0,4621,0,1
31359,2023-01-22,NR,Nauru,WPRO,0,4621,0,1
31360,2023-01-29,NR,Nauru,WPRO,67,4688,0,1
31361,2023-02-05,NR,Nauru,WPRO,0,4688,0,1
31362,2023-02-12,NR,Nauru,WPRO,127,4815,0,1
31363,2023-02-19,NR,Nauru,WPRO,306,5121,0,1
31364,2023-02-26,NR,Nauru,WPRO,126,5247,0,1
31365,2023-03-05,NR,Nauru,WPRO,37,5284,0,1
31366,2023-03-12,NR,Nauru,WPRO,72,5356,0,1
31367,2023-03-19,NR,Nauru,WPRO,37,5393,0,1
31368,2023-03-26,NR,Nauru,WPRO,0,5393,0,1
31369,2023-04-02,NR,Nauru,WPRO,0,5393,0,1
31370,2023-04-09,NR,Nauru,WPRO,0,5393,0,1
31371,2023-04-16,NR,Nauru,WPRO,0,5393,0,1
31372,2023-04-23,NR,Nauru,WPRO,0,5393,0,1
31373,2023-04-30,NR,Nauru,WPRO,0,5393,0,1
31374,2023-05-07,NR,Nauru,WPRO,0,5393,0,1
31375,2023-05-14,NR,Nauru,WPRO,0,5393,0,1
31376,2023-05-21,NR,Nauru,WPRO,0,5393,0,1
31377,2023-05-28,NR,Nauru,WPRO,0,5393,0,1
31378,2023-06-04,NR,Nauru,WPRO,0,5393,0,1
31379,2023-06-11,NR,Nauru,WPRO,0,5393,0,1
31380,2023-06-18,NR,Nauru,WPRO,0,5393,0,1
31381,2023-06-25,NR,Nauru,WPRO,0,5393,0,1
31382,2023-07-02,NR,Nauru,WPRO,0,5393,0,1
31383,2023-07-09,NR,Nauru,WPRO,0,5393,0,1
31384,2023-07-16,NR,Nauru,WPRO,0,5393,0,1
31385,2023-07-23,NR,Nauru,WPRO,0,5393,0,1
31386,2023-07-30,NR,Nauru,WPRO,0,5393,0,1
31387,2023-08-06,NR,Nauru,WPRO,0,5393,0,1
31388,2023-08-13,NR,Nauru,WPRO,0,5393,0,1
31389,2023-08-20,NR,Nauru,WPRO,0,5393,0,1
31390,2023-08-27,NR,Nauru,WPRO,0,5393,0,1
31391,2023-09-03,NR,Nauru,WPRO,0,5393,0,1
31392,2023-09-10,NR,Nauru,WPRO,0,5393,0,1
31393,2023-09-17,NR,Nauru,WPRO,0,5393,0,1
31394,2023-09-24,NR,Nauru,WPRO,0,5393,0,1
31395,2023-10-01,NR,Nauru,WPRO,0,5393,0,1
31396,2023-10-08,NR,Nauru,WPRO,0,5393,0,1
31397,2023-10-15,NR,Nauru,WPRO,0,5393,0,1
31398,2023-10-22,NR,Nauru,WPRO,0,5393,0,1
31399,2023-10-29,NR,Nauru,WPRO,0,5393,0,1
31400,2023-11-05,NR,Nauru,WPRO,0,5393,0,1
31401,2023-11-12,NR,Nauru,WPRO,0,5393,0,1
31402,2023-11-19,NR,Nauru,WPRO,0,5393,0,1
31403,2023-11-26,NR,Nauru,WPRO,0,5393,0,1
31404,2023-12-03,NR,Nauru,WPRO,0,5393,0,1
31405,2023-12-10,NR,Nauru,WPRO,0,5393,0,1
31406,2023-12-17,NR,Nauru,WPRO,0,5393,0,1
31407,2023-12-24,NR,Nauru,WPRO,0,5393,0,1
31408,2020-01-05,NP,Nepal,SEARO,0,0,0,0
31409,2020-01-12,NP,Nepal,SEARO,0,0,0,0
31410,2020-01-19,NP,Nepal,SEARO,0,0,0,0
31411,2020-01-26,NP,Nepal,SEARO,5,5,0,0
31412,2020-02-02,NP,Nepal,SEARO,0,5,0,0
31413,2020-02-09,NP,Nepal,SEARO,0,5,0,0
31414,2020-02-16,NP,Nepal,SEARO,0,5,0,0
31415,2020-02-23,NP,Nepal,SEARO,0,5,0,0
31416,2020-03-01,NP,Nepal,SEARO,0,5,0,0
31417,2020-03-08,NP,Nepal,SEARO,0,5,0,0
31418,2020-03-15,NP,Nepal,SEARO,0,5,0,0
31419,2020-03-22,NP,Nepal,SEARO,0,5,0,0
31420,2020-03-29,NP,Nepal,SEARO,0,5,0,0
31421,2020-04-05,NP,Nepal,SEARO,4,9,0,0
31422,2020-04-12,NP,Nepal,SEARO,3,12,0,0
31423,2020-04-19,NP,Nepal,SEARO,19,31,0,0
31424,2020-04-26,NP,Nepal,SEARO,20,51,0,0
31425,2020-05-03,NP,Nepal,SEARO,24,75,0,0
31426,2020-05-10,NP,Nepal,SEARO,35,110,0,0
31427,2020-05-17,NP,Nepal,SEARO,185,295,2,2
31428,2020-05-24,NP,Nepal,SEARO,308,603,1,3
31429,2020-05-31,NP,Nepal,SEARO,969,1572,5,8
31430,2020-06-07,NP,Nepal,SEARO,1876,3448,6,14
31431,2020-06-14,NP,Nepal,SEARO,2312,5760,6,20
31432,2020-06-21,NP,Nepal,SEARO,3266,9026,4,24
31433,2020-06-28,NP,Nepal,SEARO,3746,12772,5,29
31434,2020-07-05,NP,Nepal,SEARO,3012,15784,7,36
31435,2020-07-12,NP,Nepal,SEARO,1017,16801,5,41
31436,2020-07-19,NP,Nepal,SEARO,857,17658,2,43
31437,2020-07-26,NP,Nepal,SEARO,955,18613,5,48
31438,2020-08-02,NP,Nepal,SEARO,1719,20332,13,61
31439,2020-08-09,NP,Nepal,SEARO,2640,22972,19,80
31440,2020-08-16,NP,Nepal,SEARO,3688,26660,34,114
31441,2020-08-23,NP,Nepal,SEARO,5275,31935,50,164
31442,2020-08-30,NP,Nepal,SEARO,6626,38561,80,244
31443,2020-09-06,NP,Nepal,SEARO,7696,46257,83,327
31444,2020-09-13,NP,Nepal,SEARO,7902,54159,63,390
31445,2020-09-20,NP,Nepal,SEARO,9963,64122,82,472
31446,2020-09-27,NP,Nepal,SEARO,9272,73394,89,561
31447,2020-10-04,NP,Nepal,SEARO,13429,86823,98,659
31448,2020-10-11,NP,Nepal,SEARO,20932,107755,157,816
31449,2020-10-18,NP,Nepal,SEARO,24491,132246,176,992
31450,2020-10-25,NP,Nepal,SEARO,25843,158089,219,1211
31451,2020-11-01,NP,Nepal,SEARO,15478,173567,221,1432
31452,2020-11-08,NP,Nepal,SEARO,20886,194453,230,1662
31453,2020-11-15,NP,Nepal,SEARO,15323,209776,207,1869
31454,2020-11-22,NP,Nepal,SEARO,10532,220308,166,2035
31455,2020-11-29,NP,Nepal,SEARO,11670,231978,216,2251
31456,2020-12-06,NP,Nepal,SEARO,9003,240981,168,2419
31457,2020-12-13,NP,Nepal,SEARO,7442,248423,140,2559
31458,2020-12-20,NP,Nepal,SEARO,5349,253772,104,2663
31459,2020-12-27,NP,Nepal,SEARO,4409,258181,57,2720
31460,2021-01-03,NP,Nepal,SEARO,3678,261859,65,2785
31461,2021-01-10,NP,Nepal,SEARO,2921,264780,56,2841
31462,2021-01-17,NP,Nepal,SEARO,2542,267322,51,2892
31463,2021-01-24,NP,Nepal,SEARO,2128,269450,42,2934
31464,2021-01-31,NP,Nepal,SEARO,1509,270959,28,2962
31465,2021-02-07,NP,Nepal,SEARO,966,271925,9,2971
31466,2021-02-14,NP,Nepal,SEARO,793,272718,16,2987
31467,2021-02-21,NP,Nepal,SEARO,713,273431,7,2994
31468,2021-02-28,NP,Nepal,SEARO,712,274143,13,3007
31469,2021-03-07,NP,Nepal,SEARO,578,274721,3,3010
31470,2021-03-14,NP,Nepal,SEARO,510,275231,4,3014
31471,2021-03-21,NP,Nepal,SEARO,675,275906,2,3016
31472,2021-03-28,NP,Nepal,SEARO,933,276839,11,3027
31473,2021-04-04,NP,Nepal,SEARO,1105,277944,5,3032
31474,2021-04-11,NP,Nepal,SEARO,2084,280028,8,3040
31475,2021-04-18,NP,Nepal,SEARO,4645,284673,43,3083
31476,2021-04-25,NP,Nepal,SEARO,15446,300119,81,3164
31477,2021-05-02,NP,Nepal,SEARO,35911,336030,161,3325
31478,2021-05-09,NP,Nepal,SEARO,58637,394667,395,3720
31479,2021-05-16,NP,Nepal,SEARO,60353,455020,1281,5001
31480,2021-05-23,NP,Nepal,SEARO,58221,513241,1345,6346
31481,2021-05-30,NP,Nepal,SEARO,43883,557124,926,7272
31482,2021-06-06,NP,Nepal,SEARO,31000,588124,626,7898
31483,2021-06-13,NP,Nepal,SEARO,20348,608472,514,8412
31484,2021-06-20,NP,Nepal,SEARO,12584,621056,314,8726
31485,2021-06-27,NP,Nepal,SEARO,12623,633679,283,9009
31486,2021-07-04,NP,Nepal,SEARO,10943,644622,216,9225
31487,2021-07-11,NP,Nepal,SEARO,10827,655449,157,9382
31488,2021-07-18,NP,Nepal,SEARO,11660,667109,168,9550
31489,2021-07-25,NP,Nepal,SEARO,13447,680556,163,9713
31490,2021-08-01,NP,Nepal,SEARO,16814,697370,162,9875
31491,2021-08-08,NP,Nepal,SEARO,17507,714877,218,10093
31492,2021-08-15,NP,Nepal,SEARO,17395,732272,199,10292
31493,2021-08-22,NP,Nepal,SEARO,15161,747433,217,10509
31494,2021-08-29,NP,Nepal,SEARO,11789,759222,205,10714
31495,2021-09-05,NP,Nepal,SEARO,10049,769271,124,10838
31496,2021-09-12,NP,Nepal,SEARO,7892,777163,111,10949
31497,2021-09-19,NP,Nepal,SEARO,7403,784566,91,11040
31498,2021-09-26,NP,Nepal,SEARO,6826,791392,56,11096
31499,2021-10-03,NP,Nepal,SEARO,5800,797192,68,11164
31500,2021-10-10,NP,Nepal,SEARO,5006,802198,67,11231
31501,2021-10-17,NP,Nepal,SEARO,2839,805037,53,11284
31502,2021-10-24,NP,Nepal,SEARO,4019,809056,64,11348
31503,2021-10-31,NP,Nepal,SEARO,3514,812570,59,11407
31504,2021-11-07,NP,Nepal,SEARO,1988,814558,41,11448
31505,2021-11-14,NP,Nepal,SEARO,2408,816966,29,11477
31506,2021-11-21,NP,Nepal,SEARO,2053,819019,19,11496
31507,2021-11-28,NP,Nepal,SEARO,1859,820878,27,11523
31508,2021-12-05,NP,Nepal,SEARO,1714,822592,18,11541
31509,2021-12-12,NP,Nepal,SEARO,1630,824222,13,11554
31510,2021-12-19,NP,Nepal,SEARO,1514,825736,19,11573
31511,2021-12-26,NP,Nepal,SEARO,1535,827271,12,11585
31512,2022-01-02,NP,Nepal,SEARO,1715,828986,11,11596
31513,2022-01-09,NP,Nepal,SEARO,3603,832589,8,11604
31514,2022-01-16,NP,Nepal,SEARO,21149,853738,16,11620
31515,2022-01-23,NP,Nepal,SEARO,56656,910394,35,11655
31516,2022-01-30,NP,Nepal,SEARO,40047,950441,80,11735
31517,2022-02-06,NP,Nepal,SEARO,15964,966405,79,11814
31518,2022-02-13,NP,Nepal,SEARO,6654,973059,78,11892
31519,2022-02-20,NP,Nepal,SEARO,2500,975559,29,11921
31520,2022-02-27,NP,Nepal,SEARO,1306,976865,14,11935
31521,2022-03-06,NP,Nepal,SEARO,636,977501,12,11947
31522,2022-03-13,NP,Nepal,SEARO,436,977937,3,11950
31523,2022-03-20,NP,Nepal,SEARO,218,978155,0,11950
31524,2022-03-27,NP,Nepal,SEARO,177,978332,1,11951
31525,2022-04-03,NP,Nepal,SEARO,143,978475,0,11951
31526,2022-04-10,NP,Nepal,SEARO,96,978571,0,11951
31527,2022-04-17,NP,Nepal,SEARO,94,978665,0,11951
31528,2022-04-24,NP,Nepal,SEARO,78,978743,0,11951
31529,2022-05-01,NP,Nepal,SEARO,85,978828,0,11951
31530,2022-05-08,NP,Nepal,SEARO,114,978942,1,11952
31531,2022-05-15,NP,Nepal,SEARO,56,978998,0,11952
31532,2022-05-22,NP,Nepal,SEARO,70,979068,0,11952
31533,2022-05-29,NP,Nepal,SEARO,59,979127,0,11952
31534,2022-06-05,NP,Nepal,SEARO,72,979199,0,11952
31535,2022-06-12,NP,Nepal,SEARO,63,979262,0,11952
31536,2022-06-19,NP,Nepal,SEARO,100,979362,0,11952
31537,2022-06-26,NP,Nepal,SEARO,171,979533,0,11952
31538,2022-07-03,NP,Nepal,SEARO,268,979801,0,11952
31539,2022-07-10,NP,Nepal,SEARO,516,980317,0,11952
31540,2022-07-17,NP,Nepal,SEARO,1091,981408,1,11953
31541,2022-07-24,NP,Nepal,SEARO,2214,983622,3,11956
31542,2022-07-31,NP,Nepal,SEARO,2974,986596,11,11967
31543,2022-08-07,NP,Nepal,SEARO,3531,990127,4,11971
31544,2022-08-14,NP,Nepal,SEARO,2905,993032,17,11988
31545,2022-08-21,NP,Nepal,SEARO,2209,995241,4,11992
31546,2022-08-28,NP,Nepal,SEARO,1593,996834,8,12000
31547,2022-09-04,NP,Nepal,SEARO,1034,997868,7,12007
31548,2022-09-11,NP,Nepal,SEARO,875,998743,7,12014
31549,2022-09-18,NP,Nepal,SEARO,498,999241,2,12016
31550,2022-09-25,NP,Nepal,SEARO,334,999575,1,12017
31551,2022-10-02,NP,Nepal,SEARO,214,999789,1,12018
31552,2022-10-09,NP,Nepal,SEARO,97,999886,0,12018
31553,2022-10-16,NP,Nepal,SEARO,265,1000151,0,12018
31554,2022-10-23,NP,Nepal,SEARO,304,1000455,0,12018
31555,2022-10-30,NP,Nepal,SEARO,95,1000550,1,12019
31556,2022-11-06,NP,Nepal,SEARO,184,1000734,0,12019
31557,2022-11-13,NP,Nepal,SEARO,72,1000806,0,12019
31558,2022-11-20,NP,Nepal,SEARO,45,1000851,0,12019
31559,2022-11-27,NP,Nepal,SEARO,27,1000878,0,12019
31560,2022-12-04,NP,Nepal,SEARO,31,1000909,0,12019
31561,2022-12-11,NP,Nepal,SEARO,23,1000932,0,12019
31562,2022-12-18,NP,Nepal,SEARO,14,1000946,0,12019
31563,2022-12-25,NP,Nepal,SEARO,20,1000966,0,12019
31564,2023-01-01,NP,Nepal,SEARO,36,1001002,0,12019
31565,2023-01-08,NP,Nepal,SEARO,20,1001022,1,12020
31566,2023-01-15,NP,Nepal,SEARO,29,1001051,0,12020
31567,2023-01-22,NP,Nepal,SEARO,25,1001076,0,12020
31568,2023-01-29,NP,Nepal,SEARO,20,1001096,0,12020
31569,2023-02-05,NP,Nepal,SEARO,10,1001106,0,12020
31570,2023-02-12,NP,Nepal,SEARO,9,1001115,0,12020
31571,2023-02-19,NP,Nepal,SEARO,18,1001133,0,12020
31572,2023-02-26,NP,Nepal,SEARO,7,1001140,0,12020
31573,2023-03-05,NP,Nepal,SEARO,9,1001149,0,12020
31574,2023-03-12,NP,Nepal,SEARO,15,1001164,0,12020
31575,2023-03-19,NP,Nepal,SEARO,18,1001182,0,12020
31576,2023-03-26,NP,Nepal,SEARO,41,1001223,0,12020
31577,2023-04-02,NP,Nepal,SEARO,198,1001421,0,12020
31578,2023-04-09,NP,Nepal,SEARO,379,1001800,0,12020
31579,2023-04-16,NP,Nepal,SEARO,378,1002178,2,12022
31580,2023-04-23,NP,Nepal,SEARO,420,1002598,5,12027
31581,2023-04-30,NP,Nepal,SEARO,365,1002963,3,12030
31582,2023-05-07,NP,Nepal,SEARO,127,1003090,1,12031
31583,2023-05-14,NP,Nepal,SEARO,132,1003222,0,12031
31584,2023-05-21,NP,Nepal,SEARO,72,1003294,0,12031
31585,2023-05-28,NP,Nepal,SEARO,33,1003327,0,12031
31586,2023-06-04,NP,Nepal,SEARO,16,1003343,0,12031
31587,2023-06-11,NP,Nepal,SEARO,10,1003353,0,12031
31588,2023-06-18,NP,Nepal,SEARO,8,1003361,0,12031
31589,2023-06-25,NP,Nepal,SEARO,4,1003365,0,12031
31590,2023-07-02,NP,Nepal,SEARO,3,1003368,0,12031
31591,2023-07-09,NP,Nepal,SEARO,1,1003369,0,12031
31592,2023-07-16,NP,Nepal,SEARO,1,1003370,0,12031
31593,2023-07-23,NP,Nepal,SEARO,3,1003373,0,12031
31594,2023-07-30,NP,Nepal,SEARO,9,1003382,0,12031
31595,2023-08-06,NP,Nepal,SEARO,6,1003388,0,12031
31596,2023-08-13,NP,Nepal,SEARO,6,1003394,0,12031
31597,2023-08-20,NP,Nepal,SEARO,12,1003406,0,12031
31598,2023-08-27,NP,Nepal,SEARO,10,1003416,0,12031
31599,2023-09-03,NP,Nepal,SEARO,5,1003421,0,12031
31600,2023-09-10,NP,Nepal,SEARO,3,1003424,0,12031
31601,2023-09-17,NP,Nepal,SEARO,7,1003431,0,12031
31602,2023-09-24,NP,Nepal,SEARO,7,1003438,0,12031
31603,2023-10-01,NP,Nepal,SEARO,3,1003441,0,12031
31604,2023-10-08,NP,Nepal,SEARO,3,1003444,0,12031
31605,2023-10-15,NP,Nepal,SEARO,3,1003447,0,12031
31606,2023-10-22,NP,Nepal,SEARO,3,1003450,0,12031
31607,2023-10-29,NP,Nepal,SEARO,0,1003450,0,12031
31608,2023-11-05,NP,Nepal,SEARO,0,1003450,0,12031
31609,2023-11-12,NP,Nepal,SEARO,0,1003450,0,12031
31610,2023-11-19,NP,Nepal,SEARO,0,1003450,0,12031
31611,2023-11-26,NP,Nepal,SEARO,0,1003450,0,12031
31612,2023-12-03,NP,Nepal,SEARO,0,1003450,0,12031
31613,2023-12-10,NP,Nepal,SEARO,0,1003450,0,12031
31614,2023-12-17,NP,Nepal,SEARO,0,1003450,0,12031
31615,2023-12-24,NP,Nepal,SEARO,0,1003450,0,12031
31616,2020-01-05,NL,Netherlands (Kingdom of the),EURO,0,0,0,0
31617,2020-01-12,NL,Netherlands (Kingdom of the),EURO,0,0,0,0
31618,2020-01-19,NL,Netherlands (Kingdom of the),EURO,0,0,0,0
31619,2020-01-26,NL,Netherlands (Kingdom of the),EURO,0,0,0,0
31620,2020-02-02,NL,Netherlands (Kingdom of the),EURO,0,0,0,0
31621,2020-02-09,NL,Netherlands (Kingdom of the),EURO,0,0,0,0
31622,2020-02-16,NL,Netherlands (Kingdom of the),EURO,0,0,0,0
31623,2020-02-23,NL,Netherlands (Kingdom of the),EURO,0,0,0,0
31624,2020-03-01,NL,Netherlands (Kingdom of the),EURO,19,19,0,0
31625,2020-03-08,NL,Netherlands (Kingdom of the),EURO,311,330,4,4
31626,2020-03-15,NL,Netherlands (Kingdom of the),EURO,1276,1606,36,40
31627,2020-03-22,NL,Netherlands (Kingdom of the),EURO,3775,5381,295,335
31628,2020-03-29,NL,Netherlands (Kingdom of the),EURO,6747,12128,797,1132
31629,2020-04-05,NL,Netherlands (Kingdom of the),EURO,7161,19289,1185,2317
31630,2020-04-12,NL,Netherlands (Kingdom of the),EURO,7951,27240,1040,3357
31631,2020-04-19,NL,Netherlands (Kingdom of the),EURO,6671,33911,886,4243
31632,2020-04-26,NL,Netherlands (Kingdom of the),EURO,4549,38460,705,4948
31633,2020-05-03,NL,Netherlands (Kingdom of the),EURO,2495,40955,426,5374
31634,2020-05-10,NL,Netherlands (Kingdom of the),EURO,1772,42727,295,5669
31635,2020-05-17,NL,Netherlands (Kingdom of the),EURO,1327,44054,174,5843
31636,2020-05-24,NL,Netherlands (Kingdom of the),EURO,1311,45365,120,5963
31637,2020-05-31,NL,Netherlands (Kingdom of the),EURO,1123,46488,91,6054
31638,2020-06-07,NL,Netherlands (Kingdom of the),EURO,1226,47714,56,6110
31639,2020-06-14,NL,Netherlands (Kingdom of the),EURO,1105,48819,35,6145
31640,2020-06-21,NL,Netherlands (Kingdom of the),EURO,697,49516,25,6170
31641,2020-06-28,NL,Netherlands (Kingdom of the),EURO,539,50055,12,6182
31642,2020-07-05,NL,Netherlands (Kingdom of the),EURO,435,50490,12,6194
31643,2020-07-12,NL,Netherlands (Kingdom of the),EURO,502,50992,6,6200
31644,2020-07-19,NL,Netherlands (Kingdom of the),EURO,961,51953,7,6207
31645,2020-07-26,NL,Netherlands (Kingdom of the),EURO,1298,53251,7,6214
31646,2020-08-02,NL,Netherlands (Kingdom of the),EURO,2557,55808,9,6223
31647,2020-08-09,NL,Netherlands (Kingdom of the),EURO,3861,59669,5,6228
31648,2020-08-16,NL,Netherlands (Kingdom of the),EURO,4023,63692,26,6254
31649,2020-08-23,NL,Netherlands (Kingdom of the),EURO,3656,67348,27,6281
31650,2020-08-30,NL,Netherlands (Kingdom of the),EURO,3650,70998,23,6304
31651,2020-09-06,NL,Netherlands (Kingdom of the),EURO,5319,76317,18,6322
31652,2020-09-13,NL,Netherlands (Kingdom of the),EURO,8280,84597,20,6342
31653,2020-09-20,NL,Netherlands (Kingdom of the),EURO,13807,98404,37,6379
31654,2020-09-27,NL,Netherlands (Kingdom of the),EURO,18823,117227,91,6470
31655,2020-10-04,NL,Netherlands (Kingdom of the),EURO,27048,144275,128,6598
31656,2020-10-11,NL,Netherlands (Kingdom of the),EURO,42790,187065,172,6770
31657,2020-10-18,NL,Netherlands (Kingdom of the),EURO,55977,243042,269,7039
31658,2020-10-25,NL,Netherlands (Kingdom of the),EURO,67368,310410,370,7409
31659,2020-11-01,NL,Netherlands (Kingdom of the),EURO,62785,373195,513,7922
31660,2020-11-08,NL,Netherlands (Kingdom of the),EURO,43944,417139,559,8481
31661,2020-11-15,NL,Netherlands (Kingdom of the),EURO,37914,455053,458,8939
31662,2020-11-22,NL,Netherlands (Kingdom of the),EURO,36568,491621,368,9307
31663,2020-11-29,NL,Netherlands (Kingdom of the),EURO,33608,525229,357,9664
31664,2020-12-06,NL,Netherlands (Kingdom of the),EURO,42202,567431,322,9986
31665,2020-12-13,NL,Netherlands (Kingdom of the),EURO,60890,628321,398,10384
31666,2020-12-20,NL,Netherlands (Kingdom of the),EURO,78088,706409,529,10913
31667,2020-12-27,NL,Netherlands (Kingdom of the),EURO,66789,773198,626,11539
31668,2021-01-03,NL,Netherlands (Kingdom of the),EURO,55955,829153,666,12205
31669,2021-01-10,NL,Netherlands (Kingdom of the),EURO,50250,879403,642,12847
31670,2021-01-17,NL,Netherlands (Kingdom of the),EURO,39229,918632,550,13397
31671,2021-01-24,NL,Netherlands (Kingdom of the),EURO,35329,953961,531,13928
31672,2021-01-31,NL,Netherlands (Kingdom of the),EURO,28980,982941,420,14348
31673,2021-02-07,NL,Netherlands (Kingdom of the),EURO,25891,1008832,406,14754
31674,2021-02-14,NL,Netherlands (Kingdom of the),EURO,24411,1033243,398,15152
31675,2021-02-21,NL,Netherlands (Kingdom of the),EURO,28835,1062078,404,15556
31676,2021-02-28,NL,Netherlands (Kingdom of the),EURO,31441,1093519,277,15833
31677,2021-03-07,NL,Netherlands (Kingdom of the),EURO,31590,1125109,240,16073
31678,2021-03-14,NL,Netherlands (Kingdom of the),EURO,38711,1163820,186,16259
31679,2021-03-21,NL,Netherlands (Kingdom of the),EURO,45398,1209218,176,16435
31680,2021-03-28,NL,Netherlands (Kingdom of the),EURO,51427,1260645,151,16586
31681,2021-04-04,NL,Netherlands (Kingdom of the),EURO,48090,1308735,150,16736
31682,2021-04-11,NL,Netherlands (Kingdom of the),EURO,50219,1358954,140,16876
31683,2021-04-18,NL,Netherlands (Kingdom of the),EURO,53662,1412616,147,17023
31684,2021-04-25,NL,Netherlands (Kingdom of the),EURO,56111,1468727,139,17162
31685,2021-05-02,NL,Netherlands (Kingdom of the),EURO,51258,1519985,140,17302
31686,2021-05-09,NL,Netherlands (Kingdom of the),EURO,47001,1566986,136,17438
31687,2021-05-16,NL,Netherlands (Kingdom of the),EURO,35849,1602835,92,17530
31688,2021-05-23,NL,Netherlands (Kingdom of the),EURO,26533,1629368,83,17613
31689,2021-05-30,NL,Netherlands (Kingdom of the),EURO,20487,1649855,50,17663
31690,2021-06-06,NL,Netherlands (Kingdom of the),EURO,15121,1664976,56,17719
31691,2021-06-13,NL,Netherlands (Kingdom of the),EURO,9149,1674125,24,17743
31692,2021-06-20,NL,Netherlands (Kingdom of the),EURO,5970,1680095,13,17756
31693,2021-06-27,NL,Netherlands (Kingdom of the),EURO,4254,1684349,8,17764
31694,2021-07-04,NL,Netherlands (Kingdom of the),EURO,7171,1691520,8,17772
31695,2021-07-11,NL,Netherlands (Kingdom of the),EURO,49557,1741077,12,17784
31696,2021-07-18,NL,Netherlands (Kingdom of the),EURO,69451,1810528,12,17796
31697,2021-07-25,NL,Netherlands (Kingdom of the),EURO,38748,1849276,27,17823
31698,2021-08-01,NL,Netherlands (Kingdom of the),EURO,22349,1871625,36,17859
31699,2021-08-08,NL,Netherlands (Kingdom of the),EURO,17261,1888886,50,17909
31700,2021-08-15,NL,Netherlands (Kingdom of the),EURO,16599,1905485,44,17953
31701,2021-08-22,NL,Netherlands (Kingdom of the),EURO,16882,1922367,34,17987
31702,2021-08-29,NL,Netherlands (Kingdom of the),EURO,17582,1939949,50,18037
31703,2021-09-05,NL,Netherlands (Kingdom of the),EURO,17515,1957464,42,18079
31704,2021-09-12,NL,Netherlands (Kingdom of the),EURO,16189,1973653,37,18116
31705,2021-09-19,NL,Netherlands (Kingdom of the),EURO,13635,1987288,43,18159
31706,2021-09-26,NL,Netherlands (Kingdom of the),EURO,11633,1998921,24,18183
31707,2021-10-03,NL,Netherlands (Kingdom of the),EURO,11871,2010792,27,18210
31708,2021-10-10,NL,Netherlands (Kingdom of the),EURO,17281,2028073,23,18233
31709,2021-10-17,NL,Netherlands (Kingdom of the),EURO,25310,2053383,49,18282
31710,2021-10-24,NL,Netherlands (Kingdom of the),EURO,37779,2091162,82,18364
31711,2021-10-31,NL,Netherlands (Kingdom of the),EURO,53511,2144673,142,18506
31712,2021-11-07,NL,Netherlands (Kingdom of the),EURO,75856,2220529,174,18680
31713,2021-11-14,NL,Netherlands (Kingdom of the),EURO,114696,2335225,202,18882
31714,2021-11-21,NL,Netherlands (Kingdom of the),EURO,154065,2489290,347,19229
31715,2021-11-28,NL,Netherlands (Kingdom of the),EURO,154548,2643838,419,19648
31716,2021-12-05,NL,Netherlands (Kingdom of the),EURO,144887,2788725,433,20081
31717,2021-12-12,NL,Netherlands (Kingdom of the),EURO,116172,2904897,414,20495
31718,2021-12-19,NL,Netherlands (Kingdom of the),EURO,95619,3000516,292,20787
31719,2021-12-26,NL,Netherlands (Kingdom of the),EURO,84986,3085502,173,20960
31720,2022-01-02,NL,Netherlands (Kingdom of the),EURO,109523,3195025,132,21092
31721,2022-01-09,NL,Netherlands (Kingdom of the),EURO,201891,3396916,85,21177
31722,2022-01-16,NL,Netherlands (Kingdom of the),EURO,251885,3648801,59,21236
31723,2022-01-23,NL,Netherlands (Kingdom of the),EURO,423932,4072733,63,21299
31724,2022-01-30,NL,Netherlands (Kingdom of the),EURO,582545,4655278,53,21352
31725,2022-02-06,NL,Netherlands (Kingdom of the),EURO,626302,5281580,72,21424
31726,2022-02-13,NL,Netherlands (Kingdom of the),EURO,513691,5795271,90,21514
31727,2022-02-20,NL,Netherlands (Kingdom of the),EURO,326724,6121995,95,21609
31728,2022-02-27,NL,Netherlands (Kingdom of the),EURO,243445,6365440,59,21668
31729,2022-03-06,NL,Netherlands (Kingdom of the),EURO,408462,6773902,70,21738
31730,2022-03-13,NL,Netherlands (Kingdom of the),EURO,448158,7222060,78,21816
31731,2022-03-20,NL,Netherlands (Kingdom of the),EURO,324075,7546135,97,21913
31732,2022-03-27,NL,Netherlands (Kingdom of the),EURO,231665,7777800,107,22020
31733,2022-04-03,NL,Netherlands (Kingdom of the),EURO,145200,7923000,82,22102
31734,2022-04-10,NL,Netherlands (Kingdom of the),EURO,73707,7996707,63,22165
31735,2022-04-17,NL,Netherlands (Kingdom of the),EURO,28273,8024980,44,22209
31736,2022-04-24,NL,Netherlands (Kingdom of the),EURO,16529,8041509,29,22238
31737,2022-05-01,NL,Netherlands (Kingdom of the),EURO,10341,8051850,34,22272
31738,2022-05-08,NL,Netherlands (Kingdom of the),EURO,10185,8062035,13,22285
31739,2022-05-15,NL,Netherlands (Kingdom of the),EURO,8434,8070469,12,22297
31740,2022-05-22,NL,Netherlands (Kingdom of the),EURO,7561,8078030,13,22310
31741,2022-05-29,NL,Netherlands (Kingdom of the),EURO,6840,8084870,11,22321
31742,2022-06-05,NL,Netherlands (Kingdom of the),EURO,9368,8094238,4,22325
31743,2022-06-12,NL,Netherlands (Kingdom of the),EURO,14164,8108402,10,22335
31744,2022-06-19,NL,Netherlands (Kingdom of the),EURO,24704,8133106,14,22349
31745,2022-06-26,NL,Netherlands (Kingdom of the),EURO,33507,8166613,16,22365
31746,2022-07-03,NL,Netherlands (Kingdom of the),EURO,38387,8205000,28,22393
31747,2022-07-10,NL,Netherlands (Kingdom of the),EURO,42753,8247753,20,22413
31748,2022-07-17,NL,Netherlands (Kingdom of the),EURO,40744,8288497,35,22448
31749,2022-07-24,NL,Netherlands (Kingdom of the),EURO,28294,8316791,32,22480
31750,2022-07-31,NL,Netherlands (Kingdom of the),EURO,22692,8339483,32,22512
31751,2022-08-07,NL,Netherlands (Kingdom of the),EURO,15856,8355339,31,22543
31752,2022-08-14,NL,Netherlands (Kingdom of the),EURO,11780,8367119,28,22571
31753,2022-08-21,NL,Netherlands (Kingdom of the),EURO,9302,8376421,25,22596
31754,2022-08-28,NL,Netherlands (Kingdom of the),EURO,7762,8384183,12,22608
31755,2022-09-04,NL,Netherlands (Kingdom of the),EURO,7678,8391861,8,22616
31756,2022-09-11,NL,Netherlands (Kingdom of the),EURO,8345,8400206,15,22631
31757,2022-09-18,NL,Netherlands (Kingdom of the),EURO,8646,8408852,13,22644
31758,2022-09-25,NL,Netherlands (Kingdom of the),EURO,11537,8420389,11,22655
31759,2022-10-02,NL,Netherlands (Kingdom of the),EURO,18296,8438685,28,22683
31760,2022-10-09,NL,Netherlands (Kingdom of the),EURO,23937,8462622,36,22719
31761,2022-10-16,NL,Netherlands (Kingdom of the),EURO,22656,8485278,50,22769
31762,2022-10-23,NL,Netherlands (Kingdom of the),EURO,18412,8503690,38,22807
31763,2022-10-30,NL,Netherlands (Kingdom of the),EURO,12726,8516416,32,22839
31764,2022-11-06,NL,Netherlands (Kingdom of the),EURO,8230,8524646,26,22865
31765,2022-11-13,NL,Netherlands (Kingdom of the),EURO,6146,8530792,24,22889
31766,2022-11-20,NL,Netherlands (Kingdom of the),EURO,5482,8536274,10,22899
31767,2022-11-27,NL,Netherlands (Kingdom of the),EURO,5131,8541405,11,22910
31768,2022-12-04,NL,Netherlands (Kingdom of the),EURO,5533,8546938,14,22924
31769,2022-12-11,NL,Netherlands (Kingdom of the),EURO,5707,8552645,16,22940
31770,2022-12-18,NL,Netherlands (Kingdom of the),EURO,6093,8558738,15,22955
31771,2022-12-25,NL,Netherlands (Kingdom of the),EURO,7329,8566067,21,22976
31772,2023-01-01,NL,Netherlands (Kingdom of the),EURO,5805,8571872,10,22986
31773,2023-01-08,NL,Netherlands (Kingdom of the),EURO,4389,8576261,0,22986
31774,2023-01-15,NL,Netherlands (Kingdom of the),EURO,2434,8578695,0,22986
31775,2023-01-22,NL,Netherlands (Kingdom of the),EURO,1754,8580449,0,22986
31776,2023-01-29,NL,Netherlands (Kingdom of the),EURO,1892,8582341,0,22986
31777,2023-02-05,NL,Netherlands (Kingdom of the),EURO,2455,8584796,0,22986
31778,2023-02-12,NL,Netherlands (Kingdom of the),EURO,2851,8587647,0,22986
31779,2023-02-19,NL,Netherlands (Kingdom of the),EURO,3949,8591596,0,22986
31780,2023-02-26,NL,Netherlands (Kingdom of the),EURO,4627,8596223,0,22986
31781,2023-03-05,NL,Netherlands (Kingdom of the),EURO,4153,8600376,0,22986
31782,2023-03-12,NL,Netherlands (Kingdom of the),EURO,3860,8604236,0,22986
31783,2023-03-19,NL,Netherlands (Kingdom of the),EURO,2819,8607055,0,22986
31784,2023-03-26,NL,Netherlands (Kingdom of the),EURO,1864,8608919,0,22986
31785,2023-04-02,NL,Netherlands (Kingdom of the),EURO,1469,8610388,0,22986
31786,2023-04-09,NL,Netherlands (Kingdom of the),EURO,1089,8611477,0,22986
31787,2023-04-16,NL,Netherlands (Kingdom of the),EURO,946,8612423,0,22986
31788,2023-04-23,NL,Netherlands (Kingdom of the),EURO,836,8613259,0,22986
31789,2023-04-30,NL,Netherlands (Kingdom of the),EURO,622,8613881,0,22986
31790,2023-05-07,NL,Netherlands (Kingdom of the),EURO,591,8614472,0,22986
31791,2023-05-14,NL,Netherlands (Kingdom of the),EURO,446,8614918,0,22986
31792,2023-05-21,NL,Netherlands (Kingdom of the),EURO,296,8615214,0,22986
31793,2023-05-28,NL,Netherlands (Kingdom of the),EURO,270,8615484,0,22986
31794,2023-06-04,NL,Netherlands (Kingdom of the),EURO,286,8615770,0,22986
31795,2023-06-11,NL,Netherlands (Kingdom of the),EURO,195,8615965,0,22986
31796,2023-06-18,NL,Netherlands (Kingdom of the),EURO,164,8616129,0,22986
31797,2023-06-25,NL,Netherlands (Kingdom of the),EURO,114,8616243,0,22986
31798,2023-07-02,NL,Netherlands (Kingdom of the),EURO,126,8616369,0,22986
31799,2023-07-09,NL,Netherlands (Kingdom of the),EURO,74,8616443,0,22986
31800,2023-07-16,NL,Netherlands (Kingdom of the),EURO,83,8616526,0,22986
31801,2023-07-23,NL,Netherlands (Kingdom of the),EURO,106,8616632,0,22986
31802,2023-07-30,NL,Netherlands (Kingdom of the),EURO,88,8616720,0,22986
31803,2023-08-06,NL,Netherlands (Kingdom of the),EURO,128,8616848,0,22986
31804,2023-08-13,NL,Netherlands (Kingdom of the),EURO,178,8617026,0,22986
31805,2023-08-20,NL,Netherlands (Kingdom of the),EURO,200,8617226,0,22986
31806,2023-08-27,NL,Netherlands (Kingdom of the),EURO,287,8617513,0,22986
31807,2023-09-03,NL,Netherlands (Kingdom of the),EURO,259,8617772,0,22986
31808,2023-09-10,NL,Netherlands (Kingdom of the),EURO,354,8618126,0,22986
31809,2023-09-17,NL,Netherlands (Kingdom of the),EURO,393,8618519,0,22986
31810,2023-09-24,NL,Netherlands (Kingdom of the),EURO,403,8618922,0,22986
31811,2023-10-01,NL,Netherlands (Kingdom of the),EURO,345,8619267,0,22986
31812,2023-10-08,NL,Netherlands (Kingdom of the),EURO,438,8619705,0,22986
31813,2023-10-15,NL,Netherlands (Kingdom of the),EURO,346,8620051,0,22986
31814,2023-10-22,NL,Netherlands (Kingdom of the),EURO,0,8620051,0,22986
31815,2023-10-29,NL,Netherlands (Kingdom of the),EURO,0,8620051,0,22986
31816,2023-11-05,NL,Netherlands (Kingdom of the),EURO,0,8620051,0,22986
31817,2023-11-12,NL,Netherlands (Kingdom of the),EURO,0,8620051,0,22986
31818,2023-11-19,NL,Netherlands (Kingdom of the),EURO,0,8620051,0,22986
31819,2023-11-26,NL,Netherlands (Kingdom of the),EURO,0,8620051,0,22986
31820,2023-12-03,NL,Netherlands (Kingdom of the),EURO,0,8620051,0,22986
31821,2023-12-10,NL,Netherlands (Kingdom of the),EURO,0,8620051,0,22986
31822,2023-12-17,NL,Netherlands (Kingdom of the),EURO,3159,8623210,0,22986
31823,2023-12-24,NL,Netherlands (Kingdom of the),EURO,1792,8625002,0,22986
31824,2020-01-05,NC,New Caledonia,WPRO,0,0,0,0
31825,2020-01-12,NC,New Caledonia,WPRO,0,0,0,0
31826,2020-01-19,NC,New Caledonia,WPRO,0,0,0,0
31827,2020-01-26,NC,New Caledonia,WPRO,0,0,0,0
31828,2020-02-02,NC,New Caledonia,WPRO,0,0,0,0
31829,2020-02-09,NC,New Caledonia,WPRO,0,0,0,0
31830,2020-02-16,NC,New Caledonia,WPRO,0,0,0,0
31831,2020-02-23,NC,New Caledonia,WPRO,0,0,0,0
31832,2020-03-01,NC,New Caledonia,WPRO,0,0,0,0
31833,2020-03-08,NC,New Caledonia,WPRO,0,0,0,0
31834,2020-03-15,NC,New Caledonia,WPRO,0,0,0,0
31835,2020-03-22,NC,New Caledonia,WPRO,4,4,0,0
31836,2020-03-29,NC,New Caledonia,WPRO,11,15,0,0
31837,2020-04-05,NC,New Caledonia,WPRO,3,18,0,0
31838,2020-04-12,NC,New Caledonia,WPRO,0,18,0,0
31839,2020-04-19,NC,New Caledonia,WPRO,0,18,0,0
31840,2020-04-26,NC,New Caledonia,WPRO,0,18,0,0
31841,2020-05-03,NC,New Caledonia,WPRO,0,18,0,0
31842,2020-05-10,NC,New Caledonia,WPRO,0,18,0,0
31843,2020-05-17,NC,New Caledonia,WPRO,0,18,0,0
31844,2020-05-24,NC,New Caledonia,WPRO,0,18,0,0
31845,2020-05-31,NC,New Caledonia,WPRO,1,19,0,0
31846,2020-06-07,NC,New Caledonia,WPRO,1,20,0,0
31847,2020-06-14,NC,New Caledonia,WPRO,1,21,0,0
31848,2020-06-21,NC,New Caledonia,WPRO,0,21,0,0
31849,2020-06-28,NC,New Caledonia,WPRO,0,21,0,0
31850,2020-07-05,NC,New Caledonia,WPRO,0,21,0,0
31851,2020-07-12,NC,New Caledonia,WPRO,0,21,0,0
31852,2020-07-19,NC,New Caledonia,WPRO,1,22,0,0
31853,2020-07-26,NC,New Caledonia,WPRO,0,22,0,0
31854,2020-08-02,NC,New Caledonia,WPRO,0,22,0,0
31855,2020-08-09,NC,New Caledonia,WPRO,1,23,0,0
31856,2020-08-16,NC,New Caledonia,WPRO,0,23,0,0
31857,2020-08-23,NC,New Caledonia,WPRO,0,23,0,0
31858,2020-08-30,NC,New Caledonia,WPRO,0,23,0,0
31859,2020-09-06,NC,New Caledonia,WPRO,3,26,0,0
31860,2020-09-13,NC,New Caledonia,WPRO,0,26,0,0
31861,2020-09-20,NC,New Caledonia,WPRO,0,26,0,0
31862,2020-09-27,NC,New Caledonia,WPRO,1,27,0,0
31863,2020-10-04,NC,New Caledonia,WPRO,0,27,0,0
31864,2020-10-11,NC,New Caledonia,WPRO,0,27,0,0
31865,2020-10-18,NC,New Caledonia,WPRO,0,27,0,0
31866,2020-10-25,NC,New Caledonia,WPRO,0,27,0,0
31867,2020-11-01,NC,New Caledonia,WPRO,1,28,0,0
31868,2020-11-08,NC,New Caledonia,WPRO,1,29,0,0
31869,2020-11-15,NC,New Caledonia,WPRO,1,30,0,0
31870,2020-11-22,NC,New Caledonia,WPRO,2,32,0,0
31871,2020-11-29,NC,New Caledonia,WPRO,0,32,0,0
31872,2020-12-06,NC,New Caledonia,WPRO,3,35,0,0
31873,2020-12-13,NC,New Caledonia,WPRO,1,36,0,0
31874,2020-12-20,NC,New Caledonia,WPRO,1,37,0,0
31875,2020-12-27,NC,New Caledonia,WPRO,1,38,0,0
31876,2021-01-03,NC,New Caledonia,WPRO,2,40,0,0
31877,2021-01-10,NC,New Caledonia,WPRO,0,40,0,0
31878,2021-01-17,NC,New Caledonia,WPRO,4,44,0,0
31879,2021-01-24,NC,New Caledonia,WPRO,0,44,0,0
31880,2021-01-31,NC,New Caledonia,WPRO,3,47,0,0
31881,2021-02-07,NC,New Caledonia,WPRO,2,49,0,0
31882,2021-02-14,NC,New Caledonia,WPRO,3,52,0,0
31883,2021-02-21,NC,New Caledonia,WPRO,3,55,0,0
31884,2021-02-28,NC,New Caledonia,WPRO,3,58,0,0
31885,2021-03-07,NC,New Caledonia,WPRO,9,67,0,0
31886,2021-03-14,NC,New Caledonia,WPRO,26,93,0,0
31887,2021-03-21,NC,New Caledonia,WPRO,23,116,0,0
31888,2021-03-28,NC,New Caledonia,WPRO,5,121,0,0
31889,2021-04-04,NC,New Caledonia,WPRO,0,121,0,0
31890,2021-04-11,NC,New Caledonia,WPRO,0,121,0,0
31891,2021-04-18,NC,New Caledonia,WPRO,3,124,0,0
31892,2021-04-25,NC,New Caledonia,WPRO,0,124,0,0
31893,2021-05-02,NC,New Caledonia,WPRO,0,124,0,0
31894,2021-05-09,NC,New Caledonia,WPRO,0,124,0,0
31895,2021-05-16,NC,New Caledonia,WPRO,0,124,0,0
31896,2021-05-23,NC,New Caledonia,WPRO,1,125,0,0
31897,2021-05-30,NC,New Caledonia,WPRO,3,128,0,0
31898,2021-06-06,NC,New Caledonia,WPRO,0,128,0,0
31899,2021-06-13,NC,New Caledonia,WPRO,0,128,0,0
31900,2021-06-20,NC,New Caledonia,WPRO,1,129,0,0
31901,2021-06-27,NC,New Caledonia,WPRO,0,129,0,0
31902,2021-07-04,NC,New Caledonia,WPRO,0,129,0,0
31903,2021-07-11,NC,New Caledonia,WPRO,0,129,0,0
31904,2021-07-18,NC,New Caledonia,WPRO,0,129,0,0
31905,2021-07-25,NC,New Caledonia,WPRO,2,131,0,0
31906,2021-08-01,NC,New Caledonia,WPRO,3,134,0,0
31907,2021-08-08,NC,New Caledonia,WPRO,0,134,0,0
31908,2021-08-15,NC,New Caledonia,WPRO,0,134,0,0
31909,2021-08-22,NC,New Caledonia,WPRO,1,135,0,0
31910,2021-08-29,NC,New Caledonia,WPRO,1,136,0,0
31911,2021-09-05,NC,New Caledonia,WPRO,0,136,0,0
31912,2021-09-12,NC,New Caledonia,WPRO,821,957,1,1
31913,2021-09-19,NC,New Caledonia,WPRO,2574,3531,21,22
31914,2021-09-26,NC,New Caledonia,WPRO,2654,6185,61,83
31915,2021-10-03,NC,New Caledonia,WPRO,1804,7989,67,150
31916,2021-10-10,NC,New Caledonia,WPRO,1177,9166,50,200
31917,2021-10-17,NC,New Caledonia,WPRO,811,9977,41,241
31918,2021-10-24,NC,New Caledonia,WPRO,505,10482,16,257
31919,2021-10-31,NC,New Caledonia,WPRO,486,10968,8,265
31920,2021-11-07,NC,New Caledonia,WPRO,338,11306,3,268
31921,2021-11-14,NC,New Caledonia,WPRO,267,11573,4,272
31922,2021-11-21,NC,New Caledonia,WPRO,298,11871,4,276
31923,2021-11-28,NC,New Caledonia,WPRO,234,12105,0,276
31924,2021-12-05,NC,New Caledonia,WPRO,280,12385,3,279
31925,2021-12-12,NC,New Caledonia,WPRO,130,12515,1,280
31926,2021-12-19,NC,New Caledonia,WPRO,123,12638,0,280
31927,2021-12-26,NC,New Caledonia,WPRO,79,12717,0,280
31928,2022-01-02,NC,New Caledonia,WPRO,273,12990,1,281
31929,2022-01-09,NC,New Caledonia,WPRO,164,13154,0,281
31930,2022-01-16,NC,New Caledonia,WPRO,518,13672,0,281
31931,2022-01-23,NC,New Caledonia,WPRO,1659,15331,1,282
31932,2022-01-30,NC,New Caledonia,WPRO,3448,18779,1,283
31933,2022-02-06,NC,New Caledonia,WPRO,7137,25916,1,284
31934,2022-02-13,NC,New Caledonia,WPRO,9263,35179,0,284
31935,2022-02-20,NC,New Caledonia,WPRO,8842,44021,3,287
31936,2022-02-27,NC,New Caledonia,WPRO,9122,53143,12,299
31937,2022-03-06,NC,New Caledonia,WPRO,3826,56969,3,302
31938,2022-03-13,NC,New Caledonia,WPRO,2424,59393,3,305
31939,2022-03-20,NC,New Caledonia,WPRO,618,60011,1,306
31940,2022-03-27,NC,New Caledonia,WPRO,260,60271,4,310
31941,2022-04-03,NC,New Caledonia,WPRO,159,60430,1,311
31942,2022-04-10,NC,New Caledonia,WPRO,68,60498,1,312
31943,2022-04-17,NC,New Caledonia,WPRO,23,60521,0,312
31944,2022-04-24,NC,New Caledonia,WPRO,36,60557,0,312
31945,2022-05-01,NC,New Caledonia,WPRO,96,60653,0,312
31946,2022-05-08,NC,New Caledonia,WPRO,232,60885,0,312
31947,2022-05-15,NC,New Caledonia,WPRO,300,61185,0,312
31948,2022-05-22,NC,New Caledonia,WPRO,465,61650,0,312
31949,2022-05-29,NC,New Caledonia,WPRO,358,62008,1,313
31950,2022-06-05,NC,New Caledonia,WPRO,321,62329,0,313
31951,2022-06-12,NC,New Caledonia,WPRO,294,62623,0,313
31952,2022-06-19,NC,New Caledonia,WPRO,379,63002,0,313
31953,2022-06-26,NC,New Caledonia,WPRO,513,63515,0,313
31954,2022-07-03,NC,New Caledonia,WPRO,822,64337,0,313
31955,2022-07-10,NC,New Caledonia,WPRO,1070,65407,0,313
31956,2022-07-17,NC,New Caledonia,WPRO,1365,66772,1,314
31957,2022-07-24,NC,New Caledonia,WPRO,1363,68135,0,314
31958,2022-07-31,NC,New Caledonia,WPRO,1661,69796,0,314
31959,2022-08-07,NC,New Caledonia,WPRO,1222,71018,0,314
31960,2022-08-14,NC,New Caledonia,WPRO,1344,72362,0,314
31961,2022-08-21,NC,New Caledonia,WPRO,710,73072,0,314
31962,2022-08-28,NC,New Caledonia,WPRO,561,73633,0,314
31963,2022-09-04,NC,New Caledonia,WPRO,469,74102,0,314
31964,2022-09-11,NC,New Caledonia,WPRO,23,74125,0,314
31965,2022-09-18,NC,New Caledonia,WPRO,93,74218,0,314
31966,2022-09-25,NC,New Caledonia,WPRO,39,74257,0,314
31967,2022-10-02,NC,New Caledonia,WPRO,58,74315,0,314
31968,2022-10-09,NC,New Caledonia,WPRO,31,74346,0,314
31969,2022-10-16,NC,New Caledonia,WPRO,1,74347,0,314
31970,2022-10-23,NC,New Caledonia,WPRO,0,74347,0,314
31971,2022-10-30,NC,New Caledonia,WPRO,59,74406,0,314
31972,2022-11-06,NC,New Caledonia,WPRO,44,74450,0,314
31973,2022-11-13,NC,New Caledonia,WPRO,368,74818,0,314
31974,2022-11-20,NC,New Caledonia,WPRO,440,75258,0,314
31975,2022-11-27,NC,New Caledonia,WPRO,0,75258,0,314
31976,2022-12-04,NC,New Caledonia,WPRO,929,76187,0,314
31977,2022-12-11,NC,New Caledonia,WPRO,2151,78338,0,314
31978,2022-12-18,NC,New Caledonia,WPRO,0,78338,0,314
31979,2022-12-25,NC,New Caledonia,WPRO,824,79162,0,314
31980,2023-01-01,NC,New Caledonia,WPRO,415,79577,0,314
31981,2023-01-08,NC,New Caledonia,WPRO,165,79742,0,314
31982,2023-01-15,NC,New Caledonia,WPRO,118,79860,0,314
31983,2023-01-22,NC,New Caledonia,WPRO,59,79919,0,314
31984,2023-01-29,NC,New Caledonia,WPRO,37,79956,0,314
31985,2023-02-05,NC,New Caledonia,WPRO,25,79981,0,314
31986,2023-02-12,NC,New Caledonia,WPRO,16,79997,0,314
31987,2023-02-19,NC,New Caledonia,WPRO,10,80007,0,314
31988,2023-02-26,NC,New Caledonia,WPRO,0,80007,0,314
31989,2023-03-05,NC,New Caledonia,WPRO,10,80017,0,314
31990,2023-03-12,NC,New Caledonia,WPRO,0,80017,0,314
31991,2023-03-19,NC,New Caledonia,WPRO,15,80032,0,314
31992,2023-03-26,NC,New Caledonia,WPRO,0,80032,0,314
31993,2023-04-02,NC,New Caledonia,WPRO,16,80048,0,314
31994,2023-04-09,NC,New Caledonia,WPRO,4,80052,0,314
31995,2023-04-16,NC,New Caledonia,WPRO,1,80053,0,314
31996,2023-04-23,NC,New Caledonia,WPRO,4,80057,0,314
31997,2023-04-30,NC,New Caledonia,WPRO,1,80058,0,314
31998,2023-05-07,NC,New Caledonia,WPRO,0,80058,0,314
31999,2023-05-14,NC,New Caledonia,WPRO,0,80058,0,314
32000,2023-05-21,NC,New Caledonia,WPRO,0,80058,0,314
32001,2023-05-28,NC,New Caledonia,WPRO,0,80058,0,314
32002,2023-06-04,NC,New Caledonia,WPRO,6,80064,0,314
32003,2023-06-11,NC,New Caledonia,WPRO,0,80064,0,314
32004,2023-06-18,NC,New Caledonia,WPRO,0,80064,0,314
32005,2023-06-25,NC,New Caledonia,WPRO,0,80064,0,314
32006,2023-07-02,NC,New Caledonia,WPRO,0,80064,0,314
32007,2023-07-09,NC,New Caledonia,WPRO,0,80064,0,314
32008,2023-07-16,NC,New Caledonia,WPRO,0,80064,0,314
32009,2023-07-23,NC,New Caledonia,WPRO,0,80064,0,314
32010,2023-07-30,NC,New Caledonia,WPRO,0,80064,0,314
32011,2023-08-06,NC,New Caledonia,WPRO,0,80064,0,314
32012,2023-08-13,NC,New Caledonia,WPRO,0,80064,0,314
32013,2023-08-20,NC,New Caledonia,WPRO,0,80064,0,314
32014,2023-08-27,NC,New Caledonia,WPRO,0,80064,0,314
32015,2023-09-03,NC,New Caledonia,WPRO,0,80064,0,314
32016,2023-09-10,NC,New Caledonia,WPRO,0,80064,0,314
32017,2023-09-17,NC,New Caledonia,WPRO,0,80064,0,314
32018,2023-09-24,NC,New Caledonia,WPRO,0,80064,0,314
32019,2023-10-01,NC,New Caledonia,WPRO,0,80064,0,314
32020,2023-10-08,NC,New Caledonia,WPRO,0,80064,0,314
32021,2023-10-15,NC,New Caledonia,WPRO,0,80064,0,314
32022,2023-10-22,NC,New Caledonia,WPRO,0,80064,0,314
32023,2023-10-29,NC,New Caledonia,WPRO,0,80064,0,314
32024,2023-11-05,NC,New Caledonia,WPRO,0,80064,0,314
32025,2023-11-12,NC,New Caledonia,WPRO,0,80064,0,314
32026,2023-11-19,NC,New Caledonia,WPRO,0,80064,0,314
32027,2023-11-26,NC,New Caledonia,WPRO,0,80064,0,314
32028,2023-12-03,NC,New Caledonia,WPRO,0,80064,0,314
32029,2023-12-10,NC,New Caledonia,WPRO,0,80064,0,314
32030,2023-12-17,NC,New Caledonia,WPRO,0,80064,0,314
32031,2023-12-24,NC,New Caledonia,WPRO,0,80064,0,314
32032,2020-01-05,NZ,New Zealand,WPRO,0,0,0,0
32033,2020-01-12,NZ,New Zealand,WPRO,0,0,0,0
32034,2020-01-19,NZ,New Zealand,WPRO,0,0,0,0
32035,2020-01-26,NZ,New Zealand,WPRO,0,0,0,0
32036,2020-02-02,NZ,New Zealand,WPRO,0,0,0,0
32037,2020-02-09,NZ,New Zealand,WPRO,0,0,0,0
32038,2020-02-16,NZ,New Zealand,WPRO,0,0,0,0
32039,2020-02-23,NZ,New Zealand,WPRO,0,0,0,0
32040,2020-03-01,NZ,New Zealand,WPRO,1,1,0,0
32041,2020-03-08,NZ,New Zealand,WPRO,4,5,0,0
32042,2020-03-15,NZ,New Zealand,WPRO,3,8,0,0
32043,2020-03-22,NZ,New Zealand,WPRO,58,66,0,0
32044,2020-03-29,NZ,New Zealand,WPRO,410,476,1,1
32045,2020-04-05,NZ,New Zealand,WPRO,396,872,0,1
32046,2020-04-12,NZ,New Zealand,WPRO,177,1049,3,4
32047,2020-04-19,NZ,New Zealand,WPRO,49,1098,7,11
32048,2020-04-26,NZ,New Zealand,WPRO,23,1121,7,18
32049,2020-05-03,NZ,New Zealand,WPRO,15,1136,2,20
32050,2020-05-10,NZ,New Zealand,WPRO,8,1144,1,21
32051,2020-05-17,NZ,New Zealand,WPRO,5,1149,0,21
32052,2020-05-24,NZ,New Zealand,WPRO,5,1154,0,21
32053,2020-05-31,NZ,New Zealand,WPRO,0,1154,1,22
32054,2020-06-07,NZ,New Zealand,WPRO,0,1154,0,22
32055,2020-06-14,NZ,New Zealand,WPRO,0,1154,0,22
32056,2020-06-21,NZ,New Zealand,WPRO,5,1159,0,22
32057,2020-06-28,NZ,New Zealand,WPRO,17,1176,0,22
32058,2020-07-05,NZ,New Zealand,WPRO,7,1183,0,22
32059,2020-07-12,NZ,New Zealand,WPRO,11,1194,0,22
32060,2020-07-19,NZ,New Zealand,WPRO,9,1203,0,22
32061,2020-07-26,NZ,New Zealand,WPRO,3,1206,0,22
32062,2020-08-02,NZ,New Zealand,WPRO,9,1215,0,22
32063,2020-08-09,NZ,New Zealand,WPRO,4,1219,0,22
32064,2020-08-16,NZ,New Zealand,WPRO,52,1271,0,22
32065,2020-08-23,NZ,New Zealand,WPRO,53,1324,0,22
32066,2020-08-30,NZ,New Zealand,WPRO,54,1378,0,22
32067,2020-09-06,NZ,New Zealand,WPRO,43,1421,2,24
32068,2020-09-13,NZ,New Zealand,WPRO,25,1446,0,24
32069,2020-09-20,NZ,New Zealand,WPRO,18,1464,1,25
32070,2020-09-27,NZ,New Zealand,WPRO,13,1477,0,25
32071,2020-10-04,NZ,New Zealand,WPRO,21,1498,0,25
32072,2020-10-11,NZ,New Zealand,WPRO,17,1515,0,25
32073,2020-10-18,NZ,New Zealand,WPRO,15,1530,0,25
32074,2020-10-25,NZ,New Zealand,WPRO,49,1579,0,25
32075,2020-11-01,NZ,New Zealand,WPRO,25,1604,0,25
32076,2020-11-08,NZ,New Zealand,WPRO,23,1627,0,25
32077,2020-11-15,NZ,New Zealand,WPRO,18,1645,0,25
32078,2020-11-22,NZ,New Zealand,WPRO,28,1673,0,25
32079,2020-11-29,NZ,New Zealand,WPRO,24,1697,0,25
32080,2020-12-06,NZ,New Zealand,WPRO,26,1723,0,25
32081,2020-12-13,NZ,New Zealand,WPRO,18,1741,0,25
32082,2020-12-20,NZ,New Zealand,WPRO,20,1761,0,25
32083,2020-12-27,NZ,New Zealand,WPRO,28,1789,0,25
32084,2021-01-03,NZ,New Zealand,WPRO,37,1826,0,25
32085,2021-01-10,NZ,New Zealand,WPRO,40,1866,0,25
32086,2021-01-17,NZ,New Zealand,WPRO,40,1906,0,25
32087,2021-01-24,NZ,New Zealand,WPRO,27,1933,0,25
32088,2021-01-31,NZ,New Zealand,WPRO,15,1948,0,25
32089,2021-02-07,NZ,New Zealand,WPRO,17,1965,0,25
32090,2021-02-14,NZ,New Zealand,WPRO,16,1981,0,25
32091,2021-02-21,NZ,New Zealand,WPRO,21,2002,1,26
32092,2021-02-28,NZ,New Zealand,WPRO,21,2023,0,26
32093,2021-03-07,NZ,New Zealand,WPRO,27,2050,0,26
32094,2021-03-14,NZ,New Zealand,WPRO,25,2075,0,26
32095,2021-03-21,NZ,New Zealand,WPRO,32,2107,0,26
32096,2021-03-28,NZ,New Zealand,WPRO,31,2138,0,26
32097,2021-04-04,NZ,New Zealand,WPRO,14,2152,0,26
32098,2021-04-11,NZ,New Zealand,WPRO,76,2228,0,26
32099,2021-04-18,NZ,New Zealand,WPRO,13,2241,0,26
32100,2021-04-25,NZ,New Zealand,WPRO,5,2246,0,26
32101,2021-05-02,NZ,New Zealand,WPRO,21,2267,0,26
32102,2021-05-09,NZ,New Zealand,WPRO,20,2287,0,26
32103,2021-05-16,NZ,New Zealand,WPRO,9,2296,0,26
32104,2021-05-23,NZ,New Zealand,WPRO,16,2312,0,26
32105,2021-05-30,NZ,New Zealand,WPRO,6,2318,0,26
32106,2021-06-06,NZ,New Zealand,WPRO,9,2327,0,26
32107,2021-06-13,NZ,New Zealand,WPRO,26,2353,0,26
32108,2021-06-20,NZ,New Zealand,WPRO,11,2364,0,26
32109,2021-06-27,NZ,New Zealand,WPRO,18,2382,0,26
32110,2021-07-04,NZ,New Zealand,WPRO,20,2402,0,26
32111,2021-07-11,NZ,New Zealand,WPRO,11,2413,0,26
32112,2021-07-18,NZ,New Zealand,WPRO,48,2461,0,26
32113,2021-07-25,NZ,New Zealand,WPRO,46,2507,0,26
32114,2021-08-01,NZ,New Zealand,WPRO,14,2521,0,26
32115,2021-08-08,NZ,New Zealand,WPRO,11,2532,0,26
32116,2021-08-15,NZ,New Zealand,WPRO,38,2570,0,26
32117,2021-08-22,NZ,New Zealand,WPRO,128,2698,0,26
32118,2021-08-29,NZ,New Zealand,WPRO,465,3163,0,26
32119,2021-09-05,NZ,New Zealand,WPRO,272,3435,1,27
32120,2021-09-12,NZ,New Zealand,WPRO,158,3593,0,27
32121,2021-09-19,NZ,New Zealand,WPRO,131,3724,0,27
32122,2021-09-26,NZ,New Zealand,WPRO,112,3836,0,27
32123,2021-10-03,NZ,New Zealand,WPRO,188,4024,0,27
32124,2021-10-10,NZ,New Zealand,WPRO,275,4299,1,28
32125,2021-10-17,NZ,New Zealand,WPRO,396,4695,0,28
32126,2021-10-24,NZ,New Zealand,WPRO,687,5382,0,28
32127,2021-10-31,NZ,New Zealand,WPRO,851,6233,0,28
32128,2021-11-07,NZ,New Zealand,WPRO,1053,7286,4,32
32129,2021-11-14,NZ,New Zealand,WPRO,1218,8504,1,33
32130,2021-11-21,NZ,New Zealand,WPRO,1302,9806,7,40
32131,2021-11-28,NZ,New Zealand,WPRO,1265,11071,3,43
32132,2021-12-05,NZ,New Zealand,WPRO,888,11959,1,44
32133,2021-12-12,NZ,New Zealand,WPRO,657,12616,3,47
32134,2021-12-19,NZ,New Zealand,WPRO,512,13128,2,49
32135,2021-12-26,NZ,New Zealand,WPRO,401,13529,1,50
32136,2022-01-02,NZ,New Zealand,WPRO,403,13932,1,51
32137,2022-01-09,NZ,New Zealand,WPRO,426,14358,0,51
32138,2022-01-16,NZ,New Zealand,WPRO,392,14750,1,52
32139,2022-01-23,NZ,New Zealand,WPRO,500,15250,0,52
32140,2022-01-30,NZ,New Zealand,WPRO,790,16040,0,52
32141,2022-02-06,NZ,New Zealand,WPRO,1571,17611,1,53
32142,2022-02-13,NZ,New Zealand,WPRO,3575,21186,0,53
32143,2022-02-20,NZ,New Zealand,WPRO,11724,32910,0,53
32144,2022-02-27,NZ,New Zealand,WPRO,65839,98749,3,56
32145,2022-03-06,NZ,New Zealand,WPRO,140787,239536,9,65
32146,2022-03-13,NZ,New Zealand,WPRO,137160,376696,37,102
32147,2022-03-20,NZ,New Zealand,WPRO,119858,496554,61,163
32148,2022-03-27,NZ,New Zealand,WPRO,112755,609309,68,231
32149,2022-04-03,NZ,New Zealand,WPRO,92674,701983,132,363
32150,2022-04-10,NZ,New Zealand,WPRO,71244,773227,106,469
32151,2022-04-17,NZ,New Zealand,WPRO,55640,828867,95,564
32152,2022-04-24,NZ,New Zealand,WPRO,58325,887192,80,644
32153,2022-05-01,NZ,New Zealand,WPRO,52916,940108,69,713
32154,2022-05-08,NZ,New Zealand,WPRO,52539,992647,99,812
32155,2022-05-15,NZ,New Zealand,WPRO,58157,1050804,117,929
32156,2022-05-22,NZ,New Zealand,WPRO,49841,1100645,88,1017
32157,2022-05-29,NZ,New Zealand,WPRO,48148,1148793,95,1112
32158,2022-06-05,NZ,New Zealand,WPRO,46082,1194875,82,1194
32159,2022-06-12,NZ,New Zealand,WPRO,47762,1242637,92,1286
32160,2022-06-19,NZ,New Zealand,WPRO,28175,1270812,64,1350
32161,2022-06-26,NZ,New Zealand,WPRO,43542,1314354,87,1437
32162,2022-07-03,NZ,New Zealand,WPRO,36180,1350534,97,1534
32163,2022-07-10,NZ,New Zealand,WPRO,70398,1420932,111,1645
32164,2022-07-17,NZ,New Zealand,WPRO,69674,1490606,158,1803
32165,2022-07-24,NZ,New Zealand,WPRO,61169,1551775,236,2039
32166,2022-07-31,NZ,New Zealand,WPRO,51603,1603378,56,2095
32167,2022-08-07,NZ,New Zealand,WPRO,39002,1642380,0,2095
32168,2022-08-14,NZ,New Zealand,WPRO,30700,1673080,0,2095
32169,2022-08-21,NZ,New Zealand,WPRO,26682,1699762,0,2095
32170,2022-08-28,NZ,New Zealand,WPRO,18411,1718173,0,2095
32171,2022-09-04,NZ,New Zealand,WPRO,13074,1731247,0,2095
32172,2022-09-11,NZ,New Zealand,WPRO,10756,1742003,0,2095
32173,2022-09-18,NZ,New Zealand,WPRO,3178,1745181,0,2095
32174,2022-09-25,NZ,New Zealand,WPRO,7219,1752400,0,2095
32175,2022-10-02,NZ,New Zealand,WPRO,19616,1772016,0,2095
32176,2022-10-09,NZ,New Zealand,WPRO,0,1772016,0,2095
32177,2022-10-16,NZ,New Zealand,WPRO,25047,1797063,0,2095
32178,2022-10-23,NZ,New Zealand,WPRO,14489,1811552,0,2095
32179,2022-10-30,NZ,New Zealand,WPRO,41043,1852595,24,2119
32180,2022-11-06,NZ,New Zealand,WPRO,0,1852595,0,2119
32181,2022-11-13,NZ,New Zealand,WPRO,19678,1872273,63,2182
32182,2022-11-20,NZ,New Zealand,WPRO,21885,1894158,0,2182
32183,2022-11-27,NZ,New Zealand,WPRO,24759,1918917,30,2212
32184,2022-12-04,NZ,New Zealand,WPRO,31859,1950776,23,2235
32185,2022-12-11,NZ,New Zealand,WPRO,37483,1988259,22,2257
32186,2022-12-18,NZ,New Zealand,WPRO,39722,2027981,31,2288
32187,2022-12-25,NZ,New Zealand,WPRO,0,2027981,0,2288
32188,2023-01-01,NZ,New Zealand,WPRO,29469,2057450,43,2331
32189,2023-01-08,NZ,New Zealand,WPRO,0,2057450,0,2331
32190,2023-01-15,NZ,New Zealand,WPRO,40236,2097686,0,2331
32191,2023-01-22,NZ,New Zealand,WPRO,17311,2114997,0,2331
32192,2023-01-29,NZ,New Zealand,WPRO,12278,2127275,0,2331
32193,2023-02-05,NZ,New Zealand,WPRO,9387,2136662,146,2477
32194,2023-02-12,NZ,New Zealand,WPRO,7604,2144266,36,2513
32195,2023-02-19,NZ,New Zealand,WPRO,7272,2151538,21,2534
32196,2023-02-26,NZ,New Zealand,WPRO,7100,2158638,8,2542
32197,2023-03-05,NZ,New Zealand,WPRO,7832,2166470,6,2548
32198,2023-03-12,NZ,New Zealand,WPRO,10029,2176499,12,2560
32199,2023-03-19,NZ,New Zealand,WPRO,10133,2186632,26,2586
32200,2023-03-26,NZ,New Zealand,WPRO,9923,2196555,76,2662
32201,2023-04-02,NZ,New Zealand,WPRO,9839,2206394,25,2687
32202,2023-04-09,NZ,New Zealand,WPRO,10653,2217047,0,2687
32203,2023-04-16,NZ,New Zealand,WPRO,10595,2227642,29,2716
32204,2023-04-23,NZ,New Zealand,WPRO,12799,2240441,0,2716
32205,2023-04-30,NZ,New Zealand,WPRO,10999,2251440,20,2736
32206,2023-05-07,NZ,New Zealand,WPRO,9686,2261126,56,2792
32207,2023-05-14,NZ,New Zealand,WPRO,11103,2272229,0,2792
32208,2023-05-21,NZ,New Zealand,WPRO,10632,2282861,101,2893
32209,2023-05-28,NZ,New Zealand,WPRO,12698,2295559,49,2942
32210,2023-06-04,NZ,New Zealand,WPRO,11384,2306943,0,2942
32211,2023-06-11,NZ,New Zealand,WPRO,0,2306943,96,3038
32212,2023-06-18,NZ,New Zealand,WPRO,19446,2326389,39,3077
32213,2023-06-25,NZ,New Zealand,WPRO,7524,2333913,0,3077
32214,2023-07-02,NZ,New Zealand,WPRO,0,2333913,61,3138
32215,2023-07-09,NZ,New Zealand,WPRO,11979,2345892,21,3159
32216,2023-07-16,NZ,New Zealand,WPRO,4609,2350501,13,3172
32217,2023-07-23,NZ,New Zealand,WPRO,3741,2354242,16,3188
32218,2023-07-30,NZ,New Zealand,WPRO,3114,2357356,31,3219
32219,2023-08-06,NZ,New Zealand,WPRO,3079,2360435,10,3229
32220,2023-08-13,NZ,New Zealand,WPRO,3869,2364304,20,3249
32221,2023-08-20,NZ,New Zealand,WPRO,4527,2368831,0,3249
32222,2023-08-27,NZ,New Zealand,WPRO,3287,2372118,34,3283
32223,2023-09-03,NZ,New Zealand,WPRO,2804,2374922,0,3283
32224,2023-09-10,NZ,New Zealand,WPRO,2899,2377821,11,3294
32225,2023-09-17,NZ,New Zealand,WPRO,2767,2380588,15,3309
32226,2023-09-24,NZ,New Zealand,WPRO,2478,2383066,20,3329
32227,2023-10-01,NZ,New Zealand,WPRO,2372,2385438,18,3347
32228,2023-10-08,NZ,New Zealand,WPRO,2420,2387858,14,3361
32229,2023-10-15,NZ,New Zealand,WPRO,2919,2390777,15,3376
32230,2023-10-22,NZ,New Zealand,WPRO,3200,2393977,40,3416
32231,2023-10-29,NZ,New Zealand,WPRO,3460,2397437,0,3416
32232,2023-11-05,NZ,New Zealand,WPRO,3530,2400967,29,3445
32233,2023-11-12,NZ,New Zealand,WPRO,4508,2405475,19,3464
32234,2023-11-19,NZ,New Zealand,WPRO,4897,2410372,38,3502
32235,2023-11-26,NZ,New Zealand,WPRO,6405,2416777,20,3522
32236,2023-12-03,NZ,New Zealand,WPRO,5615,2422392,27,3549
32237,2023-12-10,NZ,New Zealand,WPRO,5524,2427916,20,3569
32238,2023-12-17,NZ,New Zealand,WPRO,6136,2434052,27,3596
32239,2023-12-24,NZ,New Zealand,WPRO,6323,2440375,0,3596
32240,2020-01-05,NI,Nicaragua,AMRO,0,0,0,0
32241,2020-01-12,NI,Nicaragua,AMRO,0,0,0,0
32242,2020-01-19,NI,Nicaragua,AMRO,0,0,0,0
32243,2020-01-26,NI,Nicaragua,AMRO,0,0,0,0
32244,2020-02-02,NI,Nicaragua,AMRO,0,0,0,0
32245,2020-02-09,NI,Nicaragua,AMRO,0,0,0,0
32246,2020-02-16,NI,Nicaragua,AMRO,0,0,0,0
32247,2020-02-23,NI,Nicaragua,AMRO,0,0,0,0
32248,2020-03-01,NI,Nicaragua,AMRO,0,0,0,0
32249,2020-03-08,NI,Nicaragua,AMRO,0,0,0,0
32250,2020-03-15,NI,Nicaragua,AMRO,0,0,0,0
32251,2020-03-22,NI,Nicaragua,AMRO,2,2,0,0
32252,2020-03-29,NI,Nicaragua,AMRO,0,2,1,1
32253,2020-04-05,NI,Nicaragua,AMRO,3,5,0,1
32254,2020-04-12,NI,Nicaragua,AMRO,2,7,0,1
32255,2020-04-19,NI,Nicaragua,AMRO,2,9,0,1
32256,2020-04-26,NI,Nicaragua,AMRO,2,11,2,3
32257,2020-05-03,NI,Nicaragua,AMRO,3,14,1,4
32258,2020-05-10,NI,Nicaragua,AMRO,2,16,1,5
32259,2020-05-17,NI,Nicaragua,AMRO,9,25,3,8
32260,2020-05-24,NI,Nicaragua,AMRO,254,279,9,17
32261,2020-05-31,NI,Nicaragua,AMRO,606,885,18,35
32262,2020-06-07,NI,Nicaragua,AMRO,424,1309,11,46
32263,2020-06-14,NI,Nicaragua,AMRO,346,1655,9,55
32264,2020-06-21,NI,Nicaragua,AMRO,359,2014,9,64
32265,2020-06-28,NI,Nicaragua,AMRO,0,2014,10,74
32266,2020-07-05,NI,Nicaragua,AMRO,168,2182,9,83
32267,2020-07-12,NI,Nicaragua,AMRO,229,2411,8,91
32268,2020-07-19,NI,Nicaragua,AMRO,301,2712,8,99
32269,2020-07-26,NI,Nicaragua,AMRO,292,3004,9,108
32270,2020-08-02,NI,Nicaragua,AMRO,76,3080,8,116
32271,2020-08-09,NI,Nicaragua,AMRO,186,3266,7,123
32272,2020-08-16,NI,Nicaragua,AMRO,147,3413,5,128
32273,2020-08-23,NI,Nicaragua,AMRO,127,3540,5,133
32274,2020-08-30,NI,Nicaragua,AMRO,119,3659,4,137
32275,2020-09-06,NI,Nicaragua,AMRO,114,3773,4,141
32276,2020-09-13,NI,Nicaragua,AMRO,104,3877,3,144
32277,2020-09-20,NI,Nicaragua,AMRO,102,3979,3,147
32278,2020-09-27,NI,Nicaragua,AMRO,86,4065,2,149
32279,2020-10-04,NI,Nicaragua,AMRO,81,4146,2,151
32280,2020-10-11,NI,Nicaragua,AMRO,79,4225,2,153
32281,2020-10-18,NI,Nicaragua,AMRO,72,4297,1,154
32282,2020-10-25,NI,Nicaragua,AMRO,65,4362,1,155
32283,2020-11-01,NI,Nicaragua,AMRO,62,4424,1,156
32284,2020-11-08,NI,Nicaragua,AMRO,56,4480,1,157
32285,2020-11-15,NI,Nicaragua,AMRO,53,4533,1,158
32286,2020-11-22,NI,Nicaragua,AMRO,50,4583,1,159
32287,2020-11-29,NI,Nicaragua,AMRO,46,4629,1,160
32288,2020-12-06,NI,Nicaragua,AMRO,42,4671,1,161
32289,2020-12-13,NI,Nicaragua,AMRO,38,4709,1,162
32290,2020-12-20,NI,Nicaragua,AMRO,39,4748,1,163
32291,2020-12-27,NI,Nicaragua,AMRO,42,4790,1,164
32292,2021-01-03,NI,Nicaragua,AMRO,39,4829,1,165
32293,2021-01-10,NI,Nicaragua,AMRO,38,4867,1,166
32294,2021-01-17,NI,Nicaragua,AMRO,49,4916,1,167
32295,2021-01-24,NI,Nicaragua,AMRO,37,4953,1,168
32296,2021-01-31,NI,Nicaragua,AMRO,39,4992,1,169
32297,2021-02-07,NI,Nicaragua,AMRO,35,5027,1,170
32298,2021-02-14,NI,Nicaragua,AMRO,37,5064,1,171
32299,2021-02-21,NI,Nicaragua,AMRO,42,5106,1,172
32300,2021-02-28,NI,Nicaragua,AMRO,36,5142,1,173
32301,2021-03-07,NI,Nicaragua,AMRO,34,5176,1,174
32302,2021-03-14,NI,Nicaragua,AMRO,40,5216,1,175
32303,2021-03-21,NI,Nicaragua,AMRO,35,5251,1,176
32304,2021-03-28,NI,Nicaragua,AMRO,37,5288,1,177
32305,2021-04-04,NI,Nicaragua,AMRO,38,5326,1,178
32306,2021-04-11,NI,Nicaragua,AMRO,40,5366,1,179
32307,2021-04-18,NI,Nicaragua,AMRO,41,5407,1,180
32308,2021-04-25,NI,Nicaragua,AMRO,43,5450,1,181
32309,2021-05-02,NI,Nicaragua,AMRO,48,5498,1,182
32310,2021-05-09,NI,Nicaragua,AMRO,77,5575,1,183
32311,2021-05-16,NI,Nicaragua,AMRO,74,5649,1,184
32312,2021-05-23,NI,Nicaragua,AMRO,82,5731,1,185
32313,2021-05-30,NI,Nicaragua,AMRO,102,5833,1,186
32314,2021-06-06,NI,Nicaragua,AMRO,116,5949,1,187
32315,2021-06-13,NI,Nicaragua,AMRO,136,6085,1,188
32316,2021-06-20,NI,Nicaragua,AMRO,158,6243,1,189
32317,2021-06-27,NI,Nicaragua,AMRO,159,6402,1,190
32318,2021-07-04,NI,Nicaragua,AMRO,202,6604,1,191
32319,2021-07-11,NI,Nicaragua,AMRO,215,6819,1,192
32320,2021-07-18,NI,Nicaragua,AMRO,225,7044,1,193
32321,2021-07-25,NI,Nicaragua,AMRO,269,7313,1,194
32322,2021-08-01,NI,Nicaragua,AMRO,279,7592,1,195
32323,2021-08-08,NI,Nicaragua,AMRO,298,7890,1,196
32324,2021-08-15,NI,Nicaragua,AMRO,303,8193,1,197
32325,2021-08-22,NI,Nicaragua,AMRO,303,8496,1,198
32326,2021-08-29,NI,Nicaragua,AMRO,371,8867,1,199
32327,2021-09-05,NI,Nicaragua,AMRO,416,9283,1,200
32328,2021-09-12,NI,Nicaragua,AMRO,449,9732,1,201
32329,2021-09-19,NI,Nicaragua,AMRO,513,10245,1,202
32330,2021-09-26,NI,Nicaragua,AMRO,512,10757,1,203
32331,2021-10-03,NI,Nicaragua,AMRO,516,11273,1,204
32332,2021-10-10,NI,Nicaragua,AMRO,466,11739,1,205
32333,2021-10-17,NI,Nicaragua,AMRO,430,12169,1,206
32334,2021-10-24,NI,Nicaragua,AMRO,380,12549,1,207
32335,2021-10-31,NI,Nicaragua,AMRO,317,12866,1,208
32336,2021-11-07,NI,Nicaragua,AMRO,181,13047,1,209
32337,2021-11-14,NI,Nicaragua,AMRO,103,13150,1,210
32338,2021-11-21,NI,Nicaragua,AMRO,92,13242,1,211
32339,2021-11-28,NI,Nicaragua,AMRO,88,13330,1,212
32340,2021-12-05,NI,Nicaragua,AMRO,67,13397,1,213
32341,2021-12-12,NI,Nicaragua,AMRO,52,13449,1,214
32342,2021-12-19,NI,Nicaragua,AMRO,44,13493,1,215
32343,2021-12-26,NI,Nicaragua,AMRO,38,13531,1,216
32344,2022-01-02,NI,Nicaragua,AMRO,32,13563,1,217
32345,2022-01-09,NI,Nicaragua,AMRO,26,13589,1,218
32346,2022-01-16,NI,Nicaragua,AMRO,0,13589,0,218
32347,2022-01-23,NI,Nicaragua,AMRO,57,13646,1,219
32348,2022-01-30,NI,Nicaragua,AMRO,35,13681,1,220
32349,2022-02-06,NI,Nicaragua,AMRO,46,13727,1,221
32350,2022-02-13,NI,Nicaragua,AMRO,65,13792,1,222
32351,2022-02-20,NI,Nicaragua,AMRO,85,13877,1,223
32352,2022-02-27,NI,Nicaragua,AMRO,81,13958,1,224
32353,2022-03-06,NI,Nicaragua,AMRO,77,14035,1,225
32354,2022-03-13,NI,Nicaragua,AMRO,73,14108,1,226
32355,2022-03-20,NI,Nicaragua,AMRO,62,14170,2,228
32356,2022-03-27,NI,Nicaragua,AMRO,52,14222,1,229
32357,2022-04-03,NI,Nicaragua,AMRO,47,14269,1,230
32358,2022-04-10,NI,Nicaragua,AMRO,37,14306,1,231
32359,2022-04-17,NI,Nicaragua,AMRO,33,14339,1,232
32360,2022-04-24,NI,Nicaragua,AMRO,32,14371,1,233
32361,2022-05-01,NI,Nicaragua,AMRO,24,14395,1,234
32362,2022-05-08,NI,Nicaragua,AMRO,27,14422,1,235
32363,2022-05-15,NI,Nicaragua,AMRO,25,14447,1,236
32364,2022-05-22,NI,Nicaragua,AMRO,26,14473,1,237
32365,2022-05-29,NI,Nicaragua,AMRO,35,14508,1,238
32366,2022-06-05,NI,Nicaragua,AMRO,30,14538,1,239
32367,2022-06-12,NI,Nicaragua,AMRO,39,14577,1,240
32368,2022-06-19,NI,Nicaragua,AMRO,42,14619,1,241
32369,2022-06-26,NI,Nicaragua,AMRO,0,14619,0,241
32370,2022-07-03,NI,Nicaragua,AMRO,71,14690,1,242
32371,2022-07-10,NI,Nicaragua,AMRO,31,14721,1,243
32372,2022-07-17,NI,Nicaragua,AMRO,30,14751,1,244
32373,2022-07-24,NI,Nicaragua,AMRO,26,14777,0,244
32374,2022-07-31,NI,Nicaragua,AMRO,30,14807,0,244
32375,2022-08-07,NI,Nicaragua,AMRO,0,14807,0,244
32376,2022-08-14,NI,Nicaragua,AMRO,65,14872,0,244
32377,2022-08-21,NI,Nicaragua,AMRO,27,14899,0,244
32378,2022-08-28,NI,Nicaragua,AMRO,32,14931,0,244
32379,2022-09-04,NI,Nicaragua,AMRO,0,14931,0,244
32380,2022-09-11,NI,Nicaragua,AMRO,59,14990,0,244
32381,2022-09-18,NI,Nicaragua,AMRO,0,14990,0,244
32382,2022-09-25,NI,Nicaragua,AMRO,55,15045,1,245
32383,2022-10-02,NI,Nicaragua,AMRO,25,15070,0,245
32384,2022-10-09,NI,Nicaragua,AMRO,22,15092,0,245
32385,2022-10-16,NI,Nicaragua,AMRO,28,15120,0,245
32386,2022-10-23,NI,Nicaragua,AMRO,25,15145,0,245
32387,2022-10-30,NI,Nicaragua,AMRO,21,15166,0,245
32388,2022-11-06,NI,Nicaragua,AMRO,20,15186,0,245
32389,2022-11-13,NI,Nicaragua,AMRO,17,15203,0,245
32390,2022-11-20,NI,Nicaragua,AMRO,16,15219,0,245
32391,2022-11-27,NI,Nicaragua,AMRO,13,15232,0,245
32392,2022-12-04,NI,Nicaragua,AMRO,18,15250,0,245
32393,2022-12-11,NI,Nicaragua,AMRO,13,15263,0,245
32394,2022-12-18,NI,Nicaragua,AMRO,45,15308,0,245
32395,2022-12-25,NI,Nicaragua,AMRO,57,15365,0,245
32396,2023-01-01,NI,Nicaragua,AMRO,0,15365,0,245
32397,2023-01-08,NI,Nicaragua,AMRO,101,15466,0,245
32398,2023-01-15,NI,Nicaragua,AMRO,41,15507,0,245
32399,2023-01-22,NI,Nicaragua,AMRO,34,15541,0,245
32400,2023-01-29,NI,Nicaragua,AMRO,28,15569,0,245
32401,2023-02-05,NI,Nicaragua,AMRO,23,15592,0,245
32402,2023-02-12,NI,Nicaragua,AMRO,20,15612,0,245
32403,2023-02-19,NI,Nicaragua,AMRO,15,15627,0,245
32404,2023-02-26,NI,Nicaragua,AMRO,11,15638,0,245
32405,2023-03-05,NI,Nicaragua,AMRO,17,15655,0,245
32406,2023-03-12,NI,Nicaragua,AMRO,2,15657,0,245
32407,2023-03-19,NI,Nicaragua,AMRO,15,15672,0,245
32408,2023-03-26,NI,Nicaragua,AMRO,3,15675,0,245
32409,2023-04-02,NI,Nicaragua,AMRO,7,15682,0,245
32410,2023-04-09,NI,Nicaragua,AMRO,0,15682,0,245
32411,2023-04-16,NI,Nicaragua,AMRO,6,15688,0,245
32412,2023-04-23,NI,Nicaragua,AMRO,3,15691,0,245
32413,2023-04-30,NI,Nicaragua,AMRO,6,15697,0,245
32414,2023-05-07,NI,Nicaragua,AMRO,7,15704,0,245
32415,2023-05-14,NI,Nicaragua,AMRO,9,15713,0,245
32416,2023-05-21,NI,Nicaragua,AMRO,0,15713,0,245
32417,2023-05-28,NI,Nicaragua,AMRO,10,15723,0,245
32418,2023-06-04,NI,Nicaragua,AMRO,13,15736,0,245
32419,2023-06-11,NI,Nicaragua,AMRO,22,15758,0,245
32420,2023-06-18,NI,Nicaragua,AMRO,47,15805,0,245
32421,2023-06-25,NI,Nicaragua,AMRO,59,15864,0,245
32422,2023-07-02,NI,Nicaragua,AMRO,40,15904,0,245
32423,2023-07-09,NI,Nicaragua,AMRO,31,15935,0,245
32424,2023-07-16,NI,Nicaragua,AMRO,24,15959,0,245
32425,2023-07-23,NI,Nicaragua,AMRO,9,15968,0,245
32426,2023-07-30,NI,Nicaragua,AMRO,12,15980,0,245
32427,2023-08-06,NI,Nicaragua,AMRO,8,15988,0,245
32428,2023-08-13,NI,Nicaragua,AMRO,11,15999,0,245
32429,2023-08-20,NI,Nicaragua,AMRO,12,16011,0,245
32430,2023-08-27,NI,Nicaragua,AMRO,6,16017,0,245
32431,2023-09-03,NI,Nicaragua,AMRO,5,16022,0,245
32432,2023-09-10,NI,Nicaragua,AMRO,8,16030,0,245
32433,2023-09-17,NI,Nicaragua,AMRO,12,16042,0,245
32434,2023-09-24,NI,Nicaragua,AMRO,5,16047,0,245
32435,2023-10-01,NI,Nicaragua,AMRO,4,16051,0,245
32436,2023-10-08,NI,Nicaragua,AMRO,3,16054,0,245
32437,2023-10-15,NI,Nicaragua,AMRO,3,16057,0,245
32438,2023-10-22,NI,Nicaragua,AMRO,5,16062,0,245
32439,2023-10-29,NI,Nicaragua,AMRO,3,16065,0,245
32440,2023-11-05,NI,Nicaragua,AMRO,1,16066,0,245
32441,2023-11-12,NI,Nicaragua,AMRO,4,16070,0,245
32442,2023-11-19,NI,Nicaragua,AMRO,3,16073,0,245
32443,2023-11-26,NI,Nicaragua,AMRO,4,16077,0,245
32444,2023-12-03,NI,Nicaragua,AMRO,7,16084,0,245
32445,2023-12-10,NI,Nicaragua,AMRO,4,16088,0,245
32446,2023-12-17,NI,Nicaragua,AMRO,0,16088,0,245
32447,2023-12-24,NI,Nicaragua,AMRO,0,16088,0,245
32448,2020-01-05,NE,Niger,AFRO,0,0,0,0
32449,2020-01-12,NE,Niger,AFRO,0,0,0,0
32450,2020-01-19,NE,Niger,AFRO,0,0,0,0
32451,2020-01-26,NE,Niger,AFRO,0,0,0,0
32452,2020-02-02,NE,Niger,AFRO,0,0,0,0
32453,2020-02-09,NE,Niger,AFRO,0,0,0,0
32454,2020-02-16,NE,Niger,AFRO,0,0,0,0
32455,2020-02-23,NE,Niger,AFRO,0,0,0,0
32456,2020-03-01,NE,Niger,AFRO,0,0,0,0
32457,2020-03-08,NE,Niger,AFRO,0,0,0,0
32458,2020-03-15,NE,Niger,AFRO,0,0,0,0
32459,2020-03-22,NE,Niger,AFRO,2,2,0,0
32460,2020-03-29,NE,Niger,AFRO,18,20,0,0
32461,2020-04-05,NE,Niger,AFRO,124,144,57,57
32462,2020-04-12,NE,Niger,AFRO,385,529,1,58
32463,2020-04-19,NE,Niger,AFRO,119,648,0,58
32464,2020-04-26,NE,Niger,AFRO,36,684,0,58
32465,2020-05-03,NE,Niger,AFRO,52,736,2,60
32466,2020-05-10,NE,Niger,AFRO,79,815,10,70
32467,2020-05-17,NE,Niger,AFRO,74,889,5,75
32468,2020-05-24,NE,Niger,AFRO,54,943,10,85
32469,2020-05-31,NE,Niger,AFRO,13,956,3,88
32470,2020-06-07,NE,Niger,AFRO,14,970,1,89
32471,2020-06-14,NE,Niger,AFRO,10,980,1,90
32472,2020-06-21,NE,Niger,AFRO,55,1035,1,91
32473,2020-06-28,NE,Niger,AFRO,33,1068,0,91
32474,2020-07-05,NE,Niger,AFRO,20,1088,1,92
32475,2020-07-12,NE,Niger,AFRO,11,1099,0,92
32476,2020-07-19,NE,Niger,AFRO,5,1104,1,93
32477,2020-07-26,NE,Niger,AFRO,20,1124,0,93
32478,2020-08-02,NE,Niger,AFRO,14,1138,0,93
32479,2020-08-09,NE,Niger,AFRO,19,1157,0,93
32480,2020-08-16,NE,Niger,AFRO,9,1166,0,93
32481,2020-08-23,NE,Niger,AFRO,6,1172,0,93
32482,2020-08-30,NE,Niger,AFRO,3,1175,0,93
32483,2020-09-06,NE,Niger,AFRO,2,1177,0,93
32484,2020-09-13,NE,Niger,AFRO,1,1178,0,93
32485,2020-09-20,NE,Niger,AFRO,4,1182,0,93
32486,2020-09-27,NE,Niger,AFRO,12,1194,0,93
32487,2020-10-04,NE,Niger,AFRO,6,1200,0,93
32488,2020-10-11,NE,Niger,AFRO,0,1200,0,93
32489,2020-10-18,NE,Niger,AFRO,9,1209,0,93
32490,2020-10-25,NE,Niger,AFRO,6,1215,0,93
32491,2020-11-01,NE,Niger,AFRO,6,1221,0,93
32492,2020-11-08,NE,Niger,AFRO,21,1242,0,93
32493,2020-11-15,NE,Niger,AFRO,59,1301,1,94
32494,2020-11-22,NE,Niger,AFRO,50,1351,0,94
32495,2020-11-29,NE,Niger,AFRO,133,1484,0,94
32496,2020-12-06,NE,Niger,AFRO,305,1789,7,101
32497,2020-12-13,NE,Niger,AFRO,427,2216,0,101
32498,2020-12-20,NE,Niger,AFRO,398,2614,0,101
32499,2020-12-27,NE,Niger,AFRO,495,3109,0,101
32500,2021-01-03,NE,Niger,AFRO,328,3437,9,110
32501,2021-01-10,NE,Niger,AFRO,382,3819,18,128
32502,2021-01-17,NE,Niger,AFRO,313,4132,12,140
32503,2021-01-24,NE,Niger,AFRO,189,4321,13,153
32504,2021-01-31,NE,Niger,AFRO,195,4516,8,161
32505,2021-02-07,NE,Niger,AFRO,82,4598,4,165
32506,2021-02-14,NE,Niger,AFRO,92,4690,4,169
32507,2021-02-21,NE,Niger,AFRO,43,4733,1,170
32508,2021-02-28,NE,Niger,AFRO,39,4772,5,175
32509,2021-03-07,NE,Niger,AFRO,50,4822,2,177
32510,2021-03-14,NE,Niger,AFRO,35,4857,4,181
32511,2021-03-21,NE,Niger,AFRO,61,4918,4,185
32512,2021-03-28,NE,Niger,AFRO,69,4987,0,185
32513,2021-04-04,NE,Niger,AFRO,46,5033,3,188
32514,2021-04-11,NE,Niger,AFRO,39,5072,0,188
32515,2021-04-18,NE,Niger,AFRO,55,5127,2,190
32516,2021-04-25,NE,Niger,AFRO,31,5158,1,191
32517,2021-05-02,NE,Niger,AFRO,71,5229,0,191
32518,2021-05-09,NE,Niger,AFRO,90,5319,1,192
32519,2021-05-16,NE,Niger,AFRO,11,5330,0,192
32520,2021-05-23,NE,Niger,AFRO,39,5369,0,192
32521,2021-05-30,NE,Niger,AFRO,41,5410,0,192
32522,2021-06-06,NE,Niger,AFRO,28,5438,0,192
32523,2021-06-13,NE,Niger,AFRO,8,5446,0,192
32524,2021-06-20,NE,Niger,AFRO,23,5469,1,193
32525,2021-06-27,NE,Niger,AFRO,9,5478,0,193
32526,2021-07-04,NE,Niger,AFRO,28,5506,1,194
32527,2021-07-11,NE,Niger,AFRO,32,5538,0,194
32528,2021-07-18,NE,Niger,AFRO,35,5573,0,194
32529,2021-07-25,NE,Niger,AFRO,25,5598,1,195
32530,2021-08-01,NE,Niger,AFRO,25,5623,0,195
32531,2021-08-08,NE,Niger,AFRO,59,5682,1,196
32532,2021-08-15,NE,Niger,AFRO,40,5722,0,196
32533,2021-08-22,NE,Niger,AFRO,45,5767,0,196
32534,2021-08-29,NE,Niger,AFRO,72,5839,2,198
32535,2021-09-05,NE,Niger,AFRO,41,5880,1,199
32536,2021-09-12,NE,Niger,AFRO,39,5919,0,199
32537,2021-09-19,NE,Niger,AFRO,38,5957,2,201
32538,2021-09-26,NE,Niger,AFRO,17,5974,0,201
32539,2021-10-03,NE,Niger,AFRO,61,6035,2,203
32540,2021-10-10,NE,Niger,AFRO,58,6093,1,204
32541,2021-10-17,NE,Niger,AFRO,67,6160,0,204
32542,2021-10-24,NE,Niger,AFRO,88,6248,3,207
32543,2021-10-31,NE,Niger,AFRO,91,6339,5,212
32544,2021-11-07,NE,Niger,AFRO,151,6490,8,220
32545,2021-11-14,NE,Niger,AFRO,179,6669,11,231
32546,2021-11-21,NE,Niger,AFRO,124,6793,7,238
32547,2021-11-28,NE,Niger,AFRO,165,6958,16,254
32548,2021-12-05,NE,Niger,AFRO,103,7061,7,261
32549,2021-12-12,NE,Niger,AFRO,93,7154,7,268
32550,2021-12-19,NE,Niger,AFRO,45,7199,4,272
32551,2021-12-26,NE,Niger,AFRO,69,7268,2,274
32552,2022-01-02,NE,Niger,AFRO,170,7438,2,276
32553,2022-01-09,NE,Niger,AFRO,523,7961,4,280
32554,2022-01-16,NE,Niger,AFRO,405,8366,8,288
32555,2022-01-23,NE,Niger,AFRO,176,8542,7,295
32556,2022-01-30,NE,Niger,AFRO,106,8648,3,298
32557,2022-02-06,NE,Niger,AFRO,34,8682,4,302
32558,2022-02-13,NE,Niger,AFRO,27,8709,1,303
32559,2022-02-20,NE,Niger,AFRO,25,8734,0,303
32560,2022-02-27,NE,Niger,AFRO,12,8746,3,306
32561,2022-03-06,NE,Niger,AFRO,16,8762,1,307
32562,2022-03-13,NE,Niger,AFRO,19,8781,1,308
32563,2022-03-20,NE,Niger,AFRO,7,8788,0,308
32564,2022-03-27,NE,Niger,AFRO,13,8801,0,308
32565,2022-04-03,NE,Niger,AFRO,9,8810,0,308
32566,2022-04-10,NE,Niger,AFRO,13,8823,0,308
32567,2022-04-17,NE,Niger,AFRO,48,8871,0,308
32568,2022-04-24,NE,Niger,AFRO,43,8914,1,309
32569,2022-05-01,NE,Niger,AFRO,27,8941,0,309
32570,2022-05-08,NE,Niger,AFRO,45,8986,0,309
32571,2022-05-15,NE,Niger,AFRO,27,9013,1,310
32572,2022-05-22,NE,Niger,AFRO,21,9034,0,310
32573,2022-05-29,NE,Niger,AFRO,12,9046,0,310
32574,2022-06-05,NE,Niger,AFRO,10,9056,0,310
32575,2022-06-12,NE,Niger,AFRO,14,9070,0,310
32576,2022-06-19,NE,Niger,AFRO,8,9078,0,310
32577,2022-06-26,NE,Niger,AFRO,10,9088,1,311
32578,2022-07-03,NE,Niger,AFRO,2,9090,0,311
32579,2022-07-10,NE,Niger,AFRO,7,9097,0,311
32580,2022-07-17,NE,Niger,AFRO,7,9104,0,311
32581,2022-07-24,NE,Niger,AFRO,4,9108,0,311
32582,2022-07-31,NE,Niger,AFRO,6,9114,0,311
32583,2022-08-07,NE,Niger,AFRO,6,9120,0,311
32584,2022-08-14,NE,Niger,AFRO,18,9138,0,311
32585,2022-08-21,NE,Niger,AFRO,55,9193,1,312
32586,2022-08-28,NE,Niger,AFRO,127,9320,0,312
32587,2022-09-04,NE,Niger,AFRO,37,9357,0,312
32588,2022-09-11,NE,Niger,AFRO,20,9377,0,312
32589,2022-09-18,NE,Niger,AFRO,18,9395,1,313
32590,2022-09-25,NE,Niger,AFRO,10,9405,0,313
32591,2022-10-02,NE,Niger,AFRO,6,9411,0,313
32592,2022-10-09,NE,Niger,AFRO,4,9415,1,314
32593,2022-10-16,NE,Niger,AFRO,1,9416,0,314
32594,2022-10-23,NE,Niger,AFRO,9,9425,0,314
32595,2022-10-30,NE,Niger,AFRO,3,9428,0,314
32596,2022-11-06,NE,Niger,AFRO,2,9430,0,314
32597,2022-11-13,NE,Niger,AFRO,2,9432,0,314
32598,2022-11-20,NE,Niger,AFRO,2,9434,0,314
32599,2022-11-27,NE,Niger,AFRO,0,9434,0,314
32600,2022-12-04,NE,Niger,AFRO,11,9445,0,314
32601,2022-12-11,NE,Niger,AFRO,12,9457,0,314
32602,2022-12-18,NE,Niger,AFRO,16,9473,0,314
32603,2022-12-25,NE,Niger,AFRO,13,9486,0,314
32604,2023-01-01,NE,Niger,AFRO,18,9504,1,315
32605,2023-01-08,NE,Niger,AFRO,2,9506,0,315
32606,2023-01-15,NE,Niger,AFRO,1,9507,0,315
32607,2023-01-22,NE,Niger,AFRO,2,9509,0,315
32608,2023-01-29,NE,Niger,AFRO,1,9510,0,315
32609,2023-02-05,NE,Niger,AFRO,0,9510,0,315
32610,2023-02-12,NE,Niger,AFRO,2,9512,0,315
32611,2023-02-19,NE,Niger,AFRO,0,9512,0,315
32612,2023-02-26,NE,Niger,AFRO,1,9513,0,315
32613,2023-03-05,NE,Niger,AFRO,0,9513,0,315
32614,2023-03-12,NE,Niger,AFRO,0,9513,0,315
32615,2023-03-19,NE,Niger,AFRO,0,9513,0,315
32616,2023-03-26,NE,Niger,AFRO,0,9513,0,315
32617,2023-04-02,NE,Niger,AFRO,0,9513,0,315
32618,2023-04-09,NE,Niger,AFRO,0,9513,0,315
32619,2023-04-16,NE,Niger,AFRO,0,9513,0,315
32620,2023-04-23,NE,Niger,AFRO,0,9513,0,315
32621,2023-04-30,NE,Niger,AFRO,0,9513,0,315
32622,2023-05-07,NE,Niger,AFRO,0,9513,0,315
32623,2023-05-14,NE,Niger,AFRO,0,9513,0,315
32624,2023-05-21,NE,Niger,AFRO,1,9514,0,315
32625,2023-05-28,NE,Niger,AFRO,0,9514,0,315
32626,2023-06-04,NE,Niger,AFRO,0,9514,0,315
32627,2023-06-11,NE,Niger,AFRO,0,9514,0,315
32628,2023-06-18,NE,Niger,AFRO,0,9514,0,315
32629,2023-06-25,NE,Niger,AFRO,0,9514,0,315
32630,2023-07-02,NE,Niger,AFRO,1,9515,0,315
32631,2023-07-09,NE,Niger,AFRO,0,9515,0,315
32632,2023-07-16,NE,Niger,AFRO,0,9515,0,315
32633,2023-07-23,NE,Niger,AFRO,0,9515,0,315
32634,2023-07-30,NE,Niger,AFRO,0,9515,0,315
32635,2023-08-06,NE,Niger,AFRO,0,9515,0,315
32636,2023-08-13,NE,Niger,AFRO,0,9515,0,315
32637,2023-08-20,NE,Niger,AFRO,0,9515,0,315
32638,2023-08-27,NE,Niger,AFRO,0,9515,0,315
32639,2023-09-03,NE,Niger,AFRO,0,9515,0,315
32640,2023-09-10,NE,Niger,AFRO,0,9515,0,315
32641,2023-09-17,NE,Niger,AFRO,0,9515,0,315
32642,2023-09-24,NE,Niger,AFRO,0,9515,0,315
32643,2023-10-01,NE,Niger,AFRO,0,9515,0,315
32644,2023-10-08,NE,Niger,AFRO,0,9515,0,315
32645,2023-10-15,NE,Niger,AFRO,0,9515,0,315
32646,2023-10-22,NE,Niger,AFRO,0,9515,0,315
32647,2023-10-29,NE,Niger,AFRO,0,9515,0,315
32648,2023-11-05,NE,Niger,AFRO,0,9515,0,315
32649,2023-11-12,NE,Niger,AFRO,0,9515,0,315
32650,2023-11-19,NE,Niger,AFRO,0,9515,0,315
32651,2023-11-26,NE,Niger,AFRO,0,9515,0,315
32652,2023-12-03,NE,Niger,AFRO,0,9515,0,315
32653,2023-12-10,NE,Niger,AFRO,0,9515,0,315
32654,2023-12-17,NE,Niger,AFRO,0,9515,0,315
32655,2023-12-24,NE,Niger,AFRO,0,9515,0,315
32656,2020-01-05,NG,Nigeria,AFRO,0,0,0,0
32657,2020-01-12,NG,Nigeria,AFRO,0,0,0,0
32658,2020-01-19,NG,Nigeria,AFRO,0,0,0,0
32659,2020-01-26,NG,Nigeria,AFRO,0,0,0,0
32660,2020-02-02,NG,Nigeria,AFRO,0,0,0,0
32661,2020-02-09,NG,Nigeria,AFRO,0,0,0,0
32662,2020-02-16,NG,Nigeria,AFRO,0,0,0,0
32663,2020-02-23,NG,Nigeria,AFRO,0,0,0,0
32664,2020-03-01,NG,Nigeria,AFRO,1,1,0,0
32665,2020-03-08,NG,Nigeria,AFRO,0,1,0,0
32666,2020-03-15,NG,Nigeria,AFRO,1,2,0,0
32667,2020-03-22,NG,Nigeria,AFRO,24,26,0,0
32668,2020-03-29,NG,Nigeria,AFRO,71,97,3,3
32669,2020-04-05,NG,Nigeria,AFRO,117,214,4,7
32670,2020-04-12,NG,Nigeria,AFRO,104,318,5,12
32671,2020-04-19,NG,Nigeria,AFRO,223,541,9,21
32672,2020-04-26,NG,Nigeria,AFRO,641,1182,16,37
32673,2020-05-03,NG,Nigeria,AFRO,1206,2388,50,87
32674,2020-05-10,NG,Nigeria,AFRO,1763,4151,41,128
32675,2020-05-17,NG,Nigeria,AFRO,1470,5621,48,176
32676,2020-05-24,NG,Nigeria,AFRO,1905,7526,45,221
32677,2020-05-31,NG,Nigeria,AFRO,2329,9855,52,273
32678,2020-06-07,NG,Nigeria,AFRO,2378,12233,69,342
32679,2020-06-14,NG,Nigeria,AFRO,3449,15682,64,406
32680,2020-06-21,NG,Nigeria,AFRO,4126,19808,100,506
32681,2020-06-28,NG,Nigeria,AFRO,4269,24077,52,558
32682,2020-07-05,NG,Nigeria,AFRO,4090,28167,76,634
32683,2020-07-12,NG,Nigeria,AFRO,3820,31987,90,724
32684,2020-07-19,NG,Nigeria,AFRO,4120,36107,54,778
32685,2020-07-26,NG,Nigeria,AFRO,3870,39977,78,856
32686,2020-08-02,NG,Nigeria,AFRO,3560,43537,27,883
32687,2020-08-09,NG,Nigeria,AFRO,2603,46140,59,942
32688,2020-08-16,NG,Nigeria,AFRO,2630,48770,32,974
32689,2020-08-23,NG,Nigeria,AFRO,3135,51905,23,997
32690,2020-08-30,NG,Nigeria,AFRO,1822,53727,14,1011
32691,2020-09-06,NG,Nigeria,AFRO,1178,54905,43,1054
32692,2020-09-13,NG,Nigeria,AFRO,1272,56177,24,1078
32693,2020-09-20,NG,Nigeria,AFRO,968,57145,17,1095
32694,2020-09-27,NG,Nigeria,AFRO,1053,58198,11,1106
32695,2020-10-04,NG,Nigeria,AFRO,1089,59287,7,1113
32696,2020-10-11,NG,Nigeria,AFRO,816,60103,2,1115
32697,2020-10-18,NG,Nigeria,AFRO,1204,61307,8,1123
32698,2020-10-25,NG,Nigeria,AFRO,623,61930,6,1129
32699,2020-11-01,NG,Nigeria,AFRO,923,62853,15,1144
32700,2020-11-08,NG,Nigeria,AFRO,937,63790,10,1154
32701,2020-11-15,NG,Nigeria,AFRO,1206,64996,9,1163
32702,2020-11-22,NG,Nigeria,AFRO,1232,66228,3,1166
32703,2020-11-29,NG,Nigeria,AFRO,1102,67330,5,1171
32704,2020-12-06,NG,Nigeria,AFRO,1607,68937,9,1180
32705,2020-12-13,NG,Nigeria,AFRO,3820,72757,14,1194
32706,2020-12-20,NG,Nigeria,AFRO,5176,77933,24,1218
32707,2020-12-27,NG,Nigeria,AFRO,5643,83576,29,1247
32708,2021-01-03,NG,Nigeria,AFRO,5587,89163,55,1302
32709,2021-01-10,NG,Nigeria,AFRO,9900,99063,48,1350
32710,2021-01-17,NG,Nigeria,AFRO,9880,108943,70,1420
32711,2021-01-24,NG,Nigeria,AFRO,11659,120602,75,1495
32712,2021-01-31,NG,Nigeria,AFRO,9955,130557,83,1578
32713,2021-02-07,NG,Nigeria,AFRO,8685,139242,69,1647
32714,2021-02-14,NG,Nigeria,AFRO,6422,145664,100,1747
32715,2021-02-21,NG,Nigeria,AFRO,5889,151553,84,1831
32716,2021-02-28,NG,Nigeria,AFRO,3864,155417,74,1905
32717,2021-03-07,NG,Nigeria,AFRO,2820,158237,59,1964
32718,2021-03-14,NG,Nigeria,AFRO,2300,160537,49,2013
32719,2021-03-21,NG,Nigeria,AFRO,1114,161651,17,2030
32720,2021-03-28,NG,Nigeria,AFRO,838,162489,11,2041
32721,2021-04-04,NG,Nigeria,AFRO,624,163113,17,2058
32722,2021-04-11,NG,Nigeria,AFRO,623,163736,2,2060
32723,2021-04-18,NG,Nigeria,AFRO,471,164207,1,2061
32724,2021-04-25,NG,Nigeria,AFRO,477,164684,0,2061
32725,2021-05-02,NG,Nigeria,AFRO,469,165153,2,2063
32726,2021-05-09,NG,Nigeria,AFRO,229,165382,2,2065
32727,2021-05-16,NG,Nigeria,AFRO,320,165702,1,2066
32728,2021-05-23,NG,Nigeria,AFRO,277,165979,1,2067
32729,2021-05-30,NG,Nigeria,AFRO,306,166285,4,2071
32730,2021-06-06,NG,Nigeria,AFRO,471,166756,46,2117
32731,2021-06-13,NG,Nigeria,AFRO,303,167059,0,2117
32732,2021-06-20,NG,Nigeria,AFRO,96,167155,0,2117
32733,2021-06-27,NG,Nigeria,AFRO,310,167465,2,2119
32734,2021-07-04,NG,Nigeria,AFRO,338,167803,2,2121
32735,2021-07-11,NG,Nigeria,AFRO,737,168540,1,2122
32736,2021-07-18,NG,Nigeria,AFRO,789,169329,4,2126
32737,2021-07-25,NG,Nigeria,AFRO,1566,170895,6,2132
32738,2021-08-01,NG,Nigeria,AFRO,3013,173908,17,2149
32739,2021-08-08,NG,Nigeria,AFRO,3707,177615,36,2185
32740,2021-08-15,NG,Nigeria,AFRO,4347,181962,34,2219
32741,2021-08-22,NG,Nigeria,AFRO,4673,186635,41,2260
32742,2021-08-29,NG,Nigeria,AFRO,4348,190983,101,2361
32743,2021-09-05,NG,Nigeria,AFRO,4069,195052,161,2522
32744,2021-09-12,NG,Nigeria,AFRO,3734,198786,68,2590
32745,2021-09-19,NG,Nigeria,AFRO,2844,201630,64,2654
32746,2021-09-26,NG,Nigeria,AFRO,2571,204201,20,2674
32747,2021-10-03,NG,Nigeria,AFRO,1863,206064,49,2723
32748,2021-10-10,NG,Nigeria,AFRO,1554,207618,22,2745
32749,2021-10-17,NG,Nigeria,AFRO,1555,209173,59,2804
32750,2021-10-24,NG,Nigeria,AFRO,1122,210295,52,2856
32751,2021-10-31,NG,Nigeria,AFRO,1592,211887,39,2895
32752,2021-11-07,NG,Nigeria,AFRO,740,212627,10,2905
32753,2021-11-14,NG,Nigeria,AFRO,500,213127,55,2960
32754,2021-11-21,NG,Nigeria,AFRO,405,213532,13,2973
32755,2021-11-28,NG,Nigeria,AFRO,450,213982,2,2975
32756,2021-12-05,NG,Nigeria,AFRO,585,214567,5,2980
32757,2021-12-12,NG,Nigeria,AFRO,2496,217063,1,2981
32758,2021-12-19,NG,Nigeria,AFRO,6420,223483,3,2984
32759,2021-12-26,NG,Nigeria,AFRO,12531,236014,30,3014
32760,2022-01-02,NG,Nigeria,AFRO,6863,242877,19,3033
32761,2022-01-09,NG,Nigeria,AFRO,4898,247775,38,3071
32762,2022-01-16,NG,Nigeria,AFRO,2853,250628,24,3095
32763,2022-01-23,NG,Nigeria,AFRO,1331,251959,29,3124
32764,2022-01-30,NG,Nigeria,AFRO,1061,253020,11,3135
32765,2022-02-06,NG,Nigeria,AFRO,665,253685,1,3136
32766,2022-02-13,NG,Nigeria,AFRO,285,253970,4,3140
32767,2022-02-20,NG,Nigeria,AFRO,273,254243,2,3142
32768,2022-02-27,NG,Nigeria,AFRO,258,254501,0,3142
32769,2022-03-06,NG,Nigeria,AFRO,136,254637,0,3142
32770,2022-03-13,NG,Nigeria,AFRO,308,254945,0,3142
32771,2022-03-20,NG,Nigeria,AFRO,158,255103,0,3142
32772,2022-03-27,NG,Nigeria,AFRO,193,255296,0,3142
32773,2022-04-03,NG,Nigeria,AFRO,172,255468,0,3142
32774,2022-04-10,NG,Nigeria,AFRO,138,255606,0,3142
32775,2022-04-17,NG,Nigeria,AFRO,42,255648,1,3143
32776,2022-04-24,NG,Nigeria,AFRO,37,255685,0,3143
32777,2022-05-01,NG,Nigeria,AFRO,31,255716,0,3143
32778,2022-05-08,NG,Nigeria,AFRO,50,255766,0,3143
32779,2022-05-15,NG,Nigeria,AFRO,93,255859,0,3143
32780,2022-05-22,NG,Nigeria,AFRO,78,255937,0,3143
32781,2022-05-29,NG,Nigeria,AFRO,91,256028,0,3143
32782,2022-06-05,NG,Nigeria,AFRO,120,256148,0,3143
32783,2022-06-12,NG,Nigeria,AFRO,204,256352,1,3144
32784,2022-06-19,NG,Nigeria,AFRO,221,256573,0,3144
32785,2022-06-26,NG,Nigeria,AFRO,385,256958,0,3144
32786,2022-07-03,NG,Nigeria,AFRO,679,257637,0,3144
32787,2022-07-10,NG,Nigeria,AFRO,880,258517,0,3144
32788,2022-07-17,NG,Nigeria,AFRO,490,259007,0,3144
32789,2022-07-24,NG,Nigeria,AFRO,478,259485,2,3146
32790,2022-07-31,NG,Nigeria,AFRO,1492,260977,1,3147
32791,2022-08-07,NG,Nigeria,AFRO,908,261885,0,3147
32792,2022-08-14,NG,Nigeria,AFRO,635,262520,0,3147
32793,2022-08-21,NG,Nigeria,AFRO,392,262912,0,3147
32794,2022-08-28,NG,Nigeria,AFRO,495,263407,1,3148
32795,2022-09-04,NG,Nigeria,AFRO,460,263867,0,3148
32796,2022-09-11,NG,Nigeria,AFRO,583,264450,6,3154
32797,2022-09-18,NG,Nigeria,AFRO,483,264933,1,3155
32798,2022-09-25,NG,Nigeria,AFRO,253,265186,0,3155
32799,2022-10-02,NG,Nigeria,AFRO,245,265431,0,3155
32800,2022-10-09,NG,Nigeria,AFRO,385,265816,0,3155
32801,2022-10-16,NG,Nigeria,AFRO,121,265937,0,3155
32802,2022-10-23,NG,Nigeria,AFRO,106,266043,0,3155
32803,2022-10-30,NG,Nigeria,AFRO,95,266138,0,3155
32804,2022-11-06,NG,Nigeria,AFRO,54,266192,0,3155
32805,2022-11-13,NG,Nigeria,AFRO,50,266242,0,3155
32806,2022-11-20,NG,Nigeria,AFRO,41,266283,0,3155
32807,2022-11-27,NG,Nigeria,AFRO,30,266313,0,3155
32808,2022-12-04,NG,Nigeria,AFRO,37,266350,0,3155
32809,2022-12-11,NG,Nigeria,AFRO,31,266381,0,3155
32810,2022-12-18,NG,Nigeria,AFRO,17,266398,0,3155
32811,2022-12-25,NG,Nigeria,AFRO,17,266415,0,3155
32812,2023-01-01,NG,Nigeria,AFRO,35,266450,0,3155
32813,2023-01-08,NG,Nigeria,AFRO,13,266463,0,3155
32814,2023-01-15,NG,Nigeria,AFRO,0,266463,0,3155
32815,2023-01-22,NG,Nigeria,AFRO,0,266463,0,3155
32816,2023-01-29,NG,Nigeria,AFRO,0,266463,0,3155
32817,2023-02-05,NG,Nigeria,AFRO,0,266463,0,3155
32818,2023-02-12,NG,Nigeria,AFRO,0,266463,0,3155
32819,2023-02-19,NG,Nigeria,AFRO,130,266593,0,3155
32820,2023-02-26,NG,Nigeria,AFRO,5,266598,0,3155
32821,2023-03-05,NG,Nigeria,AFRO,30,266628,0,3155
32822,2023-03-12,NG,Nigeria,AFRO,13,266641,0,3155
32823,2023-03-19,NG,Nigeria,AFRO,11,266652,0,3155
32824,2023-03-26,NG,Nigeria,AFRO,8,266660,0,3155
32825,2023-04-02,NG,Nigeria,AFRO,5,266665,0,3155
32826,2023-04-09,NG,Nigeria,AFRO,10,266675,0,3155
32827,2023-04-16,NG,Nigeria,AFRO,0,266675,0,3155
32828,2023-04-23,NG,Nigeria,AFRO,0,266675,0,3155
32829,2023-04-30,NG,Nigeria,AFRO,0,266675,0,3155
32830,2023-05-07,NG,Nigeria,AFRO,0,266675,0,3155
32831,2023-05-14,NG,Nigeria,AFRO,0,266675,0,3155
32832,2023-05-21,NG,Nigeria,AFRO,0,266675,0,3155
32833,2023-05-28,NG,Nigeria,AFRO,0,266675,0,3155
32834,2023-06-04,NG,Nigeria,AFRO,0,266675,0,3155
32835,2023-06-11,NG,Nigeria,AFRO,0,266675,0,3155
32836,2023-06-18,NG,Nigeria,AFRO,0,266675,0,3155
32837,2023-06-25,NG,Nigeria,AFRO,0,266675,0,3155
32838,2023-07-02,NG,Nigeria,AFRO,0,266675,0,3155
32839,2023-07-09,NG,Nigeria,AFRO,0,266675,0,3155
32840,2023-07-16,NG,Nigeria,AFRO,0,266675,0,3155
32841,2023-07-23,NG,Nigeria,AFRO,0,266675,0,3155
32842,2023-07-30,NG,Nigeria,AFRO,0,266675,0,3155
32843,2023-08-06,NG,Nigeria,AFRO,0,266675,0,3155
32844,2023-08-13,NG,Nigeria,AFRO,361,267036,0,3155
32845,2023-08-20,NG,Nigeria,AFRO,5,267041,0,3155
32846,2023-08-27,NG,Nigeria,AFRO,10,267051,0,3155
32847,2023-09-03,NG,Nigeria,AFRO,42,267093,0,3155
32848,2023-09-10,NG,Nigeria,AFRO,25,267118,0,3155
32849,2023-09-17,NG,Nigeria,AFRO,15,267133,0,3155
32850,2023-09-24,NG,Nigeria,AFRO,5,267138,0,3155
32851,2023-10-01,NG,Nigeria,AFRO,8,267146,0,3155
32852,2023-10-08,NG,Nigeria,AFRO,9,267155,0,3155
32853,2023-10-15,NG,Nigeria,AFRO,1,267156,0,3155
32854,2023-10-22,NG,Nigeria,AFRO,10,267166,0,3155
32855,2023-10-29,NG,Nigeria,AFRO,7,267173,0,3155
32856,2023-11-05,NG,Nigeria,AFRO,0,267173,0,3155
32857,2023-11-12,NG,Nigeria,AFRO,0,267173,0,3155
32858,2023-11-19,NG,Nigeria,AFRO,0,267173,0,3155
32859,2023-11-26,NG,Nigeria,AFRO,0,267173,0,3155
32860,2023-12-03,NG,Nigeria,AFRO,0,267173,0,3155
32861,2023-12-10,NG,Nigeria,AFRO,0,267173,0,3155
32862,2023-12-17,NG,Nigeria,AFRO,0,267173,0,3155
32863,2023-12-24,NG,Nigeria,AFRO,0,267173,0,3155
32864,2020-01-05,NU,Niue,WPRO,0,0,0,0
32865,2020-01-12,NU,Niue,WPRO,0,0,0,0
32866,2020-01-19,NU,Niue,WPRO,0,0,0,0
32867,2020-01-26,NU,Niue,WPRO,0,0,0,0
32868,2020-02-02,NU,Niue,WPRO,0,0,0,0
32869,2020-02-09,NU,Niue,WPRO,0,0,0,0
32870,2020-02-16,NU,Niue,WPRO,0,0,0,0
32871,2020-02-23,NU,Niue,WPRO,0,0,0,0
32872,2020-03-01,NU,Niue,WPRO,0,0,0,0
32873,2020-03-08,NU,Niue,WPRO,0,0,0,0
32874,2020-03-15,NU,Niue,WPRO,0,0,0,0
32875,2020-03-22,NU,Niue,WPRO,0,0,0,0
32876,2020-03-29,NU,Niue,WPRO,0,0,0,0
32877,2020-04-05,NU,Niue,WPRO,0,0,0,0
32878,2020-04-12,NU,Niue,WPRO,0,0,0,0
32879,2020-04-19,NU,Niue,WPRO,0,0,0,0
32880,2020-04-26,NU,Niue,WPRO,0,0,0,0
32881,2020-05-03,NU,Niue,WPRO,0,0,0,0
32882,2020-05-10,NU,Niue,WPRO,0,0,0,0
32883,2020-05-17,NU,Niue,WPRO,0,0,0,0
32884,2020-05-24,NU,Niue,WPRO,0,0,0,0
32885,2020-05-31,NU,Niue,WPRO,0,0,0,0
32886,2020-06-07,NU,Niue,WPRO,0,0,0,0
32887,2020-06-14,NU,Niue,WPRO,0,0,0,0
32888,2020-06-21,NU,Niue,WPRO,0,0,0,0
32889,2020-06-28,NU,Niue,WPRO,0,0,0,0
32890,2020-07-05,NU,Niue,WPRO,0,0,0,0
32891,2020-07-12,NU,Niue,WPRO,0,0,0,0
32892,2020-07-19,NU,Niue,WPRO,0,0,0,0
32893,2020-07-26,NU,Niue,WPRO,0,0,0,0
32894,2020-08-02,NU,Niue,WPRO,0,0,0,0
32895,2020-08-09,NU,Niue,WPRO,0,0,0,0
32896,2020-08-16,NU,Niue,WPRO,0,0,0,0
32897,2020-08-23,NU,Niue,WPRO,0,0,0,0
32898,2020-08-30,NU,Niue,WPRO,0,0,0,0
32899,2020-09-06,NU,Niue,WPRO,0,0,0,0
32900,2020-09-13,NU,Niue,WPRO,0,0,0,0
32901,2020-09-20,NU,Niue,WPRO,0,0,0,0
32902,2020-09-27,NU,Niue,WPRO,0,0,0,0
32903,2020-10-04,NU,Niue,WPRO,0,0,0,0
32904,2020-10-11,NU,Niue,WPRO,0,0,0,0
32905,2020-10-18,NU,Niue,WPRO,0,0,0,0
32906,2020-10-25,NU,Niue,WPRO,0,0,0,0
32907,2020-11-01,NU,Niue,WPRO,0,0,0,0
32908,2020-11-08,NU,Niue,WPRO,0,0,0,0
32909,2020-11-15,NU,Niue,WPRO,0,0,0,0
32910,2020-11-22,NU,Niue,WPRO,0,0,0,0
32911,2020-11-29,NU,Niue,WPRO,0,0,0,0
32912,2020-12-06,NU,Niue,WPRO,0,0,0,0
32913,2020-12-13,NU,Niue,WPRO,0,0,0,0
32914,2020-12-20,NU,Niue,WPRO,0,0,0,0
32915,2020-12-27,NU,Niue,WPRO,0,0,0,0
32916,2021-01-03,NU,Niue,WPRO,0,0,0,0
32917,2021-01-10,NU,Niue,WPRO,0,0,0,0
32918,2021-01-17,NU,Niue,WPRO,0,0,0,0
32919,2021-01-24,NU,Niue,WPRO,0,0,0,0
32920,2021-01-31,NU,Niue,WPRO,0,0,0,0
32921,2021-02-07,NU,Niue,WPRO,0,0,0,0
32922,2021-02-14,NU,Niue,WPRO,0,0,0,0
32923,2021-02-21,NU,Niue,WPRO,0,0,0,0
32924,2021-02-28,NU,Niue,WPRO,0,0,0,0
32925,2021-03-07,NU,Niue,WPRO,0,0,0,0
32926,2021-03-14,NU,Niue,WPRO,0,0,0,0
32927,2021-03-21,NU,Niue,WPRO,0,0,0,0
32928,2021-03-28,NU,Niue,WPRO,0,0,0,0
32929,2021-04-04,NU,Niue,WPRO,0,0,0,0
32930,2021-04-11,NU,Niue,WPRO,0,0,0,0
32931,2021-04-18,NU,Niue,WPRO,0,0,0,0
32932,2021-04-25,NU,Niue,WPRO,0,0,0,0
32933,2021-05-02,NU,Niue,WPRO,0,0,0,0
32934,2021-05-09,NU,Niue,WPRO,0,0,0,0
32935,2021-05-16,NU,Niue,WPRO,0,0,0,0
32936,2021-05-23,NU,Niue,WPRO,0,0,0,0
32937,2021-05-30,NU,Niue,WPRO,0,0,0,0
32938,2021-06-06,NU,Niue,WPRO,0,0,0,0
32939,2021-06-13,NU,Niue,WPRO,0,0,0,0
32940,2021-06-20,NU,Niue,WPRO,0,0,0,0
32941,2021-06-27,NU,Niue,WPRO,0,0,0,0
32942,2021-07-04,NU,Niue,WPRO,0,0,0,0
32943,2021-07-11,NU,Niue,WPRO,0,0,0,0
32944,2021-07-18,NU,Niue,WPRO,0,0,0,0
32945,2021-07-25,NU,Niue,WPRO,0,0,0,0
32946,2021-08-01,NU,Niue,WPRO,0,0,0,0
32947,2021-08-08,NU,Niue,WPRO,0,0,0,0
32948,2021-08-15,NU,Niue,WPRO,0,0,0,0
32949,2021-08-22,NU,Niue,WPRO,0,0,0,0
32950,2021-08-29,NU,Niue,WPRO,0,0,0,0
32951,2021-09-05,NU,Niue,WPRO,0,0,0,0
32952,2021-09-12,NU,Niue,WPRO,0,0,0,0
32953,2021-09-19,NU,Niue,WPRO,0,0,0,0
32954,2021-09-26,NU,Niue,WPRO,0,0,0,0
32955,2021-10-03,NU,Niue,WPRO,0,0,0,0
32956,2021-10-10,NU,Niue,WPRO,0,0,0,0
32957,2021-10-17,NU,Niue,WPRO,0,0,0,0
32958,2021-10-24,NU,Niue,WPRO,0,0,0,0
32959,2021-10-31,NU,Niue,WPRO,0,0,0,0
32960,2021-11-07,NU,Niue,WPRO,0,0,0,0
32961,2021-11-14,NU,Niue,WPRO,0,0,0,0
32962,2021-11-21,NU,Niue,WPRO,0,0,0,0
32963,2021-11-28,NU,Niue,WPRO,0,0,0,0
32964,2021-12-05,NU,Niue,WPRO,0,0,0,0
32965,2021-12-12,NU,Niue,WPRO,0,0,0,0
32966,2021-12-19,NU,Niue,WPRO,0,0,0,0
32967,2021-12-26,NU,Niue,WPRO,0,0,0,0
32968,2022-01-02,NU,Niue,WPRO,0,0,0,0
32969,2022-01-09,NU,Niue,WPRO,0,0,0,0
32970,2022-01-16,NU,Niue,WPRO,0,0,0,0
32971,2022-01-23,NU,Niue,WPRO,0,0,0,0
32972,2022-01-30,NU,Niue,WPRO,0,0,0,0
32973,2022-02-06,NU,Niue,WPRO,0,0,0,0
32974,2022-02-13,NU,Niue,WPRO,0,0,0,0
32975,2022-02-20,NU,Niue,WPRO,0,0,0,0
32976,2022-02-27,NU,Niue,WPRO,0,0,0,0
32977,2022-03-06,NU,Niue,WPRO,0,0,0,0
32978,2022-03-13,NU,Niue,WPRO,1,1,0,0
32979,2022-03-20,NU,Niue,WPRO,0,1,0,0
32980,2022-03-27,NU,Niue,WPRO,4,5,0,0
32981,2022-04-03,NU,Niue,WPRO,2,7,0,0
32982,2022-04-10,NU,Niue,WPRO,0,7,0,0
32983,2022-04-17,NU,Niue,WPRO,0,7,0,0
32984,2022-04-24,NU,Niue,WPRO,1,8,0,0
32985,2022-05-01,NU,Niue,WPRO,1,9,0,0
32986,2022-05-08,NU,Niue,WPRO,0,9,0,0
32987,2022-05-15,NU,Niue,WPRO,0,9,0,0
32988,2022-05-22,NU,Niue,WPRO,0,9,0,0
32989,2022-05-29,NU,Niue,WPRO,0,9,0,0
32990,2022-06-05,NU,Niue,WPRO,0,9,0,0
32991,2022-06-12,NU,Niue,WPRO,0,9,0,0
32992,2022-06-19,NU,Niue,WPRO,1,10,0,0
32993,2022-06-26,NU,Niue,WPRO,0,10,0,0
32994,2022-07-03,NU,Niue,WPRO,10,20,0,0
32995,2022-07-10,NU,Niue,WPRO,4,24,0,0
32996,2022-07-17,NU,Niue,WPRO,5,29,0,0
32997,2022-07-24,NU,Niue,WPRO,0,29,0,0
32998,2022-07-31,NU,Niue,WPRO,18,47,0,0
32999,2022-08-07,NU,Niue,WPRO,11,58,0,0
33000,2022-08-14,NU,Niue,WPRO,2,60,0,0
33001,2022-08-21,NU,Niue,WPRO,0,60,0,0
33002,2022-08-28,NU,Niue,WPRO,0,60,0,0
33003,2022-09-04,NU,Niue,WPRO,13,73,0,0
33004,2022-09-11,NU,Niue,WPRO,4,77,0,0
33005,2022-09-18,NU,Niue,WPRO,2,79,0,0
33006,2022-09-25,NU,Niue,WPRO,1,80,0,0
33007,2022-10-02,NU,Niue,WPRO,0,80,0,0
33008,2022-10-09,NU,Niue,WPRO,1,81,0,0
33009,2022-10-16,NU,Niue,WPRO,2,83,0,0
33010,2022-10-23,NU,Niue,WPRO,2,85,0,0
33011,2022-10-30,NU,Niue,WPRO,0,85,0,0
33012,2022-11-06,NU,Niue,WPRO,0,85,0,0
33013,2022-11-13,NU,Niue,WPRO,2,87,0,0
33014,2022-11-20,NU,Niue,WPRO,13,100,0,0
33015,2022-11-27,NU,Niue,WPRO,11,111,0,0
33016,2022-12-04,NU,Niue,WPRO,58,169,0,0
33017,2022-12-11,NU,Niue,WPRO,18,187,0,0
33018,2022-12-18,NU,Niue,WPRO,76,263,0,0
33019,2022-12-25,NU,Niue,WPRO,72,335,0,0
33020,2023-01-01,NU,Niue,WPRO,123,458,0,0
33021,2023-01-08,NU,Niue,WPRO,155,613,0,0
33022,2023-01-15,NU,Niue,WPRO,101,714,0,0
33023,2023-01-22,NU,Niue,WPRO,16,730,0,0
33024,2023-01-29,NU,Niue,WPRO,11,741,0,0
33025,2023-02-05,NU,Niue,WPRO,6,747,0,0
33026,2023-02-12,NU,Niue,WPRO,0,747,0,0
33027,2023-02-19,NU,Niue,WPRO,0,747,0,0
33028,2023-02-26,NU,Niue,WPRO,0,747,0,0
33029,2023-03-05,NU,Niue,WPRO,0,747,0,0
33030,2023-03-12,NU,Niue,WPRO,0,747,0,0
33031,2023-03-19,NU,Niue,WPRO,0,747,0,0
33032,2023-03-26,NU,Niue,WPRO,0,747,0,0
33033,2023-04-02,NU,Niue,WPRO,0,747,0,0
33034,2023-04-09,NU,Niue,WPRO,0,747,0,0
33035,2023-04-16,NU,Niue,WPRO,0,747,0,0
33036,2023-04-23,NU,Niue,WPRO,0,747,0,0
33037,2023-04-30,NU,Niue,WPRO,0,747,0,0
33038,2023-05-07,NU,Niue,WPRO,0,747,0,0
33039,2023-05-14,NU,Niue,WPRO,54,801,0,0
33040,2023-05-21,NU,Niue,WPRO,1,802,0,0
33041,2023-05-28,NU,Niue,WPRO,5,807,0,0
33042,2023-06-04,NU,Niue,WPRO,10,817,0,0
33043,2023-06-11,NU,Niue,WPRO,3,820,0,0
33044,2023-06-18,NU,Niue,WPRO,0,820,0,0
33045,2023-06-25,NU,Niue,WPRO,0,820,0,0
33046,2023-07-02,NU,Niue,WPRO,0,820,0,0
33047,2023-07-09,NU,Niue,WPRO,1,821,0,0
33048,2023-07-16,NU,Niue,WPRO,1,822,0,0
33049,2023-07-23,NU,Niue,WPRO,0,822,0,0
33050,2023-07-30,NU,Niue,WPRO,0,822,0,0
33051,2023-08-06,NU,Niue,WPRO,3,825,0,0
33052,2023-08-13,NU,Niue,WPRO,5,830,0,0
33053,2023-08-20,NU,Niue,WPRO,1,831,0,0
33054,2023-08-27,NU,Niue,WPRO,27,858,0,0
33055,2023-09-03,NU,Niue,WPRO,10,868,0,0
33056,2023-09-10,NU,Niue,WPRO,19,887,0,0
33057,2023-09-17,NU,Niue,WPRO,0,887,0,0
33058,2023-09-24,NU,Niue,WPRO,0,887,0,0
33059,2023-10-01,NU,Niue,WPRO,0,887,0,0
33060,2023-10-08,NU,Niue,WPRO,0,887,0,0
33061,2023-10-15,NU,Niue,WPRO,0,887,0,0
33062,2023-10-22,NU,Niue,WPRO,0,887,0,0
33063,2023-10-29,NU,Niue,WPRO,0,887,0,0
33064,2023-11-05,NU,Niue,WPRO,2,889,0,0
33065,2023-11-12,NU,Niue,WPRO,0,889,0,0
33066,2023-11-19,NU,Niue,WPRO,0,889,0,0
33067,2023-11-26,NU,Niue,WPRO,6,895,0,0
33068,2023-12-03,NU,Niue,WPRO,0,895,0,0
33069,2023-12-10,NU,Niue,WPRO,0,895,0,0
33070,2023-12-17,NU,Niue,WPRO,0,895,0,0
33071,2023-12-24,NU,Niue,WPRO,0,895,0,0
33072,2020-01-05,MK,North Macedonia,EURO,0,0,0,0
33073,2020-01-12,MK,North Macedonia,EURO,0,0,0,0
33074,2020-01-19,MK,North Macedonia,EURO,0,0,0,0
33075,2020-01-26,MK,North Macedonia,EURO,0,0,0,0
33076,2020-02-02,MK,North Macedonia,EURO,0,0,0,0
33077,2020-02-09,MK,North Macedonia,EURO,0,0,0,0
33078,2020-02-16,MK,North Macedonia,EURO,0,0,0,0
33079,2020-02-23,MK,North Macedonia,EURO,0,0,0,0
33080,2020-03-01,MK,North Macedonia,EURO,1,1,0,0
33081,2020-03-08,MK,North Macedonia,EURO,3,4,0,0
33082,2020-03-15,MK,North Macedonia,EURO,15,19,0,0
33083,2020-03-22,MK,North Macedonia,EURO,117,136,1,1
33084,2020-03-29,MK,North Macedonia,EURO,149,285,5,6
33085,2020-04-05,MK,North Macedonia,EURO,287,572,17,23
33086,2020-04-12,MK,North Macedonia,EURO,286,858,15,38
33087,2020-04-19,MK,North Macedonia,EURO,370,1228,18,56
33088,2020-04-26,MK,North Macedonia,EURO,170,1398,13,69
33089,2020-05-03,MK,North Macedonia,EURO,120,1518,18,87
33090,2020-05-10,MK,North Macedonia,EURO,146,1664,6,93
33091,2020-05-17,MK,North Macedonia,EURO,153,1817,14,107
33092,2020-05-24,MK,North Macedonia,EURO,181,1998,9,116
33093,2020-05-31,MK,North Macedonia,EURO,317,2315,23,139
33094,2020-06-07,MK,North Macedonia,EURO,839,3154,20,159
33095,2020-06-14,MK,North Macedonia,EURO,1009,4163,41,200
33096,2020-06-21,MK,North Macedonia,EURO,1035,5198,54,254
33097,2020-06-28,MK,North Macedonia,EURO,1014,6212,53,307
33098,2020-07-05,MK,North Macedonia,EURO,928,7140,50,357
33099,2020-07-12,MK,North Macedonia,EURO,1073,8213,39,396
33100,2020-07-19,MK,North Macedonia,EURO,1044,9257,48,444
33101,2020-07-26,MK,North Macedonia,EURO,953,10210,36,480
33102,2020-08-02,MK,North Macedonia,EURO,910,11120,31,511
33103,2020-08-09,MK,North Macedonia,EURO,814,11934,26,537
33104,2020-08-16,MK,North Macedonia,EURO,897,12831,21,558
33105,2020-08-23,MK,North Macedonia,EURO,838,13669,22,580
33106,2020-08-30,MK,North Macedonia,EURO,661,14330,36,616
33107,2020-09-06,MK,North Macedonia,EURO,790,15120,26,642
33108,2020-09-13,MK,North Macedonia,EURO,703,15823,28,670
33109,2020-09-20,MK,North Macedonia,EURO,955,16778,49,719
33110,2020-09-27,MK,North Macedonia,EURO,888,17666,29,748
33111,2020-10-04,MK,North Macedonia,EURO,1204,18870,33,781
33112,2020-10-11,MK,North Macedonia,EURO,2243,21113,34,815
33113,2020-10-18,MK,North Macedonia,EURO,2676,23789,55,870
33114,2020-10-25,MK,North Macedonia,EURO,3405,27194,100,970
33115,2020-11-01,MK,North Macedonia,EURO,5801,32995,115,1085
33116,2020-11-08,MK,North Macedonia,EURO,7287,40282,191,1276
33117,2020-11-15,MK,North Macedonia,EURO,7362,47644,242,1518
33118,2020-11-22,MK,North Macedonia,EURO,7483,55127,267,1785
33119,2020-11-29,MK,North Macedonia,EURO,6741,61868,273,2058
33120,2020-12-06,MK,North Macedonia,EURO,6460,68328,257,2315
33121,2020-12-13,MK,North Macedonia,EURO,5514,73842,212,2527
33122,2020-12-20,MK,North Macedonia,EURO,4585,78427,204,2731
33123,2020-12-27,MK,North Macedonia,EURO,3369,81796,165,2896
33124,2021-01-03,MK,North Macedonia,EURO,2325,84121,124,3020
33125,2021-01-10,MK,North Macedonia,EURO,2463,86584,84,3104
33126,2021-01-17,MK,North Macedonia,EURO,2387,88971,100,3204
33127,2021-01-24,MK,North Macedonia,EURO,1724,90695,91,3295
33128,2021-01-31,MK,North Macedonia,EURO,2031,92726,81,3376
33129,2021-02-07,MK,North Macedonia,EURO,2113,94839,70,3446
33130,2021-02-14,MK,North Macedonia,EURO,2220,97059,49,3495
33131,2021-02-21,MK,North Macedonia,EURO,2318,99377,80,3575
33132,2021-02-28,MK,North Macedonia,EURO,3626,103003,87,3662
33133,2021-03-07,MK,North Macedonia,EURO,4454,107457,80,3742
33134,2021-03-14,MK,North Macedonia,EURO,5451,112908,148,3890
33135,2021-03-21,MK,North Macedonia,EURO,6888,119796,182,4072
33136,2021-03-28,MK,North Macedonia,EURO,7403,127199,242,4314
33137,2021-04-04,MK,North Macedonia,EURO,7922,135121,304,4618
33138,2021-04-11,MK,North Macedonia,EURO,6858,141979,324,4942
33139,2021-04-18,MK,North Macedonia,EURO,5199,147178,246,5188
33140,2021-04-25,MK,North Macedonia,EURO,3438,150616,226,5414
33141,2021-05-02,MK,North Macedonia,EURO,2075,152691,195,5609
33142,2021-05-09,MK,North Macedonia,EURO,1304,153995,124,5733
33143,2021-05-16,MK,North Macedonia,EURO,671,154666,69,5802
33144,2021-05-23,MK,North Macedonia,EURO,369,155035,40,5842
33145,2021-05-30,MK,North Macedonia,EURO,219,155254,29,5871
33146,2021-06-06,MK,North Macedonia,EURO,155,155409,18,5889
33147,2021-06-13,MK,North Macedonia,EURO,122,155531,10,5899
33148,2021-06-20,MK,North Macedonia,EURO,88,155619,4,5903
33149,2021-06-27,MK,North Macedonia,EURO,48,155667,7,5910
33150,2021-07-04,MK,North Macedonia,EURO,39,155706,0,5910
33151,2021-07-11,MK,North Macedonia,EURO,85,155791,1,5911
33152,2021-07-18,MK,North Macedonia,EURO,126,155917,0,5911
33153,2021-07-25,MK,North Macedonia,EURO,159,156076,4,5915
33154,2021-08-01,MK,North Macedonia,EURO,418,156494,7,5922
33155,2021-08-08,MK,North Macedonia,EURO,1639,158133,20,5942
33156,2021-08-15,MK,North Macedonia,EURO,4306,162439,59,6001
33157,2021-08-22,MK,North Macedonia,EURO,6826,169265,183,6184
33158,2021-08-29,MK,North Macedonia,EURO,6347,175612,237,6421
33159,2021-09-05,MK,North Macedonia,EURO,4621,180233,245,6666
33160,2021-09-12,MK,North Macedonia,EURO,3469,183702,176,6842
33161,2021-09-19,MK,North Macedonia,EURO,3338,187040,187,7029
33162,2021-09-26,MK,North Macedonia,EURO,2935,189975,144,7173
33163,2021-10-03,MK,North Macedonia,EURO,2670,192645,110,7283
33164,2021-10-10,MK,North Macedonia,EURO,2351,194996,102,7385
33165,2021-10-17,MK,North Macedonia,EURO,2206,197202,93,7478
33166,2021-10-24,MK,North Macedonia,EURO,2704,199906,94,7572
33167,2021-10-31,MK,North Macedonia,EURO,2804,202710,88,7660
33168,2021-11-07,MK,North Macedonia,EURO,3503,206213,95,7755
33169,2021-11-14,MK,North Macedonia,EURO,3212,209425,94,7849
33170,2021-11-21,MK,North Macedonia,EURO,2928,212353,102,7951
33171,2021-11-28,MK,North Macedonia,EURO,2751,215104,111,8062
33172,2021-12-05,MK,North Macedonia,EURO,2274,217378,81,8143
33173,2021-12-12,MK,North Macedonia,EURO,2089,219467,76,8219
33174,2021-12-19,MK,North Macedonia,EURO,1921,221388,83,8302
33175,2021-12-26,MK,North Macedonia,EURO,1921,223309,50,8352
33176,2022-01-02,MK,North Macedonia,EURO,2641,225950,63,8415
33177,2022-01-09,MK,North Macedonia,EURO,8303,234253,60,8475
33178,2022-01-16,MK,North Macedonia,EURO,11094,245347,66,8541
33179,2022-01-23,MK,North Macedonia,EURO,11561,256908,116,8657
33180,2022-01-30,MK,North Macedonia,EURO,11881,268789,178,8835
33181,2022-02-06,MK,North Macedonia,EURO,9967,278756,202,9037
33182,2022-02-13,MK,North Macedonia,EURO,8624,287380,161,9198
33183,2022-02-20,MK,North Macedonia,EURO,6111,293491,141,9339
33184,2022-02-27,MK,North Macedonia,EURO,3692,297183,100,9439
33185,2022-03-06,MK,North Macedonia,EURO,2496,299679,60,9499
33186,2022-03-13,MK,North Macedonia,EURO,1810,301489,40,9539
33187,2022-03-20,MK,North Macedonia,EURO,1831,303320,24,9563
33188,2022-03-27,MK,North Macedonia,EURO,1694,305014,25,9588
33189,2022-04-03,MK,North Macedonia,EURO,1602,306616,14,9602
33190,2022-04-10,MK,North Macedonia,EURO,1101,307717,12,9614
33191,2022-04-17,MK,North Macedonia,EURO,800,308517,8,9622
33192,2022-04-24,MK,North Macedonia,EURO,590,309107,7,9629
33193,2022-05-01,MK,North Macedonia,EURO,580,309687,7,9636
33194,2022-05-08,MK,North Macedonia,EURO,531,310218,4,9640
33195,2022-05-15,MK,North Macedonia,EURO,562,310780,2,9642
33196,2022-05-22,MK,North Macedonia,EURO,491,311271,1,9643
33197,2022-05-29,MK,North Macedonia,EURO,501,311772,3,9646
33198,2022-06-05,MK,North Macedonia,EURO,455,312227,2,9648
33199,2022-06-12,MK,North Macedonia,EURO,314,312541,4,9652
33200,2022-06-19,MK,North Macedonia,EURO,352,312893,1,9653
33201,2022-06-26,MK,North Macedonia,EURO,580,313473,1,9654
33202,2022-07-03,MK,North Macedonia,EURO,961,314434,3,9657
33203,2022-07-10,MK,North Macedonia,EURO,1728,316162,3,9660
33204,2022-07-17,MK,North Macedonia,EURO,2811,318973,1,9661
33205,2022-07-24,MK,North Macedonia,EURO,4382,323355,17,9678
33206,2022-07-31,MK,North Macedonia,EURO,4746,328101,18,9696
33207,2022-08-07,MK,North Macedonia,EURO,3806,331907,27,9723
33208,2022-08-14,MK,North Macedonia,EURO,3474,335381,30,9753
33209,2022-08-21,MK,North Macedonia,EURO,2684,338065,37,9790
33210,2022-08-28,MK,North Macedonia,EURO,1760,339825,22,9812
33211,2022-09-04,MK,North Macedonia,EURO,1069,340894,12,9824
33212,2022-09-11,MK,North Macedonia,EURO,635,341529,9,9833
33213,2022-09-18,MK,North Macedonia,EURO,664,342193,7,9840
33214,2022-09-25,MK,North Macedonia,EURO,377,342570,1,9841
33215,2022-10-02,MK,North Macedonia,EURO,469,343039,6,9847
33216,2022-10-09,MK,North Macedonia,EURO,323,343362,5,9852
33217,2022-10-16,MK,North Macedonia,EURO,273,343635,5,9857
33218,2022-10-23,MK,North Macedonia,EURO,251,343886,1,9858
33219,2022-10-30,MK,North Macedonia,EURO,230,344116,0,9858
33220,2022-11-06,MK,North Macedonia,EURO,195,344311,1,9859
33221,2022-11-13,MK,North Macedonia,EURO,188,344499,5,9864
33222,2022-11-20,MK,North Macedonia,EURO,179,344678,1,9865
33223,2022-11-27,MK,North Macedonia,EURO,174,344852,2,9867
33224,2022-12-04,MK,North Macedonia,EURO,195,345047,3,9870
33225,2022-12-11,MK,North Macedonia,EURO,129,345176,0,9870
33226,2022-12-18,MK,North Macedonia,EURO,207,345383,3,9873
33227,2022-12-25,MK,North Macedonia,EURO,205,345588,3,9876
33228,2023-01-01,MK,North Macedonia,EURO,254,345842,2,9878
33229,2023-01-08,MK,North Macedonia,EURO,239,346081,4,9882
33230,2023-01-15,MK,North Macedonia,EURO,203,346284,4,9886
33231,2023-01-22,MK,North Macedonia,EURO,130,346414,10,9896
33232,2023-01-29,MK,North Macedonia,EURO,103,346517,3,9899
33233,2023-02-05,MK,North Macedonia,EURO,102,346619,2,9901
33234,2023-02-12,MK,North Macedonia,EURO,101,346720,3,9904
33235,2023-02-19,MK,North Macedonia,EURO,118,346838,1,9905
33236,2023-02-26,MK,North Macedonia,EURO,156,346994,3,9908
33237,2023-03-05,MK,North Macedonia,EURO,171,347165,2,9910
33238,2023-03-12,MK,North Macedonia,EURO,144,347309,2,9912
33239,2023-03-19,MK,North Macedonia,EURO,169,347478,2,9914
33240,2023-03-26,MK,North Macedonia,EURO,179,347657,3,9917
33241,2023-04-02,MK,North Macedonia,EURO,153,347810,5,9922
33242,2023-04-09,MK,North Macedonia,EURO,140,347950,2,9924
33243,2023-04-16,MK,North Macedonia,EURO,92,348042,3,9927
33244,2023-04-23,MK,North Macedonia,EURO,85,348127,7,9934
33245,2023-04-30,MK,North Macedonia,EURO,82,348209,3,9937
33246,2023-05-07,MK,North Macedonia,EURO,66,348275,2,9939
33247,2023-05-14,MK,North Macedonia,EURO,19,348294,0,9939
33248,2023-05-21,MK,North Macedonia,EURO,16,348310,0,9939
33249,2023-05-28,MK,North Macedonia,EURO,12,348322,0,9939
33250,2023-06-04,MK,North Macedonia,EURO,5,348327,0,9939
33251,2023-06-11,MK,North Macedonia,EURO,9,348336,0,9939
33252,2023-06-18,MK,North Macedonia,EURO,5,348341,1,9940
33253,2023-06-25,MK,North Macedonia,EURO,8,348349,1,9941
33254,2023-07-02,MK,North Macedonia,EURO,7,348356,0,9941
33255,2023-07-09,MK,North Macedonia,EURO,7,348363,0,9941
33256,2023-07-16,MK,North Macedonia,EURO,5,348368,0,9941
33257,2023-07-23,MK,North Macedonia,EURO,6,348374,0,9941
33258,2023-07-30,MK,North Macedonia,EURO,3,348377,0,9941
33259,2023-08-06,MK,North Macedonia,EURO,3,348380,0,9941
33260,2023-08-13,MK,North Macedonia,EURO,9,348389,0,9941
33261,2023-08-20,MK,North Macedonia,EURO,22,348411,0,9941
33262,2023-08-27,MK,North Macedonia,EURO,40,348451,1,9942
33263,2023-09-03,MK,North Macedonia,EURO,65,348516,0,9942
33264,2023-09-10,MK,North Macedonia,EURO,96,348612,0,9942
33265,2023-09-17,MK,North Macedonia,EURO,210,348822,3,9945
33266,2023-09-24,MK,North Macedonia,EURO,282,349104,1,9946
33267,2023-10-01,MK,North Macedonia,EURO,249,349353,1,9947
33268,2023-10-08,MK,North Macedonia,EURO,140,349493,2,9949
33269,2023-10-15,MK,North Macedonia,EURO,125,349618,4,9953
33270,2023-10-22,MK,North Macedonia,EURO,150,349768,4,9957
33271,2023-10-29,MK,North Macedonia,EURO,100,349868,1,9958
33272,2023-11-05,MK,North Macedonia,EURO,0,349868,0,9958
33273,2023-11-12,MK,North Macedonia,EURO,0,349868,0,9958
33274,2023-11-19,MK,North Macedonia,EURO,0,349868,0,9958
33275,2023-11-26,MK,North Macedonia,EURO,0,349868,0,9958
33276,2023-12-03,MK,North Macedonia,EURO,0,349868,0,9958
33277,2023-12-10,MK,North Macedonia,EURO,55,349923,2,9960
33278,2023-12-17,MK,North Macedonia,EURO,0,349923,0,9960
33279,2023-12-24,MK,North Macedonia,EURO,128,350051,0,9960
33280,2020-01-05,MP,Northern Mariana Islands,WPRO,0,0,0,0
33281,2020-01-12,MP,Northern Mariana Islands,WPRO,0,0,0,0
33282,2020-01-19,MP,Northern Mariana Islands,WPRO,0,0,0,0
33283,2020-01-26,MP,Northern Mariana Islands,WPRO,0,0,0,0
33284,2020-02-02,MP,Northern Mariana Islands,WPRO,0,0,0,0
33285,2020-02-09,MP,Northern Mariana Islands,WPRO,0,0,0,0
33286,2020-02-16,MP,Northern Mariana Islands,WPRO,0,0,0,0
33287,2020-02-23,MP,Northern Mariana Islands,WPRO,0,0,0,0
33288,2020-03-01,MP,Northern Mariana Islands,WPRO,0,0,0,0
33289,2020-03-08,MP,Northern Mariana Islands,WPRO,0,0,0,0
33290,2020-03-15,MP,Northern Mariana Islands,WPRO,0,0,0,0
33291,2020-03-22,MP,Northern Mariana Islands,WPRO,0,0,0,0
33292,2020-03-29,MP,Northern Mariana Islands,WPRO,0,0,0,0
33293,2020-04-05,MP,Northern Mariana Islands,WPRO,8,8,1,1
33294,2020-04-12,MP,Northern Mariana Islands,WPRO,3,11,1,2
33295,2020-04-19,MP,Northern Mariana Islands,WPRO,3,14,0,2
33296,2020-04-26,MP,Northern Mariana Islands,WPRO,0,14,0,2
33297,2020-05-03,MP,Northern Mariana Islands,WPRO,0,14,0,2
33298,2020-05-10,MP,Northern Mariana Islands,WPRO,2,16,0,2
33299,2020-05-17,MP,Northern Mariana Islands,WPRO,5,21,0,2
33300,2020-05-24,MP,Northern Mariana Islands,WPRO,1,22,0,2
33301,2020-05-31,MP,Northern Mariana Islands,WPRO,0,22,0,2
33302,2020-06-07,MP,Northern Mariana Islands,WPRO,4,26,0,2
33303,2020-06-14,MP,Northern Mariana Islands,WPRO,4,30,0,2
33304,2020-06-21,MP,Northern Mariana Islands,WPRO,0,30,0,2
33305,2020-06-28,MP,Northern Mariana Islands,WPRO,0,30,0,2
33306,2020-07-05,MP,Northern Mariana Islands,WPRO,1,31,0,2
33307,2020-07-12,MP,Northern Mariana Islands,WPRO,2,33,0,2
33308,2020-07-19,MP,Northern Mariana Islands,WPRO,4,37,0,2
33309,2020-07-26,MP,Northern Mariana Islands,WPRO,2,39,0,2
33310,2020-08-02,MP,Northern Mariana Islands,WPRO,5,44,0,2
33311,2020-08-09,MP,Northern Mariana Islands,WPRO,4,48,0,2
33312,2020-08-16,MP,Northern Mariana Islands,WPRO,2,50,0,2
33313,2020-08-23,MP,Northern Mariana Islands,WPRO,4,54,0,2
33314,2020-08-30,MP,Northern Mariana Islands,WPRO,2,56,0,2
33315,2020-09-06,MP,Northern Mariana Islands,WPRO,2,58,0,2
33316,2020-09-13,MP,Northern Mariana Islands,WPRO,2,60,0,2
33317,2020-09-20,MP,Northern Mariana Islands,WPRO,8,68,0,2
33318,2020-09-27,MP,Northern Mariana Islands,WPRO,2,70,0,2
33319,2020-10-04,MP,Northern Mariana Islands,WPRO,3,73,0,2
33320,2020-10-11,MP,Northern Mariana Islands,WPRO,4,77,0,2
33321,2020-10-18,MP,Northern Mariana Islands,WPRO,9,86,0,2
33322,2020-10-25,MP,Northern Mariana Islands,WPRO,2,88,0,2
33323,2020-11-01,MP,Northern Mariana Islands,WPRO,8,96,0,2
33324,2020-11-08,MP,Northern Mariana Islands,WPRO,2,98,0,2
33325,2020-11-15,MP,Northern Mariana Islands,WPRO,4,102,0,2
33326,2020-11-22,MP,Northern Mariana Islands,WPRO,2,104,0,2
33327,2020-11-29,MP,Northern Mariana Islands,WPRO,1,105,0,2
33328,2020-12-06,MP,Northern Mariana Islands,WPRO,4,109,0,2
33329,2020-12-13,MP,Northern Mariana Islands,WPRO,4,113,0,2
33330,2020-12-20,MP,Northern Mariana Islands,WPRO,3,116,0,2
33331,2020-12-27,MP,Northern Mariana Islands,WPRO,6,122,0,2
33332,2021-01-03,MP,Northern Mariana Islands,WPRO,2,124,0,2
33333,2021-01-10,MP,Northern Mariana Islands,WPRO,1,125,0,2
33334,2021-01-17,MP,Northern Mariana Islands,WPRO,4,129,0,2
33335,2021-01-24,MP,Northern Mariana Islands,WPRO,3,132,0,2
33336,2021-01-31,MP,Northern Mariana Islands,WPRO,0,132,0,2
33337,2021-02-07,MP,Northern Mariana Islands,WPRO,1,133,0,2
33338,2021-02-14,MP,Northern Mariana Islands,WPRO,1,134,0,2
33339,2021-02-21,MP,Northern Mariana Islands,WPRO,9,143,0,2
33340,2021-02-28,MP,Northern Mariana Islands,WPRO,0,143,0,2
33341,2021-03-07,MP,Northern Mariana Islands,WPRO,2,145,0,2
33342,2021-03-14,MP,Northern Mariana Islands,WPRO,9,154,0,2
33343,2021-03-21,MP,Northern Mariana Islands,WPRO,3,157,0,2
33344,2021-03-28,MP,Northern Mariana Islands,WPRO,2,159,0,2
33345,2021-04-04,MP,Northern Mariana Islands,WPRO,0,159,0,2
33346,2021-04-11,MP,Northern Mariana Islands,WPRO,1,160,0,2
33347,2021-04-18,MP,Northern Mariana Islands,WPRO,2,162,0,2
33348,2021-04-25,MP,Northern Mariana Islands,WPRO,2,164,0,2
33349,2021-05-02,MP,Northern Mariana Islands,WPRO,4,168,0,2
33350,2021-05-09,MP,Northern Mariana Islands,WPRO,2,170,0,2
33351,2021-05-16,MP,Northern Mariana Islands,WPRO,3,173,0,2
33352,2021-05-23,MP,Northern Mariana Islands,WPRO,8,181,0,2
33353,2021-05-30,MP,Northern Mariana Islands,WPRO,2,183,0,2
33354,2021-06-06,MP,Northern Mariana Islands,WPRO,0,183,0,2
33355,2021-06-13,MP,Northern Mariana Islands,WPRO,0,183,0,2
33356,2021-06-20,MP,Northern Mariana Islands,WPRO,0,183,0,2
33357,2021-06-27,MP,Northern Mariana Islands,WPRO,0,183,0,2
33358,2021-07-04,MP,Northern Mariana Islands,WPRO,0,183,0,2
33359,2021-07-11,MP,Northern Mariana Islands,WPRO,2,185,0,2
33360,2021-07-18,MP,Northern Mariana Islands,WPRO,2,187,0,2
33361,2021-07-25,MP,Northern Mariana Islands,WPRO,3,190,0,2
33362,2021-08-01,MP,Northern Mariana Islands,WPRO,6,196,0,2
33363,2021-08-08,MP,Northern Mariana Islands,WPRO,10,206,0,2
33364,2021-08-15,MP,Northern Mariana Islands,WPRO,8,214,0,2
33365,2021-08-22,MP,Northern Mariana Islands,WPRO,10,224,0,2
33366,2021-08-29,MP,Northern Mariana Islands,WPRO,17,241,0,2
33367,2021-09-05,MP,Northern Mariana Islands,WPRO,7,248,0,2
33368,2021-09-12,MP,Northern Mariana Islands,WPRO,3,251,0,2
33369,2021-09-19,MP,Northern Mariana Islands,WPRO,12,263,0,2
33370,2021-09-26,MP,Northern Mariana Islands,WPRO,3,266,0,2
33371,2021-10-03,MP,Northern Mariana Islands,WPRO,6,272,0,2
33372,2021-10-10,MP,Northern Mariana Islands,WPRO,5,277,1,3
33373,2021-10-17,MP,Northern Mariana Islands,WPRO,11,288,0,3
33374,2021-10-24,MP,Northern Mariana Islands,WPRO,3,291,0,3
33375,2021-10-31,MP,Northern Mariana Islands,WPRO,21,312,0,3
33376,2021-11-07,MP,Northern Mariana Islands,WPRO,39,351,0,3
33377,2021-11-14,MP,Northern Mariana Islands,WPRO,38,389,0,3
33378,2021-11-21,MP,Northern Mariana Islands,WPRO,75,464,0,3
33379,2021-11-28,MP,Northern Mariana Islands,WPRO,323,787,0,3
33380,2021-12-05,MP,Northern Mariana Islands,WPRO,317,1104,2,5
33381,2021-12-12,MP,Northern Mariana Islands,WPRO,804,1908,1,6
33382,2021-12-19,MP,Northern Mariana Islands,WPRO,514,2422,2,8
33383,2021-12-26,MP,Northern Mariana Islands,WPRO,471,2893,3,11
33384,2022-01-02,MP,Northern Mariana Islands,WPRO,404,3297,6,17
33385,2022-01-09,MP,Northern Mariana Islands,WPRO,350,3647,3,20
33386,2022-01-16,MP,Northern Mariana Islands,WPRO,299,3946,1,21
33387,2022-01-23,MP,Northern Mariana Islands,WPRO,300,4246,1,22
33388,2022-01-30,MP,Northern Mariana Islands,WPRO,618,4864,1,23
33389,2022-02-06,MP,Northern Mariana Islands,WPRO,1238,6102,0,23
33390,2022-02-13,MP,Northern Mariana Islands,WPRO,1428,7530,0,23
33391,2022-02-20,MP,Northern Mariana Islands,WPRO,1114,8644,3,26
33392,2022-02-27,MP,Northern Mariana Islands,WPRO,870,9514,4,30
33393,2022-03-06,MP,Northern Mariana Islands,WPRO,612,10126,0,30
33394,2022-03-13,MP,Northern Mariana Islands,WPRO,253,10379,0,30
33395,2022-03-20,MP,Northern Mariana Islands,WPRO,310,10689,1,31
33396,2022-03-27,MP,Northern Mariana Islands,WPRO,333,11022,2,33
33397,2022-04-03,MP,Northern Mariana Islands,WPRO,43,11065,0,33
33398,2022-04-10,MP,Northern Mariana Islands,WPRO,93,11158,0,33
33399,2022-04-17,MP,Northern Mariana Islands,WPRO,44,11202,1,34
33400,2022-04-24,MP,Northern Mariana Islands,WPRO,19,11221,0,34
33401,2022-05-01,MP,Northern Mariana Islands,WPRO,42,11263,0,34
33402,2022-05-08,MP,Northern Mariana Islands,WPRO,18,11281,0,34
33403,2022-05-15,MP,Northern Mariana Islands,WPRO,24,11305,0,34
33404,2022-05-22,MP,Northern Mariana Islands,WPRO,10,11315,0,34
33405,2022-05-29,MP,Northern Mariana Islands,WPRO,18,11333,0,34
33406,2022-06-05,MP,Northern Mariana Islands,WPRO,33,11366,0,34
33407,2022-06-12,MP,Northern Mariana Islands,WPRO,39,11405,0,34
33408,2022-06-19,MP,Northern Mariana Islands,WPRO,77,11482,0,34
33409,2022-06-26,MP,Northern Mariana Islands,WPRO,87,11569,0,34
33410,2022-07-03,MP,Northern Mariana Islands,WPRO,190,11759,1,35
33411,2022-07-10,MP,Northern Mariana Islands,WPRO,0,11759,0,35
33412,2022-07-17,MP,Northern Mariana Islands,WPRO,434,12193,0,35
33413,2022-07-24,MP,Northern Mariana Islands,WPRO,380,12573,2,37
33414,2022-07-31,MP,Northern Mariana Islands,WPRO,159,12732,1,38
33415,2022-08-07,MP,Northern Mariana Islands,WPRO,1,12733,0,38
33416,2022-08-14,MP,Northern Mariana Islands,WPRO,215,12948,1,39
33417,2022-08-21,MP,Northern Mariana Islands,WPRO,0,12948,1,40
33418,2022-08-28,MP,Northern Mariana Islands,WPRO,175,13123,0,40
33419,2022-09-04,MP,Northern Mariana Islands,WPRO,24,13147,0,40
33420,2022-09-11,MP,Northern Mariana Islands,WPRO,7,13154,0,40
33421,2022-09-18,MP,Northern Mariana Islands,WPRO,1,13155,0,40
33422,2022-09-25,MP,Northern Mariana Islands,WPRO,16,13171,0,40
33423,2022-10-02,MP,Northern Mariana Islands,WPRO,0,13171,0,40
33424,2022-10-09,MP,Northern Mariana Islands,WPRO,0,13171,0,40
33425,2022-10-16,MP,Northern Mariana Islands,WPRO,0,13171,0,40
33426,2022-10-23,MP,Northern Mariana Islands,WPRO,0,13171,0,40
33427,2022-10-30,MP,Northern Mariana Islands,WPRO,0,13171,0,40
33428,2022-11-06,MP,Northern Mariana Islands,WPRO,0,13171,0,40
33429,2022-11-13,MP,Northern Mariana Islands,WPRO,0,13171,0,40
33430,2022-11-20,MP,Northern Mariana Islands,WPRO,0,13171,0,40
33431,2022-11-27,MP,Northern Mariana Islands,WPRO,0,13171,0,40
33432,2022-12-04,MP,Northern Mariana Islands,WPRO,0,13171,0,40
33433,2022-12-11,MP,Northern Mariana Islands,WPRO,0,13171,1,41
33434,2022-12-18,MP,Northern Mariana Islands,WPRO,65,13236,0,41
33435,2022-12-25,MP,Northern Mariana Islands,WPRO,0,13236,0,41
33436,2023-01-01,MP,Northern Mariana Islands,WPRO,159,13395,0,41
33437,2023-01-08,MP,Northern Mariana Islands,WPRO,0,13395,0,41
33438,2023-01-15,MP,Northern Mariana Islands,WPRO,0,13395,0,41
33439,2023-01-22,MP,Northern Mariana Islands,WPRO,0,13395,0,41
33440,2023-01-29,MP,Northern Mariana Islands,WPRO,0,13395,0,41
33441,2023-02-05,MP,Northern Mariana Islands,WPRO,0,13395,0,41
33442,2023-02-12,MP,Northern Mariana Islands,WPRO,0,13395,0,41
33443,2023-02-19,MP,Northern Mariana Islands,WPRO,0,13395,0,41
33444,2023-02-26,MP,Northern Mariana Islands,WPRO,254,13649,0,41
33445,2023-03-05,MP,Northern Mariana Islands,WPRO,0,13649,0,41
33446,2023-03-12,MP,Northern Mariana Islands,WPRO,73,13722,0,41
33447,2023-03-19,MP,Northern Mariana Islands,WPRO,26,13748,0,41
33448,2023-03-26,MP,Northern Mariana Islands,WPRO,25,13773,0,41
33449,2023-04-02,MP,Northern Mariana Islands,WPRO,13,13786,0,41
33450,2023-04-09,MP,Northern Mariana Islands,WPRO,0,13786,0,41
33451,2023-04-16,MP,Northern Mariana Islands,WPRO,28,13814,0,41
33452,2023-04-23,MP,Northern Mariana Islands,WPRO,25,13839,0,41
33453,2023-04-30,MP,Northern Mariana Islands,WPRO,10,13849,0,41
33454,2023-05-07,MP,Northern Mariana Islands,WPRO,23,13872,0,41
33455,2023-05-14,MP,Northern Mariana Islands,WPRO,24,13896,0,41
33456,2023-05-21,MP,Northern Mariana Islands,WPRO,21,13917,0,41
33457,2023-05-28,MP,Northern Mariana Islands,WPRO,18,13935,0,41
33458,2023-06-04,MP,Northern Mariana Islands,WPRO,13,13948,0,41
33459,2023-06-11,MP,Northern Mariana Islands,WPRO,24,13972,0,41
33460,2023-06-18,MP,Northern Mariana Islands,WPRO,28,14000,0,41
33461,2023-06-25,MP,Northern Mariana Islands,WPRO,0,14000,0,41
33462,2023-07-02,MP,Northern Mariana Islands,WPRO,13,14013,0,41
33463,2023-07-09,MP,Northern Mariana Islands,WPRO,50,14063,0,41
33464,2023-07-16,MP,Northern Mariana Islands,WPRO,15,14078,0,41
33465,2023-07-23,MP,Northern Mariana Islands,WPRO,18,14096,0,41
33466,2023-07-30,MP,Northern Mariana Islands,WPRO,0,14096,0,41
33467,2023-08-06,MP,Northern Mariana Islands,WPRO,53,14149,0,41
33468,2023-08-13,MP,Northern Mariana Islands,WPRO,3,14152,0,41
33469,2023-08-20,MP,Northern Mariana Islands,WPRO,15,14167,0,41
33470,2023-08-27,MP,Northern Mariana Islands,WPRO,0,14167,0,41
33471,2023-09-03,MP,Northern Mariana Islands,WPRO,31,14198,0,41
33472,2023-09-10,MP,Northern Mariana Islands,WPRO,40,14238,0,41
33473,2023-09-17,MP,Northern Mariana Islands,WPRO,36,14274,0,41
33474,2023-09-24,MP,Northern Mariana Islands,WPRO,2,14276,0,41
33475,2023-10-01,MP,Northern Mariana Islands,WPRO,23,14299,0,41
33476,2023-10-08,MP,Northern Mariana Islands,WPRO,0,14299,0,41
33477,2023-10-15,MP,Northern Mariana Islands,WPRO,7,14306,0,41
33478,2023-10-22,MP,Northern Mariana Islands,WPRO,3,14309,0,41
33479,2023-10-29,MP,Northern Mariana Islands,WPRO,9,14318,0,41
33480,2023-11-05,MP,Northern Mariana Islands,WPRO,4,14322,0,41
33481,2023-11-12,MP,Northern Mariana Islands,WPRO,0,14322,0,41
33482,2023-11-19,MP,Northern Mariana Islands,WPRO,8,14330,0,41
33483,2023-11-26,MP,Northern Mariana Islands,WPRO,4,14334,0,41
33484,2023-12-03,MP,Northern Mariana Islands,WPRO,0,14334,0,41
33485,2023-12-10,MP,Northern Mariana Islands,WPRO,0,14334,0,41
33486,2023-12-17,MP,Northern Mariana Islands,WPRO,0,14334,0,41
33487,2023-12-24,MP,Northern Mariana Islands,WPRO,0,14334,0,41
33488,2020-01-05,NO,Norway,EURO,0,0,0,0
33489,2020-01-12,NO,Norway,EURO,0,0,0,0
33490,2020-01-19,NO,Norway,EURO,0,0,0,0
33491,2020-01-26,NO,Norway,EURO,0,0,0,0
33492,2020-02-02,NO,Norway,EURO,0,0,0,0
33493,2020-02-09,NO,Norway,EURO,0,0,0,0
33494,2020-02-16,NO,Norway,EURO,0,0,0,0
33495,2020-02-23,NO,Norway,EURO,1,1,0,0
33496,2020-03-01,NO,Norway,EURO,20,21,0,0
33497,2020-03-08,NO,Norway,EURO,162,183,0,0
33498,2020-03-15,NO,Norway,EURO,1181,1364,1,1
33499,2020-03-22,NO,Norway,EURO,1390,2754,6,7
33500,2020-03-29,NO,Norway,EURO,1775,4529,13,20
33501,2020-04-05,NO,Norway,EURO,1226,5755,30,50
33502,2020-04-12,NO,Norway,EURO,758,6513,48,98
33503,2020-04-19,NO,Norway,EURO,616,7129,50,148
33504,2020-04-26,NO,Norway,EURO,422,7551,45,193
33505,2020-05-03,NO,Norway,EURO,302,7853,11,204
33506,2020-05-10,NO,Norway,EURO,254,8107,9,213
33507,2020-05-17,NO,Norway,EURO,135,8242,19,232
33508,2020-05-24,NO,Norway,EURO,106,8348,3,235
33509,2020-05-31,NO,Norway,EURO,86,8434,1,236
33510,2020-06-07,NO,Norway,EURO,111,8545,2,238
33511,2020-06-14,NO,Norway,EURO,86,8631,4,242
33512,2020-06-21,NO,Norway,EURO,112,8743,2,244
33513,2020-06-28,NO,Norway,EURO,115,8858,5,249
33514,2020-07-05,NO,Norway,EURO,67,8925,2,251
33515,2020-07-12,NO,Norway,EURO,61,8986,1,252
33516,2020-07-19,NO,Norway,EURO,55,9041,3,255
33517,2020-07-26,NO,Norway,EURO,88,9129,0,255
33518,2020-08-02,NO,Norway,EURO,195,9324,0,255
33519,2020-08-09,NO,Norway,EURO,351,9675,1,256
33520,2020-08-16,NO,Norway,EURO,377,10052,5,261
33521,2020-08-23,NO,Norway,EURO,368,10420,3,264
33522,2020-08-30,NO,Norway,EURO,346,10766,0,264
33523,2020-09-06,NO,Norway,EURO,731,11497,0,264
33524,2020-09-13,NO,Norway,EURO,747,12244,1,265
33525,2020-09-20,NO,Norway,EURO,721,12965,2,267
33526,2020-09-27,NO,Norway,EURO,810,13775,3,270
33527,2020-10-04,NO,Norway,EURO,783,14558,5,275
33528,2020-10-11,NO,Norway,EURO,1069,15627,0,275
33529,2020-10-18,NO,Norway,EURO,929,16556,3,278
33530,2020-10-25,NO,Norway,EURO,1600,18156,1,279
33531,2020-11-01,NO,Norway,EURO,3028,21184,3,282
33532,2020-11-08,NO,Norway,EURO,3983,25167,3,285
33533,2020-11-15,NO,Norway,EURO,4070,29237,9,294
33534,2020-11-22,NO,Norway,EURO,3785,33022,12,306
33535,2020-11-29,NO,Norway,EURO,2977,35999,22,328
33536,2020-12-06,NO,Norway,EURO,2492,38491,26,354
33537,2020-12-13,NO,Norway,EURO,2701,41192,33,387
33538,2020-12-20,NO,Norway,EURO,2934,44126,17,404
33539,2020-12-27,NO,Norway,EURO,3118,47244,17,421
33540,2021-01-03,NO,Norway,EURO,3847,51091,15,436
33541,2021-01-10,NO,Norway,EURO,4694,55785,42,478
33542,2021-01-17,NO,Norway,EURO,3218,59003,39,517
33543,2021-01-24,NO,Norway,EURO,2259,61262,27,544
33544,2021-01-31,NO,Norway,EURO,1951,63213,19,563
33545,2021-02-07,NO,Norway,EURO,1860,65073,19,582
33546,2021-02-14,NO,Norway,EURO,1742,66815,10,592
33547,2021-02-21,NO,Norway,EURO,1973,68788,15,607
33548,2021-02-28,NO,Norway,EURO,2940,71728,15,622
33549,2021-03-07,NO,Norway,EURO,4010,75738,10,632
33550,2021-03-14,NO,Norway,EURO,5539,81277,7,639
33551,2021-03-21,NO,Norway,EURO,6625,87902,9,648
33552,2021-03-28,NO,Norway,EURO,6092,93994,8,656
33553,2021-04-04,NO,Norway,EURO,4933,98927,17,673
33554,2021-04-11,NO,Norway,EURO,5082,104009,11,684
33555,2021-04-18,NO,Norway,EURO,3789,107798,24,708
33556,2021-04-25,NO,Norway,EURO,3251,111049,28,736
33557,2021-05-02,NO,Norway,EURO,2825,113874,20,756
33558,2021-05-09,NO,Norway,EURO,3064,116938,11,767
33559,2021-05-16,NO,Norway,EURO,2636,119574,7,774
33560,2021-05-23,NO,Norway,EURO,3169,122743,7,781
33561,2021-05-30,NO,Norway,EURO,2442,125185,2,783
33562,2021-06-06,NO,Norway,EURO,1898,127083,1,784
33563,2021-06-13,NO,Norway,EURO,1260,128343,5,789
33564,2021-06-20,NO,Norway,EURO,1250,129593,1,790
33565,2021-06-27,NO,Norway,EURO,1280,130873,2,792
33566,2021-07-04,NO,Norway,EURO,1288,132161,3,795
33567,2021-07-11,NO,Norway,EURO,1200,133361,3,798
33568,2021-07-18,NO,Norway,EURO,1141,134502,2,800
33569,2021-07-25,NO,Norway,EURO,1448,135950,3,803
33570,2021-08-01,NO,Norway,EURO,2236,138186,10,813
33571,2021-08-08,NO,Norway,EURO,2912,141098,10,823
33572,2021-08-15,NO,Norway,EURO,3706,144804,5,828
33573,2021-08-22,NO,Norway,EURO,4330,149134,4,832
33574,2021-08-29,NO,Norway,EURO,8312,157446,10,842
33575,2021-09-05,NO,Norway,EURO,10109,167555,11,853
33576,2021-09-12,NO,Norway,EURO,8732,176287,21,874
33577,2021-09-19,NO,Norway,EURO,6028,182315,11,885
33578,2021-09-26,NO,Norway,EURO,4710,187025,12,897
33579,2021-10-03,NO,Norway,EURO,3614,190639,7,904
33580,2021-10-10,NO,Norway,EURO,3024,193663,8,912
33581,2021-10-17,NO,Norway,EURO,2817,196480,6,918
33582,2021-10-24,NO,Norway,EURO,4160,200640,11,929
33583,2021-10-31,NO,Norway,EURO,6821,207461,20,949
33584,2021-11-07,NO,Norway,EURO,9569,217030,39,988
33585,2021-11-14,NO,Norway,EURO,11720,228750,47,1035
33586,2021-11-21,NO,Norway,EURO,14431,243181,53,1088
33587,2021-11-28,NO,Norway,EURO,17970,261151,56,1144
33588,2021-12-05,NO,Norway,EURO,25554,286705,53,1197
33589,2021-12-12,NO,Norway,EURO,33849,320554,74,1271
33590,2021-12-19,NO,Norway,EURO,31740,352294,43,1314
33591,2021-12-26,NO,Norway,EURO,22996,375290,21,1335
33592,2022-01-02,NO,Norway,EURO,25064,400354,59,1394
33593,2022-01-09,NO,Norway,EURO,45479,445833,49,1443
33594,2022-01-16,NO,Norway,EURO,69632,515465,31,1474
33595,2022-01-23,NO,Norway,EURO,115307,630772,29,1503
33596,2022-01-30,NO,Norway,EURO,136796,767568,29,1532
33597,2022-02-06,NO,Norway,EURO,129168,896736,33,1565
33598,2022-02-13,NO,Norway,EURO,141784,1038520,54,1619
33599,2022-02-20,NO,Norway,EURO,101190,1139710,61,1680
33600,2022-02-27,NO,Norway,EURO,102327,1242037,86,1766
33601,2022-03-06,NO,Norway,EURO,68214,1310251,114,1880
33602,2022-03-13,NO,Norway,EURO,43203,1353454,156,2036
33603,2022-03-20,NO,Norway,EURO,27649,1381103,189,2225
33604,2022-03-27,NO,Norway,EURO,18009,1399112,203,2428
33605,2022-04-03,NO,Norway,EURO,10821,1409933,172,2600
33606,2022-04-10,NO,Norway,EURO,7074,1417007,130,2730
33607,2022-04-17,NO,Norway,EURO,3757,1420764,125,2855
33608,2022-04-24,NO,Norway,EURO,3862,1424626,81,2936
33609,2022-05-01,NO,Norway,EURO,2306,1426932,64,3000
33610,2022-05-08,NO,Norway,EURO,1880,1428812,72,3072
33611,2022-05-15,NO,Norway,EURO,1799,1430611,46,3118
33612,2022-05-22,NO,Norway,EURO,1545,1432156,26,3144
33613,2022-05-29,NO,Norway,EURO,1579,1433735,38,3182
33614,2022-06-05,NO,Norway,EURO,1875,1435610,36,3218
33615,2022-06-12,NO,Norway,EURO,2060,1437670,39,3257
33616,2022-06-19,NO,Norway,EURO,3023,1440693,33,3290
33617,2022-06-26,NO,Norway,EURO,4554,1445247,40,3330
33618,2022-07-03,NO,Norway,EURO,3907,1449154,68,3398
33619,2022-07-10,NO,Norway,EURO,2378,1451532,72,3470
33620,2022-07-17,NO,Norway,EURO,1990,1453522,96,3566
33621,2022-07-24,NO,Norway,EURO,1644,1455166,103,3669
33622,2022-07-31,NO,Norway,EURO,1325,1456491,91,3760
33623,2022-08-07,NO,Norway,EURO,1149,1457640,75,3835
33624,2022-08-14,NO,Norway,EURO,1121,1458761,66,3901
33625,2022-08-21,NO,Norway,EURO,865,1459626,57,3958
33626,2022-08-28,NO,Norway,EURO,743,1460369,56,4014
33627,2022-09-04,NO,Norway,EURO,672,1461041,33,4047
33628,2022-09-11,NO,Norway,EURO,547,1461588,25,4072
33629,2022-09-18,NO,Norway,EURO,511,1462099,40,4112
33630,2022-09-25,NO,Norway,EURO,457,1462556,24,4136
33631,2022-10-02,NO,Norway,EURO,500,1463056,28,4164
33632,2022-10-09,NO,Norway,EURO,504,1463560,24,4188
33633,2022-10-16,NO,Norway,EURO,500,1464060,31,4219
33634,2022-10-23,NO,Norway,EURO,534,1464594,29,4248
33635,2022-10-30,NO,Norway,EURO,785,1465379,25,4273
33636,2022-11-06,NO,Norway,EURO,891,1466270,23,4296
33637,2022-11-13,NO,Norway,EURO,912,1467182,52,4348
33638,2022-11-20,NO,Norway,EURO,917,1468099,46,4394
33639,2022-11-27,NO,Norway,EURO,1007,1469106,50,4444
33640,2022-12-04,NO,Norway,EURO,1082,1470188,56,4500
33641,2022-12-11,NO,Norway,EURO,1295,1471483,70,4570
33642,2022-12-18,NO,Norway,EURO,1477,1472960,80,4650
33643,2022-12-25,NO,Norway,EURO,1564,1474524,95,4745
33644,2023-01-01,NO,Norway,EURO,1261,1475785,91,4836
33645,2023-01-08,NO,Norway,EURO,1068,1476853,97,4933
33646,2023-01-15,NO,Norway,EURO,660,1477513,111,5044
33647,2023-01-22,NO,Norway,EURO,428,1477941,71,5115
33648,2023-01-29,NO,Norway,EURO,343,1478284,47,5162
33649,2023-02-05,NO,Norway,EURO,300,1478584,27,5189
33650,2023-02-12,NO,Norway,EURO,288,1478872,14,5203
33651,2023-02-19,NO,Norway,EURO,296,1479168,17,5220
33652,2023-02-26,NO,Norway,EURO,286,1479454,18,5238
33653,2023-03-05,NO,Norway,EURO,348,1479802,10,5248
33654,2023-03-12,NO,Norway,EURO,358,1480160,17,5265
33655,2023-03-19,NO,Norway,EURO,439,1480599,19,5284
33656,2023-03-26,NO,Norway,EURO,531,1481130,21,5305
33657,2023-04-02,NO,Norway,EURO,643,1481773,18,5323
33658,2023-04-09,NO,Norway,EURO,504,1482277,25,5348
33659,2023-04-16,NO,Norway,EURO,557,1482834,31,5379
33660,2023-04-23,NO,Norway,EURO,477,1483311,28,5407
33661,2023-04-30,NO,Norway,EURO,423,1483734,39,5446
33662,2023-05-07,NO,Norway,EURO,398,1484132,32,5478
33663,2023-05-14,NO,Norway,EURO,339,1484471,21,5499
33664,2023-05-21,NO,Norway,EURO,255,1484726,16,5515
33665,2023-05-28,NO,Norway,EURO,240,1484966,17,5532
33666,2023-06-04,NO,Norway,EURO,173,1485139,13,5545
33667,2023-06-11,NO,Norway,EURO,196,1485335,14,5559
33668,2023-06-18,NO,Norway,EURO,159,1485494,7,5566
33669,2023-06-25,NO,Norway,EURO,21,1485515,0,5566
33670,2023-07-02,NO,Norway,EURO,184,1485699,6,5572
33671,2023-07-09,NO,Norway,EURO,184,1485883,20,5592
33672,2023-07-16,NO,Norway,EURO,92,1485975,8,5600
33673,2023-07-23,NO,Norway,EURO,73,1486048,6,5606
33674,2023-07-30,NO,Norway,EURO,119,1486167,5,5611
33675,2023-08-06,NO,Norway,EURO,134,1486301,2,5613
33676,2023-08-13,NO,Norway,EURO,182,1486483,7,5620
33677,2023-08-20,NO,Norway,EURO,212,1486695,1,5621
33678,2023-08-27,NO,Norway,EURO,263,1486958,5,5626
33679,2023-09-03,NO,Norway,EURO,428,1487386,5,5631
33680,2023-09-10,NO,Norway,EURO,459,1487845,10,5641
33681,2023-09-17,NO,Norway,EURO,409,1488254,12,5653
33682,2023-09-24,NO,Norway,EURO,438,1488692,19,5672
33683,2023-10-01,NO,Norway,EURO,384,1489076,33,5705
33684,2023-10-08,NO,Norway,EURO,383,1489459,27,5732
33685,2023-10-15,NO,Norway,EURO,0,1489459,0,5732
33686,2023-10-22,NO,Norway,EURO,0,1489459,0,5732
33687,2023-10-29,NO,Norway,EURO,0,1489459,0,5732
33688,2023-11-05,NO,Norway,EURO,0,1489459,0,5732
33689,2023-11-12,NO,Norway,EURO,0,1489459,0,5732
33690,2023-11-19,NO,Norway,EURO,0,1489459,0,5732
33691,2023-11-26,NO,Norway,EURO,0,1489459,0,5732
33692,2023-12-03,NO,Norway,EURO,0,1489459,0,5732
33693,2023-12-10,NO,Norway,EURO,3620,1493079,0,5732
33694,2023-12-17,NO,Norway,EURO,1889,1494968,0,5732
33695,2023-12-24,NO,Norway,EURO,2042,1497010,0,5732
33696,2020-01-05,PS,"occupied Palestinian territory, including east Jerusalem",EMRO,0,0,0,0
33697,2020-01-12,PS,"occupied Palestinian territory, including east Jerusalem",EMRO,0,0,0,0
33698,2020-01-19,PS,"occupied Palestinian territory, including east Jerusalem",EMRO,0,0,0,0
33699,2020-01-26,PS,"occupied Palestinian territory, including east Jerusalem",EMRO,0,0,0,0
33700,2020-02-02,PS,"occupied Palestinian territory, including east Jerusalem",EMRO,0,0,0,0
33701,2020-02-09,PS,"occupied Palestinian territory, including east Jerusalem",EMRO,0,0,0,0
33702,2020-02-16,PS,"occupied Palestinian territory, including east Jerusalem",EMRO,0,0,0,0
33703,2020-02-23,PS,"occupied Palestinian territory, including east Jerusalem",EMRO,0,0,0,0
33704,2020-03-01,PS,"occupied Palestinian territory, including east Jerusalem",EMRO,0,0,0,0
33705,2020-03-08,PS,"occupied Palestinian territory, including east Jerusalem",EMRO,19,19,0,0
33706,2020-03-15,PS,"occupied Palestinian territory, including east Jerusalem",EMRO,19,38,0,0
33707,2020-03-22,PS,"occupied Palestinian territory, including east Jerusalem",EMRO,15,53,0,0
33708,2020-03-29,PS,"occupied Palestinian territory, including east Jerusalem",EMRO,44,97,1,1
33709,2020-04-05,PS,"occupied Palestinian territory, including east Jerusalem",EMRO,120,217,0,1
33710,2020-04-12,PS,"occupied Palestinian territory, including east Jerusalem",EMRO,51,268,1,2
33711,2020-04-19,PS,"occupied Palestinian territory, including east Jerusalem",EMRO,45,313,0,2
33712,2020-04-26,PS,"occupied Palestinian territory, including east Jerusalem",EMRO,29,342,0,2
33713,2020-05-03,PS,"occupied Palestinian territory, including east Jerusalem",EMRO,11,353,0,2
33714,2020-05-10,PS,"occupied Palestinian territory, including east Jerusalem",EMRO,194,547,2,4
33715,2020-05-17,PS,"occupied Palestinian territory, including east Jerusalem",EMRO,8,555,0,4
33716,2020-05-24,PS,"occupied Palestinian territory, including east Jerusalem",EMRO,47,602,1,5
33717,2020-05-31,PS,"occupied Palestinian territory, including east Jerusalem",EMRO,24,626,0,5
33718,2020-06-07,PS,"occupied Palestinian territory, including east Jerusalem",EMRO,17,643,0,5
33719,2020-06-14,PS,"occupied Palestinian territory, including east Jerusalem",EMRO,30,673,0,5
33720,2020-06-21,PS,"occupied Palestinian territory, including east Jerusalem",EMRO,306,979,0,5
33721,2020-06-28,PS,"occupied Palestinian territory, including east Jerusalem",EMRO,1074,2053,2,7
33722,2020-07-05,PS,"occupied Palestinian territory, including east Jerusalem",EMRO,2197,4250,12,19
33723,2020-07-12,PS,"occupied Palestinian territory, including east Jerusalem",EMRO,2438,6688,13,32
33724,2020-07-19,PS,"occupied Palestinian territory, including east Jerusalem",EMRO,2899,9587,30,62
33725,2020-07-26,PS,"occupied Palestinian territory, including east Jerusalem",EMRO,3208,12795,16,78
33726,2020-08-02,PS,"occupied Palestinian territory, including east Jerusalem",EMRO,2760,15555,8,86
33727,2020-08-09,PS,"occupied Palestinian territory, including east Jerusalem",EMRO,2819,18374,17,103
33728,2020-08-16,PS,"occupied Palestinian territory, including east Jerusalem",EMRO,3180,21554,16,119
33729,2020-08-23,PS,"occupied Palestinian territory, including east Jerusalem",EMRO,3144,24698,19,138
33730,2020-08-30,PS,"occupied Palestinian territory, including east Jerusalem",EMRO,3829,28527,26,164
33731,2020-09-06,PS,"occupied Palestinian territory, including east Jerusalem",EMRO,4723,33250,35,199
33732,2020-09-13,PS,"occupied Palestinian territory, including east Jerusalem",EMRO,5266,38516,39,238
33733,2020-09-20,PS,"occupied Palestinian territory, including east Jerusalem",EMRO,6247,44763,53,291
33734,2020-09-27,PS,"occupied Palestinian territory, including east Jerusalem",EMRO,3809,48572,43,334
33735,2020-10-04,PS,"occupied Palestinian territory, including east Jerusalem",EMRO,3441,52013,56,390
33736,2020-10-11,PS,"occupied Palestinian territory, including east Jerusalem",EMRO,3121,55134,52,442
33737,2020-10-18,PS,"occupied Palestinian territory, including east Jerusalem",EMRO,3016,58150,30,472
33738,2020-10-25,PS,"occupied Palestinian territory, including east Jerusalem",EMRO,3443,61593,42,514
33739,2020-11-01,PS,"occupied Palestinian territory, including east Jerusalem",EMRO,3669,65262,41,555
33740,2020-11-08,PS,"occupied Palestinian territory, including east Jerusalem",EMRO,4350,69612,29,584
33741,2020-11-15,PS,"occupied Palestinian territory, including east Jerusalem",EMRO,4738,74350,49,633
33742,2020-11-22,PS,"occupied Palestinian territory, including east Jerusalem",EMRO,8430,82780,65,698
33743,2020-11-29,PS,"occupied Palestinian territory, including east Jerusalem",EMRO,12081,94861,93,791
33744,2020-12-06,PS,"occupied Palestinian territory, including east Jerusalem",EMRO,14841,109702,114,905
33745,2020-12-13,PS,"occupied Palestinian territory, including east Jerusalem",EMRO,13300,123002,157,1062
33746,2020-12-20,PS,"occupied Palestinian territory, including east Jerusalem",EMRO,14104,137106,170,1232
33747,2020-12-27,PS,"occupied Palestinian territory, including east Jerusalem",EMRO,11434,148540,174,1406
33748,2021-01-03,PS,"occupied Palestinian territory, including east Jerusalem",EMRO,9339,157879,172,1578
33749,2021-01-10,PS,"occupied Palestinian territory, including east Jerusalem",EMRO,7371,165250,157,1735
33750,2021-01-17,PS,"occupied Palestinian territory, including east Jerusalem",EMRO,5387,170637,126,1861
33751,2021-01-24,PS,"occupied Palestinian territory, including east Jerusalem",EMRO,3776,174413,90,1951
33752,2021-01-31,PS,"occupied Palestinian territory, including east Jerusalem",EMRO,4103,178516,59,2010
33753,2021-02-07,PS,"occupied Palestinian territory, including east Jerusalem",EMRO,4025,182541,48,2058
33754,2021-02-14,PS,"occupied Palestinian territory, including east Jerusalem",EMRO,5923,188464,67,2125
33755,2021-02-21,PS,"occupied Palestinian territory, including east Jerusalem",EMRO,6411,194875,47,2172
33756,2021-02-28,PS,"occupied Palestinian territory, including east Jerusalem",EMRO,11563,206438,64,2236
33757,2021-03-07,PS,"occupied Palestinian territory, including east Jerusalem",EMRO,14201,220639,116,2352
33758,2021-03-14,PS,"occupied Palestinian territory, including east Jerusalem",EMRO,13810,234449,142,2494
33759,2021-03-21,PS,"occupied Palestinian territory, including east Jerusalem",EMRO,14972,249421,162,2656
33760,2021-03-28,PS,"occupied Palestinian territory, including east Jerusalem",EMRO,13799,263220,154,2810
33761,2021-04-04,PS,"occupied Palestinian territory, including east Jerusalem",EMRO,13910,277130,131,2941
33762,2021-04-11,PS,"occupied Palestinian territory, including east Jerusalem",EMRO,17509,294639,161,3102
33763,2021-04-18,PS,"occupied Palestinian territory, including east Jerusalem",EMRO,13940,308579,149,3251
33764,2021-04-25,PS,"occupied Palestinian territory, including east Jerusalem",EMRO,10521,319100,168,3419
33765,2021-05-02,PS,"occupied Palestinian territory, including east Jerusalem",EMRO,6867,325967,106,3525
33766,2021-05-09,PS,"occupied Palestinian territory, including east Jerusalem",EMRO,4311,330278,94,3619
33767,2021-05-16,PS,"occupied Palestinian territory, including east Jerusalem",EMRO,2221,332499,72,3691
33768,2021-05-23,PS,"occupied Palestinian territory, including east Jerusalem",EMRO,1543,334042,36,3727
33769,2021-05-30,PS,"occupied Palestinian territory, including east Jerusalem",EMRO,2637,336679,33,3760
33770,2021-06-06,PS,"occupied Palestinian territory, including east Jerusalem",EMRO,2015,338694,24,3784
33771,2021-06-13,PS,"occupied Palestinian territory, including east Jerusalem",EMRO,1559,340253,14,3798
33772,2021-06-20,PS,"occupied Palestinian territory, including east Jerusalem",EMRO,1193,341446,20,3818
33773,2021-06-27,PS,"occupied Palestinian territory, including east Jerusalem",EMRO,1035,342481,8,3826
33774,2021-07-04,PS,"occupied Palestinian territory, including east Jerusalem",EMRO,852,343333,12,3838
33775,2021-07-11,PS,"occupied Palestinian territory, including east Jerusalem",EMRO,615,343948,10,3848
33776,2021-07-18,PS,"occupied Palestinian territory, including east Jerusalem",EMRO,534,344482,7,3855
33777,2021-07-25,PS,"occupied Palestinian territory, including east Jerusalem",EMRO,390,344872,10,3865
33778,2021-08-01,PS,"occupied Palestinian territory, including east Jerusalem",EMRO,830,345702,7,3872
33779,2021-08-08,PS,"occupied Palestinian territory, including east Jerusalem",EMRO,1010,346712,7,3879
33780,2021-08-15,PS,"occupied Palestinian territory, including east Jerusalem",EMRO,2396,349108,12,3891
33781,2021-08-22,PS,"occupied Palestinian territory, including east Jerusalem",EMRO,5495,354603,9,3900
33782,2021-08-29,PS,"occupied Palestinian territory, including east Jerusalem",EMRO,10406,365009,37,3937
33783,2021-09-05,PS,"occupied Palestinian territory, including east Jerusalem",EMRO,16213,381222,51,3988
33784,2021-09-12,PS,"occupied Palestinian territory, including east Jerusalem",EMRO,16351,397573,79,4067
33785,2021-09-19,PS,"occupied Palestinian territory, including east Jerusalem",EMRO,14869,412442,110,4177
33786,2021-09-26,PS,"occupied Palestinian territory, including east Jerusalem",EMRO,13591,426033,109,4286
33787,2021-10-03,PS,"occupied Palestinian territory, including east Jerusalem",EMRO,10103,436136,114,4400
33788,2021-10-10,PS,"occupied Palestinian territory, including east Jerusalem",EMRO,7080,443216,95,4495
33789,2021-10-17,PS,"occupied Palestinian territory, including east Jerusalem",EMRO,4666,447882,81,4576
33790,2021-10-24,PS,"occupied Palestinian territory, including east Jerusalem",EMRO,3307,451189,50,4626
33791,2021-10-31,PS,"occupied Palestinian territory, including east Jerusalem",EMRO,2358,453547,50,4676
33792,2021-11-07,PS,"occupied Palestinian territory, including east Jerusalem",EMRO,1944,455491,40,4716
33793,2021-11-14,PS,"occupied Palestinian territory, including east Jerusalem",EMRO,1478,456969,35,4751
33794,2021-11-21,PS,"occupied Palestinian territory, including east Jerusalem",EMRO,1304,458273,23,4774
33795,2021-11-28,PS,"occupied Palestinian territory, including east Jerusalem",EMRO,1416,459689,18,4792
33796,2021-12-05,PS,"occupied Palestinian territory, including east Jerusalem",EMRO,2255,461944,22,4814
33797,2021-12-12,PS,"occupied Palestinian territory, including east Jerusalem",EMRO,2092,464036,23,4837
33798,2021-12-19,PS,"occupied Palestinian territory, including east Jerusalem",EMRO,2291,466327,30,4867
33799,2021-12-26,PS,"occupied Palestinian territory, including east Jerusalem",EMRO,2116,468443,33,4900
33800,2022-01-02,PS,"occupied Palestinian territory, including east Jerusalem",EMRO,2215,470658,42,4942
33801,2022-01-09,PS,"occupied Palestinian territory, including east Jerusalem",EMRO,1988,472646,36,4978
33802,2022-01-16,PS,"occupied Palestinian territory, including east Jerusalem",EMRO,3040,475686,38,5016
33803,2022-01-23,PS,"occupied Palestinian territory, including east Jerusalem",EMRO,7293,482979,33,5049
33804,2022-01-30,PS,"occupied Palestinian territory, including east Jerusalem",EMRO,33080,516059,38,5087
33805,2022-02-06,PS,"occupied Palestinian territory, including east Jerusalem",EMRO,58046,574105,65,5152
33806,2022-02-13,PS,"occupied Palestinian territory, including east Jerusalem",EMRO,37153,611258,113,5265
33807,2022-02-20,PS,"occupied Palestinian territory, including east Jerusalem",EMRO,20498,631756,126,5391
33808,2022-02-27,PS,"occupied Palestinian territory, including east Jerusalem",EMRO,12881,644637,105,5496
33809,2022-03-06,PS,"occupied Palestinian territory, including east Jerusalem",EMRO,6488,651125,81,5577
33810,2022-03-13,PS,"occupied Palestinian territory, including east Jerusalem",EMRO,2537,653662,35,5612
33811,2022-03-20,PS,"occupied Palestinian territory, including east Jerusalem",EMRO,1292,654954,29,5641
33812,2022-03-27,PS,"occupied Palestinian territory, including east Jerusalem",EMRO,796,655750,14,5655
33813,2022-04-03,PS,"occupied Palestinian territory, including east Jerusalem",EMRO,537,656287,0,5655
33814,2022-04-10,PS,"occupied Palestinian territory, including east Jerusalem",EMRO,330,656617,1,5656
33815,2022-04-17,PS,"occupied Palestinian territory, including east Jerusalem",EMRO,259,656876,1,5657
33816,2022-04-24,PS,"occupied Palestinian territory, including east Jerusalem",EMRO,184,657060,0,5657
33817,2022-05-01,PS,"occupied Palestinian territory, including east Jerusalem",EMRO,0,657060,0,5657
33818,2022-05-08,PS,"occupied Palestinian territory, including east Jerusalem",EMRO,133,657193,0,5657
33819,2022-05-15,PS,"occupied Palestinian territory, including east Jerusalem",EMRO,263,657456,2,5659
33820,2022-05-22,PS,"occupied Palestinian territory, including east Jerusalem",EMRO,117,657573,1,5660
33821,2022-05-29,PS,"occupied Palestinian territory, including east Jerusalem",EMRO,132,657705,0,5660
33822,2022-06-05,PS,"occupied Palestinian territory, including east Jerusalem",EMRO,174,657879,0,5660
33823,2022-06-12,PS,"occupied Palestinian territory, including east Jerusalem",EMRO,221,658100,0,5660
33824,2022-06-19,PS,"occupied Palestinian territory, including east Jerusalem",EMRO,403,658503,0,5660
33825,2022-06-26,PS,"occupied Palestinian territory, including east Jerusalem",EMRO,1350,659853,0,5660
33826,2022-07-03,PS,"occupied Palestinian territory, including east Jerusalem",EMRO,2637,662490,2,5662
33827,2022-07-10,PS,"occupied Palestinian territory, including east Jerusalem",EMRO,2595,665085,1,5663
33828,2022-07-17,PS,"occupied Palestinian territory, including east Jerusalem",EMRO,6954,672039,1,5664
33829,2022-07-24,PS,"occupied Palestinian territory, including east Jerusalem",EMRO,10057,682096,14,5678
33830,2022-07-31,PS,"occupied Palestinian territory, including east Jerusalem",EMRO,8969,691065,10,5688
33831,2022-08-07,PS,"occupied Palestinian territory, including east Jerusalem",EMRO,6382,697447,3,5691
33832,2022-08-14,PS,"occupied Palestinian territory, including east Jerusalem",EMRO,937,698384,3,5694
33833,2022-08-21,PS,"occupied Palestinian territory, including east Jerusalem",EMRO,0,698384,0,5694
33834,2022-08-28,PS,"occupied Palestinian territory, including east Jerusalem",EMRO,3355,701739,6,5700
33835,2022-09-04,PS,"occupied Palestinian territory, including east Jerusalem",EMRO,852,702591,6,5706
33836,2022-09-11,PS,"occupied Palestinian territory, including east Jerusalem",EMRO,177,702768,1,5707
33837,2022-09-18,PS,"occupied Palestinian territory, including east Jerusalem",EMRO,0,702768,0,5707
33838,2022-09-25,PS,"occupied Palestinian territory, including east Jerusalem",EMRO,102,702870,1,5708
33839,2022-10-02,PS,"occupied Palestinian territory, including east Jerusalem",EMRO,70,702940,0,5708
33840,2022-10-09,PS,"occupied Palestinian territory, including east Jerusalem",EMRO,37,702977,0,5708
33841,2022-10-16,PS,"occupied Palestinian territory, including east Jerusalem",EMRO,37,703014,0,5708
33842,2022-10-23,PS,"occupied Palestinian territory, including east Jerusalem",EMRO,0,703014,0,5708
33843,2022-10-30,PS,"occupied Palestinian territory, including east Jerusalem",EMRO,22,703036,0,5708
33844,2022-11-06,PS,"occupied Palestinian territory, including east Jerusalem",EMRO,33,703069,0,5708
33845,2022-11-13,PS,"occupied Palestinian territory, including east Jerusalem",EMRO,0,703069,0,5708
33846,2022-11-20,PS,"occupied Palestinian territory, including east Jerusalem",EMRO,0,703069,0,5708
33847,2022-11-27,PS,"occupied Palestinian territory, including east Jerusalem",EMRO,0,703069,0,5708
33848,2022-12-04,PS,"occupied Palestinian territory, including east Jerusalem",EMRO,0,703069,0,5708
33849,2022-12-11,PS,"occupied Palestinian territory, including east Jerusalem",EMRO,159,703228,0,5708
33850,2022-12-18,PS,"occupied Palestinian territory, including east Jerusalem",EMRO,0,703228,0,5708
33851,2022-12-25,PS,"occupied Palestinian territory, including east Jerusalem",EMRO,0,703228,0,5708
33852,2023-01-01,PS,"occupied Palestinian territory, including east Jerusalem",EMRO,0,703228,0,5708
33853,2023-01-08,PS,"occupied Palestinian territory, including east Jerusalem",EMRO,0,703228,0,5708
33854,2023-01-15,PS,"occupied Palestinian territory, including east Jerusalem",EMRO,0,703228,0,5708
33855,2023-01-22,PS,"occupied Palestinian territory, including east Jerusalem",EMRO,0,703228,0,5708
33856,2023-01-29,PS,"occupied Palestinian territory, including east Jerusalem",EMRO,0,703228,0,5708
33857,2023-02-05,PS,"occupied Palestinian territory, including east Jerusalem",EMRO,0,703228,0,5708
33858,2023-02-12,PS,"occupied Palestinian territory, including east Jerusalem",EMRO,0,703228,0,5708
33859,2023-02-19,PS,"occupied Palestinian territory, including east Jerusalem",EMRO,0,703228,0,5708
33860,2023-02-26,PS,"occupied Palestinian territory, including east Jerusalem",EMRO,0,703228,0,5708
33861,2023-03-05,PS,"occupied Palestinian territory, including east Jerusalem",EMRO,0,703228,0,5708
33862,2023-03-12,PS,"occupied Palestinian territory, including east Jerusalem",EMRO,0,703228,0,5708
33863,2023-03-19,PS,"occupied Palestinian territory, including east Jerusalem",EMRO,0,703228,0,5708
33864,2023-03-26,PS,"occupied Palestinian territory, including east Jerusalem",EMRO,0,703228,0,5708
33865,2023-04-02,PS,"occupied Palestinian territory, including east Jerusalem",EMRO,0,703228,0,5708
33866,2023-04-09,PS,"occupied Palestinian territory, including east Jerusalem",EMRO,0,703228,0,5708
33867,2023-04-16,PS,"occupied Palestinian territory, including east Jerusalem",EMRO,0,703228,0,5708
33868,2023-04-23,PS,"occupied Palestinian territory, including east Jerusalem",EMRO,0,703228,0,5708
33869,2023-04-30,PS,"occupied Palestinian territory, including east Jerusalem",EMRO,0,703228,0,5708
33870,2023-05-07,PS,"occupied Palestinian territory, including east Jerusalem",EMRO,0,703228,0,5708
33871,2023-05-14,PS,"occupied Palestinian territory, including east Jerusalem",EMRO,0,703228,0,5708
33872,2023-05-21,PS,"occupied Palestinian territory, including east Jerusalem",EMRO,0,703228,0,5708
33873,2023-05-28,PS,"occupied Palestinian territory, including east Jerusalem",EMRO,0,703228,0,5708
33874,2023-06-04,PS,"occupied Palestinian territory, including east Jerusalem",EMRO,0,703228,0,5708
33875,2023-06-11,PS,"occupied Palestinian territory, including east Jerusalem",EMRO,0,703228,0,5708
33876,2023-06-18,PS,"occupied Palestinian territory, including east Jerusalem",EMRO,0,703228,0,5708
33877,2023-06-25,PS,"occupied Palestinian territory, including east Jerusalem",EMRO,0,703228,0,5708
33878,2023-07-02,PS,"occupied Palestinian territory, including east Jerusalem",EMRO,0,703228,0,5708
33879,2023-07-09,PS,"occupied Palestinian territory, including east Jerusalem",EMRO,0,703228,0,5708
33880,2023-07-16,PS,"occupied Palestinian territory, including east Jerusalem",EMRO,0,703228,0,5708
33881,2023-07-23,PS,"occupied Palestinian territory, including east Jerusalem",EMRO,0,703228,0,5708
33882,2023-07-30,PS,"occupied Palestinian territory, including east Jerusalem",EMRO,0,703228,0,5708
33883,2023-08-06,PS,"occupied Palestinian territory, including east Jerusalem",EMRO,0,703228,0,5708
33884,2023-08-13,PS,"occupied Palestinian territory, including east Jerusalem",EMRO,0,703228,0,5708
33885,2023-08-20,PS,"occupied Palestinian territory, including east Jerusalem",EMRO,0,703228,0,5708
33886,2023-08-27,PS,"occupied Palestinian territory, including east Jerusalem",EMRO,0,703228,0,5708
33887,2023-09-03,PS,"occupied Palestinian territory, including east Jerusalem",EMRO,0,703228,0,5708
33888,2023-09-10,PS,"occupied Palestinian territory, including east Jerusalem",EMRO,0,703228,0,5708
33889,2023-09-17,PS,"occupied Palestinian territory, including east Jerusalem",EMRO,0,703228,0,5708
33890,2023-09-24,PS,"occupied Palestinian territory, including east Jerusalem",EMRO,0,703228,0,5708
33891,2023-10-01,PS,"occupied Palestinian territory, including east Jerusalem",EMRO,0,703228,0,5708
33892,2023-10-08,PS,"occupied Palestinian territory, including east Jerusalem",EMRO,0,703228,0,5708
33893,2023-10-15,PS,"occupied Palestinian territory, including east Jerusalem",EMRO,0,703228,0,5708
33894,2023-10-22,PS,"occupied Palestinian territory, including east Jerusalem",EMRO,0,703228,0,5708
33895,2023-10-29,PS,"occupied Palestinian territory, including east Jerusalem",EMRO,0,703228,0,5708
33896,2023-11-05,PS,"occupied Palestinian territory, including east Jerusalem",EMRO,0,703228,0,5708
33897,2023-11-12,PS,"occupied Palestinian territory, including east Jerusalem",EMRO,0,703228,0,5708
33898,2023-11-19,PS,"occupied Palestinian territory, including east Jerusalem",EMRO,0,703228,0,5708
33899,2023-11-26,PS,"occupied Palestinian territory, including east Jerusalem",EMRO,0,703228,0,5708
33900,2023-12-03,PS,"occupied Palestinian territory, including east Jerusalem",EMRO,0,703228,0,5708
33901,2023-12-10,PS,"occupied Palestinian territory, including east Jerusalem",EMRO,0,703228,0,5708
33902,2023-12-17,PS,"occupied Palestinian territory, including east Jerusalem",EMRO,0,703228,0,5708
33903,2023-12-24,PS,"occupied Palestinian territory, including east Jerusalem",EMRO,0,703228,0,5708
33904,2020-01-05,OM,Oman,EMRO,0,0,0,0
33905,2020-01-12,OM,Oman,EMRO,0,0,0,0
33906,2020-01-19,OM,Oman,EMRO,0,0,0,0
33907,2020-01-26,OM,Oman,EMRO,0,0,0,0
33908,2020-02-02,OM,Oman,EMRO,0,0,0,0
33909,2020-02-09,OM,Oman,EMRO,0,0,0,0
33910,2020-02-16,OM,Oman,EMRO,0,0,0,0
33911,2020-02-23,OM,Oman,EMRO,0,0,0,0
33912,2020-03-01,OM,Oman,EMRO,6,6,0,0
33913,2020-03-08,OM,Oman,EMRO,10,16,0,0
33914,2020-03-15,OM,Oman,EMRO,4,20,0,0
33915,2020-03-22,OM,Oman,EMRO,32,52,0,0
33916,2020-03-29,OM,Oman,EMRO,100,152,0,0
33917,2020-04-05,OM,Oman,EMRO,125,277,2,2
33918,2020-04-12,OM,Oman,EMRO,269,546,1,3
33919,2020-04-19,OM,Oman,EMRO,634,1180,3,6
33920,2020-04-26,OM,Oman,EMRO,725,1905,4,10
33921,2020-05-03,OM,Oman,EMRO,578,2483,2,12
33922,2020-05-10,OM,Oman,EMRO,741,3224,5,17
33923,2020-05-17,OM,Oman,EMRO,1805,5029,4,21
33924,2020-05-24,OM,Oman,EMRO,2228,7257,15,36
33925,2020-05-31,OM,Oman,EMRO,3166,10423,6,42
33926,2020-06-07,OM,Oman,EMRO,5593,16016,30,72
33927,2020-06-14,OM,Oman,EMRO,6061,22077,27,99
33928,2020-06-21,OM,Oman,EMRO,6489,28566,29,128
33929,2020-06-28,OM,Oman,EMRO,8387,36953,31,159
33930,2020-07-05,OM,Oman,EMRO,8153,45106,44,203
33931,2020-07-12,OM,Oman,EMRO,9591,54697,45,248
33932,2020-07-19,OM,Oman,EMRO,10807,65504,60,308
33933,2020-07-26,OM,Oman,EMRO,9354,74858,63,371
33934,2020-08-02,OM,Oman,EMRO,4301,79159,50,421
33935,2020-08-09,OM,Oman,EMRO,2198,81357,88,509
33936,2020-08-16,OM,Oman,EMRO,1567,82924,53,562
33937,2020-08-23,OM,Oman,EMRO,845,83769,47,609
33938,2020-08-30,OM,Oman,EMRO,1236,85005,41,650
33939,2020-09-06,OM,Oman,EMRO,1375,86380,55,705
33940,2020-09-13,OM,Oman,EMRO,1957,88337,57,762
33941,2020-09-20,OM,Oman,EMRO,3416,91753,56,818
33942,2020-09-27,OM,Oman,EMRO,4154,95907,67,885
33943,2020-10-04,OM,Oman,EMRO,2678,98585,50,935
33944,2020-10-11,OM,Oman,EMRO,5544,104129,74,1009
33945,2020-10-18,OM,Oman,EMRO,4167,108296,62,1071
33946,2020-10-25,OM,Oman,EMRO,3541,111837,76,1147
33947,2020-11-01,OM,Oman,EMRO,2597,114434,61,1208
33948,2020-11-08,OM,Oman,EMRO,2733,117167,78,1286
33949,2020-11-15,OM,Oman,EMRO,2275,119442,40,1326
33950,2020-11-22,OM,Oman,EMRO,1918,121360,39,1365
33951,2020-11-29,OM,Oman,EMRO,1219,122579,26,1391
33952,2020-12-06,OM,Oman,EMRO,1750,124329,44,1435
33953,2020-12-13,OM,Oman,EMRO,1340,125669,28,1463
33954,2020-12-20,OM,Oman,EMRO,1350,127019,20,1483
33955,2020-12-27,OM,Oman,EMRO,1271,128290,8,1491
33956,2021-01-03,OM,Oman,EMRO,577,128867,8,1499
33957,2021-01-10,OM,Oman,EMRO,1203,130070,6,1505
33958,2021-01-17,OM,Oman,EMRO,1194,131264,4,1509
33959,2021-01-24,OM,Oman,EMRO,1222,132486,8,1517
33960,2021-01-31,OM,Oman,EMRO,1242,133728,10,1527
33961,2021-02-07,OM,Oman,EMRO,1313,135041,5,1532
33962,2021-02-14,OM,Oman,EMRO,1581,136622,7,1539
33963,2021-02-21,OM,Oman,EMRO,1872,138494,10,1549
33964,2021-02-28,OM,Oman,EMRO,2094,140588,13,1562
33965,2021-03-07,OM,Oman,EMRO,2308,142896,21,1583
33966,2021-03-14,OM,Oman,EMRO,2361,145257,17,1600
33967,2021-03-21,OM,Oman,EMRO,3878,149135,20,1620
33968,2021-03-28,OM,Oman,EMRO,4703,153838,30,1650
33969,2021-04-04,OM,Oman,EMRO,6180,160018,31,1681
33970,2021-04-11,OM,Oman,EMRO,7987,168005,66,1747
33971,2021-04-18,OM,Oman,EMRO,8663,176668,74,1821
33972,2021-04-25,OM,Oman,EMRO,8610,185278,130,1951
33973,2021-05-02,OM,Oman,EMRO,7975,193253,89,2040
33974,2021-05-09,OM,Oman,EMRO,7463,200716,123,2163
33975,2021-05-16,OM,Oman,EMRO,4197,204913,107,2270
33976,2021-05-23,OM,Oman,EMRO,5011,209924,94,2364
33977,2021-05-30,OM,Oman,EMRO,5442,215366,102,2466
33978,2021-06-06,OM,Oman,EMRO,7433,222799,92,2558
33979,2021-06-13,OM,Oman,EMRO,10353,233152,107,2665
33980,2021-06-20,OM,Oman,EMRO,13254,246406,196,2861
33981,2021-06-27,OM,Oman,EMRO,14100,260506,242,3103
33982,2021-07-04,OM,Oman,EMRO,13388,273894,313,3416
33983,2021-07-11,OM,Oman,EMRO,10091,283985,275,3691
33984,2021-07-18,OM,Oman,EMRO,6459,290444,226,3917
33985,2021-07-25,OM,Oman,EMRO,3028,293472,190,4107
33986,2021-08-01,OM,Oman,EMRO,3098,296570,96,4203
33987,2021-08-08,OM,Oman,EMRO,1934,298504,93,4296
33988,2021-08-15,OM,Oman,EMRO,1463,299967,59,4355
33989,2021-08-22,OM,Oman,EMRO,1174,301141,42,4397
33990,2021-08-29,OM,Oman,EMRO,888,302029,26,4423
33991,2021-09-05,OM,Oman,EMRO,570,302599,19,4442
33992,2021-09-12,OM,Oman,EMRO,437,303036,12,4454
33993,2021-09-19,OM,Oman,EMRO,354,303390,6,4460
33994,2021-09-26,OM,Oman,EMRO,223,303613,1,4461
33995,2021-10-03,OM,Oman,EMRO,200,303813,4,4465
33996,2021-10-10,OM,Oman,EMRO,142,303955,3,4468
33997,2021-10-17,OM,Oman,EMRO,89,304044,3,4471
33998,2021-10-24,OM,Oman,EMRO,101,304145,5,4476
33999,2021-10-31,OM,Oman,EMRO,136,304281,2,4478
34000,2021-11-07,OM,Oman,EMRO,73,304354,1,4479
34001,2021-11-14,OM,Oman,EMRO,66,304420,1,4480
34002,2021-11-21,OM,Oman,EMRO,68,304488,0,4480
34003,2021-11-28,OM,Oman,EMRO,44,304532,0,4480
34004,2021-12-05,OM,Oman,EMRO,67,304599,0,4480
34005,2021-12-12,OM,Oman,EMRO,104,304703,0,4480
34006,2021-12-19,OM,Oman,EMRO,126,304829,0,4480
34007,2021-12-26,OM,Oman,EMRO,229,305058,0,4480
34008,2022-01-02,OM,Oman,EMRO,652,305710,3,4483
34009,2022-01-09,OM,Oman,EMRO,1639,307349,1,4484
34010,2022-01-16,OM,Oman,EMRO,4349,311698,2,4486
34011,2022-01-23,OM,Oman,EMRO,9425,321123,6,4492
34012,2022-01-30,OM,Oman,EMRO,13580,334703,9,4501
34013,2022-02-06,OM,Oman,EMRO,14960,349663,24,4525
34014,2022-02-13,OM,Oman,EMRO,14695,364358,37,4562
34015,2022-02-20,OM,Oman,EMRO,10207,374565,30,4592
34016,2022-02-27,OM,Oman,EMRO,6253,380818,13,4605
34017,2022-03-06,OM,Oman,EMRO,3704,384522,10,4615
34018,2022-03-13,OM,Oman,EMRO,1803,386325,2,4617
34019,2022-03-20,OM,Oman,EMRO,1072,387397,0,4617
34020,2022-03-27,OM,Oman,EMRO,642,388039,0,4617
34021,2022-04-03,OM,Oman,EMRO,393,388432,0,4617
34022,2022-04-10,OM,Oman,EMRO,230,388662,3,4620
34023,2022-04-17,OM,Oman,EMRO,181,388843,4,4624
34024,2022-04-24,OM,Oman,EMRO,193,389036,0,4624
34025,2022-05-01,OM,Oman,EMRO,90,389126,1,4625
34026,2022-05-08,OM,Oman,EMRO,147,389273,1,4626
34027,2022-05-15,OM,Oman,EMRO,124,389397,0,4626
34028,2022-05-22,OM,Oman,EMRO,109,389506,1,4627
34029,2022-05-29,OM,Oman,EMRO,99,389605,1,4628
34030,2022-06-05,OM,Oman,EMRO,118,389723,0,4628
34031,2022-06-12,OM,Oman,EMRO,194,389917,0,4628
34032,2022-06-19,OM,Oman,EMRO,327,390244,0,4628
34033,2022-06-26,OM,Oman,EMRO,484,390728,0,4628
34034,2022-07-03,OM,Oman,EMRO,913,391641,0,4628
34035,2022-07-10,OM,Oman,EMRO,1361,393002,0,4628
34036,2022-07-17,OM,Oman,EMRO,1213,394215,0,4628
34037,2022-07-24,OM,Oman,EMRO,1522,395737,0,4628
34038,2022-07-31,OM,Oman,EMRO,985,396722,0,4628
34039,2022-08-07,OM,Oman,EMRO,509,397231,0,4628
34040,2022-08-14,OM,Oman,EMRO,343,397574,0,4628
34041,2022-08-21,OM,Oman,EMRO,272,397846,0,4628
34042,2022-08-28,OM,Oman,EMRO,147,397993,0,4628
34043,2022-09-04,OM,Oman,EMRO,144,398137,0,4628
34044,2022-09-11,OM,Oman,EMRO,97,398234,0,4628
34045,2022-09-18,OM,Oman,EMRO,92,398326,0,4628
34046,2022-09-25,OM,Oman,EMRO,98,398424,0,4628
34047,2022-10-02,OM,Oman,EMRO,96,398520,0,4628
34048,2022-10-09,OM,Oman,EMRO,65,398585,0,4628
34049,2022-10-16,OM,Oman,EMRO,104,398689,0,4628
34050,2022-10-23,OM,Oman,EMRO,86,398775,0,4628
34051,2022-10-30,OM,Oman,EMRO,74,398849,0,4628
34052,2022-11-06,OM,Oman,EMRO,92,398941,0,4628
34053,2022-11-13,OM,Oman,EMRO,86,399027,0,4628
34054,2022-11-20,OM,Oman,EMRO,92,399119,0,4628
34055,2022-11-27,OM,Oman,EMRO,58,399177,0,4628
34056,2022-12-04,OM,Oman,EMRO,26,399203,0,4628
34057,2022-12-11,OM,Oman,EMRO,56,399259,0,4628
34058,2022-12-18,OM,Oman,EMRO,25,399284,0,4628
34059,2022-12-25,OM,Oman,EMRO,24,399308,0,4628
34060,2023-01-01,OM,Oman,EMRO,35,399343,0,4628
34061,2023-01-08,OM,Oman,EMRO,32,399375,0,4628
34062,2023-01-15,OM,Oman,EMRO,29,399404,0,4628
34063,2023-01-22,OM,Oman,EMRO,17,399421,0,4628
34064,2023-01-29,OM,Oman,EMRO,28,399449,0,4628
34065,2023-02-05,OM,Oman,EMRO,0,399449,0,4628
34066,2023-02-12,OM,Oman,EMRO,0,399449,0,4628
34067,2023-02-19,OM,Oman,EMRO,0,399449,0,4628
34068,2023-02-26,OM,Oman,EMRO,0,399449,0,4628
34069,2023-03-05,OM,Oman,EMRO,0,399449,0,4628
34070,2023-03-12,OM,Oman,EMRO,0,399449,0,4628
34071,2023-03-19,OM,Oman,EMRO,0,399449,0,4628
34072,2023-03-26,OM,Oman,EMRO,0,399449,0,4628
34073,2023-04-02,OM,Oman,EMRO,0,399449,0,4628
34074,2023-04-09,OM,Oman,EMRO,0,399449,0,4628
34075,2023-04-16,OM,Oman,EMRO,0,399449,0,4628
34076,2023-04-23,OM,Oman,EMRO,0,399449,0,4628
34077,2023-04-30,OM,Oman,EMRO,0,399449,0,4628
34078,2023-05-07,OM,Oman,EMRO,0,399449,0,4628
34079,2023-05-14,OM,Oman,EMRO,0,399449,0,4628
34080,2023-05-21,OM,Oman,EMRO,0,399449,0,4628
34081,2023-05-28,OM,Oman,EMRO,0,399449,0,4628
34082,2023-06-04,OM,Oman,EMRO,0,399449,0,4628
34083,2023-06-11,OM,Oman,EMRO,0,399449,0,4628
34084,2023-06-18,OM,Oman,EMRO,0,399449,0,4628
34085,2023-06-25,OM,Oman,EMRO,0,399449,0,4628
34086,2023-07-02,OM,Oman,EMRO,0,399449,0,4628
34087,2023-07-09,OM,Oman,EMRO,0,399449,0,4628
34088,2023-07-16,OM,Oman,EMRO,0,399449,0,4628
34089,2023-07-23,OM,Oman,EMRO,0,399449,0,4628
34090,2023-07-30,OM,Oman,EMRO,0,399449,0,4628
34091,2023-08-06,OM,Oman,EMRO,0,399449,0,4628
34092,2023-08-13,OM,Oman,EMRO,0,399449,0,4628
34093,2023-08-20,OM,Oman,EMRO,0,399449,0,4628
34094,2023-08-27,OM,Oman,EMRO,0,399449,0,4628
34095,2023-09-03,OM,Oman,EMRO,0,399449,0,4628
34096,2023-09-10,OM,Oman,EMRO,0,399449,0,4628
34097,2023-09-17,OM,Oman,EMRO,0,399449,0,4628
34098,2023-09-24,OM,Oman,EMRO,0,399449,0,4628
34099,2023-10-01,OM,Oman,EMRO,0,399449,0,4628
34100,2023-10-08,OM,Oman,EMRO,0,399449,0,4628
34101,2023-10-15,OM,Oman,EMRO,0,399449,0,4628
34102,2023-10-22,OM,Oman,EMRO,0,399449,0,4628
34103,2023-10-29,OM,Oman,EMRO,0,399449,0,4628
34104,2023-11-05,OM,Oman,EMRO,0,399449,0,4628
34105,2023-11-12,OM,Oman,EMRO,0,399449,0,4628
34106,2023-11-19,OM,Oman,EMRO,0,399449,0,4628
34107,2023-11-26,OM,Oman,EMRO,0,399449,0,4628
34108,2023-12-03,OM,Oman,EMRO,0,399449,0,4628
34109,2023-12-10,OM,Oman,EMRO,0,399449,0,4628
34110,2023-12-17,OM,Oman,EMRO,0,399449,0,4628
34111,2023-12-24,OM,Oman,EMRO,0,399449,0,4628
34112,2020-01-05,PK,Pakistan,EMRO,0,0,0,0
34113,2020-01-12,PK,Pakistan,EMRO,0,0,0,0
34114,2020-01-19,PK,Pakistan,EMRO,0,0,0,0
34115,2020-01-26,PK,Pakistan,EMRO,0,0,0,0
34116,2020-02-02,PK,Pakistan,EMRO,0,0,0,0
34117,2020-02-09,PK,Pakistan,EMRO,0,0,0,0
34118,2020-02-16,PK,Pakistan,EMRO,0,0,0,0
34119,2020-02-23,PK,Pakistan,EMRO,0,0,0,0
34120,2020-03-01,PK,Pakistan,EMRO,2,2,0,0
34121,2020-03-08,PK,Pakistan,EMRO,4,6,0,0
34122,2020-03-15,PK,Pakistan,EMRO,15,21,0,0
34123,2020-03-22,PK,Pakistan,EMRO,440,461,2,2
34124,2020-03-29,PK,Pakistan,EMRO,774,1235,7,9
34125,2020-04-05,PK,Pakistan,EMRO,1215,2450,26,35
34126,2020-04-12,PK,Pakistan,EMRO,2245,4695,31,66
34127,2020-04-19,PK,Pakistan,EMRO,2330,7025,69,135
34128,2020-04-26,PK,Pakistan,EMRO,4915,11940,118,253
34129,2020-05-03,PK,Pakistan,EMRO,5759,17699,155,408
34130,2020-05-10,PK,Pakistan,EMRO,8736,26435,191,599
34131,2020-05-17,PK,Pakistan,EMRO,10783,37218,204,803
34132,2020-05-24,PK,Pakistan,EMRO,15219,52437,298,1101
34133,2020-05-31,PK,Pakistan,EMRO,14020,66457,294,1395
34134,2020-06-07,PK,Pakistan,EMRO,27526,93983,540,1935
34135,2020-06-14,PK,Pakistan,EMRO,38422,132405,616,2551
34136,2020-06-21,PK,Pakistan,EMRO,39261,171666,831,3382
34137,2020-06-28,PK,Pakistan,EMRO,27217,198883,653,4035
34138,2020-07-05,PK,Pakistan,EMRO,26400,225283,584,4619
34139,2020-07-12,PK,Pakistan,EMRO,21068,246351,504,5123
34140,2020-07-19,PK,Pakistan,EMRO,15566,261917,399,5522
34141,2020-07-26,PK,Pakistan,EMRO,9970,271887,265,5787
34142,2020-08-02,PK,Pakistan,EMRO,7259,279146,183,5970
34143,2020-08-09,PK,Pakistan,EMRO,4341,283487,104,6074
34144,2020-08-16,PK,Pakistan,EMRO,4560,288047,88,6162
34145,2020-08-23,PK,Pakistan,EMRO,4127,292174,69,6231
34146,2020-08-30,PK,Pakistan,EMRO,3198,295372,53,6284
34147,2020-09-06,PK,Pakistan,EMRO,2653,298025,56,6340
34148,2020-09-13,PK,Pakistan,EMRO,2930,300955,33,6373
34149,2020-09-20,PK,Pakistan,EMRO,4076,305031,42,6415
34150,2020-09-27,PK,Pakistan,EMRO,4550,309581,36,6451
34151,2020-10-04,PK,Pakistan,EMRO,4403,313984,56,6507
34152,2020-10-11,PK,Pakistan,EMRO,4282,318266,51,6558
34153,2020-10-18,PK,Pakistan,EMRO,4186,322452,80,6638
34154,2020-10-25,PK,Pakistan,EMRO,4611,327063,89,6727
34155,2020-11-01,PK,Pakistan,EMRO,5930,332993,79,6806
34156,2020-11-08,PK,Pakistan,EMRO,8760,341753,137,6943
34157,2020-11-15,PK,Pakistan,EMRO,12708,354461,166,7109
34158,2020-11-22,PK,Pakistan,EMRO,17047,371508,494,7603
34159,2020-11-29,PK,Pakistan,EMRO,20848,392356,339,7942
34160,2020-12-06,PK,Pakistan,EMRO,20835,413191,361,8303
34161,2020-12-13,PK,Pakistan,EMRO,21753,434944,421,8724
34162,2020-12-20,PK,Pakistan,EMRO,19617,454561,526,9250
34163,2020-12-27,PK,Pakistan,EMRO,14921,469482,566,9816
34164,2021-01-03,PK,Pakistan,EMRO,14880,484362,442,10258
34165,2021-01-10,PK,Pakistan,EMRO,15155,499517,340,10598
34166,2021-01-17,PK,Pakistan,EMRO,17253,516770,310,10908
34167,2021-01-24,PK,Pakistan,EMRO,14048,530818,339,11247
34168,2021-01-31,PK,Pakistan,EMRO,12396,543214,376,11623
34169,2021-02-07,PK,Pakistan,EMRO,9914,553128,291,11914
34170,2021-02-14,PK,Pakistan,EMRO,8497,561625,362,12276
34171,2021-02-21,PK,Pakistan,EMRO,8221,569846,287,12563
34172,2021-02-28,PK,Pakistan,EMRO,8951,578797,274,12837
34173,2021-03-07,PK,Pakistan,EMRO,9931,588728,329,13166
34174,2021-03-14,PK,Pakistan,EMRO,13808,602536,310,13476
34175,2021-03-21,PK,Pakistan,EMRO,20599,623135,323,13799
34176,2021-03-28,PK,Pakistan,EMRO,26689,649824,359,14158
34177,2021-04-04,PK,Pakistan,EMRO,33064,682888,539,14697
34178,2021-04-11,PK,Pakistan,EMRO,33080,715968,632,15329
34179,2021-04-18,PK,Pakistan,EMRO,34190,750158,765,16094
34180,2021-04-25,PK,Pakistan,EMRO,39858,790016,905,16999
34181,2021-05-02,PK,Pakistan,EMRO,35503,825519,958,17957
34182,2021-05-09,PK,Pakistan,EMRO,28722,854241,840,18797
34183,2021-05-16,PK,Pakistan,EMRO,20510,874751,670,19467
34184,2021-05-23,PK,Pakistan,EMRO,22717,897468,710,20177
34185,2021-05-30,PK,Pakistan,EMRO,18771,916239,503,20680
34186,2021-06-06,PK,Pakistan,EMRO,14272,930511,509,21189
34187,2021-06-13,PK,Pakistan,EMRO,9420,939931,441,21630
34188,2021-06-20,PK,Pakistan,EMRO,7287,947218,307,21937
34189,2021-06-27,PK,Pakistan,EMRO,6624,953842,251,22188
34190,2021-07-04,PK,Pakistan,EMRO,7243,961085,191,22379
34191,2021-07-11,PK,Pakistan,EMRO,10219,971304,176,22555
34192,2021-07-18,PK,Pakistan,EMRO,15364,986668,205,22760
34193,2021-07-25,PK,Pakistan,EMRO,15207,1001875,211,22971
34194,2021-08-01,PK,Pakistan,EMRO,27936,1029811,389,23360
34195,2021-08-08,PK,Pakistan,EMRO,33314,1063125,437,23797
34196,2021-08-15,PK,Pakistan,EMRO,31574,1094699,542,24339
34197,2021-08-22,PK,Pakistan,EMRO,25271,1119970,509,24848
34198,2021-08-29,PK,Pakistan,EMRO,28602,1148572,687,25535
34199,2021-09-05,PK,Pakistan,EMRO,26986,1175558,579,26114
34200,2021-09-12,PK,Pakistan,EMRO,25809,1201367,548,26662
34201,2021-09-19,PK,Pakistan,EMRO,19894,1221261,473,27135
34202,2021-09-26,PK,Pakistan,EMRO,15627,1236888,389,27524
34203,2021-10-03,PK,Pakistan,EMRO,11314,1248202,307,27831
34204,2021-10-10,PK,Pakistan,EMRO,8986,1257188,256,28087
34205,2021-10-17,PK,Pakistan,EMRO,6476,1263664,165,28252
34206,2021-10-24,PK,Pakistan,EMRO,4281,1267945,107,28359
34207,2021-10-31,PK,Pakistan,EMRO,4400,1272345,80,28439
34208,2021-11-07,PK,Pakistan,EMRO,3895,1276240,79,28518
34209,2021-11-14,PK,Pakistan,EMRO,3133,1279373,77,28595
34210,2021-11-21,PK,Pakistan,EMRO,2186,1281559,60,28655
34211,2021-11-28,PK,Pakistan,EMRO,2327,1283886,49,28704
34212,2021-12-05,PK,Pakistan,EMRO,2567,1286453,57,28761
34213,2021-12-12,PK,Pakistan,EMRO,2308,1288761,62,28823
34214,2021-12-19,PK,Pakistan,EMRO,2087,1290848,47,28870
34215,2021-12-26,PK,Pakistan,EMRO,2233,1293081,35,28905
34216,2022-01-02,PK,Pakistan,EMRO,2852,1295933,28,28933
34217,2022-01-09,PK,Pakistan,EMRO,6553,1302486,29,28962
34218,2022-01-16,PK,Pakistan,EMRO,17634,1320120,41,29003
34219,2022-01-23,PK,Pakistan,EMRO,39899,1360019,74,29077
34220,2022-01-30,PK,Pakistan,EMRO,49994,1410013,142,29219
34221,2022-02-06,PK,Pakistan,EMRO,44886,1454899,229,29448
34222,2022-02-13,PK,Pakistan,EMRO,25693,1480592,283,29731
34223,2022-02-20,PK,Pakistan,EMRO,18084,1498676,245,29976
34224,2022-02-27,PK,Pakistan,EMRO,8981,1507657,177,30153
34225,2022-03-06,PK,Pakistan,EMRO,5846,1513503,105,30258
34226,2022-03-13,PK,Pakistan,EMRO,4580,1518083,46,30304
34227,2022-03-20,PK,Pakistan,EMRO,3430,1521513,24,30328
34228,2022-03-27,PK,Pakistan,EMRO,2077,1523590,12,30340
34229,2022-04-03,PK,Pakistan,EMRO,1591,1525181,20,30360
34230,2022-04-10,PK,Pakistan,EMRO,1291,1526472,1,30361
34231,2022-04-17,PK,Pakistan,EMRO,679,1527151,2,30363
34232,2022-04-24,PK,Pakistan,EMRO,600,1527751,6,30369
34233,2022-05-01,PK,Pakistan,EMRO,205,1527956,0,30369
34234,2022-05-08,PK,Pakistan,EMRO,0,1527956,0,30369
34235,2022-05-15,PK,Pakistan,EMRO,1211,1529167,7,30376
34236,2022-05-22,PK,Pakistan,EMRO,544,1529711,3,30379
34237,2022-05-29,PK,Pakistan,EMRO,524,1530235,0,30379
34238,2022-06-05,PK,Pakistan,EMRO,415,1530650,0,30379
34239,2022-06-12,PK,Pakistan,EMRO,462,1531112,2,30381
34240,2022-06-19,PK,Pakistan,EMRO,718,1531830,2,30383
34241,2022-06-26,PK,Pakistan,EMRO,1652,1533482,3,30386
34242,2022-07-03,PK,Pakistan,EMRO,3815,1537297,13,30399
34243,2022-07-10,PK,Pakistan,EMRO,5080,1542377,21,30420
34244,2022-07-17,PK,Pakistan,EMRO,3270,1545647,18,30438
34245,2022-07-24,PK,Pakistan,EMRO,4119,1549766,26,30464
34246,2022-07-31,PK,Pakistan,EMRO,4164,1553930,22,30486
34247,2022-08-07,PK,Pakistan,EMRO,4627,1558557,19,30505
34248,2022-08-14,PK,Pakistan,EMRO,3750,1562307,18,30523
34249,2022-08-21,PK,Pakistan,EMRO,3461,1565768,27,30550
34250,2022-08-28,PK,Pakistan,EMRO,2415,1568183,21,30571
34251,2022-09-04,PK,Pakistan,EMRO,1605,1569788,17,30588
34252,2022-09-11,PK,Pakistan,EMRO,1164,1570952,11,30599
34253,2022-09-18,PK,Pakistan,EMRO,780,1571732,6,30605
34254,2022-09-25,PK,Pakistan,EMRO,537,1572269,7,30612
34255,2022-10-02,PK,Pakistan,EMRO,329,1572598,4,30616
34256,2022-10-09,PK,Pakistan,EMRO,374,1572972,7,30623
34257,2022-10-16,PK,Pakistan,EMRO,0,1572972,0,30623
34258,2022-10-23,PK,Pakistan,EMRO,347,1573319,0,30623
34259,2022-10-30,PK,Pakistan,EMRO,603,1573922,2,30625
34260,2022-11-06,PK,Pakistan,EMRO,399,1574321,2,30627
34261,2022-11-13,PK,Pakistan,EMRO,275,1574596,2,30629
34262,2022-11-20,PK,Pakistan,EMRO,271,1574867,1,30630
34263,2022-11-27,PK,Pakistan,EMRO,198,1575065,0,30630
34264,2022-12-04,PK,Pakistan,EMRO,208,1575273,2,30632
34265,2022-12-11,PK,Pakistan,EMRO,151,1575424,3,30635
34266,2022-12-18,PK,Pakistan,EMRO,62,1575486,0,30635
34267,2022-12-25,PK,Pakistan,EMRO,165,1575651,0,30635
34268,2023-01-01,PK,Pakistan,EMRO,0,1575651,0,30635
34269,2023-01-08,PK,Pakistan,EMRO,259,1575910,3,30638
34270,2023-01-15,PK,Pakistan,EMRO,127,1576037,1,30639
34271,2023-01-22,PK,Pakistan,EMRO,129,1576166,1,30640
34272,2023-01-29,PK,Pakistan,EMRO,86,1576252,0,30640
34273,2023-02-05,PK,Pakistan,EMRO,109,1576361,0,30640
34274,2023-02-12,PK,Pakistan,EMRO,133,1576494,0,30640
34275,2023-02-19,PK,Pakistan,EMRO,163,1576657,1,30641
34276,2023-02-26,PK,Pakistan,EMRO,138,1576795,0,30641
34277,2023-03-05,PK,Pakistan,EMRO,323,1577118,2,30643
34278,2023-03-12,PK,Pakistan,EMRO,364,1577482,1,30644
34279,2023-03-19,PK,Pakistan,EMRO,673,1578155,1,30645
34280,2023-03-26,PK,Pakistan,EMRO,851,1579006,3,30648
34281,2023-04-02,PK,Pakistan,EMRO,698,1579704,1,30649
34282,2023-04-09,PK,Pakistan,EMRO,364,1580068,3,30652
34283,2023-04-16,PK,Pakistan,EMRO,326,1580394,3,30655
34284,2023-04-23,PK,Pakistan,EMRO,170,1580564,1,30656
34285,2023-04-30,PK,Pakistan,EMRO,67,1580631,0,30656
34286,2023-05-07,PK,Pakistan,EMRO,0,1580631,0,30656
34287,2023-05-14,PK,Pakistan,EMRO,0,1580631,0,30656
34288,2023-05-21,PK,Pakistan,EMRO,0,1580631,0,30656
34289,2023-05-28,PK,Pakistan,EMRO,0,1580631,0,30656
34290,2023-06-04,PK,Pakistan,EMRO,0,1580631,0,30656
34291,2023-06-11,PK,Pakistan,EMRO,0,1580631,0,30656
34292,2023-06-18,PK,Pakistan,EMRO,0,1580631,0,30656
34293,2023-06-25,PK,Pakistan,EMRO,0,1580631,0,30656
34294,2023-07-02,PK,Pakistan,EMRO,0,1580631,0,30656
34295,2023-07-09,PK,Pakistan,EMRO,0,1580631,0,30656
34296,2023-07-16,PK,Pakistan,EMRO,0,1580631,0,30656
34297,2023-07-23,PK,Pakistan,EMRO,0,1580631,0,30656
34298,2023-07-30,PK,Pakistan,EMRO,0,1580631,0,30656
34299,2023-08-06,PK,Pakistan,EMRO,0,1580631,0,30656
34300,2023-08-13,PK,Pakistan,EMRO,0,1580631,0,30656
34301,2023-08-20,PK,Pakistan,EMRO,0,1580631,0,30656
34302,2023-08-27,PK,Pakistan,EMRO,0,1580631,0,30656
34303,2023-09-03,PK,Pakistan,EMRO,0,1580631,0,30656
34304,2023-09-10,PK,Pakistan,EMRO,0,1580631,0,30656
34305,2023-09-17,PK,Pakistan,EMRO,0,1580631,0,30656
34306,2023-09-24,PK,Pakistan,EMRO,0,1580631,0,30656
34307,2023-10-01,PK,Pakistan,EMRO,0,1580631,0,30656
34308,2023-10-08,PK,Pakistan,EMRO,0,1580631,0,30656
34309,2023-10-15,PK,Pakistan,EMRO,0,1580631,0,30656
34310,2023-10-22,PK,Pakistan,EMRO,0,1580631,0,30656
34311,2023-10-29,PK,Pakistan,EMRO,0,1580631,0,30656
34312,2023-11-05,PK,Pakistan,EMRO,0,1580631,0,30656
34313,2023-11-12,PK,Pakistan,EMRO,0,1580631,0,30656
34314,2023-11-19,PK,Pakistan,EMRO,0,1580631,0,30656
34315,2023-11-26,PK,Pakistan,EMRO,0,1580631,0,30656
34316,2023-12-03,PK,Pakistan,EMRO,0,1580631,0,30656
34317,2023-12-10,PK,Pakistan,EMRO,0,1580631,0,30656
34318,2023-12-17,PK,Pakistan,EMRO,0,1580631,0,30656
34319,2023-12-24,PK,Pakistan,EMRO,0,1580631,0,30656
34320,2020-01-05,PW,Palau,WPRO,0,0,0,0
34321,2020-01-12,PW,Palau,WPRO,0,0,0,0
34322,2020-01-19,PW,Palau,WPRO,0,0,0,0
34323,2020-01-26,PW,Palau,WPRO,0,0,0,0
34324,2020-02-02,PW,Palau,WPRO,0,0,0,0
34325,2020-02-09,PW,Palau,WPRO,0,0,0,0
34326,2020-02-16,PW,Palau,WPRO,0,0,0,0
34327,2020-02-23,PW,Palau,WPRO,0,0,0,0
34328,2020-03-01,PW,Palau,WPRO,0,0,0,0
34329,2020-03-08,PW,Palau,WPRO,0,0,0,0
34330,2020-03-15,PW,Palau,WPRO,0,0,0,0
34331,2020-03-22,PW,Palau,WPRO,0,0,0,0
34332,2020-03-29,PW,Palau,WPRO,0,0,0,0
34333,2020-04-05,PW,Palau,WPRO,0,0,0,0
34334,2020-04-12,PW,Palau,WPRO,0,0,0,0
34335,2020-04-19,PW,Palau,WPRO,0,0,0,0
34336,2020-04-26,PW,Palau,WPRO,0,0,0,0
34337,2020-05-03,PW,Palau,WPRO,0,0,0,0
34338,2020-05-10,PW,Palau,WPRO,0,0,0,0
34339,2020-05-17,PW,Palau,WPRO,0,0,0,0
34340,2020-05-24,PW,Palau,WPRO,0,0,0,0
34341,2020-05-31,PW,Palau,WPRO,0,0,0,0
34342,2020-06-07,PW,Palau,WPRO,0,0,0,0
34343,2020-06-14,PW,Palau,WPRO,0,0,0,0
34344,2020-06-21,PW,Palau,WPRO,0,0,0,0
34345,2020-06-28,PW,Palau,WPRO,0,0,0,0
34346,2020-07-05,PW,Palau,WPRO,0,0,0,0
34347,2020-07-12,PW,Palau,WPRO,0,0,0,0
34348,2020-07-19,PW,Palau,WPRO,0,0,0,0
34349,2020-07-26,PW,Palau,WPRO,0,0,0,0
34350,2020-08-02,PW,Palau,WPRO,0,0,0,0
34351,2020-08-09,PW,Palau,WPRO,0,0,0,0
34352,2020-08-16,PW,Palau,WPRO,0,0,0,0
34353,2020-08-23,PW,Palau,WPRO,0,0,0,0
34354,2020-08-30,PW,Palau,WPRO,0,0,0,0
34355,2020-09-06,PW,Palau,WPRO,0,0,0,0
34356,2020-09-13,PW,Palau,WPRO,0,0,0,0
34357,2020-09-20,PW,Palau,WPRO,0,0,0,0
34358,2020-09-27,PW,Palau,WPRO,0,0,0,0
34359,2020-10-04,PW,Palau,WPRO,0,0,0,0
34360,2020-10-11,PW,Palau,WPRO,0,0,0,0
34361,2020-10-18,PW,Palau,WPRO,0,0,0,0
34362,2020-10-25,PW,Palau,WPRO,0,0,0,0
34363,2020-11-01,PW,Palau,WPRO,0,0,0,0
34364,2020-11-08,PW,Palau,WPRO,0,0,0,0
34365,2020-11-15,PW,Palau,WPRO,0,0,0,0
34366,2020-11-22,PW,Palau,WPRO,0,0,0,0
34367,2020-11-29,PW,Palau,WPRO,0,0,0,0
34368,2020-12-06,PW,Palau,WPRO,0,0,0,0
34369,2020-12-13,PW,Palau,WPRO,0,0,0,0
34370,2020-12-20,PW,Palau,WPRO,0,0,0,0
34371,2020-12-27,PW,Palau,WPRO,0,0,0,0
34372,2021-01-03,PW,Palau,WPRO,0,0,0,0
34373,2021-01-10,PW,Palau,WPRO,0,0,0,0
34374,2021-01-17,PW,Palau,WPRO,0,0,0,0
34375,2021-01-24,PW,Palau,WPRO,0,0,0,0
34376,2021-01-31,PW,Palau,WPRO,0,0,0,0
34377,2021-02-07,PW,Palau,WPRO,0,0,0,0
34378,2021-02-14,PW,Palau,WPRO,0,0,0,0
34379,2021-02-21,PW,Palau,WPRO,0,0,0,0
34380,2021-02-28,PW,Palau,WPRO,0,0,0,0
34381,2021-03-07,PW,Palau,WPRO,0,0,0,0
34382,2021-03-14,PW,Palau,WPRO,0,0,0,0
34383,2021-03-21,PW,Palau,WPRO,0,0,0,0
34384,2021-03-28,PW,Palau,WPRO,0,0,0,0
34385,2021-04-04,PW,Palau,WPRO,0,0,0,0
34386,2021-04-11,PW,Palau,WPRO,0,0,0,0
34387,2021-04-18,PW,Palau,WPRO,0,0,0,0
34388,2021-04-25,PW,Palau,WPRO,0,0,0,0
34389,2021-05-02,PW,Palau,WPRO,0,0,0,0
34390,2021-05-09,PW,Palau,WPRO,0,0,0,0
34391,2021-05-16,PW,Palau,WPRO,0,0,0,0
34392,2021-05-23,PW,Palau,WPRO,0,0,0,0
34393,2021-05-30,PW,Palau,WPRO,0,0,0,0
34394,2021-06-06,PW,Palau,WPRO,0,0,0,0
34395,2021-06-13,PW,Palau,WPRO,0,0,0,0
34396,2021-06-20,PW,Palau,WPRO,0,0,0,0
34397,2021-06-27,PW,Palau,WPRO,0,0,0,0
34398,2021-07-04,PW,Palau,WPRO,0,0,0,0
34399,2021-07-11,PW,Palau,WPRO,0,0,0,0
34400,2021-07-18,PW,Palau,WPRO,0,0,0,0
34401,2021-07-25,PW,Palau,WPRO,0,0,0,0
34402,2021-08-01,PW,Palau,WPRO,0,0,0,0
34403,2021-08-08,PW,Palau,WPRO,0,0,0,0
34404,2021-08-15,PW,Palau,WPRO,0,0,0,0
34405,2021-08-22,PW,Palau,WPRO,2,2,0,0
34406,2021-08-29,PW,Palau,WPRO,0,2,0,0
34407,2021-09-05,PW,Palau,WPRO,0,2,0,0
34408,2021-09-12,PW,Palau,WPRO,1,3,0,0
34409,2021-09-19,PW,Palau,WPRO,2,5,0,0
34410,2021-09-26,PW,Palau,WPRO,0,5,0,0
34411,2021-10-03,PW,Palau,WPRO,0,5,0,0
34412,2021-10-10,PW,Palau,WPRO,3,8,0,0
34413,2021-10-17,PW,Palau,WPRO,0,8,0,0
34414,2021-10-24,PW,Palau,WPRO,0,8,0,0
34415,2021-10-31,PW,Palau,WPRO,0,8,0,0
34416,2021-11-07,PW,Palau,WPRO,0,8,0,0
34417,2021-11-14,PW,Palau,WPRO,0,8,0,0
34418,2021-11-21,PW,Palau,WPRO,0,8,0,0
34419,2021-11-28,PW,Palau,WPRO,0,8,0,0
34420,2021-12-05,PW,Palau,WPRO,0,8,0,0
34421,2021-12-12,PW,Palau,WPRO,0,8,0,0
34422,2021-12-19,PW,Palau,WPRO,0,8,0,0
34423,2021-12-26,PW,Palau,WPRO,0,8,0,0
34424,2022-01-02,PW,Palau,WPRO,5,13,0,0
34425,2022-01-09,PW,Palau,WPRO,7,20,0,0
34426,2022-01-16,PW,Palau,WPRO,99,119,0,0
34427,2022-01-23,PW,Palau,WPRO,383,502,0,0
34428,2022-01-30,PW,Palau,WPRO,1025,1527,0,0
34429,2022-02-06,PW,Palau,WPRO,1029,2556,0,0
34430,2022-02-13,PW,Palau,WPRO,577,3133,6,6
34431,2022-02-20,PW,Palau,WPRO,330,3463,0,6
34432,2022-02-27,PW,Palau,WPRO,263,3726,0,6
34433,2022-03-06,PW,Palau,WPRO,118,3844,0,6
34434,2022-03-13,PW,Palau,WPRO,55,3899,0,6
34435,2022-03-20,PW,Palau,WPRO,46,3945,0,6
34436,2022-03-27,PW,Palau,WPRO,42,3987,0,6
34437,2022-04-03,PW,Palau,WPRO,55,4042,0,6
34438,2022-04-10,PW,Palau,WPRO,56,4098,0,6
34439,2022-04-17,PW,Palau,WPRO,24,4122,0,6
34440,2022-04-24,PW,Palau,WPRO,274,4396,0,6
34441,2022-05-01,PW,Palau,WPRO,214,4610,0,6
34442,2022-05-08,PW,Palau,WPRO,122,4732,0,6
34443,2022-05-15,PW,Palau,WPRO,147,4879,0,6
34444,2022-05-22,PW,Palau,WPRO,88,4967,0,6
34445,2022-05-29,PW,Palau,WPRO,76,5043,0,6
34446,2022-06-05,PW,Palau,WPRO,40,5083,0,6
34447,2022-06-12,PW,Palau,WPRO,62,5145,0,6
34448,2022-06-19,PW,Palau,WPRO,36,5181,0,6
34449,2022-06-26,PW,Palau,WPRO,18,5199,0,6
34450,2022-07-03,PW,Palau,WPRO,0,5199,0,6
34451,2022-07-10,PW,Palau,WPRO,0,5199,0,6
34452,2022-07-17,PW,Palau,WPRO,0,5199,0,6
34453,2022-07-24,PW,Palau,WPRO,17,5216,0,6
34454,2022-07-31,PW,Palau,WPRO,16,5232,0,6
34455,2022-08-07,PW,Palau,WPRO,7,5239,0,6
34456,2022-08-14,PW,Palau,WPRO,7,5246,0,6
34457,2022-08-21,PW,Palau,WPRO,33,5279,0,6
34458,2022-08-28,PW,Palau,WPRO,69,5348,0,6
34459,2022-09-04,PW,Palau,WPRO,55,5403,0,6
34460,2022-09-11,PW,Palau,WPRO,27,5430,0,6
34461,2022-09-18,PW,Palau,WPRO,30,5460,0,6
34462,2022-09-25,PW,Palau,WPRO,0,5460,0,6
34463,2022-10-02,PW,Palau,WPRO,21,5481,0,6
34464,2022-10-09,PW,Palau,WPRO,9,5490,1,7
34465,2022-10-16,PW,Palau,WPRO,0,5490,0,7
34466,2022-10-23,PW,Palau,WPRO,23,5513,0,7
34467,2022-10-30,PW,Palau,WPRO,17,5530,0,7
34468,2022-11-06,PW,Palau,WPRO,0,5530,0,7
34469,2022-11-13,PW,Palau,WPRO,154,5684,0,7
34470,2022-11-20,PW,Palau,WPRO,101,5785,0,7
34471,2022-11-27,PW,Palau,WPRO,111,5896,0,7
34472,2022-12-04,PW,Palau,WPRO,37,5933,0,7
34473,2022-12-11,PW,Palau,WPRO,22,5955,2,9
34474,2022-12-18,PW,Palau,WPRO,0,5955,0,9
34475,2022-12-25,PW,Palau,WPRO,13,5968,0,9
34476,2023-01-01,PW,Palau,WPRO,3,5971,0,9
34477,2023-01-08,PW,Palau,WPRO,5,5976,0,9
34478,2023-01-15,PW,Palau,WPRO,4,5980,0,9
34479,2023-01-22,PW,Palau,WPRO,6,5986,0,9
34480,2023-01-29,PW,Palau,WPRO,0,5986,0,9
34481,2023-02-05,PW,Palau,WPRO,1,5987,0,9
34482,2023-02-12,PW,Palau,WPRO,1,5988,0,9
34483,2023-02-19,PW,Palau,WPRO,0,5988,0,9
34484,2023-02-26,PW,Palau,WPRO,1,5989,0,9
34485,2023-03-05,PW,Palau,WPRO,2,5991,0,9
34486,2023-03-12,PW,Palau,WPRO,3,5994,0,9
34487,2023-03-19,PW,Palau,WPRO,1,5995,0,9
34488,2023-03-26,PW,Palau,WPRO,2,5997,0,9
34489,2023-04-02,PW,Palau,WPRO,0,5997,0,9
34490,2023-04-09,PW,Palau,WPRO,0,5997,0,9
34491,2023-04-16,PW,Palau,WPRO,2,5999,0,9
34492,2023-04-23,PW,Palau,WPRO,0,5999,0,9
34493,2023-04-30,PW,Palau,WPRO,0,5999,0,9
34494,2023-05-07,PW,Palau,WPRO,1,6000,0,9
34495,2023-05-14,PW,Palau,WPRO,0,6000,0,9
34496,2023-05-21,PW,Palau,WPRO,9,6009,0,9
34497,2023-05-28,PW,Palau,WPRO,0,6009,0,9
34498,2023-06-04,PW,Palau,WPRO,2,6011,0,9
34499,2023-06-11,PW,Palau,WPRO,-2,6009,0,9
34500,2023-06-18,PW,Palau,WPRO,4,6013,0,9
34501,2023-06-25,PW,Palau,WPRO,0,6013,0,9
34502,2023-07-02,PW,Palau,WPRO,0,6013,0,9
34503,2023-07-09,PW,Palau,WPRO,36,6049,0,9
34504,2023-07-16,PW,Palau,WPRO,18,6067,0,9
34505,2023-07-23,PW,Palau,WPRO,0,6067,0,9
34506,2023-07-30,PW,Palau,WPRO,55,6122,0,9
34507,2023-08-06,PW,Palau,WPRO,54,6176,0,9
34508,2023-08-13,PW,Palau,WPRO,21,6197,0,9
34509,2023-08-20,PW,Palau,WPRO,0,6197,0,9
34510,2023-08-27,PW,Palau,WPRO,0,6197,0,9
34511,2023-09-03,PW,Palau,WPRO,23,6220,0,9
34512,2023-09-10,PW,Palau,WPRO,9,6229,0,9
34513,2023-09-17,PW,Palau,WPRO,0,6229,0,9
34514,2023-09-24,PW,Palau,WPRO,9,6238,0,9
34515,2023-10-01,PW,Palau,WPRO,3,6241,0,9
34516,2023-10-08,PW,Palau,WPRO,2,6243,0,9
34517,2023-10-15,PW,Palau,WPRO,0,6243,0,9
34518,2023-10-22,PW,Palau,WPRO,3,6246,0,9
34519,2023-10-29,PW,Palau,WPRO,0,6246,0,9
34520,2023-11-05,PW,Palau,WPRO,1,6247,0,9
34521,2023-11-12,PW,Palau,WPRO,0,6247,0,9
34522,2023-11-19,PW,Palau,WPRO,2,6249,0,9
34523,2023-11-26,PW,Palau,WPRO,0,6249,0,9
34524,2023-12-03,PW,Palau,WPRO,0,6249,0,9
34525,2023-12-10,PW,Palau,WPRO,0,6249,0,9
34526,2023-12-17,PW,Palau,WPRO,0,6249,0,9
34527,2023-12-24,PW,Palau,WPRO,0,6249,0,9
34528,2020-01-05,PA,Panama,AMRO,0,0,0,0
34529,2020-01-12,PA,Panama,AMRO,0,0,0,0
34530,2020-01-19,PA,Panama,AMRO,0,0,0,0
34531,2020-01-26,PA,Panama,AMRO,0,0,0,0
34532,2020-02-02,PA,Panama,AMRO,0,0,0,0
34533,2020-02-09,PA,Panama,AMRO,0,0,0,0
34534,2020-02-16,PA,Panama,AMRO,0,0,0,0
34535,2020-02-23,PA,Panama,AMRO,0,0,0,0
34536,2020-03-01,PA,Panama,AMRO,0,0,0,0
34537,2020-03-08,PA,Panama,AMRO,0,0,0,0
34538,2020-03-15,PA,Panama,AMRO,27,27,1,1
34539,2020-03-22,PA,Panama,AMRO,110,137,0,1
34540,2020-03-29,PA,Panama,AMRO,649,786,13,14
34541,2020-04-05,PA,Panama,AMRO,887,1673,27,41
34542,2020-04-12,PA,Panama,AMRO,1301,2974,33,74
34543,2020-04-19,PA,Panama,AMRO,1236,4210,41,115
34544,2020-04-26,PA,Panama,AMRO,1128,5338,39,154
34545,2020-05-03,PA,Panama,AMRO,1382,6720,38,192
34546,2020-05-10,PA,Panama,AMRO,1350,8070,39,231
34547,2020-05-17,PA,Panama,AMRO,1198,9268,35,266
34548,2020-05-24,PA,Panama,AMRO,999,10267,29,295
34549,2020-05-31,PA,Panama,AMRO,2264,12531,31,326
34550,2020-06-07,PA,Panama,AMRO,2932,15463,44,370
34551,2020-06-14,PA,Panama,AMRO,3748,19211,51,421
34552,2020-06-21,PA,Panama,AMRO,5063,24274,64,485
34553,2020-06-28,PA,Panama,AMRO,5631,29905,90,575
34554,2020-07-05,PA,Panama,AMRO,6090,35995,123,698
34555,2020-07-12,PA,Panama,AMRO,7262,43257,165,863
34556,2020-07-19,PA,Panama,AMRO,8151,51408,175,1038
34557,2020-07-26,PA,Panama,AMRO,6585,57993,212,1250
34558,2020-08-02,PA,Panama,AMRO,7263,65256,171,1421
34559,2020-08-09,PA,Panama,AMRO,7304,72560,170,1591
34560,2020-08-16,PA,Panama,AMRO,6842,79402,143,1734
34561,2020-08-23,PA,Panama,AMRO,4990,84392,125,1859
34562,2020-08-30,PA,Panama,AMRO,6232,90624,107,1966
34563,2020-09-06,PA,Panama,AMRO,4972,95596,97,2063
34564,2020-09-13,PA,Panama,AMRO,4734,100330,77,2140
34565,2020-09-20,PA,Panama,AMRO,4549,104879,89,2229
34566,2020-09-27,PA,Panama,AMRO,4552,109431,82,2311
34567,2020-10-04,PA,Panama,AMRO,4531,113962,95,2406
34568,2020-10-11,PA,Panama,AMRO,4879,118841,68,2474
34569,2020-10-18,PA,Panama,AMRO,4657,123498,72,2546
34570,2020-10-25,PA,Panama,AMRO,4368,127866,76,2622
34571,2020-11-01,PA,Panama,AMRO,5001,132867,66,2688
34572,2020-11-08,PA,Panama,AMRO,4893,137760,82,2770
34573,2020-11-15,PA,Panama,AMRO,6717,144477,86,2856
34574,2020-11-22,PA,Panama,AMRO,7812,152289,76,2932
34575,2020-11-29,PA,Panama,AMRO,9455,161744,98,3030
34576,2020-12-06,PA,Panama,AMRO,11863,173607,124,3154
34577,2020-12-13,PA,Panama,AMRO,14172,187779,155,3309
34578,2020-12-20,PA,Panama,AMRO,18531,206310,195,3504
34579,2020-12-27,PA,Panama,AMRO,20350,226660,252,3756
34580,2021-01-03,PA,Panama,AMRO,23073,249733,308,4064
34581,2021-01-10,PA,Panama,AMRO,23304,273037,299,4363
34582,2021-01-17,PA,Panama,AMRO,20555,293592,326,4689
34583,2021-01-24,PA,Panama,AMRO,14201,307793,291,4980
34584,2021-01-31,PA,Panama,AMRO,10460,318253,241,5221
34585,2021-02-07,PA,Panama,AMRO,7234,325487,205,5426
34586,2021-02-14,PA,Panama,AMRO,5498,330985,169,5595
34587,2021-02-21,PA,Panama,AMRO,4354,335339,116,5711
34588,2021-02-28,PA,Panama,AMRO,4442,339781,109,5820
34589,2021-03-07,PA,Panama,AMRO,3962,343743,87,5907
34590,2021-03-14,PA,Panama,AMRO,3483,347226,74,5981
34591,2021-03-21,PA,Panama,AMRO,2994,350220,54,6035
34592,2021-03-28,PA,Panama,AMRO,2797,353017,52,6087
34593,2021-04-04,PA,Panama,AMRO,2833,355850,39,6126
34594,2021-04-11,PA,Panama,AMRO,2248,358098,30,6156
34595,2021-04-18,PA,Panama,AMRO,2151,360249,29,6185
34596,2021-04-25,PA,Panama,AMRO,2109,362358,15,6200
34597,2021-05-02,PA,Panama,AMRO,2218,364576,32,6232
34598,2021-05-09,PA,Panama,AMRO,2186,366762,26,6258
34599,2021-05-16,PA,Panama,AMRO,3281,370043,34,6292
34600,2021-05-23,PA,Panama,AMRO,3265,373308,29,6321
34601,2021-05-30,PA,Panama,AMRO,3546,376854,44,6365
34602,2021-06-06,PA,Panama,AMRO,4268,381122,24,6389
34603,2021-06-13,PA,Panama,AMRO,5147,386269,38,6427
34604,2021-06-20,PA,Panama,AMRO,5897,392166,38,6465
34605,2021-06-27,PA,Panama,AMRO,6654,398820,40,6505
34606,2021-07-04,PA,Panama,AMRO,7193,406013,55,6560
34607,2021-07-11,PA,Panama,AMRO,7613,413626,54,6614
34608,2021-07-18,PA,Panama,AMRO,7290,420916,74,6688
34609,2021-07-25,PA,Panama,AMRO,7071,427987,55,6743
34610,2021-08-01,PA,Panama,AMRO,6473,434460,65,6808
34611,2021-08-08,PA,Panama,AMRO,6034,440494,77,6885
34612,2021-08-15,PA,Panama,AMRO,5915,446409,54,6939
34613,2021-08-22,PA,Panama,AMRO,4884,451293,59,6998
34614,2021-08-29,PA,Panama,AMRO,4234,455527,41,7039
34615,2021-09-05,PA,Panama,AMRO,3550,459077,34,7073
34616,2021-09-12,PA,Panama,AMRO,2513,461590,49,7122
34617,2021-09-19,PA,Panama,AMRO,2193,463783,47,7169
34618,2021-09-26,PA,Panama,AMRO,1953,465736,28,7197
34619,2021-10-03,PA,Panama,AMRO,1602,467338,33,7230
34620,2021-10-10,PA,Panama,AMRO,1402,468740,30,7260
34621,2021-10-17,PA,Panama,AMRO,1258,469998,28,7288
34622,2021-10-24,PA,Panama,AMRO,1255,471253,18,7306
34623,2021-10-31,PA,Panama,AMRO,1145,472398,9,7315
34624,2021-11-07,PA,Panama,AMRO,785,473183,7,7322
34625,2021-11-14,PA,Panama,AMRO,1048,474231,19,7341
34626,2021-11-21,PA,Panama,AMRO,1346,475577,9,7350
34627,2021-11-28,PA,Panama,AMRO,1519,477096,10,7360
34628,2021-12-05,PA,Panama,AMRO,1447,478543,11,7371
34629,2021-12-12,PA,Panama,AMRO,1547,480090,11,7382
34630,2021-12-19,PA,Panama,AMRO,2587,482677,16,7398
34631,2021-12-26,PA,Panama,AMRO,3700,486377,11,7409
34632,2022-01-02,PA,Panama,AMRO,9543,495920,19,7428
34633,2022-01-09,PA,Panama,AMRO,21525,517445,25,7453
34634,2022-01-16,PA,Panama,AMRO,41231,558676,47,7500
34635,2022-01-23,PA,Panama,AMRO,68214,626890,74,7574
34636,2022-01-30,PA,Panama,AMRO,58740,685630,106,7680
34637,2022-02-06,PA,Panama,AMRO,35849,721479,133,7813
34638,2022-02-13,PA,Panama,AMRO,18291,739770,113,7926
34639,2022-02-20,PA,Panama,AMRO,9365,749135,74,8000
34640,2022-02-27,PA,Panama,AMRO,5227,754362,63,8063
34641,2022-03-06,PA,Panama,AMRO,2699,757061,43,8106
34642,2022-03-13,PA,Panama,AMRO,2163,759224,25,8131
34643,2022-03-20,PA,Panama,AMRO,1780,761004,22,8153
34644,2022-03-27,PA,Panama,AMRO,2021,763025,9,8162
34645,2022-04-03,PA,Panama,AMRO,1806,764831,8,8170
34646,2022-04-10,PA,Panama,AMRO,1673,766504,4,8174
34647,2022-04-17,PA,Panama,AMRO,1966,768470,4,8178
34648,2022-04-24,PA,Panama,AMRO,2535,771005,4,8182
34649,2022-05-01,PA,Panama,AMRO,4483,775488,2,8184
34650,2022-05-08,PA,Panama,AMRO,8696,784184,7,8191
34651,2022-05-15,PA,Panama,AMRO,19039,803223,11,8202
34652,2022-05-22,PA,Panama,AMRO,21694,824917,14,8216
34653,2022-05-29,PA,Panama,AMRO,22458,847375,28,8244
34654,2022-06-05,PA,Panama,AMRO,21421,868796,23,8267
34655,2022-06-12,PA,Panama,AMRO,18841,887637,28,8295
34656,2022-06-19,PA,Panama,AMRO,12696,900333,23,8318
34657,2022-06-26,PA,Panama,AMRO,12015,912348,22,8340
34658,2022-07-03,PA,Panama,AMRO,10642,922990,28,8368
34659,2022-07-10,PA,Panama,AMRO,9120,932110,16,8384
34660,2022-07-17,PA,Panama,AMRO,9973,942083,11,8395
34661,2022-07-24,PA,Panama,AMRO,6390,948473,17,8412
34662,2022-07-31,PA,Panama,AMRO,5896,954369,13,8425
34663,2022-08-07,PA,Panama,AMRO,5931,960300,9,8434
34664,2022-08-14,PA,Panama,AMRO,6479,966779,10,8444
34665,2022-08-21,PA,Panama,AMRO,6021,972800,12,8456
34666,2022-08-28,PA,Panama,AMRO,5381,978181,14,8470
34667,2022-09-04,PA,Panama,AMRO,3641,981822,10,8480
34668,2022-09-11,PA,Panama,AMRO,2412,984234,7,8487
34669,2022-09-18,PA,Panama,AMRO,1580,985814,3,8490
34670,2022-09-25,PA,Panama,AMRO,1052,986866,7,8497
34671,2022-10-02,PA,Panama,AMRO,747,987613,5,8502
34672,2022-10-09,PA,Panama,AMRO,667,988280,3,8505
34673,2022-10-16,PA,Panama,AMRO,725,989005,1,8506
34674,2022-10-23,PA,Panama,AMRO,603,989608,0,8506
34675,2022-10-30,PA,Panama,AMRO,805,990413,3,8509
34676,2022-11-06,PA,Panama,AMRO,838,991251,0,8509
34677,2022-11-13,PA,Panama,AMRO,1372,992623,6,8515
34678,2022-11-20,PA,Panama,AMRO,3103,995726,4,8519
34679,2022-11-27,PA,Panama,AMRO,6435,1002161,7,8526
34680,2022-12-04,PA,Panama,AMRO,7091,1009252,7,8533
34681,2022-12-11,PA,Panama,AMRO,6718,1015970,10,8543
34682,2022-12-18,PA,Panama,AMRO,4991,1020961,11,8554
34683,2022-12-25,PA,Panama,AMRO,2817,1023778,13,8567
34684,2023-01-01,PA,Panama,AMRO,2066,1025844,8,8575
34685,2023-01-08,PA,Panama,AMRO,1403,1027247,9,8584
34686,2023-01-15,PA,Panama,AMRO,1025,1028272,5,8589
34687,2023-01-22,PA,Panama,AMRO,789,1029061,5,8594
34688,2023-01-29,PA,Panama,AMRO,640,1029701,2,8596
34689,2023-02-05,PA,Panama,AMRO,513,1030214,3,8599
34690,2023-02-12,PA,Panama,AMRO,444,1030658,1,8600
34691,2023-02-19,PA,Panama,AMRO,356,1031014,3,8603
34692,2023-02-26,PA,Panama,AMRO,259,1031273,1,8604
34693,2023-03-05,PA,Panama,AMRO,458,1031731,5,8609
34694,2023-03-12,PA,Panama,AMRO,506,1032237,2,8611
34695,2023-03-19,PA,Panama,AMRO,702,1032939,1,8612
34696,2023-03-26,PA,Panama,AMRO,842,1033781,0,8612
34697,2023-04-02,PA,Panama,AMRO,0,1033781,0,8612
34698,2023-04-09,PA,Panama,AMRO,0,1033781,0,8612
34699,2023-04-16,PA,Panama,AMRO,1576,1035357,5,8617
34700,2023-04-23,PA,Panama,AMRO,743,1036100,1,8618
34701,2023-04-30,PA,Panama,AMRO,633,1036733,3,8621
34702,2023-05-07,PA,Panama,AMRO,591,1037324,-1,8620
34703,2023-05-14,PA,Panama,AMRO,654,1037978,2,8622
34704,2023-05-21,PA,Panama,AMRO,0,1037978,0,8622
34705,2023-05-28,PA,Panama,AMRO,330,1038308,1,8623
34706,2023-06-04,PA,Panama,AMRO,408,1038716,6,8629
34707,2023-06-11,PA,Panama,AMRO,433,1039149,3,8632
34708,2023-06-18,PA,Panama,AMRO,563,1039712,2,8634
34709,2023-06-25,PA,Panama,AMRO,473,1040185,2,8636
34710,2023-07-02,PA,Panama,AMRO,347,1040532,0,8636
34711,2023-07-09,PA,Panama,AMRO,211,1040743,1,8637
34712,2023-07-16,PA,Panama,AMRO,178,1040921,3,8640
34713,2023-07-23,PA,Panama,AMRO,91,1041012,2,8642
34714,2023-07-30,PA,Panama,AMRO,75,1041087,1,8643
34715,2023-08-06,PA,Panama,AMRO,56,1041143,1,8644
34716,2023-08-13,PA,Panama,AMRO,46,1041189,0,8644
34717,2023-08-20,PA,Panama,AMRO,37,1041226,0,8644
34718,2023-08-27,PA,Panama,AMRO,37,1041263,0,8644
34719,2023-09-03,PA,Panama,AMRO,38,1041301,1,8645
34720,2023-09-10,PA,Panama,AMRO,32,1041333,0,8645
34721,2023-09-17,PA,Panama,AMRO,37,1041370,1,8646
34722,2023-09-24,PA,Panama,AMRO,22,1041392,0,8646
34723,2023-10-01,PA,Panama,AMRO,52,1041444,0,8646
34724,2023-10-08,PA,Panama,AMRO,50,1041494,1,8647
34725,2023-10-15,PA,Panama,AMRO,53,1041547,0,8647
34726,2023-10-22,PA,Panama,AMRO,44,1041591,3,8650
34727,2023-10-29,PA,Panama,AMRO,39,1041630,0,8650
34728,2023-11-05,PA,Panama,AMRO,37,1041667,1,8651
34729,2023-11-12,PA,Panama,AMRO,37,1041704,0,8651
34730,2023-11-19,PA,Panama,AMRO,31,1041735,0,8651
34731,2023-11-26,PA,Panama,AMRO,47,1041782,0,8651
34732,2023-12-03,PA,Panama,AMRO,51,1041833,0,8651
34733,2023-12-10,PA,Panama,AMRO,48,1041881,1,8652
34734,2023-12-17,PA,Panama,AMRO,43,1041924,0,8652
34735,2023-12-24,PA,Panama,AMRO,0,1041924,0,8652
34736,2020-01-05,PG,Papua New Guinea,WPRO,0,0,0,0
34737,2020-01-12,PG,Papua New Guinea,WPRO,0,0,0,0
34738,2020-01-19,PG,Papua New Guinea,WPRO,0,0,0,0
34739,2020-01-26,PG,Papua New Guinea,WPRO,0,0,0,0
34740,2020-02-02,PG,Papua New Guinea,WPRO,0,0,0,0
34741,2020-02-09,PG,Papua New Guinea,WPRO,0,0,0,0
34742,2020-02-16,PG,Papua New Guinea,WPRO,0,0,0,0
34743,2020-02-23,PG,Papua New Guinea,WPRO,0,0,0,0
34744,2020-03-01,PG,Papua New Guinea,WPRO,0,0,0,0
34745,2020-03-08,PG,Papua New Guinea,WPRO,0,0,0,0
34746,2020-03-15,PG,Papua New Guinea,WPRO,0,0,0,0
34747,2020-03-22,PG,Papua New Guinea,WPRO,1,1,0,0
34748,2020-03-29,PG,Papua New Guinea,WPRO,0,1,0,0
34749,2020-04-05,PG,Papua New Guinea,WPRO,0,1,0,0
34750,2020-04-12,PG,Papua New Guinea,WPRO,1,2,0,0
34751,2020-04-19,PG,Papua New Guinea,WPRO,5,7,0,0
34752,2020-04-26,PG,Papua New Guinea,WPRO,1,8,0,0
34753,2020-05-03,PG,Papua New Guinea,WPRO,0,8,0,0
34754,2020-05-10,PG,Papua New Guinea,WPRO,0,8,0,0
34755,2020-05-17,PG,Papua New Guinea,WPRO,0,8,0,0
34756,2020-05-24,PG,Papua New Guinea,WPRO,0,8,0,0
34757,2020-05-31,PG,Papua New Guinea,WPRO,0,8,0,0
34758,2020-06-07,PG,Papua New Guinea,WPRO,0,8,0,0
34759,2020-06-14,PG,Papua New Guinea,WPRO,0,8,0,0
34760,2020-06-21,PG,Papua New Guinea,WPRO,1,9,0,0
34761,2020-06-28,PG,Papua New Guinea,WPRO,2,11,0,0
34762,2020-07-05,PG,Papua New Guinea,WPRO,0,11,0,0
34763,2020-07-12,PG,Papua New Guinea,WPRO,0,11,0,0
34764,2020-07-19,PG,Papua New Guinea,WPRO,4,15,0,0
34765,2020-07-26,PG,Papua New Guinea,WPRO,24,39,0,0
34766,2020-08-02,PG,Papua New Guinea,WPRO,52,91,2,2
34767,2020-08-09,PG,Papua New Guinea,WPRO,97,188,1,3
34768,2020-08-16,PG,Papua New Guinea,WPRO,87,275,0,3
34769,2020-08-23,PG,Papua New Guinea,WPRO,86,361,1,4
34770,2020-08-30,PG,Papua New Guinea,WPRO,98,459,1,5
34771,2020-09-06,PG,Papua New Guinea,WPRO,29,488,0,5
34772,2020-09-13,PG,Papua New Guinea,WPRO,20,508,0,5
34773,2020-09-20,PG,Papua New Guinea,WPRO,8,516,1,6
34774,2020-09-27,PG,Papua New Guinea,WPRO,16,532,1,7
34775,2020-10-04,PG,Papua New Guinea,WPRO,8,540,0,7
34776,2020-10-11,PG,Papua New Guinea,WPRO,10,550,0,7
34777,2020-10-18,PG,Papua New Guinea,WPRO,31,581,0,7
34778,2020-10-25,PG,Papua New Guinea,WPRO,2,583,0,7
34779,2020-11-01,PG,Papua New Guinea,WPRO,6,589,0,7
34780,2020-11-08,PG,Papua New Guinea,WPRO,8,597,0,7
34781,2020-11-15,PG,Papua New Guinea,WPRO,3,600,0,7
34782,2020-11-22,PG,Papua New Guinea,WPRO,4,604,0,7
34783,2020-11-29,PG,Papua New Guinea,WPRO,41,645,0,7
34784,2020-12-06,PG,Papua New Guinea,WPRO,26,671,0,7
34785,2020-12-13,PG,Papua New Guinea,WPRO,49,720,1,8
34786,2020-12-20,PG,Papua New Guinea,WPRO,40,760,0,8
34787,2020-12-27,PG,Papua New Guinea,WPRO,20,780,1,9
34788,2021-01-03,PG,Papua New Guinea,WPRO,19,799,0,9
34789,2021-01-10,PG,Papua New Guinea,WPRO,12,811,0,9
34790,2021-01-17,PG,Papua New Guinea,WPRO,23,834,0,9
34791,2021-01-24,PG,Papua New Guinea,WPRO,15,849,0,9
34792,2021-01-31,PG,Papua New Guinea,WPRO,18,867,0,9
34793,2021-02-07,PG,Papua New Guinea,WPRO,28,895,0,9
34794,2021-02-14,PG,Papua New Guinea,WPRO,27,922,0,9
34795,2021-02-21,PG,Papua New Guinea,WPRO,134,1056,0,9
34796,2021-02-28,PG,Papua New Guinea,WPRO,260,1316,0,9
34797,2021-03-07,PG,Papua New Guinea,WPRO,354,1670,0,9
34798,2021-03-14,PG,Papua New Guinea,WPRO,599,2269,0,9
34799,2021-03-21,PG,Papua New Guinea,WPRO,1305,3574,0,9
34800,2021-03-28,PG,Papua New Guinea,WPRO,1775,5349,0,9
34801,2021-04-04,PG,Papua New Guinea,WPRO,1689,7038,0,9
34802,2021-04-11,PG,Papua New Guinea,WPRO,1564,8602,0,9
34803,2021-04-18,PG,Papua New Guinea,WPRO,1197,9799,0,9
34804,2021-04-25,PG,Papua New Guinea,WPRO,1036,10835,0,9
34805,2021-05-02,PG,Papua New Guinea,WPRO,438,11273,96,105
34806,2021-05-09,PG,Papua New Guinea,WPRO,1220,12493,16,121
34807,2021-05-16,PG,Papua New Guinea,WPRO,1713,14206,0,121
34808,2021-05-23,PG,Papua New Guinea,WPRO,1016,15222,15,136
34809,2021-05-30,PG,Papua New Guinea,WPRO,688,15910,26,162
34810,2021-06-06,PG,Papua New Guinea,WPRO,481,16391,2,164
34811,2021-06-13,PG,Papua New Guinea,WPRO,337,16728,1,165
34812,2021-06-20,PG,Papua New Guinea,WPRO,310,17038,8,173
34813,2021-06-27,PG,Papua New Guinea,WPRO,152,17190,1,174
34814,2021-07-04,PG,Papua New Guinea,WPRO,64,17254,0,174
34815,2021-07-11,PG,Papua New Guinea,WPRO,80,17334,5,179
34816,2021-07-18,PG,Papua New Guinea,WPRO,130,17464,8,187
34817,2021-07-25,PG,Papua New Guinea,WPRO,173,17637,5,192
34818,2021-08-01,PG,Papua New Guinea,WPRO,138,17775,0,192
34819,2021-08-08,PG,Papua New Guinea,WPRO,31,17806,0,192
34820,2021-08-15,PG,Papua New Guinea,WPRO,26,17832,0,192
34821,2021-08-22,PG,Papua New Guinea,WPRO,94,17926,0,192
34822,2021-08-29,PG,Papua New Guinea,WPRO,86,18012,0,192
34823,2021-09-05,PG,Papua New Guinea,WPRO,253,18265,0,192
34824,2021-09-12,PG,Papua New Guinea,WPRO,147,18412,4,196
34825,2021-09-19,PG,Papua New Guinea,WPRO,521,18933,13,209
34826,2021-09-26,PG,Papua New Guinea,WPRO,590,19523,17,226
34827,2021-10-03,PG,Papua New Guinea,WPRO,1509,21032,8,234
34828,2021-10-10,PG,Papua New Guinea,WPRO,2117,23149,11,245
34829,2021-10-17,PG,Papua New Guinea,WPRO,1708,24857,64,309
34830,2021-10-24,PG,Papua New Guinea,WPRO,3038,27895,26,335
34831,2021-10-31,PG,Papua New Guinea,WPRO,1918,29813,35,370
34832,2021-11-07,PG,Papua New Guinea,WPRO,2080,31893,43,413
34833,2021-11-14,PG,Papua New Guinea,WPRO,1061,32954,23,436
34834,2021-11-21,PG,Papua New Guinea,WPRO,1518,34472,93,529
34835,2021-11-28,PG,Papua New Guinea,WPRO,618,35090,16,545
34836,2021-12-05,PG,Papua New Guinea,WPRO,481,35571,5,550
34837,2021-12-12,PG,Papua New Guinea,WPRO,366,35937,36,586
34838,2021-12-19,PG,Papua New Guinea,WPRO,69,36006,3,589
34839,2021-12-26,PG,Papua New Guinea,WPRO,124,36130,1,590
34840,2022-01-02,PG,Papua New Guinea,WPRO,62,36192,0,590
34841,2022-01-09,PG,Papua New Guinea,WPRO,215,36407,1,591
34842,2022-01-16,PG,Papua New Guinea,WPRO,39,36446,5,596
34843,2022-01-23,PG,Papua New Guinea,WPRO,102,36548,1,597
34844,2022-01-30,PG,Papua New Guinea,WPRO,597,37145,0,597
34845,2022-02-06,PG,Papua New Guinea,WPRO,587,37732,0,597
34846,2022-02-13,PG,Papua New Guinea,WPRO,939,38671,13,610
34847,2022-02-20,PG,Papua New Guinea,WPRO,1433,40104,26,636
34848,2022-02-27,PG,Papua New Guinea,WPRO,1186,41290,2,638
34849,2022-03-06,PG,Papua New Guinea,WPRO,364,41654,1,639
34850,2022-03-13,PG,Papua New Guinea,WPRO,565,42219,0,639
34851,2022-03-20,PG,Papua New Guinea,WPRO,627,42846,0,639
34852,2022-03-27,PG,Papua New Guinea,WPRO,433,43279,1,640
34853,2022-04-03,PG,Papua New Guinea,WPRO,109,43388,3,643
34854,2022-04-10,PG,Papua New Guinea,WPRO,138,43526,0,643
34855,2022-04-17,PG,Papua New Guinea,WPRO,137,43663,6,649
34856,2022-04-24,PG,Papua New Guinea,WPRO,137,43800,0,649
34857,2022-05-01,PG,Papua New Guinea,WPRO,17,43817,1,650
34858,2022-05-08,PG,Papua New Guinea,WPRO,22,43839,1,651
34859,2022-05-15,PG,Papua New Guinea,WPRO,342,44181,0,651
34860,2022-05-22,PG,Papua New Guinea,WPRO,222,44403,0,651
34861,2022-05-29,PG,Papua New Guinea,WPRO,45,44448,0,651
34862,2022-06-05,PG,Papua New Guinea,WPRO,190,44638,0,651
34863,2022-06-12,PG,Papua New Guinea,WPRO,24,44662,7,658
34864,2022-06-19,PG,Papua New Guinea,WPRO,29,44691,0,658
34865,2022-06-26,PG,Papua New Guinea,WPRO,18,44709,4,662
34866,2022-07-03,PG,Papua New Guinea,WPRO,19,44728,0,662
34867,2022-07-10,PG,Papua New Guinea,WPRO,23,44751,0,662
34868,2022-07-17,PG,Papua New Guinea,WPRO,10,44761,0,662
34869,2022-07-24,PG,Papua New Guinea,WPRO,11,44772,0,662
34870,2022-07-31,PG,Papua New Guinea,WPRO,17,44789,1,663
34871,2022-08-07,PG,Papua New Guinea,WPRO,11,44800,0,663
34872,2022-08-14,PG,Papua New Guinea,WPRO,20,44820,0,663
34873,2022-08-21,PG,Papua New Guinea,WPRO,28,44848,1,664
34874,2022-08-28,PG,Papua New Guinea,WPRO,29,44877,0,664
34875,2022-09-04,PG,Papua New Guinea,WPRO,15,44892,0,664
34876,2022-09-11,PG,Papua New Guinea,WPRO,20,44912,0,664
34877,2022-09-18,PG,Papua New Guinea,WPRO,25,44937,0,664
34878,2022-09-25,PG,Papua New Guinea,WPRO,44,44981,0,664
34879,2022-10-02,PG,Papua New Guinea,WPRO,53,45034,4,668
34880,2022-10-09,PG,Papua New Guinea,WPRO,99,45133,0,668
34881,2022-10-16,PG,Papua New Guinea,WPRO,119,45252,0,668
34882,2022-10-23,PG,Papua New Guinea,WPRO,110,45362,0,668
34883,2022-10-30,PG,Papua New Guinea,WPRO,103,45465,0,668
34884,2022-11-06,PG,Papua New Guinea,WPRO,164,45629,0,668
34885,2022-11-13,PG,Papua New Guinea,WPRO,182,45811,0,668
34886,2022-11-20,PG,Papua New Guinea,WPRO,106,45917,0,668
34887,2022-11-27,PG,Papua New Guinea,WPRO,151,46068,0,668
34888,2022-12-04,PG,Papua New Guinea,WPRO,216,46284,0,668
34889,2022-12-11,PG,Papua New Guinea,WPRO,192,46476,1,669
34890,2022-12-18,PG,Papua New Guinea,WPRO,168,46644,0,669
34891,2022-12-25,PG,Papua New Guinea,WPRO,48,46692,0,669
34892,2023-01-01,PG,Papua New Guinea,WPRO,22,46714,0,669
34893,2023-01-08,PG,Papua New Guinea,WPRO,17,46731,1,670
34894,2023-01-15,PG,Papua New Guinea,WPRO,9,46740,0,670
34895,2023-01-22,PG,Papua New Guinea,WPRO,6,46746,0,670
34896,2023-01-29,PG,Papua New Guinea,WPRO,6,46752,0,670
34897,2023-02-05,PG,Papua New Guinea,WPRO,23,46775,0,670
34898,2023-02-12,PG,Papua New Guinea,WPRO,17,46792,0,670
34899,2023-02-19,PG,Papua New Guinea,WPRO,0,46792,0,670
34900,2023-02-26,PG,Papua New Guinea,WPRO,32,46824,0,670
34901,2023-03-05,PG,Papua New Guinea,WPRO,1,46825,0,670
34902,2023-03-12,PG,Papua New Guinea,WPRO,1,46826,0,670
34903,2023-03-19,PG,Papua New Guinea,WPRO,3,46829,0,670
34904,2023-03-26,PG,Papua New Guinea,WPRO,6,46835,0,670
34905,2023-04-02,PG,Papua New Guinea,WPRO,2,46837,0,670
34906,2023-04-09,PG,Papua New Guinea,WPRO,0,46837,0,670
34907,2023-04-16,PG,Papua New Guinea,WPRO,1,46838,0,670
34908,2023-04-23,PG,Papua New Guinea,WPRO,0,46838,0,670
34909,2023-04-30,PG,Papua New Guinea,WPRO,5,46843,0,670
34910,2023-05-07,PG,Papua New Guinea,WPRO,7,46850,0,670
34911,2023-05-14,PG,Papua New Guinea,WPRO,14,46864,0,670
34912,2023-05-21,PG,Papua New Guinea,WPRO,0,46864,0,670
34913,2023-05-28,PG,Papua New Guinea,WPRO,0,46864,0,670
34914,2023-06-04,PG,Papua New Guinea,WPRO,0,46864,0,670
34915,2023-06-11,PG,Papua New Guinea,WPRO,0,46864,0,670
34916,2023-06-18,PG,Papua New Guinea,WPRO,0,46864,0,670
34917,2023-06-25,PG,Papua New Guinea,WPRO,0,46864,0,670
34918,2023-07-02,PG,Papua New Guinea,WPRO,0,46864,0,670
34919,2023-07-09,PG,Papua New Guinea,WPRO,0,46864,0,670
34920,2023-07-16,PG,Papua New Guinea,WPRO,0,46864,0,670
34921,2023-07-23,PG,Papua New Guinea,WPRO,0,46864,0,670
34922,2023-07-30,PG,Papua New Guinea,WPRO,0,46864,0,670
34923,2023-08-06,PG,Papua New Guinea,WPRO,0,46864,0,670
34924,2023-08-13,PG,Papua New Guinea,WPRO,0,46864,-30,640
34925,2023-08-20,PG,Papua New Guinea,WPRO,0,46864,30,670
34926,2023-08-27,PG,Papua New Guinea,WPRO,0,46864,0,670
34927,2023-09-03,PG,Papua New Guinea,WPRO,0,46864,0,670
34928,2023-09-10,PG,Papua New Guinea,WPRO,0,46864,0,670
34929,2023-09-17,PG,Papua New Guinea,WPRO,0,46864,0,670
34930,2023-09-24,PG,Papua New Guinea,WPRO,0,46864,0,670
34931,2023-10-01,PG,Papua New Guinea,WPRO,0,46864,0,670
34932,2023-10-08,PG,Papua New Guinea,WPRO,0,46864,0,670
34933,2023-10-15,PG,Papua New Guinea,WPRO,0,46864,0,670
34934,2023-10-22,PG,Papua New Guinea,WPRO,0,46864,0,670
34935,2023-10-29,PG,Papua New Guinea,WPRO,0,46864,0,670
34936,2023-11-05,PG,Papua New Guinea,WPRO,0,46864,0,670
34937,2023-11-12,PG,Papua New Guinea,WPRO,0,46864,0,670
34938,2023-11-19,PG,Papua New Guinea,WPRO,0,46864,0,670
34939,2023-11-26,PG,Papua New Guinea,WPRO,0,46864,0,670
34940,2023-12-03,PG,Papua New Guinea,WPRO,0,46864,0,670
34941,2023-12-10,PG,Papua New Guinea,WPRO,0,46864,0,670
34942,2023-12-17,PG,Papua New Guinea,WPRO,0,46864,0,670
34943,2023-12-24,PG,Papua New Guinea,WPRO,0,46864,0,670
34944,2020-01-05,PY,Paraguay,AMRO,0,0,0,0
34945,2020-01-12,PY,Paraguay,AMRO,0,0,0,0
34946,2020-01-19,PY,Paraguay,AMRO,0,0,0,0
34947,2020-01-26,PY,Paraguay,AMRO,0,0,0,0
34948,2020-02-02,PY,Paraguay,AMRO,0,0,0,0
34949,2020-02-09,PY,Paraguay,AMRO,0,0,0,0
34950,2020-02-16,PY,Paraguay,AMRO,0,0,0,0
34951,2020-02-23,PY,Paraguay,AMRO,0,0,0,0
34952,2020-03-01,PY,Paraguay,AMRO,0,0,0,0
34953,2020-03-08,PY,Paraguay,AMRO,0,0,0,0
34954,2020-03-15,PY,Paraguay,AMRO,7,7,0,0
34955,2020-03-22,PY,Paraguay,AMRO,11,18,1,1
34956,2020-03-29,PY,Paraguay,AMRO,38,56,2,3
34957,2020-04-05,PY,Paraguay,AMRO,40,96,0,3
34958,2020-04-12,PY,Paraguay,AMRO,37,133,3,6
34959,2020-04-19,PY,Paraguay,AMRO,69,202,2,8
34960,2020-04-26,PY,Paraguay,AMRO,21,223,1,9
34961,2020-05-03,PY,Paraguay,AMRO,110,333,1,10
34962,2020-05-10,PY,Paraguay,AMRO,356,689,0,10
34963,2020-05-17,PY,Paraguay,AMRO,89,778,1,11
34964,2020-05-24,PY,Paraguay,AMRO,72,850,0,11
34965,2020-05-31,PY,Paraguay,AMRO,114,964,0,11
34966,2020-06-07,PY,Paraguay,AMRO,126,1090,0,11
34967,2020-06-14,PY,Paraguay,AMRO,171,1261,0,11
34968,2020-06-21,PY,Paraguay,AMRO,101,1362,2,13
34969,2020-06-28,PY,Paraguay,AMRO,349,1711,0,13
34970,2020-07-05,PY,Paraguay,AMRO,674,2385,7,20
34971,2020-07-12,PY,Paraguay,AMRO,351,2736,0,20
34972,2020-07-19,PY,Paraguay,AMRO,721,3457,8,28
34973,2020-07-26,PY,Paraguay,AMRO,767,4224,10,38
34974,2020-08-02,PY,Paraguay,AMRO,1114,5338,11,49
34975,2020-08-09,PY,Paraguay,AMRO,1170,6508,20,69
34976,2020-08-16,PY,Paraguay,AMRO,2514,9022,39,108
34977,2020-08-23,PY,Paraguay,AMRO,3514,12536,74,182
34978,2020-08-30,PY,Paraguay,AMRO,3338,15874,98,280
34979,2020-09-06,PY,Paraguay,AMRO,4780,20654,118,398
34980,2020-09-13,PY,Paraguay,AMRO,5858,26512,98,496
34981,2020-09-20,PY,Paraguay,AMRO,5615,32127,115,611
34982,2020-09-27,PY,Paraguay,AMRO,5099,37226,150,761
34983,2020-10-04,PY,Paraguay,AMRO,5458,42684,129,890
34984,2020-10-11,PY,Paraguay,AMRO,5591,48275,155,1045
34985,2020-10-18,PY,Paraguay,AMRO,5207,53482,121,1166
34986,2020-10-25,PY,Paraguay,AMRO,4777,58259,112,1278
34987,2020-11-01,PY,Paraguay,AMRO,4337,62596,109,1387
34988,2020-11-08,PY,Paraguay,AMRO,3885,66481,85,1472
34989,2020-11-15,PY,Paraguay,AMRO,3911,70392,84,1556
34990,2020-11-22,PY,Paraguay,AMRO,4666,75058,91,1647
34991,2020-11-29,PY,Paraguay,AMRO,5378,80436,73,1720
34992,2020-12-06,PY,Paraguay,AMRO,6063,86499,93,1813
34993,2020-12-13,PY,Paraguay,AMRO,5614,92113,114,1927
34994,2020-12-20,PY,Paraguay,AMRO,6183,98296,123,2050
34995,2020-12-27,PY,Paraguay,AMRO,5592,103888,104,2154
34996,2021-01-03,PY,Paraguay,AMRO,4461,108349,108,2262
34997,2021-01-10,PY,Paraguay,AMRO,5645,113994,110,2372
34998,2021-01-17,PY,Paraguay,AMRO,6795,120789,107,2479
34999,2021-01-24,PY,Paraguay,AMRO,5581,126370,106,2585
35000,2021-01-31,PY,Paraguay,AMRO,5516,131886,108,2693
35001,2021-02-07,PY,Paraguay,AMRO,5004,136890,98,2791
35002,2021-02-14,PY,Paraguay,AMRO,5708,142598,113,2904
35003,2021-02-21,PY,Paraguay,AMRO,7086,149684,122,3026
35004,2021-02-28,PY,Paraguay,AMRO,7919,157603,126,3152
35005,2021-03-07,PY,Paraguay,AMRO,8208,165811,126,3278
35006,2021-03-14,PY,Paraguay,AMRO,11782,177593,158,3436
35007,2021-03-21,PY,Paraguay,AMRO,12906,190499,226,3662
35008,2021-03-28,PY,Paraguay,AMRO,14205,204704,296,3958
35009,2021-04-04,PY,Paraguay,AMRO,13182,217886,336,4294
35010,2021-04-11,PY,Paraguay,AMRO,14256,232142,404,4698
35011,2021-04-18,PY,Paraguay,AMRO,14664,246806,479,5177
35012,2021-04-25,PY,Paraguay,AMRO,16328,263134,538,5715
35013,2021-05-02,PY,Paraguay,AMRO,15943,279077,670,6385
35014,2021-05-09,PY,Paraguay,AMRO,15156,294233,589,6974
35015,2021-05-16,PY,Paraguay,AMRO,15405,309638,508,7482
35016,2021-05-23,PY,Paraguay,AMRO,17591,327229,633,8115
35017,2021-05-30,PY,Paraguay,AMRO,20955,348184,777,8892
35018,2021-06-06,PY,Paraguay,AMRO,19999,368183,717,9609
35019,2021-06-13,PY,Paraguay,AMRO,19504,387687,952,10561
35020,2021-06-20,PY,Paraguay,AMRO,15705,403392,850,11411
35021,2021-06-27,PY,Paraguay,AMRO,11928,415320,804,12215
35022,2021-07-04,PY,Paraguay,AMRO,10998,426318,912,13127
35023,2021-07-11,PY,Paraguay,AMRO,9204,435522,679,13806
35024,2021-07-18,PY,Paraguay,AMRO,7856,443378,372,14178
35025,2021-07-25,PY,Paraguay,AMRO,5130,448508,372,14550
35026,2021-08-01,PY,Paraguay,AMRO,3577,452085,379,14929
35027,2021-08-08,PY,Paraguay,AMRO,2457,454542,309,15238
35028,2021-08-15,PY,Paraguay,AMRO,1942,456484,164,15402
35029,2021-08-22,PY,Paraguay,AMRO,988,457472,126,15528
35030,2021-08-29,PY,Paraguay,AMRO,757,458229,157,15685
35031,2021-09-05,PY,Paraguay,AMRO,570,458799,179,15864
35032,2021-09-12,PY,Paraguay,AMRO,408,459207,169,16033
35033,2021-09-19,PY,Paraguay,AMRO,373,459580,90,16123
35034,2021-09-26,PY,Paraguay,AMRO,199,459779,19,16142
35035,2021-10-03,PY,Paraguay,AMRO,218,459997,58,16200
35036,2021-10-10,PY,Paraguay,AMRO,174,460171,6,16206
35037,2021-10-17,PY,Paraguay,AMRO,151,460322,3,16209
35038,2021-10-24,PY,Paraguay,AMRO,357,460679,20,16229
35039,2021-10-31,PY,Paraguay,AMRO,295,460974,16,16245
35040,2021-11-07,PY,Paraguay,AMRO,301,461275,13,16258
35041,2021-11-14,PY,Paraguay,AMRO,590,461865,76,16334
35042,2021-11-21,PY,Paraguay,AMRO,333,462198,20,16354
35043,2021-11-28,PY,Paraguay,AMRO,407,462605,13,16367
35044,2021-12-05,PY,Paraguay,AMRO,655,463260,109,16476
35045,2021-12-12,PY,Paraguay,AMRO,390,463650,24,16500
35046,2021-12-19,PY,Paraguay,AMRO,876,464526,68,16568
35047,2021-12-26,PY,Paraguay,AMRO,604,465130,30,16598
35048,2022-01-02,PY,Paraguay,AMRO,2895,468025,31,16629
35049,2022-01-09,PY,Paraguay,AMRO,6312,474337,33,16662
35050,2022-01-16,PY,Paraguay,AMRO,19697,494034,58,16720
35051,2022-01-23,PY,Paraguay,AMRO,34644,528678,215,16935
35052,2022-01-30,PY,Paraguay,AMRO,36690,565368,277,17212
35053,2022-02-06,PY,Paraguay,AMRO,36448,601816,303,17515
35054,2022-02-13,PY,Paraguay,AMRO,18892,620708,329,17844
35055,2022-02-20,PY,Paraguay,AMRO,13025,633733,303,18147
35056,2022-02-27,PY,Paraguay,AMRO,6080,639813,186,18333
35057,2022-03-06,PY,Paraguay,AMRO,3529,643342,121,18454
35058,2022-03-13,PY,Paraguay,AMRO,2313,645655,68,18522
35059,2022-03-20,PY,Paraguay,AMRO,1188,646843,49,18571
35060,2022-03-27,PY,Paraguay,AMRO,919,647762,41,18612
35061,2022-04-03,PY,Paraguay,AMRO,591,648353,119,18731
35062,2022-04-10,PY,Paraguay,AMRO,93,648446,3,18734
35063,2022-04-17,PY,Paraguay,AMRO,236,648682,52,18786
35064,2022-04-24,PY,Paraguay,AMRO,352,649034,9,18795
35065,2022-05-01,PY,Paraguay,AMRO,421,649455,75,18870
35066,2022-05-08,PY,Paraguay,AMRO,263,649718,2,18872
35067,2022-05-15,PY,Paraguay,AMRO,211,649929,9,18881
35068,2022-05-22,PY,Paraguay,AMRO,354,650283,4,18885
35069,2022-05-29,PY,Paraguay,AMRO,378,650661,9,18894
35070,2022-06-05,PY,Paraguay,AMRO,607,651268,17,18911
35071,2022-06-12,PY,Paraguay,AMRO,776,652044,21,18932
35072,2022-06-19,PY,Paraguay,AMRO,1384,653428,15,18947
35073,2022-06-26,PY,Paraguay,AMRO,2104,655532,16,18963
35074,2022-07-03,PY,Paraguay,AMRO,5309,660841,31,18994
35075,2022-07-10,PY,Paraguay,AMRO,12988,673829,42,19036
35076,2022-07-17,PY,Paraguay,AMRO,14991,688820,47,19083
35077,2022-07-24,PY,Paraguay,AMRO,12240,701060,64,19147
35078,2022-07-31,PY,Paraguay,AMRO,6049,707109,73,19220
35079,2022-08-07,PY,Paraguay,AMRO,3781,710890,69,19289
35080,2022-08-14,PY,Paraguay,AMRO,2017,712907,68,19357
35081,2022-08-21,PY,Paraguay,AMRO,1433,714340,91,19448
35082,2022-08-28,PY,Paraguay,AMRO,822,715162,30,19478
35083,2022-09-04,PY,Paraguay,AMRO,407,715569,16,19494
35084,2022-09-11,PY,Paraguay,AMRO,237,715806,36,19530
35085,2022-09-18,PY,Paraguay,AMRO,203,716009,34,19564
35086,2022-09-25,PY,Paraguay,AMRO,50,716059,19,19583
35087,2022-10-02,PY,Paraguay,AMRO,484,716543,8,19591
35088,2022-10-09,PY,Paraguay,AMRO,496,717039,4,19595
35089,2022-10-16,PY,Paraguay,AMRO,221,717260,1,19596
35090,2022-10-23,PY,Paraguay,AMRO,368,717628,2,19598
35091,2022-10-30,PY,Paraguay,AMRO,327,717955,3,19601
35092,2022-11-06,PY,Paraguay,AMRO,25,717980,5,19606
35093,2022-11-13,PY,Paraguay,AMRO,69,718049,2,19608
35094,2022-11-20,PY,Paraguay,AMRO,22,718071,3,19611
35095,2022-11-27,PY,Paraguay,AMRO,93,718164,10,19621
35096,2022-12-04,PY,Paraguay,AMRO,338,718502,9,19630
35097,2022-12-11,PY,Paraguay,AMRO,724,719226,16,19646
35098,2022-12-18,PY,Paraguay,AMRO,978,720204,9,19655
35099,2022-12-25,PY,Paraguay,AMRO,1889,722093,11,19666
35100,2023-01-01,PY,Paraguay,AMRO,3272,725365,22,19688
35101,2023-01-08,PY,Paraguay,AMRO,3240,728605,28,19716
35102,2023-01-15,PY,Paraguay,AMRO,779,729384,30,19746
35103,2023-01-22,PY,Paraguay,AMRO,4045,733429,32,19778
35104,2023-01-29,PY,Paraguay,AMRO,478,733907,42,19820
35105,2023-02-05,PY,Paraguay,AMRO,269,734176,10,19830
35106,2023-02-12,PY,Paraguay,AMRO,68,734244,13,19843
35107,2023-02-19,PY,Paraguay,AMRO,596,734840,6,19849
35108,2023-02-26,PY,Paraguay,AMRO,824,735664,21,19870
35109,2023-03-05,PY,Paraguay,AMRO,45,735709,8,19878
35110,2023-03-12,PY,Paraguay,AMRO,50,735759,2,19880
35111,2023-03-19,PY,Paraguay,AMRO,0,735759,0,19880
35112,2023-03-26,PY,Paraguay,AMRO,0,735759,0,19880
35113,2023-04-02,PY,Paraguay,AMRO,0,735759,0,19880
35114,2023-04-09,PY,Paraguay,AMRO,0,735759,0,19880
35115,2023-04-16,PY,Paraguay,AMRO,0,735759,0,19880
35116,2023-04-23,PY,Paraguay,AMRO,0,735759,0,19880
35117,2023-04-30,PY,Paraguay,AMRO,0,735759,0,19880
35118,2023-05-07,PY,Paraguay,AMRO,0,735759,0,19880
35119,2023-05-14,PY,Paraguay,AMRO,0,735759,0,19880
35120,2023-05-21,PY,Paraguay,AMRO,0,735759,0,19880
35121,2023-05-28,PY,Paraguay,AMRO,14,735773,2,19882
35122,2023-06-04,PY,Paraguay,AMRO,8,735781,2,19884
35123,2023-06-11,PY,Paraguay,AMRO,9,735790,2,19886
35124,2023-06-18,PY,Paraguay,AMRO,4,735794,2,19888
35125,2023-06-25,PY,Paraguay,AMRO,4,735798,2,19890
35126,2023-07-02,PY,Paraguay,AMRO,5,735803,0,19890
35127,2023-07-09,PY,Paraguay,AMRO,6,735809,1,19891
35128,2023-07-16,PY,Paraguay,AMRO,8,735817,0,19891
35129,2023-07-23,PY,Paraguay,AMRO,10,735827,2,19893
35130,2023-07-30,PY,Paraguay,AMRO,11,735838,1,19894
35131,2023-08-06,PY,Paraguay,AMRO,16,735854,2,19896
35132,2023-08-13,PY,Paraguay,AMRO,7,735861,3,19899
35133,2023-08-20,PY,Paraguay,AMRO,19,735880,0,19899
35134,2023-08-27,PY,Paraguay,AMRO,22,735902,3,19902
35135,2023-09-03,PY,Paraguay,AMRO,14,735916,2,19904
35136,2023-09-10,PY,Paraguay,AMRO,19,735935,3,19907
35137,2023-09-17,PY,Paraguay,AMRO,16,735951,4,19911
35138,2023-09-24,PY,Paraguay,AMRO,21,735972,1,19912
35139,2023-10-01,PY,Paraguay,AMRO,14,735986,3,19915
35140,2023-10-08,PY,Paraguay,AMRO,19,736005,2,19917
35141,2023-10-15,PY,Paraguay,AMRO,26,736031,6,19923
35142,2023-10-22,PY,Paraguay,AMRO,19,736050,1,19924
35143,2023-10-29,PY,Paraguay,AMRO,24,736074,5,19929
35144,2023-11-05,PY,Paraguay,AMRO,18,736092,1,19930
35145,2023-11-12,PY,Paraguay,AMRO,15,736107,1,19931
35146,2023-11-19,PY,Paraguay,AMRO,15,736122,1,19932
35147,2023-11-26,PY,Paraguay,AMRO,21,736143,0,19932
35148,2023-12-03,PY,Paraguay,AMRO,16,736159,7,19939
35149,2023-12-10,PY,Paraguay,AMRO,7,736166,3,19942
35150,2023-12-17,PY,Paraguay,AMRO,0,736166,0,19942
35151,2023-12-24,PY,Paraguay,AMRO,0,736166,0,19942
35152,2020-01-05,PE,Peru,AMRO,0,0,0,0
35153,2020-01-12,PE,Peru,AMRO,0,0,0,0
35154,2020-01-19,PE,Peru,AMRO,0,0,0,0
35155,2020-01-26,PE,Peru,AMRO,0,0,0,0
35156,2020-02-02,PE,Peru,AMRO,0,0,0,0
35157,2020-02-09,PE,Peru,AMRO,0,0,0,0
35158,2020-02-16,PE,Peru,AMRO,0,0,0,0
35159,2020-02-23,PE,Peru,AMRO,0,0,0,0
35160,2020-03-01,PE,Peru,AMRO,0,0,0,0
35161,2020-03-08,PE,Peru,AMRO,9,9,1,1
35162,2020-03-15,PE,Peru,AMRO,38,47,2,3
35163,2020-03-22,PE,Peru,AMRO,271,318,23,26
35164,2020-03-29,PE,Peru,AMRO,317,635,45,71
35165,2020-04-05,PE,Peru,AMRO,960,1595,138,209
35166,2020-04-12,PE,Peru,AMRO,4302,5897,441,650
35167,2020-04-19,PE,Peru,AMRO,7592,13489,840,1490
35168,2020-04-26,PE,Peru,AMRO,8159,21648,1420,2910
35169,2020-05-03,PE,Peru,AMRO,18811,40459,2271,5181
35170,2020-05-10,PE,Peru,AMRO,21388,61847,3082,8263
35171,2020-05-17,PE,Peru,AMRO,22648,84495,3561,11824
35172,2020-05-24,PE,Peru,AMRO,27203,111698,3759,15583
35173,2020-05-31,PE,Peru,AMRO,36587,148285,3900,19483
35174,2020-06-07,PE,Peru,AMRO,39115,187400,4168,23651
35175,2020-06-14,PE,Peru,AMRO,33349,220749,4205,27856
35176,2020-06-21,PE,Peru,AMRO,27176,247925,4164,32020
35177,2020-06-28,PE,Peru,AMRO,24439,272364,3892,35912
35178,2020-07-05,PE,Peru,AMRO,23235,295599,3725,39637
35179,2020-07-12,PE,Peru,AMRO,24047,319646,3870,43507
35180,2020-07-19,PE,Peru,AMRO,25891,345537,4136,47643
35181,2020-07-26,PE,Peru,AMRO,30424,375961,4259,51902
35182,2020-08-02,PE,Peru,AMRO,38774,414735,4286,56188
35183,2020-08-09,PE,Peru,AMRO,49140,463875,4439,60627
35184,2020-08-16,PE,Peru,AMRO,52421,516296,4409,65036
35185,2020-08-23,PE,Peru,AMRO,59771,576067,4000,69036
35186,2020-08-30,PE,Peru,AMRO,53894,629961,3537,72573
35187,2020-09-06,PE,Peru,AMRO,46887,676848,2865,75438
35188,2020-09-13,PE,Peru,AMRO,39822,716670,2361,77799
35189,2020-09-20,PE,Peru,AMRO,39742,756412,1946,79745
35190,2020-09-27,PE,Peru,AMRO,38172,794584,1675,81420
35191,2020-10-04,PE,Peru,AMRO,26980,821564,1335,82755
35192,2020-10-11,PE,Peru,AMRO,21791,843355,1190,83945
35193,2020-10-18,PE,Peru,AMRO,19062,862417,1014,84959
35194,2020-10-25,PE,Peru,AMRO,20699,883116,917,85876
35195,2020-11-01,PE,Peru,AMRO,17064,900180,777,86653
35196,2020-11-08,PE,Peru,AMRO,17323,917503,761,87414
35197,2020-11-15,PE,Peru,AMRO,15147,932650,705,88119
35198,2020-11-22,PE,Peru,AMRO,13437,946087,664,88783
35199,2020-11-29,PE,Peru,AMRO,12237,958324,691,89474
35200,2020-12-06,PE,Peru,AMRO,12536,970860,669,90143
35201,2020-12-13,PE,Peru,AMRO,10083,980943,703,90846
35202,2020-12-20,PE,Peru,AMRO,12817,993760,811,91657
35203,2020-12-27,PE,Peru,AMRO,11786,1005546,866,92523
35204,2021-01-03,PE,Peru,AMRO,11653,1017199,1005,93528
35205,2021-01-10,PE,Peru,AMRO,12272,1029471,1295,94823
35206,2021-01-17,PE,Peru,AMRO,26552,1056023,1798,96621
35207,2021-01-24,PE,Peru,AMRO,32073,1088096,2654,99275
35208,2021-01-31,PE,Peru,AMRO,37779,1125875,3584,102859
35209,2021-02-07,PE,Peru,AMRO,47170,1173045,4093,106952
35210,2021-02-14,PE,Peru,AMRO,47703,1220748,4578,111530
35211,2021-02-21,PE,Peru,AMRO,48775,1269523,4912,116442
35212,2021-02-28,PE,Peru,AMRO,46840,1316363,4818,121260
35213,2021-03-07,PE,Peru,AMRO,41931,1358294,4832,126092
35214,2021-03-14,PE,Peru,AMRO,44316,1402610,4522,130614
35215,2021-03-21,PE,Peru,AMRO,49035,1451645,4627,135241
35216,2021-03-28,PE,Peru,AMRO,60739,1512384,4724,139965
35217,2021-04-04,PE,Peru,AMRO,55961,1568345,5142,145107
35218,2021-04-11,PE,Peru,AMRO,60174,1628519,5341,150448
35219,2021-04-18,PE,Peru,AMRO,60532,1689051,5634,156082
35220,2021-04-25,PE,Peru,AMRO,56604,1745655,5727,161809
35221,2021-05-02,PE,Peru,AMRO,53790,1799445,5363,167172
35222,2021-05-09,PE,Peru,AMRO,40020,1839465,4869,172041
35223,2021-05-16,PE,Peru,AMRO,39584,1879049,4243,176284
35224,2021-05-23,PE,Peru,AMRO,36517,1915566,3628,179912
35225,2021-05-30,PE,Peru,AMRO,31989,1947555,3131,183043
35226,2021-06-06,PE,Peru,AMRO,28611,1976166,2770,185813
35227,2021-06-13,PE,Peru,AMRO,21890,1998056,2287,188100
35228,2021-06-20,PE,Peru,AMRO,25123,2023179,1833,189933
35229,2021-06-27,PE,Peru,AMRO,20083,2043262,1514,191447
35230,2021-07-04,PE,Peru,AMRO,17082,2060344,1455,192902
35231,2021-07-11,PE,Peru,AMRO,13842,2074186,1007,193909
35232,2021-07-18,PE,Peru,AMRO,15989,2090175,1026,194935
35233,2021-07-25,PE,Peru,AMRO,10964,2101139,761,195696
35234,2021-08-01,PE,Peru,AMRO,8155,2109294,595,196291
35235,2021-08-08,PE,Peru,AMRO,13263,2122557,527,196818
35236,2021-08-15,PE,Peru,AMRO,8780,2131337,461,197279
35237,2021-08-22,PE,Peru,AMRO,8725,2140062,473,197752
35238,2021-08-29,PE,Peru,AMRO,7223,2147285,363,198115
35239,2021-09-05,PE,Peru,AMRO,5807,2153092,305,198420
35240,2021-09-12,PE,Peru,AMRO,6214,2159306,253,198673
35241,2021-09-19,PE,Peru,AMRO,6227,2165533,275,198948
35242,2021-09-26,PE,Peru,AMRO,5841,2171374,234,199182
35243,2021-10-03,PE,Peru,AMRO,5909,2177283,241,199423
35244,2021-10-10,PE,Peru,AMRO,5742,2183025,192,199615
35245,2021-10-17,PE,Peru,AMRO,5326,2188351,177,199792
35246,2021-10-24,PE,Peru,AMRO,5781,2194132,211,200003
35247,2021-10-31,PE,Peru,AMRO,5744,2199876,194,200197
35248,2021-11-07,PE,Peru,AMRO,5610,2205486,176,200373
35249,2021-11-14,PE,Peru,AMRO,7028,2212514,200,200573
35250,2021-11-21,PE,Peru,AMRO,8640,2221154,228,200801
35251,2021-11-28,PE,Peru,AMRO,10021,2231175,225,201026
35252,2021-12-05,PE,Peru,AMRO,11471,2242646,334,201360
35253,2021-12-12,PE,Peru,AMRO,8381,2251027,290,201650
35254,2021-12-19,PE,Peru,AMRO,10856,2261883,470,202120
35255,2021-12-26,PE,Peru,AMRO,11002,2272885,334,202454
35256,2022-01-02,PE,Peru,AMRO,23946,2296831,236,202690
35257,2022-01-09,PE,Peru,AMRO,45719,2342550,291,202981
35258,2022-01-16,PE,Peru,AMRO,170239,2512789,321,203302
35259,2022-01-23,PE,Peru,AMRO,326730,2839519,692,203994
35260,2022-01-30,PE,Peru,AMRO,321213,3160732,1118,205112
35261,2022-02-06,PE,Peru,AMRO,170558,3331290,1534,206646
35262,2022-02-13,PE,Peru,AMRO,93604,3424894,1319,207965
35263,2022-02-20,PE,Peru,AMRO,56858,3481752,1145,209110
35264,2022-02-27,PE,Peru,AMRO,26890,3508642,1119,210229
35265,2022-03-06,PE,Peru,AMRO,15862,3524504,766,210995
35266,2022-03-13,PE,Peru,AMRO,10183,3534687,428,211423
35267,2022-03-20,PE,Peru,AMRO,5421,3540108,328,211751
35268,2022-03-27,PE,Peru,AMRO,4230,3544338,299,212050
35269,2022-04-03,PE,Peru,AMRO,3268,3547606,206,212256
35270,2022-04-10,PE,Peru,AMRO,3185,3550791,182,212438
35271,2022-04-17,PE,Peru,AMRO,3878,3554669,158,212596
35272,2022-04-24,PE,Peru,AMRO,4674,3559343,128,212724
35273,2022-05-01,PE,Peru,AMRO,5215,3564558,86,212810
35274,2022-05-08,PE,Peru,AMRO,4468,3569026,103,212913
35275,2022-05-15,PE,Peru,AMRO,2490,3571516,100,213013
35276,2022-05-22,PE,Peru,AMRO,3360,3574876,73,213086
35277,2022-05-29,PE,Peru,AMRO,3488,3578364,69,213155
35278,2022-06-05,PE,Peru,AMRO,5039,3583403,73,213228
35279,2022-06-12,PE,Peru,AMRO,5294,3588697,80,213308
35280,2022-06-19,PE,Peru,AMRO,7680,3596377,66,213374
35281,2022-06-26,PE,Peru,AMRO,14746,3611123,69,213443
35282,2022-07-03,PE,Peru,AMRO,18673,3629796,83,213526
35283,2022-07-10,PE,Peru,AMRO,32889,3662685,126,213652
35284,2022-07-17,PE,Peru,AMRO,67194,3729879,117,213769
35285,2022-07-24,PE,Peru,AMRO,86925,3816804,184,213953
35286,2022-07-31,PE,Peru,AMRO,78692,3895496,242,214195
35287,2022-08-07,PE,Peru,AMRO,55999,3951495,351,214546
35288,2022-08-14,PE,Peru,AMRO,62336,4013831,344,214890
35289,2022-08-21,PE,Peru,AMRO,47526,4061357,378,215268
35290,2022-08-28,PE,Peru,AMRO,33295,4094652,288,215556
35291,2022-09-04,PE,Peru,AMRO,16393,4111045,234,215790
35292,2022-09-11,PE,Peru,AMRO,12390,4123435,255,216045
35293,2022-09-18,PE,Peru,AMRO,7702,4131137,219,216264
35294,2022-09-25,PE,Peru,AMRO,8992,4140129,182,216446
35295,2022-10-02,PE,Peru,AMRO,4287,4144416,129,216575
35296,2022-10-09,PE,Peru,AMRO,4041,4148457,152,216727
35297,2022-10-16,PE,Peru,AMRO,1664,4150121,128,216855
35298,2022-10-23,PE,Peru,AMRO,1898,4152019,22,216877
35299,2022-10-30,PE,Peru,AMRO,2317,4154336,65,216942
35300,2022-11-06,PE,Peru,AMRO,5615,4159951,120,217062
35301,2022-11-13,PE,Peru,AMRO,9800,4169751,110,217172
35302,2022-11-20,PE,Peru,AMRO,14440,4184191,57,217229
35303,2022-11-27,PE,Peru,AMRO,32877,4217068,110,217339
35304,2022-12-04,PE,Peru,AMRO,61929,4278997,102,217441
35305,2022-12-11,PE,Peru,AMRO,71516,4350513,183,217624
35306,2022-12-18,PE,Peru,AMRO,55330,4405843,197,217821
35307,2022-12-25,PE,Peru,AMRO,32935,4438778,186,218007
35308,2023-01-01,PE,Peru,AMRO,15458,4454236,194,218201
35309,2023-01-08,PE,Peru,AMRO,12095,4466331,155,218356
35310,2023-01-15,PE,Peru,AMRO,7490,4473821,134,218490
35311,2023-01-22,PE,Peru,AMRO,4134,4477955,116,218606
35312,2023-01-29,PE,Peru,AMRO,2873,4480828,123,218729
35313,2023-02-05,PE,Peru,AMRO,1482,4482310,356,219085
35314,2023-02-12,PE,Peru,AMRO,1133,4483443,165,219250
35315,2023-02-19,PE,Peru,AMRO,1088,4484531,68,219318
35316,2023-02-26,PE,Peru,AMRO,751,4485282,77,219395
35317,2023-03-05,PE,Peru,AMRO,1383,4486665,90,219485
35318,2023-03-12,PE,Peru,AMRO,1291,4487956,77,219562
35319,2023-03-19,PE,Peru,AMRO,1191,4489147,75,219637
35320,2023-03-26,PE,Peru,AMRO,1649,4490796,72,219709
35321,2023-04-02,PE,Peru,AMRO,2095,4492891,75,219784
35322,2023-04-09,PE,Peru,AMRO,0,4492891,82,219866
35323,2023-04-16,PE,Peru,AMRO,4005,4496896,125,219991
35324,2023-04-23,PE,Peru,AMRO,2459,4499355,82,220073
35325,2023-04-30,PE,Peru,AMRO,1775,4501130,49,220122
35326,2023-05-07,PE,Peru,AMRO,2092,4503222,74,220196
35327,2023-05-14,PE,Peru,AMRO,1998,4505220,320,220516
35328,2023-05-21,PE,Peru,AMRO,0,4505220,0,220516
35329,2023-05-28,PE,Peru,AMRO,1063,4506283,60,220576
35330,2023-06-04,PE,Peru,AMRO,1122,4507405,77,220653
35331,2023-06-11,PE,Peru,AMRO,1288,4508693,59,220712
35332,2023-06-18,PE,Peru,AMRO,1541,4510234,75,220787
35333,2023-06-25,PE,Peru,AMRO,1046,4511280,68,220855
35334,2023-07-02,PE,Peru,AMRO,956,4512236,75,220930
35335,2023-07-09,PE,Peru,AMRO,871,4513107,67,220997
35336,2023-07-16,PE,Peru,AMRO,763,4513870,61,221058
35337,2023-07-23,PE,Peru,AMRO,422,4514292,46,221104
35338,2023-07-30,PE,Peru,AMRO,325,4514617,55,221159
35339,2023-08-06,PE,Peru,AMRO,375,4514992,83,221242
35340,2023-08-13,PE,Peru,AMRO,522,4515514,54,221296
35341,2023-08-20,PE,Peru,AMRO,543,4516057,59,221355
35342,2023-08-27,PE,Peru,AMRO,528,4516585,49,221404
35343,2023-09-03,PE,Peru,AMRO,798,4517383,53,221457
35344,2023-09-10,PE,Peru,AMRO,797,4518180,15,221472
35345,2023-09-17,PE,Peru,AMRO,743,4518923,8,221480
35346,2023-09-24,PE,Peru,AMRO,574,4519497,6,221486
35347,2023-10-01,PE,Peru,AMRO,482,4519979,10,221496
35348,2023-10-08,PE,Peru,AMRO,941,4520920,7,221503
35349,2023-10-15,PE,Peru,AMRO,655,4521575,2,221505
35350,2023-10-22,PE,Peru,AMRO,534,4522109,7,221512
35351,2023-10-29,PE,Peru,AMRO,715,4522824,6,221518
35352,2023-11-05,PE,Peru,AMRO,1008,4523832,8,221526
35353,2023-11-12,PE,Peru,AMRO,1231,4525063,14,221540
35354,2023-11-19,PE,Peru,AMRO,1507,4526570,4,221544
35355,2023-11-26,PE,Peru,AMRO,1394,4527964,5,221549
35356,2023-12-03,PE,Peru,AMRO,1197,4529161,8,221557
35357,2023-12-10,PE,Peru,AMRO,1309,4530470,7,221564
35358,2023-12-17,PE,Peru,AMRO,150,4530620,11,221575
35359,2023-12-24,PE,Peru,AMRO,0,4530620,0,221575
35360,2020-01-05,PH,Philippines,WPRO,0,0,0,0
35361,2020-01-12,PH,Philippines,WPRO,0,0,0,0
35362,2020-01-19,PH,Philippines,WPRO,0,0,0,0
35363,2020-01-26,PH,Philippines,WPRO,0,0,0,0
35364,2020-02-02,PH,Philippines,WPRO,1,1,1,1
35365,2020-02-09,PH,Philippines,WPRO,2,3,0,1
35366,2020-02-16,PH,Philippines,WPRO,0,3,0,1
35367,2020-02-23,PH,Philippines,WPRO,0,3,0,1
35368,2020-03-01,PH,Philippines,WPRO,0,3,0,1
35369,2020-03-08,PH,Philippines,WPRO,3,6,0,1
35370,2020-03-15,PH,Philippines,WPRO,105,111,10,11
35371,2020-03-22,PH,Philippines,WPRO,196,307,14,25
35372,2020-03-29,PH,Philippines,WPRO,768,1075,43,68
35373,2020-04-05,PH,Philippines,WPRO,2019,3094,76,144
35374,2020-04-12,PH,Philippines,WPRO,1334,4428,103,247
35375,2020-04-19,PH,Philippines,WPRO,1659,6087,150,397
35376,2020-04-26,PH,Philippines,WPRO,1207,7294,97,494
35377,2020-05-03,PH,Philippines,WPRO,1634,8928,109,603
35378,2020-05-10,PH,Philippines,WPRO,1682,10610,101,704
35379,2020-05-17,PH,Philippines,WPRO,1695,12305,113,817
35380,2020-05-24,PH,Philippines,WPRO,1472,13777,46,863
35381,2020-05-31,PH,Philippines,WPRO,3447,17224,87,950
35382,2020-06-07,PH,Philippines,WPRO,4116,21340,44,994
35383,2020-06-14,PH,Philippines,WPRO,4051,25391,81,1075
35384,2020-06-21,PH,Philippines,WPRO,4008,29399,75,1150
35385,2020-06-28,PH,Philippines,WPRO,5403,34802,86,1236
35386,2020-07-05,PH,Philippines,WPRO,7028,41830,54,1290
35387,2020-07-12,PH,Philippines,WPRO,12305,54135,82,1372
35388,2020-07-19,PH,Philippines,WPRO,11080,65215,401,1773
35389,2020-07-26,PH,Philippines,WPRO,13123,78338,124,1897
35390,2020-08-02,PH,Philippines,WPRO,19815,98153,142,2039
35391,2020-08-09,PH,Philippines,WPRO,28651,126804,170,2209
35392,2020-08-16,PH,Philippines,WPRO,31114,157918,391,2600
35393,2020-08-23,PH,Philippines,WPRO,29305,187223,366,2966
35394,2020-08-30,PH,Philippines,WPRO,25889,213112,453,3419
35395,2020-09-06,PH,Philippines,WPRO,21414,234526,371,3790
35396,2020-09-13,PH,Philippines,WPRO,23337,257863,502,4292
35397,2020-09-20,PH,Philippines,WPRO,25568,283431,638,4930
35398,2020-09-27,PH,Philippines,WPRO,17800,301231,354,5284
35399,2020-10-04,PH,Philippines,WPRO,18076,319307,394,5678
35400,2020-10-11,PH,Philippines,WPRO,17532,336839,560,6238
35401,2020-10-18,PH,Philippines,WPRO,17414,354253,365,6603
35402,2020-10-25,PH,Philippines,WPRO,13552,367805,331,6934
35403,2020-11-01,PH,Philippines,WPRO,12912,380717,287,7221
35404,2020-11-08,PH,Philippines,WPRO,13236,393953,264,7485
35405,2020-11-15,PH,Philippines,WPRO,12355,406308,306,7791
35406,2020-11-22,PH,Philippines,WPRO,10542,416850,289,8080
35407,2020-11-29,PH,Philippines,WPRO,10940,427790,253,8333
35408,2020-12-06,PH,Philippines,WPRO,10276,438066,193,8526
35409,2020-12-13,PH,Philippines,WPRO,10265,448331,204,8730
35410,2020-12-20,PH,Philippines,WPRO,9704,458035,181,8911
35411,2020-12-27,PH,Philippines,WPRO,10968,469003,156,9067
35412,2021-01-03,PH,Philippines,WPRO,8799,477802,186,9253
35413,2021-01-10,PH,Philippines,WPRO,9882,487684,145,9398
35414,2021-01-17,PH,Philippines,WPRO,12889,500573,486,9884
35415,2021-01-24,PH,Philippines,WPRO,13046,513619,306,10190
35416,2021-01-31,PH,Philippines,WPRO,11995,525614,479,10669
35417,2021-02-07,PH,Philippines,WPRO,11691,537305,441,11110
35418,2021-02-14,PH,Philippines,WPRO,11870,549175,397,11507
35419,2021-02-21,PH,Philippines,WPRO,11993,561168,561,12068
35420,2021-02-28,PH,Philippines,WPRO,15176,576344,221,12289
35421,2021-03-07,PH,Philippines,WPRO,18063,594407,176,12465
35422,2021-03-14,PH,Philippines,WPRO,27082,621489,301,12766
35423,2021-03-21,PH,Philippines,WPRO,42284,663773,164,12930
35424,2021-03-28,PH,Philippines,WPRO,58105,721878,229,13159
35425,2021-04-04,PH,Philippines,WPRO,73165,795043,264,13423
35426,2021-04-11,PH,Philippines,WPRO,69804,864847,1321,14744
35427,2021-04-18,PH,Philippines,WPRO,71270,936117,1066,15810
35428,2021-04-25,PH,Philippines,WPRO,61382,997499,864,16674
35429,2021-05-02,PH,Philippines,WPRO,57471,1054970,757,17431
35430,2021-05-09,PH,Philippines,WPRO,47010,1101980,1041,18472
35431,2021-05-16,PH,Philippines,WPRO,41966,1143946,719,19191
35432,2021-05-23,PH,Philippines,WPRO,35845,1179791,760,19951
35433,2021-05-30,PH,Philippines,WPRO,43826,1223617,909,20860
35434,2021-06-06,PH,Philippines,WPRO,45848,1269465,1038,21898
35435,2021-06-13,PH,Philippines,WPRO,46162,1315627,890,22788
35436,2021-06-20,PH,Philippines,WPRO,43363,1358990,833,23621
35437,2021-06-27,PH,Philippines,WPRO,38994,1397984,751,24372
35438,2021-07-04,PH,Philippines,WPRO,38370,1436354,777,25149
35439,2021-07-11,PH,Philippines,WPRO,36509,1472863,766,25915
35440,2021-07-18,PH,Philippines,WPRO,34882,1507745,799,26714
35441,2021-07-25,PH,Philippines,WPRO,40987,1548732,510,27224
35442,2021-08-01,PH,Philippines,WPRO,48863,1597595,792,28016
35443,2021-08-08,PH,Philippines,WPRO,61219,1658814,1106,29122
35444,2021-08-15,PH,Philippines,WPRO,82422,1741236,1218,30340
35445,2021-08-22,PH,Philippines,WPRO,98078,1839314,1470,31810
35446,2021-08-29,PH,Philippines,WPRO,114522,1953836,1299,33109
35447,2021-09-05,PH,Philippines,WPRO,127080,2080916,1125,34234
35448,2021-09-12,PH,Philippines,WPRO,146410,2227326,911,35145
35449,2021-09-19,PH,Philippines,WPRO,139353,2366679,1643,36788
35450,2021-09-26,PH,Philippines,WPRO,124120,2490799,617,37405
35451,2021-10-03,PH,Philippines,WPRO,102493,2593292,1363,38768
35452,2021-10-10,PH,Philippines,WPRO,73230,2666522,856,39624
35453,2021-10-17,PH,Philippines,WPRO,53821,2720343,1051,40675
35454,2021-10-24,PH,Philippines,WPRO,36559,2756902,1118,41793
35455,2021-10-31,PH,Philippines,WPRO,30356,2787258,1379,43172
35456,2021-11-07,PH,Philippines,WPRO,15949,2803207,1258,44430
35457,2021-11-14,PH,Philippines,WPRO,13757,2816964,1151,45581
35458,2021-11-21,PH,Philippines,WPRO,8905,2825869,1493,47074
35459,2021-11-28,PH,Philippines,WPRO,5841,2831710,1287,48361
35460,2021-12-05,PH,Philippines,WPRO,2901,2834611,1025,49386
35461,2021-12-12,PH,Philippines,WPRO,1832,2836443,894,50280
35462,2021-12-19,PH,Philippines,WPRO,1019,2837462,459,50739
35463,2021-12-26,PH,Philippines,WPRO,1012,2838474,461,51200
35464,2022-01-02,PH,Philippines,WPRO,13261,2851735,370,51570
35465,2022-01-09,PH,Philippines,WPRO,113626,2965361,580,52150
35466,2022-01-16,PH,Philippines,WPRO,239943,3205304,757,52907
35467,2022-01-23,PH,Philippines,WPRO,211814,3417118,565,53472
35468,2022-01-30,PH,Philippines,WPRO,128538,3545656,419,53891
35469,2022-02-06,PH,Philippines,WPRO,63896,3609552,635,54526
35470,2022-02-13,PH,Philippines,WPRO,27660,3637212,404,54930
35471,2022-02-20,PH,Philippines,WPRO,14887,3652099,754,55684
35472,2022-02-27,PH,Philippines,WPRO,8947,3661046,717,56401
35473,2022-03-06,PH,Philippines,WPRO,6489,3667535,622,57023
35474,2022-03-13,PH,Philippines,WPRO,3204,3670739,587,57610
35475,2022-03-20,PH,Philippines,WPRO,3540,3674279,653,58263
35476,2022-03-27,PH,Philippines,WPRO,2710,3676989,752,59015
35477,2022-04-03,PH,Philippines,WPRO,2186,3679175,328,59343
35478,2022-04-10,PH,Philippines,WPRO,1871,3681046,426,59769
35479,2022-04-17,PH,Philippines,WPRO,1647,3682693,200,59969
35480,2022-04-24,PH,Philippines,WPRO,1437,3684130,213,60182
35481,2022-05-01,PH,Philippines,WPRO,1377,3685507,215,60397
35482,2022-05-08,PH,Philippines,WPRO,1117,3686624,42,60439
35483,2022-05-15,PH,Philippines,WPRO,1105,3687729,13,60452
35484,2022-05-22,PH,Philippines,WPRO,1212,3688941,3,60455
35485,2022-05-29,PH,Philippines,WPRO,1313,3690254,0,60455
35486,2022-06-05,PH,Philippines,WPRO,1291,3691545,1,60456
35487,2022-06-12,PH,Philippines,WPRO,1677,3693222,5,60461
35488,2022-06-19,PH,Philippines,WPRO,3042,3696264,6,60467
35489,2022-06-26,PH,Philippines,WPRO,4612,3700876,51,60518
35490,2022-07-03,PH,Philippines,WPRO,6072,3706948,84,60602
35491,2022-07-10,PH,Philippines,WPRO,9501,3716449,38,60640
35492,2022-07-17,PH,Philippines,WPRO,14092,3730541,1,60641
35493,2022-07-24,PH,Philippines,WPRO,18336,3748877,53,60694
35494,2022-07-31,PH,Philippines,WPRO,23591,3772468,43,60737
35495,2022-08-07,PH,Philippines,WPRO,26866,3799334,100,60837
35496,2022-08-14,PH,Philippines,WPRO,28425,3827759,241,61078
35497,2022-08-21,PH,Philippines,WPRO,24402,3852161,308,61386
35498,2022-08-28,PH,Philippines,WPRO,20162,3872323,334,61720
35499,2022-09-04,PH,Philippines,WPRO,16774,3889097,342,62062
35500,2022-09-11,PH,Philippines,WPRO,17160,3906257,280,62342
35501,2022-09-18,PH,Philippines,WPRO,12069,3918326,245,62587
35502,2022-09-25,PH,Philippines,WPRO,16357,3934683,232,62819
35503,2022-10-02,PH,Philippines,WPRO,17086,3951769,223,63042
35504,2022-10-09,PH,Philippines,WPRO,13995,3965764,255,63297
35505,2022-10-16,PH,Philippines,WPRO,14880,3980644,250,63547
35506,2022-10-23,PH,Philippines,WPRO,12405,3993049,267,63814
35507,2022-10-30,PH,Philippines,WPRO,9040,4002089,260,64074
35508,2022-11-06,PH,Philippines,WPRO,6367,4008456,217,64291
35509,2022-11-13,PH,Philippines,WPRO,7939,4016395,114,64405
35510,2022-11-20,PH,Philippines,WPRO,8459,4024854,80,64485
35511,2022-11-27,PH,Philippines,WPRO,7502,4032356,123,64608
35512,2022-12-04,PH,Philippines,WPRO,7494,4039850,142,64750
35513,2022-12-11,PH,Philippines,WPRO,8058,4047908,152,64902
35514,2022-12-18,PH,Philippines,WPRO,7358,4055266,192,65094
35515,2022-12-25,PH,Philippines,WPRO,4103,4059369,168,65262
35516,2023-01-01,PH,Philippines,WPRO,3290,4062659,153,65415
35517,2023-01-08,PH,Philippines,WPRO,4552,4067211,36,65451
35518,2023-01-15,PH,Philippines,WPRO,2797,4070008,0,65451
35519,2023-01-22,PH,Philippines,WPRO,1556,4071564,0,65451
35520,2023-01-29,PH,Philippines,WPRO,1181,4072745,0,65451
35521,2023-02-05,PH,Philippines,WPRO,1045,4073790,400,65851
35522,2023-02-12,PH,Philippines,WPRO,678,4074468,98,65949
35523,2023-02-19,PH,Philippines,WPRO,914,4075382,72,66021
35524,2023-02-26,PH,Philippines,WPRO,738,4076120,76,66097
35525,2023-03-05,PH,Philippines,WPRO,738,4076858,56,66153
35526,2023-03-12,PH,Philippines,WPRO,890,4077748,57,66210
35527,2023-03-19,PH,Philippines,WPRO,1061,4078809,62,66272
35528,2023-03-26,PH,Philippines,WPRO,1163,4079972,60,66332
35529,2023-04-02,PH,Philippines,WPRO,1541,4081513,58,66390
35530,2023-04-09,PH,Philippines,WPRO,1988,4083501,30,66420
35531,2023-04-16,PH,Philippines,WPRO,2025,4085526,19,66439
35532,2023-04-23,PH,Philippines,WPRO,2438,4087964,5,66444
35533,2023-04-30,PH,Philippines,WPRO,3890,4091854,0,66444
35534,2023-05-07,PH,Philippines,WPRO,9014,4100868,9,66453
35535,2023-05-14,PH,Philippines,WPRO,12225,4113093,0,66453
35536,2023-05-21,PH,Philippines,WPRO,12623,4125716,13,66466
35537,2023-05-28,PH,Philippines,WPRO,11724,4137440,0,66466
35538,2023-06-04,PH,Philippines,WPRO,9689,4147129,10,66476
35539,2023-06-11,PH,Philippines,WPRO,7061,4154190,5,66481
35540,2023-06-18,PH,Philippines,WPRO,4394,4158584,1,66482
35541,2023-06-25,PH,Philippines,WPRO,3647,4162231,0,66482
35542,2023-07-02,PH,Philippines,WPRO,2845,4165076,2,66484
35543,2023-07-09,PH,Philippines,WPRO,423,4165499,0,66484
35544,2023-07-16,PH,Philippines,WPRO,2510,4168009,26,66510
35545,2023-07-23,PH,Philippines,WPRO,1938,4169947,32,66542
35546,2023-07-30,PH,Philippines,WPRO,1671,4171618,50,66592
35547,2023-08-06,PH,Philippines,WPRO,1859,4173477,34,66626
35548,2023-08-13,PH,Philippines,WPRO,154,4173631,20,66646
35549,2023-08-20,PH,Philippines,WPRO,-65079,4108552,0,66646
35550,2023-08-27,PH,Philippines,WPRO,342,4108894,10,66656
35551,2023-09-03,PH,Philippines,WPRO,1311,4110205,5,66661
35552,2023-09-10,PH,Philippines,WPRO,138,4110343,6,66667
35553,2023-09-17,PH,Philippines,WPRO,988,4111331,14,66681
35554,2023-09-24,PH,Philippines,WPRO,962,4112293,4,66685
35555,2023-10-01,PH,Philippines,WPRO,1141,4113434,11,66696
35556,2023-10-08,PH,Philippines,WPRO,1246,4114680,0,66696
35557,2023-10-15,PH,Philippines,WPRO,1034,4115714,6,66702
35558,2023-10-22,PH,Philippines,WPRO,1469,4117183,12,66714
35559,2023-10-29,PH,Philippines,WPRO,1198,4118381,0,66714
35560,2023-11-05,PH,Philippines,WPRO,1097,4119478,22,66736
35561,2023-11-12,PH,Philippines,WPRO,933,4120411,0,66736
35562,2023-11-19,PH,Philippines,WPRO,914,4121325,10,66746
35563,2023-11-26,PH,Philippines,WPRO,1333,4122658,0,66746
35564,2023-12-03,PH,Philippines,WPRO,1262,4123920,9,66755
35565,2023-12-10,PH,Philippines,WPRO,1163,4125083,11,66766
35566,2023-12-17,PH,Philippines,WPRO,1377,4126460,13,66779
35567,2023-12-24,PH,Philippines,WPRO,2501,4128961,0,66779
35568,2020-01-05,PN,Pitcairn,,0,0,0,0
35569,2020-01-12,PN,Pitcairn,,0,0,0,0
35570,2020-01-19,PN,Pitcairn,,0,0,0,0
35571,2020-01-26,PN,Pitcairn,,0,0,0,0
35572,2020-02-02,PN,Pitcairn,,0,0,0,0
35573,2020-02-09,PN,Pitcairn,,0,0,0,0
35574,2020-02-16,PN,Pitcairn,,0,0,0,0
35575,2020-02-23,PN,Pitcairn,,0,0,0,0
35576,2020-03-01,PN,Pitcairn,,0,0,0,0
35577,2020-03-08,PN,Pitcairn,,0,0,0,0
35578,2020-03-15,PN,Pitcairn,,0,0,0,0
35579,2020-03-22,PN,Pitcairn,,0,0,0,0
35580,2020-03-29,PN,Pitcairn,,0,0,0,0
35581,2020-04-05,PN,Pitcairn,,0,0,0,0
35582,2020-04-12,PN,Pitcairn,,0,0,0,0
35583,2020-04-19,PN,Pitcairn,,0,0,0,0
35584,2020-04-26,PN,Pitcairn,,0,0,0,0
35585,2020-05-03,PN,Pitcairn,,0,0,0,0
35586,2020-05-10,PN,Pitcairn,,0,0,0,0
35587,2020-05-17,PN,Pitcairn,,0,0,0,0
35588,2020-05-24,PN,Pitcairn,,0,0,0,0
35589,2020-05-31,PN,Pitcairn,,0,0,0,0
35590,2020-06-07,PN,Pitcairn,,0,0,0,0
35591,2020-06-14,PN,Pitcairn,,0,0,0,0
35592,2020-06-21,PN,Pitcairn,,0,0,0,0
35593,2020-06-28,PN,Pitcairn,,0,0,0,0
35594,2020-07-05,PN,Pitcairn,,0,0,0,0
35595,2020-07-12,PN,Pitcairn,,0,0,0,0
35596,2020-07-19,PN,Pitcairn,,0,0,0,0
35597,2020-07-26,PN,Pitcairn,,0,0,0,0
35598,2020-08-02,PN,Pitcairn,,0,0,0,0
35599,2020-08-09,PN,Pitcairn,,0,0,0,0
35600,2020-08-16,PN,Pitcairn,,0,0,0,0
35601,2020-08-23,PN,Pitcairn,,0,0,0,0
35602,2020-08-30,PN,Pitcairn,,0,0,0,0
35603,2020-09-06,PN,Pitcairn,,0,0,0,0
35604,2020-09-13,PN,Pitcairn,,0,0,0,0
35605,2020-09-20,PN,Pitcairn,,0,0,0,0
35606,2020-09-27,PN,Pitcairn,,0,0,0,0
35607,2020-10-04,PN,Pitcairn,,0,0,0,0
35608,2020-10-11,PN,Pitcairn,,0,0,0,0
35609,2020-10-18,PN,Pitcairn,,0,0,0,0
35610,2020-10-25,PN,Pitcairn,,0,0,0,0
35611,2020-11-01,PN,Pitcairn,,0,0,0,0
35612,2020-11-08,PN,Pitcairn,,0,0,0,0
35613,2020-11-15,PN,Pitcairn,,0,0,0,0
35614,2020-11-22,PN,Pitcairn,,0,0,0,0
35615,2020-11-29,PN,Pitcairn,,0,0,0,0
35616,2020-12-06,PN,Pitcairn,,0,0,0,0
35617,2020-12-13,PN,Pitcairn,,0,0,0,0
35618,2020-12-20,PN,Pitcairn,,0,0,0,0
35619,2020-12-27,PN,Pitcairn,,0,0,0,0
35620,2021-01-03,PN,Pitcairn,,0,0,0,0
35621,2021-01-10,PN,Pitcairn,,0,0,0,0
35622,2021-01-17,PN,Pitcairn,,0,0,0,0
35623,2021-01-24,PN,Pitcairn,,0,0,0,0
35624,2021-01-31,PN,Pitcairn,,0,0,0,0
35625,2021-02-07,PN,Pitcairn,,0,0,0,0
35626,2021-02-14,PN,Pitcairn,,0,0,0,0
35627,2021-02-21,PN,Pitcairn,,0,0,0,0
35628,2021-02-28,PN,Pitcairn,,0,0,0,0
35629,2021-03-07,PN,Pitcairn,,0,0,0,0
35630,2021-03-14,PN,Pitcairn,,0,0,0,0
35631,2021-03-21,PN,Pitcairn,,0,0,0,0
35632,2021-03-28,PN,Pitcairn,,0,0,0,0
35633,2021-04-04,PN,Pitcairn,,0,0,0,0
35634,2021-04-11,PN,Pitcairn,,0,0,0,0
35635,2021-04-18,PN,Pitcairn,,0,0,0,0
35636,2021-04-25,PN,Pitcairn,,0,0,0,0
35637,2021-05-02,PN,Pitcairn,,0,0,0,0
35638,2021-05-09,PN,Pitcairn,,0,0,0,0
35639,2021-05-16,PN,Pitcairn,,0,0,0,0
35640,2021-05-23,PN,Pitcairn,,0,0,0,0
35641,2021-05-30,PN,Pitcairn,,0,0,0,0
35642,2021-06-06,PN,Pitcairn,,0,0,0,0
35643,2021-06-13,PN,Pitcairn,,0,0,0,0
35644,2021-06-20,PN,Pitcairn,,0,0,0,0
35645,2021-06-27,PN,Pitcairn,,0,0,0,0
35646,2021-07-04,PN,Pitcairn,,0,0,0,0
35647,2021-07-11,PN,Pitcairn,,0,0,0,0
35648,2021-07-18,PN,Pitcairn,,0,0,0,0
35649,2021-07-25,PN,Pitcairn,,0,0,0,0
35650,2021-08-01,PN,Pitcairn,,0,0,0,0
35651,2021-08-08,PN,Pitcairn,,0,0,0,0
35652,2021-08-15,PN,Pitcairn,,0,0,0,0
35653,2021-08-22,PN,Pitcairn,,0,0,0,0
35654,2021-08-29,PN,Pitcairn,,0,0,0,0
35655,2021-09-05,PN,Pitcairn,,0,0,0,0
35656,2021-09-12,PN,Pitcairn,,0,0,0,0
35657,2021-09-19,PN,Pitcairn,,0,0,0,0
35658,2021-09-26,PN,Pitcairn,,0,0,0,0
35659,2021-10-03,PN,Pitcairn,,0,0,0,0
35660,2021-10-10,PN,Pitcairn,,0,0,0,0
35661,2021-10-17,PN,Pitcairn,,0,0,0,0
35662,2021-10-24,PN,Pitcairn,,0,0,0,0
35663,2021-10-31,PN,Pitcairn,,0,0,0,0
35664,2021-11-07,PN,Pitcairn,,0,0,0,0
35665,2021-11-14,PN,Pitcairn,,0,0,0,0
35666,2021-11-21,PN,Pitcairn,,0,0,0,0
35667,2021-11-28,PN,Pitcairn,,0,0,0,0
35668,2021-12-05,PN,Pitcairn,,0,0,0,0
35669,2021-12-12,PN,Pitcairn,,0,0,0,0
35670,2021-12-19,PN,Pitcairn,,0,0,0,0
35671,2021-12-26,PN,Pitcairn,,0,0,0,0
35672,2022-01-02,PN,Pitcairn,,0,0,0,0
35673,2022-01-09,PN,Pitcairn,,0,0,0,0
35674,2022-01-16,PN,Pitcairn,,0,0,0,0
35675,2022-01-23,PN,Pitcairn,,0,0,0,0
35676,2022-01-30,PN,Pitcairn,,0,0,0,0
35677,2022-02-06,PN,Pitcairn,,0,0,0,0
35678,2022-02-13,PN,Pitcairn,,0,0,0,0
35679,2022-02-20,PN,Pitcairn,,0,0,0,0
35680,2022-02-27,PN,Pitcairn,,0,0,0,0
35681,2022-03-06,PN,Pitcairn,,0,0,0,0
35682,2022-03-13,PN,Pitcairn,,0,0,0,0
35683,2022-03-20,PN,Pitcairn,,0,0,0,0
35684,2022-03-27,PN,Pitcairn,,0,0,0,0
35685,2022-04-03,PN,Pitcairn,,0,0,0,0
35686,2022-04-10,PN,Pitcairn,,0,0,0,0
35687,2022-04-17,PN,Pitcairn,,0,0,0,0
35688,2022-04-24,PN,Pitcairn,,0,0,0,0
35689,2022-05-01,PN,Pitcairn,,0,0,0,0
35690,2022-05-08,PN,Pitcairn,,0,0,0,0
35691,2022-05-15,PN,Pitcairn,,0,0,0,0
35692,2022-05-22,PN,Pitcairn,,0,0,0,0
35693,2022-05-29,PN,Pitcairn,,0,0,0,0
35694,2022-06-05,PN,Pitcairn,,0,0,0,0
35695,2022-06-12,PN,Pitcairn,,0,0,0,0
35696,2022-06-19,PN,Pitcairn,,0,0,0,0
35697,2022-06-26,PN,Pitcairn,,0,0,0,0
35698,2022-07-03,PN,Pitcairn,,0,0,0,0
35699,2022-07-10,PN,Pitcairn,,0,0,0,0
35700,2022-07-17,PN,Pitcairn,,0,0,0,0
35701,2022-07-24,PN,Pitcairn,,4,4,0,0
35702,2022-07-31,PN,Pitcairn,,0,4,0,0
35703,2022-08-07,PN,Pitcairn,,0,4,0,0
35704,2022-08-14,PN,Pitcairn,,0,4,0,0
35705,2022-08-21,PN,Pitcairn,,0,4,0,0
35706,2022-08-28,PN,Pitcairn,,0,4,0,0
35707,2022-09-04,PN,Pitcairn,,0,4,0,0
35708,2022-09-11,PN,Pitcairn,,0,4,0,0
35709,2022-09-18,PN,Pitcairn,,0,4,0,0
35710,2022-09-25,PN,Pitcairn,,0,4,0,0
35711,2022-10-02,PN,Pitcairn,,0,4,0,0
35712,2022-10-09,PN,Pitcairn,,0,4,0,0
35713,2022-10-16,PN,Pitcairn,,0,4,0,0
35714,2022-10-23,PN,Pitcairn,,0,4,0,0
35715,2022-10-30,PN,Pitcairn,,0,4,0,0
35716,2022-11-06,PN,Pitcairn,,0,4,0,0
35717,2022-11-13,PN,Pitcairn,,0,4,0,0
35718,2022-11-20,PN,Pitcairn,,0,4,0,0
35719,2022-11-27,PN,Pitcairn,,0,4,0,0
35720,2022-12-04,PN,Pitcairn,,0,4,0,0
35721,2022-12-11,PN,Pitcairn,,0,4,0,0
35722,2022-12-18,PN,Pitcairn,,0,4,0,0
35723,2022-12-25,PN,Pitcairn,,0,4,0,0
35724,2023-01-01,PN,Pitcairn,,0,4,0,0
35725,2023-01-08,PN,Pitcairn,,0,4,0,0
35726,2023-01-15,PN,Pitcairn,,0,4,0,0
35727,2023-01-22,PN,Pitcairn,,0,4,0,0
35728,2023-01-29,PN,Pitcairn,,0,4,0,0
35729,2023-02-05,PN,Pitcairn,,0,4,0,0
35730,2023-02-12,PN,Pitcairn,,0,4,0,0
35731,2023-02-19,PN,Pitcairn,,0,4,0,0
35732,2023-02-26,PN,Pitcairn,,0,4,0,0
35733,2023-03-05,PN,Pitcairn,,0,4,0,0
35734,2023-03-12,PN,Pitcairn,,0,4,0,0
35735,2023-03-19,PN,Pitcairn,,0,4,0,0
35736,2023-03-26,PN,Pitcairn,,0,4,0,0
35737,2023-04-02,PN,Pitcairn,,0,4,0,0
35738,2023-04-09,PN,Pitcairn,,0,4,0,0
35739,2023-04-16,PN,Pitcairn,,0,4,0,0
35740,2023-04-23,PN,Pitcairn,,0,4,0,0
35741,2023-04-30,PN,Pitcairn,,0,4,0,0
35742,2023-05-07,PN,Pitcairn,,0,4,0,0
35743,2023-05-14,PN,Pitcairn,,0,4,0,0
35744,2023-05-21,PN,Pitcairn,,0,4,0,0
35745,2023-05-28,PN,Pitcairn,,0,4,0,0
35746,2023-06-04,PN,Pitcairn,,0,4,0,0
35747,2023-06-11,PN,Pitcairn,,0,4,0,0
35748,2023-06-18,PN,Pitcairn,,0,4,0,0
35749,2023-06-25,PN,Pitcairn,,0,4,0,0
35750,2023-07-02,PN,Pitcairn,,0,4,0,0
35751,2023-07-09,PN,Pitcairn,,0,4,0,0
35752,2023-07-16,PN,Pitcairn,,0,4,0,0
35753,2023-07-23,PN,Pitcairn,,0,4,0,0
35754,2023-07-30,PN,Pitcairn,,0,4,0,0
35755,2023-08-06,PN,Pitcairn,,0,4,0,0
35756,2023-08-13,PN,Pitcairn,,0,4,0,0
35757,2023-08-20,PN,Pitcairn,,0,4,0,0
35758,2023-08-27,PN,Pitcairn,,0,4,0,0
35759,2023-09-03,PN,Pitcairn,,0,4,0,0
35760,2023-09-10,PN,Pitcairn,,0,4,0,0
35761,2023-09-17,PN,Pitcairn,,0,4,0,0
35762,2023-09-24,PN,Pitcairn,,0,4,0,0
35763,2023-10-01,PN,Pitcairn,,0,4,0,0
35764,2023-10-08,PN,Pitcairn,,0,4,0,0
35765,2023-10-15,PN,Pitcairn,,0,4,0,0
35766,2023-10-22,PN,Pitcairn,,0,4,0,0
35767,2023-10-29,PN,Pitcairn,,0,4,0,0
35768,2023-11-05,PN,Pitcairn,,0,4,0,0
35769,2023-11-12,PN,Pitcairn,,0,4,0,0
35770,2023-11-19,PN,Pitcairn,,0,4,0,0
35771,2023-11-26,PN,Pitcairn,,0,4,0,0
35772,2023-12-03,PN,Pitcairn,,0,4,0,0
35773,2023-12-10,PN,Pitcairn,,0,4,0,0
35774,2023-12-17,PN,Pitcairn,,0,4,0,0
35775,2023-12-24,PN,Pitcairn,,0,4,0,0
35776,2020-01-05,PL,Poland,EURO,0,0,0,0
35777,2020-01-12,PL,Poland,EURO,0,0,0,0
35778,2020-01-19,PL,Poland,EURO,0,0,0,0
35779,2020-01-26,PL,Poland,EURO,0,0,0,0
35780,2020-02-02,PL,Poland,EURO,0,0,0,0
35781,2020-02-09,PL,Poland,EURO,0,0,0,0
35782,2020-02-16,PL,Poland,EURO,0,0,0,0
35783,2020-02-23,PL,Poland,EURO,0,0,0,0
35784,2020-03-01,PL,Poland,EURO,0,0,0,0
35785,2020-03-08,PL,Poland,EURO,6,6,0,0
35786,2020-03-15,PL,Poland,EURO,97,103,3,3
35787,2020-03-22,PL,Poland,EURO,431,534,2,5
35788,2020-03-29,PL,Poland,EURO,1104,1638,13,18
35789,2020-04-05,PL,Poland,EURO,1989,3627,61,79
35790,2020-04-12,PL,Poland,EURO,2728,6355,129,208
35791,2020-04-19,PL,Poland,EURO,2387,8742,137,345
35792,2020-04-26,PL,Poland,EURO,2531,11273,176,521
35793,2020-05-03,PL,Poland,EURO,2102,13375,140,661
35794,2020-05-10,PL,Poland,EURO,2276,15651,122,783
35795,2020-05-17,PL,Poland,EURO,2606,18257,131,914
35796,2020-05-24,PL,Poland,EURO,2674,20931,78,992
35797,2020-05-31,PL,Poland,EURO,2640,23571,68,1060
35798,2020-06-07,PL,Poland,EURO,2415,25986,90,1150
35799,2020-06-14,PL,Poland,EURO,3031,29017,86,1236
35800,2020-06-21,PL,Poland,EURO,2603,31620,109,1345
35801,2020-06-28,PL,Poland,EURO,2094,33714,89,1434
35802,2020-07-05,PL,Poland,EURO,2005,35719,77,1511
35803,2020-07-12,PL,Poland,EURO,1802,37521,57,1568
35804,2020-07-19,PL,Poland,EURO,2225,39746,49,1617
35805,2020-07-26,PL,Poland,EURO,2876,42622,47,1664
35806,2020-08-02,PL,Poland,EURO,3724,46346,57,1721
35807,2020-08-09,PL,Poland,EURO,4821,51167,79,1800
35808,2020-08-16,PL,Poland,EURO,4923,56090,69,1869
35809,2020-08-23,PL,Poland,EURO,5091,61181,82,1951
35810,2020-08-30,PL,Poland,EURO,5058,66239,81,2032
35811,2020-09-06,PL,Poland,EURO,4148,70387,81,2113
35812,2020-09-13,PL,Poland,EURO,3263,73650,68,2181
35813,2020-09-20,PL,Poland,EURO,4680,78330,100,2281
35814,2020-09-27,PL,Poland,EURO,7650,85980,142,2423
35815,2020-10-04,PL,Poland,EURO,12160,98140,180,2603
35816,2020-10-11,PL,Poland,EURO,23498,121638,369,2972
35817,2020-10-18,PL,Poland,EURO,45592,167230,553,3525
35818,2020-10-25,PL,Poland,EURO,74716,241946,790,4315
35819,2020-11-01,PL,Poland,EURO,124785,366731,1316,5631
35820,2020-11-08,PL,Poland,EURO,172909,539640,2005,7636
35821,2020-11-15,PL,Poland,EURO,183478,723118,2409,10045
35822,2020-11-22,PL,Poland,EURO,160188,883306,3243,13288
35823,2020-11-29,PL,Poland,EURO,103928,987234,3773,17061
35824,2020-12-06,PL,Poland,EURO,78343,1065577,3060,20121
35825,2020-12-13,PL,Poland,EURO,72231,1137808,2775,22896
35826,2020-12-20,PL,Poland,EURO,67012,1204820,2533,25429
35827,2020-12-27,PL,Poland,EURO,55103,1259923,1778,27207
35828,2021-01-03,PL,Poland,EURO,61169,1321092,1998,29205
35829,2021-01-10,PL,Poland,EURO,67009,1388101,2069,31274
35830,2021-01-17,PL,Poland,EURO,49942,1438043,2160,33434
35831,2021-01-24,PL,Poland,EURO,39822,1477865,2007,35441
35832,2021-01-31,PL,Poland,EURO,37682,1515547,1817,37258
35833,2021-02-07,PL,Poland,EURO,36873,1552420,1904,39162
35834,2021-02-14,PL,Poland,EURO,38697,1591117,1717,40879
35835,2021-02-21,PL,Poland,EURO,49813,1640930,1362,42241
35836,2021-02-28,PL,Poland,EURO,68226,1709156,1598,43839
35837,2021-03-07,PL,Poland,EURO,87931,1797087,1472,45311
35838,2021-03-14,PL,Poland,EURO,111512,1908599,1891,47202
35839,2021-03-21,PL,Poland,EURO,151874,2060473,2117,49319
35840,2021-03-28,PL,Poland,EURO,191601,2252074,2578,51897
35841,2021-04-04,PL,Poland,EURO,187526,2439600,3055,54952
35842,2021-04-11,PL,Poland,EURO,135990,2575590,3478,58430
35843,2021-04-18,PL,Poland,EURO,113416,2689006,3608,62038
35844,2021-04-25,PL,Poland,EURO,70799,2759805,3381,65419
35845,2021-05-02,PL,Poland,EURO,44359,2804164,2655,68074
35846,2021-05-09,PL,Poland,EURO,29812,2833976,1945,70019
35847,2021-05-16,PL,Poland,EURO,21466,2855442,1668,71687
35848,2021-05-23,PL,Poland,EURO,11543,2866985,1263,72950
35849,2021-05-30,PL,Poland,EURO,6356,2873341,810,73760
35850,2021-06-06,PL,Poland,EURO,3203,2876544,414,74174
35851,2021-06-13,PL,Poland,EURO,2211,2878755,421,74595
35852,2021-06-20,PL,Poland,EURO,1305,2880060,255,74850
35853,2021-06-27,PL,Poland,EURO,877,2880937,151,75001
35854,2021-07-04,PL,Poland,EURO,634,2881571,105,75106
35855,2021-07-11,PL,Poland,EURO,558,2882129,72,75178
35856,2021-07-18,PL,Poland,EURO,607,2882736,55,75233
35857,2021-07-25,PL,Poland,EURO,733,2883469,27,75260
35858,2021-08-01,PL,Poland,EURO,882,2884351,19,75279
35859,2021-08-08,PL,Poland,EURO,1070,2885421,24,75303
35860,2021-08-15,PL,Poland,EURO,1240,2886661,14,75317
35861,2021-08-22,PL,Poland,EURO,1373,2888034,17,75334
35862,2021-08-29,PL,Poland,EURO,1577,2889611,24,75358
35863,2021-09-05,PL,Poland,EURO,2254,2891865,37,75395
35864,2021-09-12,PL,Poland,EURO,3166,2895031,46,75441
35865,2021-09-19,PL,Poland,EURO,4284,2899315,62,75503
35866,2021-09-26,PL,Poland,EURO,5303,2904618,84,75587
35867,2021-10-03,PL,Poland,EURO,7634,2912252,123,75710
35868,2021-10-10,PL,Poland,EURO,11535,2923787,173,75883
35869,2021-10-17,PL,Poland,EURO,17191,2940978,243,76126
35870,2021-10-24,PL,Poland,EURO,33327,2974305,335,76461
35871,2021-10-31,PL,Poland,EURO,52284,3026589,553,77014
35872,2021-11-07,PL,Poland,EURO,78939,3105528,758,77772
35873,2021-11-14,PL,Poland,EURO,100283,3205811,1109,78881
35874,2021-11-21,PL,Poland,EURO,140762,3346573,1953,80834
35875,2021-11-28,PL,Poland,EURO,162271,3508844,2213,83047
35876,2021-12-05,PL,Poland,EURO,163539,3672383,2633,85680
35877,2021-12-12,PL,Poland,EURO,156823,3829206,2805,88485
35878,2021-12-19,PL,Poland,EURO,130602,3959808,3006,91491
35879,2021-12-26,PL,Poland,EURO,91024,4050832,2839,94330
35880,2022-01-02,PL,Poland,EURO,77580,4128412,3266,97596
35881,2022-01-09,PL,Poland,EURO,85772,4214184,2151,99747
35882,2022-01-16,PL,Poland,EURO,99852,4314036,2564,102311
35883,2022-01-23,PL,Poland,EURO,205147,4519183,1537,103848
35884,2022-01-30,PL,Poland,EURO,334382,4853565,1317,105165
35885,2022-02-06,PL,Poland,EURO,311108,5164673,1434,106599
35886,2022-02-13,PL,Poland,EURO,236085,5400758,1522,108121
35887,2022-02-20,PL,Poland,EURO,152407,5553165,1695,109816
35888,2022-02-27,PL,Poland,EURO,106705,5659870,1501,111317
35889,2022-03-06,PL,Poland,EURO,81270,5741140,1228,112545
35890,2022-03-13,PL,Poland,EURO,76923,5818063,899,113444
35891,2022-03-20,PL,Poland,EURO,72482,5890545,775,114219
35892,2022-03-27,PL,Poland,EURO,52113,5942658,608,114827
35893,2022-04-03,PL,Poland,EURO,26428,5969086,517,115344
35894,2022-04-10,PL,Poland,EURO,8626,5977712,290,115634
35895,2022-04-17,PL,Poland,EURO,7050,5984762,203,115837
35896,2022-04-24,PL,Poland,EURO,5956,5990718,110,115947
35897,2022-05-01,PL,Poland,EURO,5555,5996273,111,116058
35898,2022-05-08,PL,Poland,EURO,3677,5999950,79,116137
35899,2022-05-15,PL,Poland,EURO,3019,6002969,70,116207
35900,2022-05-22,PL,Poland,EURO,2100,6005069,61,116268
35901,2022-05-29,PL,Poland,EURO,1627,6006696,43,116311
35902,2022-06-05,PL,Poland,EURO,1457,6008153,36,116347
35903,2022-06-12,PL,Poland,EURO,1436,6009589,22,116369
35904,2022-06-19,PL,Poland,EURO,1196,6010785,22,116391
35905,2022-06-26,PL,Poland,EURO,1840,6012625,24,116415
35906,2022-07-03,PL,Poland,EURO,3335,6015960,18,116433
35907,2022-07-10,PL,Poland,EURO,5820,6021780,18,116451
35908,2022-07-17,PL,Poland,EURO,10251,6032031,17,116468
35909,2022-07-24,PL,Poland,EURO,16595,6048626,40,116508
35910,2022-07-31,PL,Poland,EURO,20661,6069287,60,116568
35911,2022-08-07,PL,Poland,EURO,24630,6093917,90,116658
35912,2022-08-14,PL,Poland,EURO,25009,6118926,113,116771
35913,2022-08-21,PL,Poland,EURO,24437,6143363,108,116879
35914,2022-08-28,PL,Poland,EURO,23541,6166904,149,117028
35915,2022-09-04,PL,Poland,EURO,20275,6187179,123,117151
35916,2022-09-11,PL,Poland,EURO,25179,6212358,99,117250
35917,2022-09-18,PL,Poland,EURO,32071,6244429,99,117349
35918,2022-09-25,PL,Poland,EURO,28692,6273121,106,117455
35919,2022-10-02,PL,Poland,EURO,24135,6297256,142,117597
35920,2022-10-09,PL,Poland,EURO,17763,6315019,158,117755
35921,2022-10-16,PL,Poland,EURO,11598,6326617,144,117899
35922,2022-10-23,PL,Poland,EURO,8147,6334764,129,118028
35923,2022-10-30,PL,Poland,EURO,5404,6340168,95,118123
35924,2022-11-06,PL,Poland,EURO,3491,6343659,46,118169
35925,2022-11-13,PL,Poland,EURO,2539,6346198,40,118209
35926,2022-11-20,PL,Poland,EURO,2533,6348731,64,118273
35927,2022-11-27,PL,Poland,EURO,2475,6351206,32,118305
35928,2022-12-04,PL,Poland,EURO,3091,6354297,34,118339
35929,2022-12-11,PL,Poland,EURO,3089,6357386,43,118382
35930,2022-12-18,PL,Poland,EURO,4105,6361491,47,118429
35931,2022-12-25,PL,Poland,EURO,3891,6365382,46,118475
35932,2023-01-01,PL,Poland,EURO,3160,6368542,58,118533
35933,2023-01-08,PL,Poland,EURO,2633,6371175,53,118586
35934,2023-01-15,PL,Poland,EURO,2060,6373235,65,118651
35935,2023-01-22,PL,Poland,EURO,2083,6375318,30,118681
35936,2023-01-29,PL,Poland,EURO,2888,6378206,34,118715
35937,2023-02-05,PL,Poland,EURO,4754,6382960,33,118748
35938,2023-02-12,PL,Poland,EURO,6655,6389615,31,118779
35939,2023-02-19,PL,Poland,EURO,10603,6400218,47,118826
35940,2023-02-26,PL,Poland,EURO,14971,6415189,42,118868
35941,2023-03-05,PL,Poland,EURO,17062,6432251,84,118952
35942,2023-03-12,PL,Poland,EURO,20385,6452636,78,119030
35943,2023-03-19,PL,Poland,EURO,20347,6472983,106,119136
35944,2023-03-26,PL,Poland,EURO,15383,6488366,109,119245
35945,2023-04-02,PL,Poland,EURO,9358,6497724,116,119361
35946,2023-04-09,PL,Poland,EURO,6370,6504094,62,119423
35947,2023-04-16,PL,Poland,EURO,4671,6508765,59,119482
35948,2023-04-23,PL,Poland,EURO,3215,6511980,38,119520
35949,2023-04-30,PL,Poland,EURO,1901,6513881,35,119555
35950,2023-05-07,PL,Poland,EURO,933,6514814,8,119563
35951,2023-05-14,PL,Poland,EURO,805,6515619,22,119585
35952,2023-05-21,PL,Poland,EURO,652,6516271,11,119596
35953,2023-05-28,PL,Poland,EURO,510,6516781,13,119609
35954,2023-06-04,PL,Poland,EURO,386,6517167,8,119617
35955,2023-06-11,PL,Poland,EURO,260,6517427,5,119622
35956,2023-06-18,PL,Poland,EURO,201,6517628,1,119623
35957,2023-06-25,PL,Poland,EURO,179,6517807,1,119624
35958,2023-07-02,PL,Poland,EURO,103,6517910,3,119627
35959,2023-07-09,PL,Poland,EURO,67,6517977,3,119630
35960,2023-07-16,PL,Poland,EURO,81,6518058,2,119632
35961,2023-07-23,PL,Poland,EURO,71,6518129,0,119632
35962,2023-07-30,PL,Poland,EURO,47,6518176,3,119635
35963,2023-08-06,PL,Poland,EURO,94,6518270,0,119635
35964,2023-08-13,PL,Poland,EURO,125,6518395,0,119635
35965,2023-08-20,PL,Poland,EURO,188,6518583,2,119637
35966,2023-08-27,PL,Poland,EURO,252,6518835,1,119638
35967,2023-09-03,PL,Poland,EURO,369,6519204,2,119640
35968,2023-09-10,PL,Poland,EURO,539,6519743,2,119642
35969,2023-09-17,PL,Poland,EURO,933,6520676,3,119645
35970,2023-09-24,PL,Poland,EURO,1222,6521898,2,119647
35971,2023-10-01,PL,Poland,EURO,1437,6523335,7,119654
35972,2023-10-08,PL,Poland,EURO,1431,6524766,1,119655
35973,2023-10-15,PL,Poland,EURO,1740,6526506,2,119657
35974,2023-10-22,PL,Poland,EURO,2495,6529001,8,119665
35975,2023-10-29,PL,Poland,EURO,3938,6532939,21,119686
35976,2023-11-05,PL,Poland,EURO,4254,6537193,9,119695
35977,2023-11-12,PL,Poland,EURO,6219,6543412,26,119721
35978,2023-11-19,PL,Poland,EURO,7465,6550877,24,119745
35979,2023-11-26,PL,Poland,EURO,2440,6553317,8,119753
35980,2023-12-03,PL,Poland,EURO,0,6553317,0,119753
35981,2023-12-10,PL,Poland,EURO,20381,6573698,86,119839
35982,2023-12-17,PL,Poland,EURO,17007,6590705,47,119886
35983,2023-12-24,PL,Poland,EURO,18374,6609079,132,120018
35984,2020-01-05,PT,Portugal,EURO,0,0,0,0
35985,2020-01-12,PT,Portugal,EURO,0,0,0,0
35986,2020-01-19,PT,Portugal,EURO,0,0,0,0
35987,2020-01-26,PT,Portugal,EURO,0,0,0,0
35988,2020-02-02,PT,Portugal,EURO,0,0,0,0
35989,2020-02-09,PT,Portugal,EURO,0,0,0,0
35990,2020-02-16,PT,Portugal,EURO,0,0,0,0
35991,2020-02-23,PT,Portugal,EURO,1,1,0,0
35992,2020-03-01,PT,Portugal,EURO,1,2,0,0
35993,2020-03-08,PT,Portugal,EURO,27,29,0,0
35994,2020-03-15,PT,Portugal,EURO,289,318,0,0
35995,2020-03-22,PT,Portugal,EURO,1405,1723,26,26
35996,2020-03-29,PT,Portugal,EURO,3726,5449,124,150
35997,2020-04-05,PT,Portugal,EURO,5045,10494,206,356
35998,2020-04-12,PT,Portugal,EURO,4433,14927,246,602
35999,2020-04-19,PT,Portugal,EURO,4241,19168,217,819
36000,2020-04-26,PT,Portugal,EURO,3181,22349,187,1006
36001,2020-05-03,PT,Portugal,EURO,2371,24720,140,1146
36002,2020-05-10,PT,Portugal,EURO,2326,27046,80,1226
36003,2020-05-17,PT,Portugal,EURO,1853,28899,69,1295
36004,2020-05-24,PT,Portugal,EURO,2008,30907,68,1363
36005,2020-05-31,PT,Portugal,EURO,1956,32863,69,1432
36006,2020-06-07,PT,Portugal,EURO,2111,34974,50,1482
36007,2020-06-14,PT,Portugal,EURO,1959,36933,31,1513
36008,2020-06-21,PT,Portugal,EURO,2461,39394,20,1533
36009,2020-06-28,PT,Portugal,EURO,2673,42067,38,1571
36010,2020-07-05,PT,Portugal,EURO,2457,44524,54,1625
36011,2020-07-12,PT,Portugal,EURO,2566,47090,41,1666
36012,2020-07-19,PT,Portugal,EURO,2143,49233,29,1695
36013,2020-07-26,PT,Portugal,EURO,1700,50933,29,1724
36014,2020-08-02,PT,Portugal,EURO,1444,52377,18,1742
36015,2020-08-09,PT,Portugal,EURO,1484,53861,22,1764
36016,2020-08-16,PT,Portugal,EURO,1597,55458,19,1783
36017,2020-08-23,PT,Portugal,EURO,1524,56982,23,1806
36018,2020-08-30,PT,Portugal,EURO,2322,59304,21,1827
36019,2020-09-06,PT,Portugal,EURO,2566,61870,22,1849
36020,2020-09-13,PT,Portugal,EURO,3818,65688,28,1877
36021,2020-09-20,PT,Portugal,EURO,4518,70206,49,1926
36022,2020-09-27,PT,Portugal,EURO,4815,75021,37,1963
36023,2020-10-04,PT,Portugal,EURO,5383,80404,61,2024
36024,2020-10-11,PT,Portugal,EURO,7508,87912,81,2105
36025,2020-10-18,PT,Portugal,EURO,12995,100907,105,2210
36026,2020-10-25,PT,Portugal,EURO,17475,118382,146,2356
36027,2020-11-01,PT,Portugal,EURO,23294,141676,245,2601
36028,2020-11-08,PT,Portugal,EURO,32323,173999,377,2978
36029,2020-11-15,PT,Portugal,EURO,34571,208570,527,3505
36030,2020-11-22,PT,Portugal,EURO,36869,245439,480,3985
36031,2020-11-29,PT,Portugal,EURO,33275,278714,532,4517
36032,2020-12-06,PT,Portugal,EURO,26465,305179,534,5051
36033,2020-12-13,PT,Portugal,EURO,25959,331138,609,5660
36034,2020-12-20,PT,Portugal,EURO,26186,357324,543,6203
36035,2020-12-27,PT,Portugal,EURO,20150,377474,492,6695
36036,2021-01-03,PT,Portugal,EURO,32506,409980,530,7225
36037,2021-01-10,PT,Portugal,EURO,53049,463029,745,7970
36038,2021-01-17,PT,Portugal,EURO,62101,525130,1109,9079
36039,2021-01-24,PT,Portugal,EURO,81676,606806,1698,10777
36040,2021-01-31,PT,Portugal,EURO,78867,685673,2014,12791
36041,2021-02-07,PT,Portugal,EURO,44485,730158,1587,14378
36042,2021-02-14,PT,Portugal,EURO,22830,752988,1034,15412
36043,2021-02-21,PT,Portugal,EURO,13874,766862,608,16020
36044,2021-02-28,PT,Portugal,EURO,8805,775667,326,16346
36045,2021-03-07,PT,Portugal,EURO,8816,784483,209,16555
36046,2021-03-14,PT,Portugal,EURO,7577,792060,130,16685
36047,2021-03-21,PT,Portugal,EURO,4789,796849,88,16773
36048,2021-03-28,PT,Portugal,EURO,4960,801809,59,16832
36049,2021-04-04,PT,Portugal,EURO,4342,806151,42,16874
36050,2021-04-11,PT,Portugal,EURO,4479,810630,34,16908
36051,2021-04-18,PT,Portugal,EURO,4181,814811,27,16935
36052,2021-04-25,PT,Portugal,EURO,4125,818936,19,16954
36053,2021-05-02,PT,Portugal,EURO,3760,822696,13,16967
36054,2021-05-09,PT,Portugal,EURO,3480,826176,15,16982
36055,2021-05-16,PT,Portugal,EURO,3228,829404,17,16999
36056,2021-05-23,PT,Portugal,EURO,3653,833057,7,17006
36057,2021-05-30,PT,Portugal,EURO,3887,836944,7,17013
36058,2021-06-06,PT,Portugal,EURO,4288,841232,12,17025
36059,2021-06-13,PT,Portugal,EURO,5133,846365,10,17035
36060,2021-06-20,PT,Portugal,EURO,7841,854206,22,17057
36061,2021-06-27,PT,Portugal,EURO,9700,863906,19,17076
36062,2021-07-04,PT,Portugal,EURO,14651,878557,31,17107
36063,2021-07-11,PT,Portugal,EURO,19512,898069,49,17156
36064,2021-07-18,PT,Portugal,EURO,25787,923856,52,17208
36065,2021-07-25,PT,Portugal,EURO,23120,946976,86,17294
36066,2021-08-01,PT,Portugal,EURO,18721,965697,79,17373
36067,2021-08-08,PT,Portugal,EURO,16062,981759,103,17476
36068,2021-08-15,PT,Portugal,EURO,16530,998289,89,17565
36069,2021-08-22,PT,Portugal,EURO,16297,1014586,70,17635
36070,2021-08-29,PT,Portugal,EURO,16168,1030754,83,17718
36071,2021-09-05,PT,Portugal,EURO,12570,1043324,80,17798
36072,2021-09-12,PT,Portugal,EURO,9003,1052327,56,17854
36073,2021-09-19,PT,Portugal,EURO,6887,1059214,48,17902
36074,2021-09-26,PT,Portugal,EURO,6193,1065407,40,17942
36075,2021-10-03,PT,Portugal,EURO,4753,1070160,45,17987
36076,2021-10-10,PT,Portugal,EURO,4540,1074700,49,18036
36077,2021-10-17,PT,Portugal,EURO,4986,1079686,51,18087
36078,2021-10-24,PT,Portugal,EURO,5452,1085138,38,18125
36079,2021-10-31,PT,Portugal,EURO,5882,1091020,25,18150
36080,2021-11-07,PT,Portugal,EURO,6953,1097973,45,18195
36081,2021-11-14,PT,Portugal,EURO,9958,1107931,60,18255
36082,2021-11-21,PT,Portugal,EURO,14949,1122880,79,18334
36083,2021-11-28,PT,Portugal,EURO,20269,1143149,92,18426
36084,2021-12-05,PT,Portugal,EURO,23850,1166999,122,18548
36085,2021-12-12,PT,Portugal,EURO,27410,1194409,122,18670
36086,2021-12-19,PT,Portugal,EURO,31699,1226108,125,18795
36087,2021-12-26,PT,Portugal,EURO,56540,1282648,93,18888
36088,2022-01-02,PT,Portugal,EURO,149550,1432198,114,19002
36089,2022-01-09,PT,Portugal,EURO,236118,1668316,133,19135
36090,2022-01-16,PT,Portugal,EURO,264007,1932323,205,19340
36091,2022-01-23,PT,Portugal,EURO,367358,2299681,281,19621
36092,2022-01-30,PT,Portugal,EURO,405306,2704987,292,19913
36093,2022-02-06,PT,Portugal,EURO,308062,3013049,355,20268
36094,2022-02-13,PT,Portugal,EURO,169681,3182730,301,20569
36095,2022-02-20,PT,Portugal,EURO,105839,3288569,298,20867
36096,2022-02-27,PT,Portugal,EURO,80116,3368685,202,21069
36097,2022-03-06,PT,Portugal,EURO,82398,3451083,155,21224
36098,2022-03-13,PT,Portugal,EURO,85842,3536925,140,21364
36099,2022-03-20,PT,Portugal,EURO,81477,3618402,127,21491
36100,2022-03-27,PT,Portugal,EURO,77148,3695550,158,21649
36101,2022-04-03,PT,Portugal,EURO,68162,3763712,151,21800
36102,2022-04-10,PT,Portugal,EURO,62897,3826609,152,21952
36103,2022-04-17,PT,Portugal,EURO,63637,3890246,145,22097
36104,2022-04-24,PT,Portugal,EURO,70068,3960314,127,22224
36105,2022-05-01,PT,Portugal,EURO,74057,4034371,128,22352
36106,2022-05-08,PT,Portugal,EURO,100901,4135272,131,22483
36107,2022-05-15,PT,Portugal,EURO,160111,4295383,192,22675
36108,2022-05-22,PT,Portugal,EURO,190560,4485943,223,22898
36109,2022-05-29,PT,Portugal,EURO,175844,4661787,231,23129
36110,2022-06-05,PT,Portugal,EURO,165476,4827263,295,23424
36111,2022-06-12,PT,Portugal,EURO,118089,4945352,262,23686
36112,2022-06-19,PT,Portugal,EURO,100752,5046104,269,23955
36113,2022-06-26,PT,Portugal,EURO,75145,5121249,155,24110
36114,2022-07-03,PT,Portugal,EURO,66673,5187922,136,24246
36115,2022-07-10,PT,Portugal,EURO,53160,5241082,139,24385
36116,2022-07-17,PT,Portugal,EURO,36813,5277895,119,24504
36117,2022-07-24,PT,Portugal,EURO,30282,5308177,83,24587
36118,2022-07-31,PT,Portugal,EURO,22110,5330287,70,24657
36119,2022-08-07,PT,Portugal,EURO,19202,5349489,70,24727
36120,2022-08-14,PT,Portugal,EURO,17633,5367122,57,24784
36121,2022-08-21,PT,Portugal,EURO,16001,5383123,40,24824
36122,2022-08-28,PT,Portugal,EURO,17870,5400993,45,24869
36123,2022-09-04,PT,Portugal,EURO,16575,5417568,48,24917
36124,2022-09-11,PT,Portugal,EURO,15909,5433477,39,24956
36125,2022-09-18,PT,Portugal,EURO,17355,5450832,41,24997
36126,2022-09-25,PT,Portugal,EURO,19259,5470091,42,25039
36127,2022-10-02,PT,Portugal,EURO,17513,5487604,50,25089
36128,2022-10-09,PT,Portugal,EURO,6467,5494071,42,25131
36129,2022-10-16,PT,Portugal,EURO,7052,5501123,47,25178
36130,2022-10-23,PT,Portugal,EURO,7736,5508859,50,25228
36131,2022-10-30,PT,Portugal,EURO,5806,5514665,61,25289
36132,2022-11-06,PT,Portugal,EURO,5304,5519969,49,25338
36133,2022-11-13,PT,Portugal,EURO,6060,5526029,55,25393
36134,2022-11-20,PT,Portugal,EURO,6093,5532122,48,25441
36135,2022-11-27,PT,Portugal,EURO,5126,5537248,60,25501
36136,2022-12-04,PT,Portugal,EURO,3963,5541211,69,25570
36137,2022-12-11,PT,Portugal,EURO,3370,5544581,73,25643
36138,2022-12-18,PT,Portugal,EURO,3445,5548026,71,25714
36139,2022-12-25,PT,Portugal,EURO,2542,5550568,59,25773
36140,2023-01-01,PT,Portugal,EURO,2401,5552969,50,25823
36141,2023-01-08,PT,Portugal,EURO,2154,5555123,61,25884
36142,2023-01-15,PT,Portugal,EURO,1851,5556974,58,25942
36143,2023-01-22,PT,Portugal,EURO,1333,5558307,64,26006
36144,2023-01-29,PT,Portugal,EURO,1242,5559549,33,26039
36145,2023-02-05,PT,Portugal,EURO,1074,5560623,27,26066
36146,2023-02-12,PT,Portugal,EURO,1646,5562269,52,26118
36147,2023-02-19,PT,Portugal,EURO,1544,5563813,57,26175
36148,2023-02-26,PT,Portugal,EURO,1567,5565380,53,26228
36149,2023-03-05,PT,Portugal,EURO,1585,5566965,49,26277
36150,2023-03-12,PT,Portugal,EURO,1609,5568574,42,26319
36151,2023-03-19,PT,Portugal,EURO,1736,5570310,57,26376
36152,2023-03-26,PT,Portugal,EURO,1615,5571925,45,26421
36153,2023-04-02,PT,Portugal,EURO,1568,5573493,44,26465
36154,2023-04-09,PT,Portugal,EURO,1344,5574837,30,26495
36155,2023-04-16,PT,Portugal,EURO,1754,5576591,36,26531
36156,2023-04-23,PT,Portugal,EURO,1510,5578101,39,26570
36157,2023-04-30,PT,Portugal,EURO,1309,5579410,34,26604
36158,2023-05-07,PT,Portugal,EURO,1379,5580789,50,26654
36159,2023-05-14,PT,Portugal,EURO,1333,5582122,24,26678
36160,2023-05-21,PT,Portugal,EURO,1618,5583740,42,26720
36161,2023-05-28,PT,Portugal,EURO,2082,5585822,36,26756
36162,2023-06-04,PT,Portugal,EURO,1758,5587580,46,26802
36163,2023-06-11,PT,Portugal,EURO,1255,5588835,40,26842
36164,2023-06-18,PT,Portugal,EURO,1123,5589958,45,26887
36165,2023-06-25,PT,Portugal,EURO,1096,5591054,26,26913
36166,2023-07-02,PT,Portugal,EURO,1029,5592083,27,26940
36167,2023-07-09,PT,Portugal,EURO,1253,5593336,30,26970
36168,2023-07-16,PT,Portugal,EURO,1400,5594736,23,26993
36169,2023-07-23,PT,Portugal,EURO,1379,5596115,31,27024
36170,2023-07-30,PT,Portugal,EURO,1837,5597952,37,27061
36171,2023-08-06,PT,Portugal,EURO,1713,5599665,45,27106
36172,2023-08-13,PT,Portugal,EURO,2386,5602051,33,27139
36173,2023-08-20,PT,Portugal,EURO,3172,5605223,52,27191
36174,2023-08-27,PT,Portugal,EURO,4332,5609555,73,27264
36175,2023-09-03,PT,Portugal,EURO,4165,5613720,54,27318
36176,2023-09-10,PT,Portugal,EURO,3980,5617700,56,27374
36177,2023-09-17,PT,Portugal,EURO,3231,5620931,60,27434
36178,2023-09-24,PT,Portugal,EURO,2583,5623514,68,27502
36179,2023-10-01,PT,Portugal,EURO,2649,5626163,42,27544
36180,2023-10-08,PT,Portugal,EURO,1903,5628066,37,27581
36181,2023-10-15,PT,Portugal,EURO,1734,5629800,53,27634
36182,2023-10-22,PT,Portugal,EURO,1085,5630885,40,27674
36183,2023-10-29,PT,Portugal,EURO,744,5631629,28,27702
36184,2023-11-05,PT,Portugal,EURO,0,5631629,0,27702
36185,2023-11-12,PT,Portugal,EURO,0,5631629,0,27702
36186,2023-11-19,PT,Portugal,EURO,0,5631629,0,27702
36187,2023-11-26,PT,Portugal,EURO,0,5631629,0,27702
36188,2023-12-03,PT,Portugal,EURO,0,5631629,0,27702
36189,2023-12-10,PT,Portugal,EURO,1574,5633203,36,27738
36190,2023-12-17,PT,Portugal,EURO,841,5634044,26,27764
36191,2023-12-24,PT,Portugal,EURO,1068,5635112,27,27791
36192,2020-01-05,PR,Puerto Rico,AMRO,0,0,0,0
36193,2020-01-12,PR,Puerto Rico,AMRO,0,0,0,0
36194,2020-01-19,PR,Puerto Rico,AMRO,0,0,0,0
36195,2020-01-26,PR,Puerto Rico,AMRO,0,0,0,0
36196,2020-02-02,PR,Puerto Rico,AMRO,0,0,0,0
36197,2020-02-09,PR,Puerto Rico,AMRO,0,0,0,0
36198,2020-02-16,PR,Puerto Rico,AMRO,0,0,0,0
36199,2020-02-23,PR,Puerto Rico,AMRO,0,0,0,0
36200,2020-03-01,PR,Puerto Rico,AMRO,0,0,0,0
36201,2020-03-08,PR,Puerto Rico,AMRO,0,0,0,0
36202,2020-03-15,PR,Puerto Rico,AMRO,2,2,0,0
36203,2020-03-22,PR,Puerto Rico,AMRO,39,41,4,4
36204,2020-03-29,PR,Puerto Rico,AMRO,255,296,12,16
36205,2020-04-05,PR,Puerto Rico,AMRO,335,631,18,34
36206,2020-04-12,PR,Puerto Rico,AMRO,158,789,24,58
36207,2020-04-19,PR,Puerto Rico,AMRO,138,927,21,79
36208,2020-04-26,PR,Puerto Rico,AMRO,109,1036,19,98
36209,2020-05-03,PR,Puerto Rico,AMRO,92,1128,15,113
36210,2020-05-10,PR,Puerto Rico,AMRO,108,1236,10,123
36211,2020-05-17,PR,Puerto Rico,AMRO,73,1309,5,128
36212,2020-05-24,PR,Puerto Rico,AMRO,59,1368,9,137
36213,2020-05-31,PR,Puerto Rico,AMRO,77,1445,6,143
36214,2020-06-07,PR,Puerto Rico,AMRO,86,1531,6,149
36215,2020-06-14,PR,Puerto Rico,AMRO,85,1616,4,153
36216,2020-06-21,PR,Puerto Rico,AMRO,104,1720,3,156
36217,2020-06-28,PR,Puerto Rico,AMRO,220,1940,2,158
36218,2020-07-05,PR,Puerto Rico,AMRO,488,2428,5,163
36219,2020-07-12,PR,Puerto Rico,AMRO,1346,3774,14,177
36220,2020-07-19,PR,Puerto Rico,AMRO,2008,5782,16,193
36221,2020-07-26,PR,Puerto Rico,AMRO,1678,7460,29,222
36222,2020-08-02,PR,Puerto Rico,AMRO,1559,9019,44,266
36223,2020-08-09,PR,Puerto Rico,AMRO,2520,11539,45,311
36224,2020-08-16,PR,Puerto Rico,AMRO,2379,13918,73,384
36225,2020-08-23,PR,Puerto Rico,AMRO,1954,15872,49,433
36226,2020-08-30,PR,Puerto Rico,AMRO,1779,17651,29,462
36227,2020-09-06,PR,Puerto Rico,AMRO,1750,19401,53,515
36228,2020-09-13,PR,Puerto Rico,AMRO,2283,21684,73,588
36229,2020-09-20,PR,Puerto Rico,AMRO,2697,24381,47,635
36230,2020-09-27,PR,Puerto Rico,AMRO,1926,26307,46,681
36231,2020-10-04,PR,Puerto Rico,AMRO,1921,28228,50,731
36232,2020-10-11,PR,Puerto Rico,AMRO,2507,30735,42,773
36233,2020-10-18,PR,Puerto Rico,AMRO,2692,33427,40,813
36234,2020-10-25,PR,Puerto Rico,AMRO,3343,36770,37,850
36235,2020-11-01,PR,Puerto Rico,AMRO,4007,40777,41,891
36236,2020-11-08,PR,Puerto Rico,AMRO,4559,45336,54,945
36237,2020-11-15,PR,Puerto Rico,AMRO,5835,51171,73,1018
36238,2020-11-22,PR,Puerto Rico,AMRO,6477,57648,82,1100
36239,2020-11-29,PR,Puerto Rico,AMRO,4783,62431,108,1208
36240,2020-12-06,PR,Puerto Rico,AMRO,6636,69067,104,1312
36241,2020-12-13,PR,Puerto Rico,AMRO,5807,74874,117,1429
36242,2020-12-20,PR,Puerto Rico,AMRO,4687,79561,109,1538
36243,2020-12-27,PR,Puerto Rico,AMRO,2742,82303,92,1630
36244,2021-01-03,PR,Puerto Rico,AMRO,3042,85345,68,1698
36245,2021-01-10,PR,Puerto Rico,AMRO,3514,88859,81,1779
36246,2021-01-17,PR,Puerto Rico,AMRO,3810,92669,58,1837
36247,2021-01-24,PR,Puerto Rico,AMRO,2834,95503,47,1884
36248,2021-01-31,PR,Puerto Rico,AMRO,2412,97915,53,1937
36249,2021-02-07,PR,Puerto Rico,AMRO,1942,99857,44,1981
36250,2021-02-14,PR,Puerto Rico,AMRO,1497,101354,31,2012
36251,2021-02-21,PR,Puerto Rico,AMRO,1280,102634,29,2041
36252,2021-02-28,PR,Puerto Rico,AMRO,1336,103970,26,2067
36253,2021-03-07,PR,Puerto Rico,AMRO,1176,105146,18,2085
36254,2021-03-14,PR,Puerto Rico,AMRO,1160,106306,13,2098
36255,2021-03-21,PR,Puerto Rico,AMRO,1815,108121,19,2117
36256,2021-03-28,PR,Puerto Rico,AMRO,2503,110624,12,2129
36257,2021-04-04,PR,Puerto Rico,AMRO,3463,114087,22,2151
36258,2021-04-11,PR,Puerto Rico,AMRO,7814,121901,28,2179
36259,2021-04-18,PR,Puerto Rico,AMRO,7458,129359,54,2233
36260,2021-04-25,PR,Puerto Rico,AMRO,5377,134736,58,2291
36261,2021-05-02,PR,Puerto Rico,AMRO,3366,138102,53,2344
36262,2021-05-09,PR,Puerto Rico,AMRO,1902,140004,56,2400
36263,2021-05-16,PR,Puerto Rico,AMRO,1253,141257,55,2455
36264,2021-05-23,PR,Puerto Rico,AMRO,952,142209,38,2493
36265,2021-05-30,PR,Puerto Rico,AMRO,653,142862,22,2515
36266,2021-06-06,PR,Puerto Rico,AMRO,404,143266,19,2534
36267,2021-06-13,PR,Puerto Rico,AMRO,368,143634,9,2543
36268,2021-06-20,PR,Puerto Rico,AMRO,330,143964,9,2552
36269,2021-06-27,PR,Puerto Rico,AMRO,299,144263,5,2557
36270,2021-07-04,PR,Puerto Rico,AMRO,469,144732,5,2562
36271,2021-07-11,PR,Puerto Rico,AMRO,661,145393,3,2565
36272,2021-07-18,PR,Puerto Rico,AMRO,1354,146747,6,2571
36273,2021-07-25,PR,Puerto Rico,AMRO,2326,149073,8,2579
36274,2021-08-01,PR,Puerto Rico,AMRO,3914,152987,15,2594
36275,2021-08-08,PR,Puerto Rico,AMRO,5806,158793,34,2628
36276,2021-08-15,PR,Puerto Rico,AMRO,7050,165843,59,2687
36277,2021-08-22,PR,Puerto Rico,AMRO,6078,171921,90,2777
36278,2021-08-29,PR,Puerto Rico,AMRO,5321,177242,83,2860
36279,2021-09-05,PR,Puerto Rico,AMRO,4103,181345,90,2950
36280,2021-09-12,PR,Puerto Rico,AMRO,2803,184148,86,3036
36281,2021-09-19,PR,Puerto Rico,AMRO,1952,186100,65,3101
36282,2021-09-26,PR,Puerto Rico,AMRO,1490,187590,55,3156
36283,2021-10-03,PR,Puerto Rico,AMRO,980,188570,26,3182
36284,2021-10-10,PR,Puerto Rico,AMRO,975,189545,23,3205
36285,2021-10-17,PR,Puerto Rico,AMRO,714,190259,14,3219
36286,2021-10-24,PR,Puerto Rico,AMRO,678,190937,16,3235
36287,2021-10-31,PR,Puerto Rico,AMRO,745,191682,11,3246
36288,2021-11-07,PR,Puerto Rico,AMRO,941,192623,7,3253
36289,2021-11-14,PR,Puerto Rico,AMRO,898,193521,10,3263
36290,2021-11-21,PR,Puerto Rico,AMRO,884,194405,7,3270
36291,2021-11-28,PR,Puerto Rico,AMRO,573,194978,4,3274
36292,2021-12-05,PR,Puerto Rico,AMRO,982,195960,4,3278
36293,2021-12-12,PR,Puerto Rico,AMRO,894,196854,4,3282
36294,2021-12-19,PR,Puerto Rico,AMRO,12116,208970,10,3292
36295,2021-12-26,PR,Puerto Rico,AMRO,43364,252334,9,3301
36296,2022-01-02,PR,Puerto Rico,AMRO,72566,324900,30,3331
36297,2022-01-09,PR,Puerto Rico,AMRO,66268,391168,98,3429
36298,2022-01-16,PR,Puerto Rico,AMRO,53195,444363,163,3592
36299,2022-01-23,PR,Puerto Rico,AMRO,23235,467598,180,3772
36300,2022-01-30,PR,Puerto Rico,AMRO,12423,480021,136,3908
36301,2022-02-06,PR,Puerto Rico,AMRO,6736,486757,87,3995
36302,2022-02-13,PR,Puerto Rico,AMRO,4004,490761,69,4064
36303,2022-02-20,PR,Puerto Rico,AMRO,2469,493230,43,4107
36304,2022-02-27,PR,Puerto Rico,AMRO,1847,495077,29,4136
36305,2022-03-06,PR,Puerto Rico,AMRO,1604,496681,22,4158
36306,2022-03-13,PR,Puerto Rico,AMRO,1426,498107,9,4167
36307,2022-03-20,PR,Puerto Rico,AMRO,1552,499659,2,4169
36308,2022-03-27,PR,Puerto Rico,AMRO,2114,501773,4,4173
36309,2022-04-03,PR,Puerto Rico,AMRO,3456,505229,9,4182
36310,2022-04-10,PR,Puerto Rico,AMRO,6088,511317,11,4193
36311,2022-04-17,PR,Puerto Rico,AMRO,10770,522087,5,4198
36312,2022-04-24,PR,Puerto Rico,AMRO,23624,545711,8,4206
36313,2022-05-01,PR,Puerto Rico,AMRO,29984,575695,17,4223
36314,2022-05-08,PR,Puerto Rico,AMRO,33645,609340,27,4250
36315,2022-05-15,PR,Puerto Rico,AMRO,35589,644929,38,4288
36316,2022-05-22,PR,Puerto Rico,AMRO,33626,678555,51,4339
36317,2022-05-29,PR,Puerto Rico,AMRO,30231,708786,49,4388
36318,2022-06-05,PR,Puerto Rico,AMRO,28179,736965,39,4427
36319,2022-06-12,PR,Puerto Rico,AMRO,25388,762353,41,4468
36320,2022-06-19,PR,Puerto Rico,AMRO,24883,787236,41,4509
36321,2022-06-26,PR,Puerto Rico,AMRO,24923,812159,64,4573
36322,2022-07-03,PR,Puerto Rico,AMRO,22949,835108,51,4624
36323,2022-07-10,PR,Puerto Rico,AMRO,18243,853351,41,4665
36324,2022-07-17,PR,Puerto Rico,AMRO,18704,872055,44,4709
36325,2022-07-24,PR,Puerto Rico,AMRO,20155,892210,45,4754
36326,2022-07-31,PR,Puerto Rico,AMRO,18555,910765,47,4801
36327,2022-08-07,PR,Puerto Rico,AMRO,22489,933254,47,4848
36328,2022-08-14,PR,Puerto Rico,AMRO,18684,951938,50,4898
36329,2022-08-21,PR,Puerto Rico,AMRO,15185,967123,39,4937
36330,2022-08-28,PR,Puerto Rico,AMRO,15613,982736,53,4990
36331,2022-09-04,PR,Puerto Rico,AMRO,13188,995924,40,5030
36332,2022-09-11,PR,Puerto Rico,AMRO,10193,1006117,33,5063
36333,2022-09-18,PR,Puerto Rico,AMRO,8459,1014576,47,5110
36334,2022-09-25,PR,Puerto Rico,AMRO,4188,1018764,49,5159
36335,2022-10-02,PR,Puerto Rico,AMRO,5078,1023842,20,5179
36336,2022-10-09,PR,Puerto Rico,AMRO,5375,1029217,27,5206
36337,2022-10-16,PR,Puerto Rico,AMRO,5811,1035028,29,5235
36338,2022-10-23,PR,Puerto Rico,AMRO,7360,1042388,23,5258
36339,2022-10-30,PR,Puerto Rico,AMRO,7747,1050135,17,5275
36340,2022-11-06,PR,Puerto Rico,AMRO,8047,1058182,20,5295
36341,2022-11-13,PR,Puerto Rico,AMRO,7865,1066047,23,5318
36342,2022-11-20,PR,Puerto Rico,AMRO,8840,1074887,28,5346
36343,2022-11-27,PR,Puerto Rico,AMRO,7259,1082146,36,5382
36344,2022-12-04,PR,Puerto Rico,AMRO,12431,1094577,42,5424
36345,2022-12-11,PR,Puerto Rico,AMRO,12129,1106706,38,5462
36346,2022-12-18,PR,Puerto Rico,AMRO,13058,1119764,39,5501
36347,2022-12-25,PR,Puerto Rico,AMRO,11275,1131039,40,5541
36348,2023-01-01,PR,Puerto Rico,AMRO,10107,1141146,36,5577
36349,2023-01-08,PR,Puerto Rico,AMRO,7978,1149124,37,5614
36350,2023-01-15,PR,Puerto Rico,AMRO,11238,1160362,34,5648
36351,2023-01-22,PR,Puerto Rico,AMRO,8830,1169192,34,5682
36352,2023-01-29,PR,Puerto Rico,AMRO,8127,1177319,32,5714
36353,2023-02-05,PR,Puerto Rico,AMRO,6087,1183406,29,5743
36354,2023-02-12,PR,Puerto Rico,AMRO,5033,1188439,32,5775
36355,2023-02-19,PR,Puerto Rico,AMRO,4574,1193013,23,5798
36356,2023-02-26,PR,Puerto Rico,AMRO,3700,1196713,15,5813
36357,2023-03-05,PR,Puerto Rico,AMRO,3062,1199775,17,5830
36358,2023-03-12,PR,Puerto Rico,AMRO,3086,1202861,14,5844
36359,2023-03-19,PR,Puerto Rico,AMRO,3026,1205887,11,5855
36360,2023-03-26,PR,Puerto Rico,AMRO,3117,1209004,6,5861
36361,2023-04-02,PR,Puerto Rico,AMRO,2775,1211779,7,5868
36362,2023-04-09,PR,Puerto Rico,AMRO,1887,1213666,6,5874
36363,2023-04-16,PR,Puerto Rico,AMRO,3211,1216877,8,5882
36364,2023-04-23,PR,Puerto Rico,AMRO,3521,1220398,8,5890
36365,2023-04-30,PR,Puerto Rico,AMRO,3968,1224366,11,5901
36366,2023-05-07,PR,Puerto Rico,AMRO,5044,1229410,11,5912
36367,2023-05-14,PR,Puerto Rico,AMRO,6240,1235650,15,5927
36368,2023-05-21,PR,Puerto Rico,AMRO,6916,1242566,11,5938
36369,2023-05-28,PR,Puerto Rico,AMRO,6903,1249469,0,5938
36370,2023-06-04,PR,Puerto Rico,AMRO,3244,1252713,0,5938
36371,2023-06-11,PR,Puerto Rico,AMRO,0,1252713,0,5938
36372,2023-06-18,PR,Puerto Rico,AMRO,0,1252713,0,5938
36373,2023-06-25,PR,Puerto Rico,AMRO,0,1252713,0,5938
36374,2023-07-02,PR,Puerto Rico,AMRO,0,1252713,0,5938
36375,2023-07-09,PR,Puerto Rico,AMRO,0,1252713,0,5938
36376,2023-07-16,PR,Puerto Rico,AMRO,0,1252713,0,5938
36377,2023-07-23,PR,Puerto Rico,AMRO,0,1252713,0,5938
36378,2023-07-30,PR,Puerto Rico,AMRO,0,1252713,0,5938
36379,2023-08-06,PR,Puerto Rico,AMRO,0,1252713,0,5938
36380,2023-08-13,PR,Puerto Rico,AMRO,0,1252713,0,5938
36381,2023-08-20,PR,Puerto Rico,AMRO,0,1252713,0,5938
36382,2023-08-27,PR,Puerto Rico,AMRO,0,1252713,0,5938
36383,2023-09-03,PR,Puerto Rico,AMRO,0,1252713,0,5938
36384,2023-09-10,PR,Puerto Rico,AMRO,0,1252713,0,5938
36385,2023-09-17,PR,Puerto Rico,AMRO,0,1252713,0,5938
36386,2023-09-24,PR,Puerto Rico,AMRO,0,1252713,0,5938
36387,2023-10-01,PR,Puerto Rico,AMRO,0,1252713,0,5938
36388,2023-10-08,PR,Puerto Rico,AMRO,0,1252713,0,5938
36389,2023-10-15,PR,Puerto Rico,AMRO,0,1252713,0,5938
36390,2023-10-22,PR,Puerto Rico,AMRO,0,1252713,0,5938
36391,2023-10-29,PR,Puerto Rico,AMRO,0,1252713,0,5938
36392,2023-11-05,PR,Puerto Rico,AMRO,0,1252713,0,5938
36393,2023-11-12,PR,Puerto Rico,AMRO,0,1252713,0,5938
36394,2023-11-19,PR,Puerto Rico,AMRO,0,1252713,0,5938
36395,2023-11-26,PR,Puerto Rico,AMRO,0,1252713,0,5938
36396,2023-12-03,PR,Puerto Rico,AMRO,0,1252713,0,5938
36397,2023-12-10,PR,Puerto Rico,AMRO,0,1252713,0,5938
36398,2023-12-17,PR,Puerto Rico,AMRO,0,1252713,0,5938
36399,2023-12-24,PR,Puerto Rico,AMRO,0,1252713,0,5938
36400,2020-01-05,QA,Qatar,EMRO,0,0,0,0
36401,2020-01-12,QA,Qatar,EMRO,0,0,0,0
36402,2020-01-19,QA,Qatar,EMRO,0,0,0,0
36403,2020-01-26,QA,Qatar,EMRO,0,0,0,0
36404,2020-02-02,QA,Qatar,EMRO,0,0,0,0
36405,2020-02-09,QA,Qatar,EMRO,0,0,0,0
36406,2020-02-16,QA,Qatar,EMRO,0,0,0,0
36407,2020-02-23,QA,Qatar,EMRO,0,0,0,0
36408,2020-03-01,QA,Qatar,EMRO,0,0,0,0
36409,2020-03-08,QA,Qatar,EMRO,12,12,0,0
36410,2020-03-15,QA,Qatar,EMRO,325,337,0,0
36411,2020-03-22,QA,Qatar,EMRO,144,481,0,0
36412,2020-03-29,QA,Qatar,EMRO,109,590,0,0
36413,2020-04-05,QA,Qatar,EMRO,735,1325,3,3
36414,2020-04-12,QA,Qatar,EMRO,1403,2728,3,6
36415,2020-04-19,QA,Qatar,EMRO,2280,5008,2,8
36416,2020-04-26,QA,Qatar,EMRO,4350,9358,2,10
36417,2020-05-03,QA,Qatar,EMRO,5514,14872,2,12
36418,2020-05-10,QA,Qatar,EMRO,6459,21331,1,13
36419,2020-05-17,QA,Qatar,EMRO,9641,30972,2,15
36420,2020-05-24,QA,Qatar,EMRO,11241,42213,6,21
36421,2020-05-31,QA,Qatar,EMRO,13049,55262,15,36
36422,2020-06-07,QA,Qatar,EMRO,11933,67195,15,51
36423,2020-06-14,QA,Qatar,EMRO,11221,78416,19,70
36424,2020-06-21,QA,Qatar,EMRO,8072,86488,24,94
36425,2020-06-28,QA,Qatar,EMRO,7175,93663,16,110
36426,2020-07-05,QA,Qatar,EMRO,5520,99183,13,123
36427,2020-07-12,QA,Qatar,EMRO,3945,103128,23,146
36428,2020-07-19,QA,Qatar,EMRO,3180,106308,8,154
36429,2020-07-26,QA,Qatar,EMRO,2728,109036,10,164
36430,2020-08-02,QA,Qatar,EMRO,1875,110911,10,174
36431,2020-08-09,QA,Qatar,EMRO,1739,112650,8,182
36432,2020-08-16,QA,Qatar,EMRO,2159,114809,10,192
36433,2020-08-23,QA,Qatar,EMRO,1956,116765,1,193
36434,2020-08-30,QA,Qatar,EMRO,1642,118407,3,196
36435,2020-09-06,QA,Qatar,EMRO,1457,119864,6,202
36436,2020-09-13,QA,Qatar,EMRO,1659,121523,3,205
36437,2020-09-20,QA,Qatar,EMRO,1623,123146,4,209
36438,2020-09-27,QA,Qatar,EMRO,1704,124850,5,214
36439,2020-10-04,QA,Qatar,EMRO,1489,126339,2,216
36440,2020-10-11,QA,Qatar,EMRO,1439,127778,3,219
36441,2020-10-18,QA,Qatar,EMRO,1449,129227,4,223
36442,2020-10-25,QA,Qatar,EMRO,1738,130965,6,229
36443,2020-11-01,QA,Qatar,EMRO,1591,132556,3,232
36444,2020-11-08,QA,Qatar,EMRO,1457,134013,0,232
36445,2020-11-15,QA,Qatar,EMRO,1557,135570,2,234
36446,2020-11-22,QA,Qatar,EMRO,1492,137062,1,235
36447,2020-11-29,QA,Qatar,EMRO,1415,138477,2,237
36448,2020-12-06,QA,Qatar,EMRO,1306,139783,2,239
36449,2020-12-13,QA,Qatar,EMRO,1044,140827,1,240
36450,2020-12-20,QA,Qatar,EMRO,1031,141858,3,243
36451,2020-12-27,QA,Qatar,EMRO,1045,142903,1,244
36452,2021-01-03,QA,Qatar,EMRO,1337,144240,1,245
36453,2021-01-10,QA,Qatar,EMRO,1432,145672,1,246
36454,2021-01-17,QA,Qatar,EMRO,1417,147089,0,246
36455,2021-01-24,QA,Qatar,EMRO,1683,148772,2,248
36456,2021-01-31,QA,Qatar,EMRO,2212,150984,0,248
36457,2021-02-07,QA,Qatar,EMRO,2706,153690,2,250
36458,2021-02-14,QA,Qatar,EMRO,3114,156804,5,255
36459,2021-02-21,QA,Qatar,EMRO,3163,159967,1,256
36460,2021-02-28,QA,Qatar,EMRO,3230,163197,1,257
36461,2021-03-07,QA,Qatar,EMRO,3278,166475,5,262
36462,2021-03-14,QA,Qatar,EMRO,3292,169767,3,265
36463,2021-03-21,QA,Qatar,EMRO,3439,173206,7,272
36464,2021-03-28,QA,Qatar,EMRO,3929,177135,12,284
36465,2021-04-04,QA,Qatar,EMRO,5413,182548,17,301
36466,2021-04-11,QA,Qatar,EMRO,6516,189064,30,331
36467,2021-04-18,QA,Qatar,EMRO,6693,195757,45,376
36468,2021-04-25,QA,Qatar,EMRO,5739,201496,42,418
36469,2021-05-02,QA,Qatar,EMRO,4806,206302,47,465
36470,2021-05-09,QA,Qatar,EMRO,4301,210603,37,502
36471,2021-05-16,QA,Qatar,EMRO,2324,212927,24,526
36472,2021-05-23,QA,Qatar,EMRO,2233,215160,17,543
36473,2021-05-30,QA,Qatar,EMRO,1881,217041,11,554
36474,2021-06-06,QA,Qatar,EMRO,1414,218455,12,566
36475,2021-06-13,QA,Qatar,EMRO,1158,219613,10,576
36476,2021-06-20,QA,Qatar,EMRO,1080,220693,6,582
36477,2021-06-27,QA,Qatar,EMRO,897,221590,6,588
36478,2021-07-04,QA,Qatar,EMRO,863,222453,4,592
36479,2021-07-11,QA,Qatar,EMRO,819,223272,7,599
36480,2021-07-18,QA,Qatar,EMRO,888,224160,0,599
36481,2021-07-25,QA,Qatar,EMRO,912,225072,1,600
36482,2021-08-01,QA,Qatar,EMRO,1167,226239,1,601
36483,2021-08-08,QA,Qatar,EMRO,1233,227472,0,601
36484,2021-08-15,QA,Qatar,EMRO,1509,228981,0,601
36485,2021-08-22,QA,Qatar,EMRO,1651,230632,0,601
36486,2021-08-29,QA,Qatar,EMRO,1555,232187,1,602
36487,2021-09-05,QA,Qatar,EMRO,1250,233437,0,602
36488,2021-09-12,QA,Qatar,EMRO,1072,234509,2,604
36489,2021-09-19,QA,Qatar,EMRO,877,235386,0,604
36490,2021-09-26,QA,Qatar,EMRO,845,236231,0,604
36491,2021-10-03,QA,Qatar,EMRO,603,236834,2,606
36492,2021-10-10,QA,Qatar,EMRO,525,237359,1,607
36493,2021-10-17,QA,Qatar,EMRO,508,237867,1,608
36494,2021-10-24,QA,Qatar,EMRO,569,238436,0,608
36495,2021-10-31,QA,Qatar,EMRO,707,239143,2,610
36496,2021-11-07,QA,Qatar,EMRO,852,239995,1,611
36497,2021-11-14,QA,Qatar,EMRO,970,240965,0,611
36498,2021-11-21,QA,Qatar,EMRO,1004,241969,0,611
36499,2021-11-28,QA,Qatar,EMRO,1010,242979,0,611
36500,2021-12-05,QA,Qatar,EMRO,1092,244071,0,611
36501,2021-12-12,QA,Qatar,EMRO,1117,245188,1,612
36502,2021-12-19,QA,Qatar,EMRO,1179,246367,2,614
36503,2021-12-26,QA,Qatar,EMRO,1429,247796,0,614
36504,2022-01-02,QA,Qatar,EMRO,3565,251361,4,618
36505,2022-01-09,QA,Qatar,EMRO,15601,266962,0,618
36506,2022-01-16,QA,Qatar,EMRO,28259,295221,6,624
36507,2022-01-23,QA,Qatar,EMRO,25143,320364,9,633
36508,2022-01-30,QA,Qatar,EMRO,15717,336081,12,645
36509,2022-02-06,QA,Qatar,EMRO,8630,344711,7,652
36510,2022-02-13,QA,Qatar,EMRO,5477,350188,4,656
36511,2022-02-20,QA,Qatar,EMRO,3592,353780,6,662
36512,2022-02-27,QA,Qatar,EMRO,2583,356363,5,667
36513,2022-03-06,QA,Qatar,EMRO,1720,358083,3,670
36514,2022-03-13,QA,Qatar,EMRO,945,359028,5,675
36515,2022-03-20,QA,Qatar,EMRO,778,359806,2,677
36516,2022-03-27,QA,Qatar,EMRO,898,360704,0,677
36517,2022-04-03,QA,Qatar,EMRO,963,361667,0,677
36518,2022-04-10,QA,Qatar,EMRO,956,362623,0,677
36519,2022-04-17,QA,Qatar,EMRO,820,363443,0,677
36520,2022-04-24,QA,Qatar,EMRO,646,364089,0,677
36521,2022-05-01,QA,Qatar,EMRO,513,364602,0,677
36522,2022-05-08,QA,Qatar,EMRO,456,365058,0,677
36523,2022-05-15,QA,Qatar,EMRO,976,366034,0,677
36524,2022-05-22,QA,Qatar,EMRO,918,366952,0,677
36525,2022-05-29,QA,Qatar,EMRO,1135,368087,0,677
36526,2022-06-05,QA,Qatar,EMRO,1549,369636,0,677
36527,2022-06-12,QA,Qatar,EMRO,2210,371846,0,677
36528,2022-06-19,QA,Qatar,EMRO,3077,374923,1,678
36529,2022-06-26,QA,Qatar,EMRO,4354,379277,0,678
36530,2022-07-03,QA,Qatar,EMRO,4530,383807,1,679
36531,2022-07-10,QA,Qatar,EMRO,4574,388381,0,679
36532,2022-07-17,QA,Qatar,EMRO,5453,393834,1,680
36533,2022-07-24,QA,Qatar,EMRO,7488,401322,0,680
36534,2022-07-31,QA,Qatar,EMRO,6427,407749,1,681
36535,2022-08-07,QA,Qatar,EMRO,5740,413489,0,681
36536,2022-08-14,QA,Qatar,EMRO,5133,418622,0,681
36537,2022-08-21,QA,Qatar,EMRO,4496,423118,0,681
36538,2022-08-28,QA,Qatar,EMRO,3883,427001,0,681
36539,2022-09-04,QA,Qatar,EMRO,3944,430945,0,681
36540,2022-09-11,QA,Qatar,EMRO,4247,435192,1,682
36541,2022-09-18,QA,Qatar,EMRO,5388,440580,0,682
36542,2022-09-25,QA,Qatar,EMRO,5697,446277,0,682
36543,2022-10-02,QA,Qatar,EMRO,5398,451675,0,682
36544,2022-10-09,QA,Qatar,EMRO,5144,456819,0,682
36545,2022-10-16,QA,Qatar,EMRO,4579,461398,0,682
36546,2022-10-23,QA,Qatar,EMRO,3732,465130,2,684
36547,2022-10-30,QA,Qatar,EMRO,3172,468302,0,684
36548,2022-11-06,QA,Qatar,EMRO,2702,471004,0,684
36549,2022-11-13,QA,Qatar,EMRO,2436,473440,0,684
36550,2022-11-20,QA,Qatar,EMRO,2186,475626,0,684
36551,2022-11-27,QA,Qatar,EMRO,1794,477420,1,685
36552,2022-12-04,QA,Qatar,EMRO,2679,480099,0,685
36553,2022-12-11,QA,Qatar,EMRO,3722,483821,0,685
36554,2022-12-18,QA,Qatar,EMRO,2406,486227,0,685
36555,2022-12-25,QA,Qatar,EMRO,1760,487987,0,685
36556,2023-01-01,QA,Qatar,EMRO,1441,489428,0,685
36557,2023-01-08,QA,Qatar,EMRO,1065,490493,0,685
36558,2023-01-15,QA,Qatar,EMRO,811,491304,0,685
36559,2023-01-22,QA,Qatar,EMRO,606,491910,1,686
36560,2023-01-29,QA,Qatar,EMRO,344,492254,0,686
36561,2023-02-05,QA,Qatar,EMRO,341,492595,0,686
36562,2023-02-12,QA,Qatar,EMRO,330,492925,0,686
36563,2023-02-19,QA,Qatar,EMRO,427,493352,0,686
36564,2023-02-26,QA,Qatar,EMRO,372,493724,0,686
36565,2023-03-05,QA,Qatar,EMRO,653,494377,1,687
36566,2023-03-12,QA,Qatar,EMRO,713,495090,1,688
36567,2023-03-19,QA,Qatar,EMRO,766,495856,0,688
36568,2023-03-26,QA,Qatar,EMRO,2056,497912,0,688
36569,2023-04-02,QA,Qatar,EMRO,1939,499851,0,688
36570,2023-04-09,QA,Qatar,EMRO,2257,502108,0,688
36571,2023-04-16,QA,Qatar,EMRO,2744,504852,2,690
36572,2023-04-23,QA,Qatar,EMRO,1471,506323,0,690
36573,2023-04-30,QA,Qatar,EMRO,1684,508007,0,690
36574,2023-05-07,QA,Qatar,EMRO,1433,509440,0,690
36575,2023-05-14,QA,Qatar,EMRO,1539,510979,0,690
36576,2023-05-21,QA,Qatar,EMRO,953,511932,0,690
36577,2023-05-28,QA,Qatar,EMRO,1183,513115,0,690
36578,2023-06-04,QA,Qatar,EMRO,465,513580,0,690
36579,2023-06-11,QA,Qatar,EMRO,465,514045,0,690
36580,2023-06-18,QA,Qatar,EMRO,291,514336,0,690
36581,2023-06-25,QA,Qatar,EMRO,188,514524,0,690
36582,2023-07-02,QA,Qatar,EMRO,0,514524,0,690
36583,2023-07-09,QA,Qatar,EMRO,0,514524,0,690
36584,2023-07-16,QA,Qatar,EMRO,0,514524,0,690
36585,2023-07-23,QA,Qatar,EMRO,0,514524,0,690
36586,2023-07-30,QA,Qatar,EMRO,0,514524,0,690
36587,2023-08-06,QA,Qatar,EMRO,0,514524,0,690
36588,2023-08-13,QA,Qatar,EMRO,0,514524,0,690
36589,2023-08-20,QA,Qatar,EMRO,0,514524,0,690
36590,2023-08-27,QA,Qatar,EMRO,0,514524,0,690
36591,2023-09-03,QA,Qatar,EMRO,0,514524,0,690
36592,2023-09-10,QA,Qatar,EMRO,0,514524,0,690
36593,2023-09-17,QA,Qatar,EMRO,0,514524,0,690
36594,2023-09-24,QA,Qatar,EMRO,0,514524,0,690
36595,2023-10-01,QA,Qatar,EMRO,0,514524,0,690
36596,2023-10-08,QA,Qatar,EMRO,0,514524,0,690
36597,2023-10-15,QA,Qatar,EMRO,0,514524,0,690
36598,2023-10-22,QA,Qatar,EMRO,0,514524,0,690
36599,2023-10-29,QA,Qatar,EMRO,0,514524,0,690
36600,2023-11-05,QA,Qatar,EMRO,0,514524,0,690
36601,2023-11-12,QA,Qatar,EMRO,0,514524,0,690
36602,2023-11-19,QA,Qatar,EMRO,0,514524,0,690
36603,2023-11-26,QA,Qatar,EMRO,0,514524,0,690
36604,2023-12-03,QA,Qatar,EMRO,0,514524,0,690
36605,2023-12-10,QA,Qatar,EMRO,0,514524,0,690
36606,2023-12-17,QA,Qatar,EMRO,0,514524,0,690
36607,2023-12-24,QA,Qatar,EMRO,0,514524,0,690
36608,2020-01-05,KR,Republic of Korea,WPRO,0,0,0,0
36609,2020-01-12,KR,Republic of Korea,WPRO,0,0,0,0
36610,2020-01-19,KR,Republic of Korea,WPRO,1,1,0,0
36611,2020-01-26,KR,Republic of Korea,WPRO,2,3,0,0
36612,2020-02-02,KR,Republic of Korea,WPRO,12,15,0,0
36613,2020-02-09,KR,Republic of Korea,WPRO,12,27,0,0
36614,2020-02-16,KR,Republic of Korea,WPRO,3,30,0,0
36615,2020-02-23,KR,Republic of Korea,WPRO,526,556,3,3
36616,2020-03-01,KR,Republic of Korea,WPRO,2970,3526,14,17
36617,2020-03-08,KR,Republic of Korea,WPRO,3608,7134,33,50
36618,2020-03-15,KR,Republic of Korea,WPRO,1028,8162,25,75
36619,2020-03-22,KR,Republic of Korea,WPRO,735,8897,29,104
36620,2020-03-29,KR,Republic of Korea,WPRO,686,9583,48,152
36621,2020-04-05,KR,Republic of Korea,WPRO,654,10237,31,183
36622,2020-04-12,KR,Republic of Korea,WPRO,275,10512,31,214
36623,2020-04-19,KR,Republic of Korea,WPRO,149,10661,20,234
36624,2020-04-26,KR,Republic of Korea,WPRO,67,10728,8,242
36625,2020-05-03,KR,Republic of Korea,WPRO,65,10793,8,250
36626,2020-05-10,KR,Republic of Korea,WPRO,81,10874,6,256
36627,2020-05-17,KR,Republic of Korea,WPRO,176,11050,6,262
36628,2020-05-24,KR,Republic of Korea,WPRO,140,11190,4,266
36629,2020-05-31,KR,Republic of Korea,WPRO,278,11468,4,270
36630,2020-06-07,KR,Republic of Korea,WPRO,308,11776,3,273
36631,2020-06-14,KR,Republic of Korea,WPRO,308,12084,4,277
36632,2020-06-21,KR,Republic of Korea,WPRO,337,12421,3,280
36633,2020-06-28,KR,Republic of Korea,WPRO,294,12715,2,282
36634,2020-07-05,KR,Republic of Korea,WPRO,374,13089,1,283
36635,2020-07-12,KR,Republic of Korea,WPRO,328,13417,6,289
36636,2020-07-19,KR,Republic of Korea,WPRO,328,13745,6,295
36637,2020-07-26,KR,Republic of Korea,WPRO,405,14150,3,298
36638,2020-08-02,KR,Republic of Korea,WPRO,216,14366,3,301
36639,2020-08-09,KR,Republic of Korea,WPRO,232,14598,4,305
36640,2020-08-16,KR,Republic of Korea,WPRO,720,15318,0,305
36641,2020-08-23,KR,Republic of Korea,WPRO,2081,17399,4,309
36642,2020-08-30,KR,Republic of Korea,WPRO,2300,19699,14,323
36643,2020-09-06,KR,Republic of Korea,WPRO,1478,21177,11,334
36644,2020-09-13,KR,Republic of Korea,WPRO,999,22176,24,358
36645,2020-09-20,KR,Republic of Korea,WPRO,799,22975,25,383
36646,2020-09-27,KR,Republic of Korea,WPRO,636,23611,18,401
36647,2020-10-04,KR,Republic of Korea,WPRO,480,24091,20,421
36648,2020-10-11,KR,Republic of Korea,WPRO,515,24606,11,432
36649,2020-10-18,KR,Republic of Korea,WPRO,593,25199,12,444
36650,2020-10-25,KR,Republic of Korea,WPRO,637,25836,13,457
36651,2020-11-01,KR,Republic of Korea,WPRO,799,26635,9,466
36652,2020-11-08,KR,Republic of Korea,WPRO,791,27426,12,478
36653,2020-11-15,KR,Republic of Korea,WPRO,1118,28544,15,493
36654,2020-11-22,KR,Republic of Korea,WPRO,2126,30670,12,505
36655,2020-11-29,KR,Republic of Korea,WPRO,3091,33761,18,523
36656,2020-12-06,KR,Republic of Korea,WPRO,3776,37537,22,545
36657,2020-12-13,KR,Republic of Korea,WPRO,5221,42758,35,580
36658,2020-12-20,KR,Republic of Korea,WPRO,6896,49654,94,674
36659,2020-12-27,KR,Republic of Korea,WPRO,7201,56855,134,808
36660,2021-01-03,KR,Republic of Korea,WPRO,7396,64251,154,962
36661,2021-01-10,KR,Republic of Korea,WPRO,4844,69095,163,1125
36662,2021-01-17,KR,Republic of Korea,WPRO,3623,72718,124,1249
36663,2021-01-24,KR,Republic of Korea,WPRO,2796,75514,100,1349
36664,2021-01-31,KR,Republic of Korea,WPRO,2989,78503,71,1420
36665,2021-02-07,KR,Republic of Korea,WPRO,2673,81176,51,1471
36666,2021-02-14,KR,Republic of Korea,WPRO,2685,83861,51,1522
36667,2021-02-21,KR,Republic of Korea,WPRO,3456,87317,35,1557
36668,2021-02-28,KR,Republic of Korea,WPRO,2703,90020,46,1603
36669,2021-03-07,KR,Republic of Korea,WPRO,2790,92810,31,1634
36670,2021-03-14,KR,Republic of Korea,WPRO,3197,96007,35,1669
36671,2021-03-21,KR,Republic of Korea,WPRO,3058,99065,27,1696
36672,2021-03-28,KR,Republic of Korea,WPRO,3062,102127,26,1722
36673,2021-04-04,KR,Republic of Korea,WPRO,3620,105747,22,1744
36674,2021-04-11,KR,Republic of Korea,WPRO,4394,110141,24,1768
36675,2021-04-18,KR,Republic of Korea,WPRO,4505,114646,29,1797
36676,2021-04-25,KR,Republic of Korea,WPRO,4732,119378,16,1813
36677,2021-05-02,KR,Republic of Korea,WPRO,4342,123720,21,1834
36678,2021-05-09,KR,Republic of Korea,WPRO,4044,127764,41,1875
36679,2021-05-16,KR,Republic of Korea,WPRO,4516,132280,28,1903
36680,2021-05-23,KR,Republic of Korea,WPRO,4178,136458,31,1934
36681,2021-05-30,KR,Republic of Korea,WPRO,3880,140338,25,1959
36682,2021-06-06,KR,Republic of Korea,WPRO,4297,144635,15,1974
36683,2021-06-13,KR,Republic of Korea,WPRO,3638,148273,14,1988
36684,2021-06-20,KR,Republic of Korea,WPRO,3233,151506,16,2004
36685,2021-06-27,KR,Republic of Korea,WPRO,4066,155572,11,2015
36686,2021-07-04,KR,Republic of Korea,WPRO,5223,160795,13,2028
36687,2021-07-11,KR,Republic of Korea,WPRO,8351,169146,16,2044
36688,2021-07-18,KR,Republic of Korea,WPRO,10057,179203,14,2058
36689,2021-07-25,KR,Republic of Korea,WPRO,10963,190166,19,2077
36690,2021-08-01,KR,Republic of Korea,WPRO,10835,201001,22,2099
36691,2021-08-08,KR,Republic of Korea,WPRO,11446,212447,26,2125
36692,2021-08-15,KR,Republic of Korea,WPRO,13034,225481,42,2167
36693,2021-08-22,KR,Republic of Korea,WPRO,12297,237778,55,2222
36694,2021-08-29,KR,Republic of Korea,WPRO,12271,250049,62,2284
36695,2021-09-05,KR,Republic of Korea,WPRO,11728,261777,43,2327
36696,2021-09-12,KR,Republic of Korea,WPRO,12636,274413,33,2360
36697,2021-09-19,KR,Republic of Korea,WPRO,13121,287534,49,2409
36698,2021-09-26,KR,Republic of Korea,WPRO,16019,303553,47,2456
36699,2021-10-03,KR,Republic of Korea,WPRO,16224,319777,57,2513
36700,2021-10-10,KR,Republic of Korea,WPRO,13039,332816,70,2583
36701,2021-10-17,KR,Republic of Korea,WPRO,10629,343445,85,2668
36702,2021-10-24,KR,Republic of Korea,WPRO,9644,353089,105,2773
36703,2021-10-31,KR,Republic of Korea,WPRO,13296,366385,86,2859
36704,2021-11-07,KR,Republic of Korea,WPRO,15307,381692,121,2980
36705,2021-11-14,KR,Republic of Korea,WPRO,15774,397466,135,3115
36706,2021-11-21,KR,Republic of Korea,WPRO,20785,418251,183,3298
36707,2021-11-28,KR,Republic of Korea,WPRO,25947,444198,282,3580
36708,2021-12-05,KR,Republic of Korea,WPRO,33158,477356,313,3893
36709,2021-12-12,KR,Republic of Korea,WPRO,45729,523085,400,4293
36710,2021-12-19,KR,Republic of Korea,WPRO,47328,570413,483,4776
36711,2021-12-26,KR,Republic of Korea,WPRO,41254,611667,524,5300
36712,2022-01-02,KR,Republic of Korea,WPRO,30535,642202,430,5730
36713,2022-01-09,KR,Republic of Korea,WPRO,25184,667386,341,6071
36714,2022-01-16,KR,Republic of Korea,WPRO,28644,696030,262,6333
36715,2022-01-23,KR,Republic of Korea,WPRO,45378,741408,232,6565
36716,2022-01-30,KR,Republic of Korea,WPRO,104291,845699,190,6755
36717,2022-02-06,KR,Republic of Korea,WPRO,199263,1044962,131,6886
36718,2022-02-13,KR,Republic of Korea,WPRO,360282,1405244,216,7102
36719,2022-02-20,KR,Republic of Korea,WPRO,652917,2058161,348,7450
36720,2022-02-27,KR,Republic of Korea,WPRO,1076295,3134456,608,8058
36721,2022-03-06,KR,Republic of Korea,WPRO,1532514,4666970,1038,9096
36722,2022-03-13,KR,Republic of Korea,WPRO,2199242,6866212,1499,10595
36723,2022-03-20,KR,Republic of Korea,WPRO,2716348,9582560,2162,12757
36724,2022-03-27,KR,Republic of Korea,WPRO,2420314,12002874,2429,15186
36725,2022-04-03,KR,Republic of Korea,WPRO,1998392,14001266,2267,17453
36726,2022-04-10,KR,Republic of Korea,WPRO,1423253,15424519,2226,19679
36727,2022-04-17,KR,Republic of Korea,WPRO,928917,16353436,1545,21224
36728,2022-04-24,KR,Republic of Korea,WPRO,576068,16929504,1019,22243
36729,2022-05-01,KR,Republic of Korea,WPRO,366118,17295622,715,22958
36730,2022-05-08,KR,Republic of Korea,WPRO,269340,17564962,442,23400
36731,2022-05-15,KR,Republic of Korea,WPRO,230350,17795312,344,23744
36732,2022-05-22,KR,Republic of Korea,WPRO,172329,17967641,243,23987
36733,2022-05-29,KR,Republic of Korea,WPRO,118806,18086447,180,24167
36734,2022-06-05,KR,Republic of Korea,WPRO,82261,18168708,132,24299
36735,2022-06-12,KR,Republic of Korea,WPRO,60570,18229278,91,24390
36736,2022-06-19,KR,Republic of Korea,WPRO,50785,18280063,73,24463
36737,2022-06-26,KR,Republic of Korea,WPRO,49360,18329423,67,24530
36738,2022-07-03,KR,Republic of Korea,WPRO,60188,18389611,46,24576
36739,2022-07-10,KR,Republic of Korea,WPRO,122234,18511845,92,24668
36740,2022-07-17,KR,Republic of Korea,WPRO,249912,18761757,97,24765
36741,2022-07-24,KR,Republic of Korea,WPRO,449856,19211613,142,24907
36742,2022-07-31,KR,Republic of Korea,WPRO,564437,19776050,177,25084
36743,2022-08-07,KR,Republic of Korea,WPRO,713078,20489128,248,25332
36744,2022-08-14,KR,Republic of Korea,WPRO,866830,21355958,378,25710
36745,2022-08-21,KR,Republic of Korea,WPRO,884373,22240331,451,26161
36746,2022-08-28,KR,Republic of Korea,WPRO,743487,22983818,528,26689
36747,2022-09-04,KR,Republic of Korea,WPRO,585374,23569192,504,27193
36748,2022-09-11,KR,Republic of Korea,WPRO,435695,24004887,340,27533
36749,2022-09-18,KR,Republic of Korea,WPRO,389579,24394466,358,27891
36750,2022-09-25,KR,Republic of Korea,WPRO,225662,24620128,381,28272
36751,2022-10-02,KR,Republic of Korea,WPRO,199483,24819611,256,28528
36752,2022-10-09,KR,Republic of Korea,WPRO,151178,24970789,180,28708
36753,2022-10-16,KR,Republic of Korea,WPRO,149676,25120465,148,28856
36754,2022-10-23,KR,Republic of Korea,WPRO,176869,25297334,161,29017
36755,2022-10-30,KR,Republic of Korea,WPRO,241465,25538799,213,29230
36756,2022-11-06,KR,Republic of Korea,WPRO,299440,25838239,190,29420
36757,2022-11-13,KR,Republic of Korea,WPRO,355990,26194229,328,29748
36758,2022-11-20,KR,Republic of Korea,WPRO,364536,26558765,363,30111
36759,2022-11-27,KR,Republic of Korea,WPRO,378751,26937516,343,30454
36760,2022-12-04,KR,Republic of Korea,WPRO,370574,27308090,339,30793
36761,2022-12-11,KR,Republic of Korea,WPRO,420392,27728482,335,31128
36762,2022-12-18,KR,Republic of Korea,WPRO,459811,28188293,362,31490
36763,2022-12-25,KR,Republic of Korea,WPRO,470762,28659055,392,31882
36764,2023-01-01,KR,Republic of Korea,WPRO,457745,29116800,419,32301
36765,2023-01-08,KR,Republic of Korea,WPRO,403800,29520600,195,32496
36766,2023-01-15,KR,Republic of Korea,WPRO,286291,29806891,0,32496
36767,2023-01-22,KR,Republic of Korea,WPRO,192638,29999529,0,32496
36768,2023-01-29,KR,Republic of Korea,WPRO,150072,30149601,0,32496
36769,2023-02-05,KR,Republic of Korea,WPRO,107810,30257411,1118,33614
36770,2023-02-12,KR,Republic of Korea,WPRO,92788,30350199,133,33747
36771,2023-02-19,KR,Republic of Korea,WPRO,79372,30429571,118,33865
36772,2023-02-26,KR,Republic of Korea,WPRO,69307,30498878,96,33961
36773,2023-03-05,KR,Republic of Korea,WPRO,66037,30564915,73,34034
36774,2023-03-12,KR,Republic of Korea,WPRO,69816,30634731,81,34115
36775,2023-03-19,KR,Republic of Korea,WPRO,64299,30699030,56,34171
36776,2023-03-26,KR,Republic of Korea,WPRO,70226,30769256,52,34223
36777,2023-04-02,KR,Republic of Korea,WPRO,71121,30840377,58,34281
36778,2023-04-09,KR,Republic of Korea,WPRO,73678,30914055,51,34332
36779,2023-04-16,KR,Republic of Korea,WPRO,75087,30989142,44,34376
36780,2023-04-23,KR,Republic of Korea,WPRO,89417,31078559,51,34427
36781,2023-04-30,KR,Republic of Korea,WPRO,92327,31170886,60,34487
36782,2023-05-07,KR,Republic of Korea,WPRO,106860,31277746,47,34534
36783,2023-05-14,KR,Republic of Korea,WPRO,130356,31408102,76,34610
36784,2023-05-21,KR,Republic of Korea,WPRO,133183,31541285,77,34687
36785,2023-05-28,KR,Republic of Korea,WPRO,105688,31646973,67,34754
36786,2023-06-04,KR,Republic of Korea,WPRO,100866,31747839,73,34827
36787,2023-06-11,KR,Republic of Korea,WPRO,135758,31883597,66,34893
36788,2023-06-18,KR,Republic of Korea,WPRO,21070,31904667,67,34960
36789,2023-06-25,KR,Republic of Korea,WPRO,113819,32018486,57,35017
36790,2023-07-02,KR,Republic of Korea,WPRO,113120,32131606,54,35071
36791,2023-07-09,KR,Republic of Korea,WPRO,124548,32256154,0,35071
36792,2023-07-16,KR,Republic of Korea,WPRO,150444,32406598,88,35159
36793,2023-07-23,KR,Republic of Korea,WPRO,204911,32611509,57,35216
36794,2023-07-30,KR,Republic of Korea,WPRO,271581,32883090,97,35313
36795,2023-08-06,KR,Republic of Korea,WPRO,651129,33534219,98,35411
36796,2023-08-13,KR,Republic of Korea,WPRO,81573,33615792,0,35411
36797,2023-08-20,KR,Republic of Korea,WPRO,281745,33897537,146,35557
36798,2023-08-27,KR,Republic of Korea,WPRO,282263,34179800,255,35812
36799,2023-09-03,KR,Republic of Korea,WPRO,256742,34436542,0,35812
36800,2023-09-10,KR,Republic of Korea,WPRO,135331,34571873,122,35934
36801,2023-09-17,KR,Republic of Korea,WPRO,0,34571873,0,35934
36802,2023-09-24,KR,Republic of Korea,WPRO,0,34571873,0,35934
36803,2023-10-01,KR,Republic of Korea,WPRO,0,34571873,0,35934
36804,2023-10-08,KR,Republic of Korea,WPRO,0,34571873,0,35934
36805,2023-10-15,KR,Republic of Korea,WPRO,0,34571873,0,35934
36806,2023-10-22,KR,Republic of Korea,WPRO,0,34571873,0,35934
36807,2023-10-29,KR,Republic of Korea,WPRO,0,34571873,0,35934
36808,2023-11-05,KR,Republic of Korea,WPRO,0,34571873,0,35934
36809,2023-11-12,KR,Republic of Korea,WPRO,0,34571873,0,35934
36810,2023-11-19,KR,Republic of Korea,WPRO,0,34571873,0,35934
36811,2023-11-26,KR,Republic of Korea,WPRO,0,34571873,0,35934
36812,2023-12-03,KR,Republic of Korea,WPRO,0,34571873,0,35934
36813,2023-12-10,KR,Republic of Korea,WPRO,0,34571873,0,35934
36814,2023-12-17,KR,Republic of Korea,WPRO,0,34571873,0,35934
36815,2023-12-24,KR,Republic of Korea,WPRO,0,34571873,0,35934
36816,2020-01-05,MD,Republic of Moldova,EURO,0,0,0,0
36817,2020-01-12,MD,Republic of Moldova,EURO,0,0,0,0
36818,2020-01-19,MD,Republic of Moldova,EURO,0,0,0,0
36819,2020-01-26,MD,Republic of Moldova,EURO,0,0,0,0
36820,2020-02-02,MD,Republic of Moldova,EURO,0,0,0,0
36821,2020-02-09,MD,Republic of Moldova,EURO,0,0,0,0
36822,2020-02-16,MD,Republic of Moldova,EURO,0,0,0,0
36823,2020-02-23,MD,Republic of Moldova,EURO,0,0,0,0
36824,2020-03-01,MD,Republic of Moldova,EURO,0,0,0,0
36825,2020-03-08,MD,Republic of Moldova,EURO,1,1,0,0
36826,2020-03-15,MD,Republic of Moldova,EURO,7,8,0,0
36827,2020-03-22,MD,Republic of Moldova,EURO,72,80,1,1
36828,2020-03-29,MD,Republic of Moldova,EURO,151,231,1,2
36829,2020-04-05,MD,Republic of Moldova,EURO,521,752,10,12
36830,2020-04-12,MD,Republic of Moldova,EURO,808,1560,18,30
36831,2020-04-19,MD,Republic of Moldova,EURO,791,2351,30,60
36832,2020-04-26,MD,Republic of Moldova,EURO,953,3304,34,94
36833,2020-05-03,MD,Republic of Moldova,EURO,748,4052,30,124
36834,2020-05-10,MD,Republic of Moldova,EURO,815,4867,41,165
36835,2020-05-17,MD,Republic of Moldova,EURO,1067,5934,44,209
36836,2020-05-24,MD,Republic of Moldova,EURO,1060,6994,41,250
36837,2020-05-31,MD,Republic of Moldova,EURO,1104,8098,46,296
36838,2020-06-07,MD,Republic of Moldova,EURO,1413,9511,41,337
36839,2020-06-14,MD,Republic of Moldova,EURO,1948,11459,64,401
36840,2020-06-21,MD,Republic of Moldova,EURO,2494,13953,65,466
36841,2020-06-28,MD,Republic of Moldova,EURO,2127,16080,62,528
36842,2020-07-05,MD,Republic of Moldova,EURO,1592,17672,58,586
36843,2020-07-12,MD,Republic of Moldova,EURO,1536,19208,58,644
36844,2020-07-19,MD,Republic of Moldova,EURO,1586,20794,40,684
36845,2020-07-26,MD,Republic of Moldova,EURO,2034,22828,53,737
36846,2020-08-02,MD,Republic of Moldova,EURO,2285,25113,57,794
36847,2020-08-09,MD,Republic of Moldova,EURO,2330,27443,52,846
36848,2020-08-16,MD,Republic of Moldova,EURO,2462,29905,54,900
36849,2020-08-23,MD,Republic of Moldova,EURO,3167,33072,40,940
36850,2020-08-30,MD,Republic of Moldova,EURO,3332,36404,55,995
36851,2020-09-06,MD,Republic of Moldova,EURO,3069,39473,73,1068
36852,2020-09-13,MD,Republic of Moldova,EURO,3241,42714,55,1123
36853,2020-09-20,MD,Republic of Moldova,EURO,3622,46336,83,1206
36854,2020-09-27,MD,Republic of Moldova,EURO,4198,50534,78,1284
36855,2020-10-04,MD,Republic of Moldova,EURO,5354,55888,78,1362
36856,2020-10-11,MD,Republic of Moldova,EURO,5874,61762,105,1467
36857,2020-10-18,MD,Republic of Moldova,EURO,4890,66652,111,1578
36858,2020-10-25,MD,Republic of Moldova,EURO,4437,71089,100,1678
36859,2020-11-01,MD,Republic of Moldova,EURO,4951,76040,133,1811
36860,2020-11-08,MD,Republic of Moldova,EURO,5635,81675,106,1917
36861,2020-11-15,MD,Republic of Moldova,EURO,7097,88772,115,2032
36862,2020-11-22,MD,Republic of Moldova,EURO,7917,96689,124,2156
36863,2020-11-29,MD,Republic of Moldova,EURO,9163,105852,139,2295
36864,2020-12-06,MD,Republic of Moldova,EURO,9705,115557,185,2480
36865,2020-12-13,MD,Republic of Moldova,EURO,10166,125723,144,2624
36866,2020-12-20,MD,Republic of Moldova,EURO,8855,134578,180,2804
36867,2020-12-27,MD,Republic of Moldova,EURO,6418,140996,156,2960
36868,2021-01-03,MD,Republic of Moldova,EURO,4698,145694,211,3171
36869,2021-01-10,MD,Republic of Moldova,EURO,3399,149093,110,3281
36870,2021-01-17,MD,Republic of Moldova,EURO,3547,152640,115,3396
36871,2021-01-24,MD,Republic of Moldova,EURO,3297,155937,102,3498
36872,2021-01-31,MD,Republic of Moldova,EURO,3576,159513,123,3621
36873,2021-02-07,MD,Republic of Moldova,EURO,4730,164243,96,3717
36874,2021-02-14,MD,Republic of Moldova,EURO,5562,169805,110,3827
36875,2021-02-21,MD,Republic of Moldova,EURO,6440,176245,120,3947
36876,2021-02-28,MD,Republic of Moldova,EURO,8611,184856,236,4183
36877,2021-03-07,MD,Republic of Moldova,EURO,9749,194605,167,4350
36878,2021-03-14,MD,Republic of Moldova,EURO,9105,203710,203,4553
36879,2021-03-21,MD,Republic of Moldova,EURO,10493,214203,237,4790
36880,2021-03-28,MD,Republic of Moldova,EURO,11457,225660,254,5044
36881,2021-04-04,MD,Republic of Moldova,EURO,8734,234394,479,5523
36882,2021-04-11,MD,Republic of Moldova,EURO,6492,240886,277,5800
36883,2021-04-18,MD,Republic of Moldova,EURO,4608,245494,179,5979
36884,2021-04-25,MD,Republic of Moldova,EURO,3404,248898,161,6140
36885,2021-05-02,MD,Republic of Moldova,EURO,2262,251160,184,6324
36886,2021-05-09,MD,Republic of Moldova,EURO,1444,252604,117,6441
36887,2021-05-16,MD,Republic of Moldova,EURO,1132,253736,73,6514
36888,2021-05-23,MD,Republic of Moldova,EURO,865,254601,56,6570
36889,2021-05-30,MD,Republic of Moldova,EURO,504,255105,28,6598
36890,2021-06-06,MD,Republic of Moldova,EURO,327,255432,77,6675
36891,2021-06-13,MD,Republic of Moldova,EURO,326,255758,20,6695
36892,2021-06-20,MD,Republic of Moldova,EURO,345,256103,16,6711
36893,2021-06-27,MD,Republic of Moldova,EURO,424,256527,15,6726
36894,2021-07-04,MD,Republic of Moldova,EURO,404,256931,17,6743
36895,2021-07-11,MD,Republic of Moldova,EURO,488,257419,13,6756
36896,2021-07-18,MD,Republic of Moldova,EURO,484,257903,16,6772
36897,2021-07-25,MD,Republic of Moldova,EURO,678,258581,18,6790
36898,2021-08-01,MD,Republic of Moldova,EURO,897,259478,20,6810
36899,2021-08-08,MD,Republic of Moldova,EURO,1077,260555,24,6834
36900,2021-08-15,MD,Republic of Moldova,EURO,1392,261947,25,6859
36901,2021-08-22,MD,Republic of Moldova,EURO,2336,264283,52,6911
36902,2021-08-29,MD,Republic of Moldova,EURO,2501,266784,34,6945
36903,2021-09-05,MD,Republic of Moldova,EURO,3202,269986,50,6995
36904,2021-09-12,MD,Republic of Moldova,EURO,4613,274599,81,7076
36905,2021-09-19,MD,Republic of Moldova,EURO,6617,281216,79,7155
36906,2021-09-26,MD,Republic of Moldova,EURO,7161,288377,93,7248
36907,2021-10-03,MD,Republic of Moldova,EURO,8295,296672,156,7404
36908,2021-10-10,MD,Republic of Moldova,EURO,9305,305977,173,7577
36909,2021-10-17,MD,Republic of Moldova,EURO,9437,315414,204,7781
36910,2021-10-24,MD,Republic of Moldova,EURO,11680,327094,253,8034
36911,2021-10-31,MD,Republic of Moldova,EURO,10021,337115,296,8330
36912,2021-11-07,MD,Republic of Moldova,EURO,8402,345517,305,8635
36913,2021-11-14,MD,Republic of Moldova,EURO,7153,352670,390,9025
36914,2021-11-21,MD,Republic of Moldova,EURO,5161,357831,353,9378
36915,2021-11-28,MD,Republic of Moldova,EURO,4495,362326,255,9633
36916,2021-12-05,MD,Republic of Moldova,EURO,3836,366162,154,9787
36917,2021-12-12,MD,Republic of Moldova,EURO,3240,369402,146,9933
36918,2021-12-19,MD,Republic of Moldova,EURO,2752,372154,128,10061
36919,2021-12-26,MD,Republic of Moldova,EURO,2195,374349,123,10184
36920,2022-01-02,MD,Republic of Moldova,EURO,2085,376434,100,10284
36921,2022-01-09,MD,Republic of Moldova,EURO,3467,379901,72,10356
36922,2022-01-16,MD,Republic of Moldova,EURO,8019,387920,81,10437
36923,2022-01-23,MD,Republic of Moldova,EURO,19083,407003,76,10513
36924,2022-01-30,MD,Republic of Moldova,EURO,31246,438249,122,10635
36925,2022-02-06,MD,Republic of Moldova,EURO,29022,467271,133,10768
36926,2022-02-13,MD,Republic of Moldova,EURO,17245,484516,172,10940
36927,2022-02-20,MD,Republic of Moldova,EURO,10668,495184,163,11103
36928,2022-02-27,MD,Republic of Moldova,EURO,6128,501312,110,11213
36929,2022-03-06,MD,Republic of Moldova,EURO,4081,505393,79,11292
36930,2022-03-13,MD,Republic of Moldova,EURO,2601,507994,54,11346
36931,2022-03-20,MD,Republic of Moldova,EURO,2466,510460,43,11389
36932,2022-03-27,MD,Republic of Moldova,EURO,2142,512602,28,11417
36933,2022-04-03,MD,Republic of Moldova,EURO,1597,514199,29,11446
36934,2022-04-10,MD,Republic of Moldova,EURO,1246,515445,16,11462
36935,2022-04-17,MD,Republic of Moldova,EURO,986,516431,19,11481
36936,2022-04-24,MD,Republic of Moldova,EURO,555,516986,8,11489
36937,2022-05-01,MD,Republic of Moldova,EURO,220,517206,3,11492
36938,2022-05-08,MD,Republic of Moldova,EURO,547,517753,11,11503
36939,2022-05-15,MD,Republic of Moldova,EURO,413,518166,13,11516
36940,2022-05-22,MD,Republic of Moldova,EURO,326,518492,5,11521
36941,2022-05-29,MD,Republic of Moldova,EURO,475,518967,23,11544
36942,2022-06-05,MD,Republic of Moldova,EURO,34,519001,0,11544
36943,2022-06-12,MD,Republic of Moldova,EURO,227,519228,7,11551
36944,2022-06-19,MD,Republic of Moldova,EURO,224,519452,3,11554
36945,2022-06-26,MD,Republic of Moldova,EURO,251,519703,9,11563
36946,2022-07-03,MD,Republic of Moldova,EURO,465,520168,4,11567
36947,2022-07-10,MD,Republic of Moldova,EURO,1014,521182,3,11570
36948,2022-07-17,MD,Republic of Moldova,EURO,1852,523034,14,11584
36949,2022-07-24,MD,Republic of Moldova,EURO,3360,526394,8,11592
36950,2022-07-31,MD,Republic of Moldova,EURO,5793,532187,16,11608
36951,2022-08-07,MD,Republic of Moldova,EURO,9528,541715,22,11630
36952,2022-08-14,MD,Republic of Moldova,EURO,10147,551862,32,11662
36953,2022-08-21,MD,Republic of Moldova,EURO,9334,561196,31,11693
36954,2022-08-28,MD,Republic of Moldova,EURO,7892,569088,32,11725
36955,2022-09-04,MD,Republic of Moldova,EURO,5964,575052,30,11755
36956,2022-09-11,MD,Republic of Moldova,EURO,8131,583183,53,11808
36957,2022-09-18,MD,Republic of Moldova,EURO,3840,587023,13,11821
36958,2022-09-25,MD,Republic of Moldova,EURO,2414,589437,23,11844
36959,2022-10-02,MD,Republic of Moldova,EURO,1374,590811,14,11858
36960,2022-10-09,MD,Republic of Moldova,EURO,1101,591912,12,11870
36961,2022-10-16,MD,Republic of Moldova,EURO,623,592535,8,11878
36962,2022-10-23,MD,Republic of Moldova,EURO,622,593157,9,11887
36963,2022-10-30,MD,Republic of Moldova,EURO,566,593723,7,11894
36964,2022-11-06,MD,Republic of Moldova,EURO,0,593723,0,11894
36965,2022-11-13,MD,Republic of Moldova,EURO,347,594070,6,11900
36966,2022-11-20,MD,Republic of Moldova,EURO,278,594348,6,11906
36967,2022-11-27,MD,Republic of Moldova,EURO,313,594661,7,11913
36968,2022-12-04,MD,Republic of Moldova,EURO,319,594980,5,11918
36969,2022-12-11,MD,Republic of Moldova,EURO,329,595309,2,11920
36970,2022-12-18,MD,Republic of Moldova,EURO,343,595652,2,11922
36971,2022-12-25,MD,Republic of Moldova,EURO,448,596100,7,11929
36972,2023-01-01,MD,Republic of Moldova,EURO,358,596458,4,11933
36973,2023-01-08,MD,Republic of Moldova,EURO,364,596822,3,11936
36974,2023-01-15,MD,Republic of Moldova,EURO,302,597124,4,11940
36975,2023-01-22,MD,Republic of Moldova,EURO,857,597981,10,11950
36976,2023-01-29,MD,Republic of Moldova,EURO,600,598581,3,11953
36977,2023-02-05,MD,Republic of Moldova,EURO,905,599486,4,11957
36978,2023-02-12,MD,Republic of Moldova,EURO,1338,600824,7,11964
36979,2023-02-19,MD,Republic of Moldova,EURO,2834,603658,10,11974
36980,2023-02-26,MD,Republic of Moldova,EURO,3702,607360,14,11988
36981,2023-03-05,MD,Republic of Moldova,EURO,3690,611050,15,12003
36982,2023-03-12,MD,Republic of Moldova,EURO,2836,613886,22,12025
36983,2023-03-19,MD,Republic of Moldova,EURO,2373,616259,23,12048
36984,2023-03-26,MD,Republic of Moldova,EURO,1491,617750,21,12069
36985,2023-04-02,MD,Republic of Moldova,EURO,991,618741,17,12086
36986,2023-04-09,MD,Republic of Moldova,EURO,684,619425,14,12100
36987,2023-04-16,MD,Republic of Moldova,EURO,463,619888,6,12106
36988,2023-04-23,MD,Republic of Moldova,EURO,280,620168,6,12112
36989,2023-04-30,MD,Republic of Moldova,EURO,165,620333,1,12113
36990,2023-05-07,MD,Republic of Moldova,EURO,110,620443,2,12115
36991,2023-05-14,MD,Republic of Moldova,EURO,76,620519,3,12118
36992,2023-05-21,MD,Republic of Moldova,EURO,55,620574,0,12118
36993,2023-05-28,MD,Republic of Moldova,EURO,52,620626,0,12118
36994,2023-06-04,MD,Republic of Moldova,EURO,30,620656,5,12123
36995,2023-06-11,MD,Republic of Moldova,EURO,29,620685,1,12124
36996,2023-06-18,MD,Republic of Moldova,EURO,32,620717,0,12124
36997,2023-06-25,MD,Republic of Moldova,EURO,19,620736,0,12124
36998,2023-07-02,MD,Republic of Moldova,EURO,22,620758,0,12124
36999,2023-07-09,MD,Republic of Moldova,EURO,17,620775,1,12125
37000,2023-07-16,MD,Republic of Moldova,EURO,31,620806,0,12125
37001,2023-07-23,MD,Republic of Moldova,EURO,17,620823,0,12125
37002,2023-07-30,MD,Republic of Moldova,EURO,25,620848,0,12125
37003,2023-08-06,MD,Republic of Moldova,EURO,25,620873,0,12125
37004,2023-08-13,MD,Republic of Moldova,EURO,54,620927,0,12125
37005,2023-08-20,MD,Republic of Moldova,EURO,138,621065,0,12125
37006,2023-08-27,MD,Republic of Moldova,EURO,173,621238,0,12125
37007,2023-09-03,MD,Republic of Moldova,EURO,203,621441,0,12125
37008,2023-09-10,MD,Republic of Moldova,EURO,424,621865,1,12126
37009,2023-09-17,MD,Republic of Moldova,EURO,825,622690,0,12126
37010,2023-09-24,MD,Republic of Moldova,EURO,994,623684,0,12126
37011,2023-10-01,MD,Republic of Moldova,EURO,839,624523,2,12128
37012,2023-10-08,MD,Republic of Moldova,EURO,630,625153,0,12128
37013,2023-10-15,MD,Republic of Moldova,EURO,559,625712,7,12135
37014,2023-10-22,MD,Republic of Moldova,EURO,568,626280,8,12143
37015,2023-10-29,MD,Republic of Moldova,EURO,372,626652,7,12150
37016,2023-11-05,MD,Republic of Moldova,EURO,0,626652,0,12150
37017,2023-11-12,MD,Republic of Moldova,EURO,355,627007,2,12152
37018,2023-11-19,MD,Republic of Moldova,EURO,451,627458,2,12154
37019,2023-11-26,MD,Republic of Moldova,EURO,0,627458,0,12154
37020,2023-12-03,MD,Republic of Moldova,EURO,0,627458,0,12154
37021,2023-12-10,MD,Republic of Moldova,EURO,0,627458,0,12154
37022,2023-12-17,MD,Republic of Moldova,EURO,1215,628673,5,12159
37023,2023-12-24,MD,Republic of Moldova,EURO,558,629231,6,12165
37024,2020-01-05,RE,Réunion,,0,0,0,0
37025,2020-01-12,RE,Réunion,,0,0,0,0
37026,2020-01-19,RE,Réunion,,0,0,0,0
37027,2020-01-26,RE,Réunion,,0,0,0,0
37028,2020-02-02,RE,Réunion,,0,0,0,0
37029,2020-02-09,RE,Réunion,,0,0,0,0
37030,2020-02-16,RE,Réunion,,0,0,0,0
37031,2020-02-23,RE,Réunion,,0,0,0,0
37032,2020-03-01,RE,Réunion,,0,0,0,0
37033,2020-03-08,RE,Réunion,,0,0,0,0
37034,2020-03-15,RE,Réunion,,13,13,0,0
37035,2020-03-22,RE,Réunion,,34,47,0,0
37036,2020-03-29,RE,Réunion,,96,143,0,0
37037,2020-04-05,RE,Réunion,,191,334,0,0
37038,2020-04-12,RE,Réunion,,54,388,0,0
37039,2020-04-19,RE,Réunion,,19,407,0,0
37040,2020-04-26,RE,Réunion,,4,411,0,0
37041,2020-05-03,RE,Réunion,,9,420,0,0
37042,2020-05-10,RE,Réunion,,10,430,0,0
37043,2020-05-17,RE,Réunion,,13,443,0,0
37044,2020-05-24,RE,Réunion,,9,452,1,1
37045,2020-05-31,RE,Réunion,,19,471,0,1
37046,2020-06-07,RE,Réunion,,9,480,0,1
37047,2020-06-14,RE,Réunion,,9,489,0,1
37048,2020-06-21,RE,Réunion,,16,505,0,1
37049,2020-06-28,RE,Réunion,,15,520,1,2
37050,2020-07-05,RE,Réunion,,16,536,0,2
37051,2020-07-12,RE,Réunion,,41,577,1,3
37052,2020-07-19,RE,Réunion,,47,624,0,3
37053,2020-07-26,RE,Réunion,,33,657,0,3
37054,2020-08-02,RE,Réunion,,7,664,1,4
37055,2020-08-09,RE,Réunion,,17,681,1,5
37056,2020-08-16,RE,Réunion,,107,788,0,5
37057,2020-08-23,RE,Réunion,,329,1117,1,6
37058,2020-08-30,RE,Réunion,,440,1557,-3,3
37059,2020-09-06,RE,Réunion,,558,2115,3,6
37060,2020-09-13,RE,Réunion,,608,2723,4,10
37061,2020-09-20,RE,Réunion,,471,3194,0,10
37062,2020-09-27,RE,Réunion,,491,3685,1,11
37063,2020-10-04,RE,Réunion,,493,4178,5,16
37064,2020-10-11,RE,Réunion,,313,4491,0,16
37065,2020-10-18,RE,Réunion,,285,4776,1,17
37066,2020-10-25,RE,Réunion,,373,5149,3,20
37067,2020-11-01,RE,Réunion,,510,5659,2,22
37068,2020-11-08,RE,Réunion,,605,6264,5,27
37069,2020-11-15,RE,Réunion,,617,6881,2,29
37070,2020-11-22,RE,Réunion,,620,7501,6,35
37071,2020-11-29,RE,Réunion,,439,7940,5,40
37072,2020-12-06,RE,Réunion,,260,8200,1,41
37073,2020-12-13,RE,Réunion,,145,8345,0,41
37074,2020-12-20,RE,Réunion,,359,8704,1,42
37075,2020-12-27,RE,Réunion,,205,8909,0,42
37076,2021-01-03,RE,Réunion,,128,9037,0,42
37077,2021-01-10,RE,Réunion,,210,9247,0,42
37078,2021-01-17,RE,Réunion,,196,9443,3,45
37079,2021-01-24,RE,Réunion,,258,9701,0,45
37080,2021-01-31,RE,Réunion,,295,9996,1,46
37081,2021-02-07,RE,Réunion,,491,10487,1,47
37082,2021-02-14,RE,Réunion,,420,10907,0,47
37083,2021-02-21,RE,Réunion,,655,11562,1,48
37084,2021-02-28,RE,Réunion,,854,12416,4,52
37085,2021-03-07,RE,Réunion,,709,13125,7,59
37086,2021-03-14,RE,Réunion,,676,13801,12,71
37087,2021-03-21,RE,Réunion,,830,14631,16,87
37088,2021-03-28,RE,Réunion,,930,15561,15,102
37089,2021-04-04,RE,Réunion,,1025,16586,13,115
37090,2021-04-11,RE,Réunion,,922,17508,8,123
37091,2021-04-18,RE,Réunion,,917,18425,12,135
37092,2021-04-25,RE,Réunion,,918,19343,6,141
37093,2021-05-02,RE,Réunion,,1038,20381,7,148
37094,2021-05-09,RE,Réunion,,1070,21451,2,150
37095,2021-05-16,RE,Réunion,,1193,22644,19,169
37096,2021-05-23,RE,Réunion,,922,23566,7,176
37097,2021-05-30,RE,Réunion,,1335,24901,13,189
37098,2021-06-06,RE,Réunion,,1174,26075,14,203
37099,2021-06-13,RE,Réunion,,1160,27235,9,212
37100,2021-06-20,RE,Réunion,,1206,28441,8,220
37101,2021-06-27,RE,Réunion,,1061,29502,6,226
37102,2021-07-04,RE,Réunion,,1081,30583,11,237
37103,2021-07-11,RE,Réunion,,1262,31845,7,244
37104,2021-07-18,RE,Réunion,,1450,33295,12,256
37105,2021-07-25,RE,Réunion,,1320,34615,10,266
37106,2021-08-01,RE,Réunion,,2616,37231,9,275
37107,2021-08-08,RE,Réunion,,3014,40245,13,288
37108,2021-08-15,RE,Réunion,,3590,43835,10,298
37109,2021-08-22,RE,Réunion,,2919,46754,12,310
37110,2021-08-29,RE,Réunion,,1929,48683,22,332
37111,2021-09-05,RE,Réunion,,1663,50346,10,342
37112,2021-09-12,RE,Réunion,,1305,51651,12,354
37113,2021-09-19,RE,Réunion,,992,52643,4,358
37114,2021-09-26,RE,Réunion,,598,53241,5,363
37115,2021-10-03,RE,Réunion,,0,53241,3,366
37116,2021-10-10,RE,Réunion,,722,53963,3,369
37117,2021-10-17,RE,Réunion,,61,54024,1,370
37118,2021-10-24,RE,Réunion,,414,54438,2,372
37119,2021-10-31,RE,Réunion,,230,54668,2,374
37120,2021-11-07,RE,Réunion,,457,55125,2,376
37121,2021-11-14,RE,Réunion,,740,55865,0,376
37122,2021-11-21,RE,Réunion,,1308,57173,3,379
37123,2021-11-28,RE,Réunion,,1875,59048,2,381
37124,2021-12-05,RE,Réunion,,2140,61188,3,384
37125,2021-12-12,RE,Réunion,,2675,63863,7,391
37126,2021-12-19,RE,Réunion,,3374,67237,2,393
37127,2021-12-26,RE,Réunion,,4558,71795,8,401
37128,2022-01-02,RE,Réunion,,4807,76602,8,409
37129,2022-01-09,RE,Réunion,,9358,85960,10,419
37130,2022-01-16,RE,Réunion,,16256,102216,16,435
37131,2022-01-23,RE,Réunion,,31401,133617,27,462
37132,2022-01-30,RE,Réunion,,46914,180531,38,500
37133,2022-02-06,RE,Réunion,,45474,226005,31,531
37134,2022-02-13,RE,Réunion,,30782,256787,34,565
37135,2022-02-20,RE,Réunion,,21707,278494,38,603
37136,2022-02-27,RE,Réunion,,13632,292126,37,640
37137,2022-03-06,RE,Réunion,,10036,302162,26,666
37138,2022-03-13,RE,Réunion,,8019,310181,14,680
37139,2022-03-20,RE,Réunion,,8514,318695,9,689
37140,2022-03-27,RE,Réunion,,8494,327189,13,702
37141,2022-04-03,RE,Réunion,,9756,336945,7,709
37142,2022-04-10,RE,Réunion,,10996,347941,11,720
37143,2022-04-17,RE,Réunion,,12504,360445,11,731
37144,2022-04-24,RE,Réunion,,13850,374295,11,742
37145,2022-05-01,RE,Réunion,,12889,387184,7,749
37146,2022-05-08,RE,Réunion,,10931,398115,7,756
37147,2022-05-15,RE,Réunion,,7865,405980,6,762
37148,2022-05-22,RE,Réunion,,5383,411363,8,770
37149,2022-05-29,RE,Réunion,,3252,414615,7,777
37150,2022-06-05,RE,Réunion,,2046,416661,7,784
37151,2022-06-12,RE,Réunion,,1924,418585,12,796
37152,2022-06-19,RE,Réunion,,1383,419968,3,799
37153,2022-06-26,RE,Réunion,,1301,421269,8,807
37154,2022-07-03,RE,Réunion,,1500,422769,5,812
37155,2022-07-10,RE,Réunion,,2869,425638,7,819
37156,2022-07-17,RE,Réunion,,3599,429237,6,825
37157,2022-07-24,RE,Réunion,,4235,433472,6,831
37158,2022-07-31,RE,Réunion,,5687,439159,7,838
37159,2022-08-07,RE,Réunion,,5823,444982,7,845
37160,2022-08-14,RE,Réunion,,4590,449572,8,853
37161,2022-08-21,RE,Réunion,,5093,454665,2,855
37162,2022-08-28,RE,Réunion,,5711,460376,6,861
37163,2022-09-04,RE,Réunion,,7014,467390,13,874
37164,2022-09-11,RE,Réunion,,4661,472051,5,879
37165,2022-09-18,RE,Réunion,,2572,474623,5,884
37166,2022-09-25,RE,Réunion,,1325,475948,6,890
37167,2022-10-02,RE,Réunion,,623,476571,3,893
37168,2022-10-09,RE,Réunion,,356,476927,1,894
37169,2022-10-16,RE,Réunion,,336,477263,2,896
37170,2022-10-23,RE,Réunion,,340,477603,2,898
37171,2022-10-30,RE,Réunion,,356,477959,1,899
37172,2022-11-06,RE,Réunion,,387,478346,0,899
37173,2022-11-13,RE,Réunion,,509,478855,0,899
37174,2022-11-20,RE,Réunion,,575,479430,3,902
37175,2022-11-27,RE,Réunion,,893,480323,0,902
37176,2022-12-04,RE,Réunion,,1217,481540,1,903
37177,2022-12-11,RE,Réunion,,1366,482906,2,905
37178,2022-12-18,RE,Réunion,,1830,484736,0,905
37179,2022-12-25,RE,Réunion,,1923,486659,1,906
37180,2023-01-01,RE,Réunion,,1849,488508,1,907
37181,2023-01-08,RE,Réunion,,2104,490612,4,911
37182,2023-01-15,RE,Réunion,,1213,491825,4,915
37183,2023-01-22,RE,Réunion,,995,492820,1,916
37184,2023-01-29,RE,Réunion,,1082,493902,3,919
37185,2023-02-05,RE,Réunion,,693,494595,2,921
37186,2023-02-12,RE,Réunion,,0,494595,0,921
37187,2023-02-19,RE,Réunion,,0,494595,0,921
37188,2023-02-26,RE,Réunion,,0,494595,0,921
37189,2023-03-05,RE,Réunion,,0,494595,0,921
37190,2023-03-12,RE,Réunion,,0,494595,0,921
37191,2023-03-19,RE,Réunion,,0,494595,0,921
37192,2023-03-26,RE,Réunion,,0,494595,0,921
37193,2023-04-02,RE,Réunion,,0,494595,0,921
37194,2023-04-09,RE,Réunion,,0,494595,0,921
37195,2023-04-16,RE,Réunion,,0,494595,0,921
37196,2023-04-23,RE,Réunion,,0,494595,0,921
37197,2023-04-30,RE,Réunion,,0,494595,0,921
37198,2023-05-07,RE,Réunion,,0,494595,0,921
37199,2023-05-14,RE,Réunion,,0,494595,0,921
37200,2023-05-21,RE,Réunion,,0,494595,0,921
37201,2023-05-28,RE,Réunion,,0,494595,0,921
37202,2023-06-04,RE,Réunion,,0,494595,0,921
37203,2023-06-11,RE,Réunion,,0,494595,0,921
37204,2023-06-18,RE,Réunion,,0,494595,0,921
37205,2023-06-25,RE,Réunion,,0,494595,0,921
37206,2023-07-02,RE,Réunion,,0,494595,0,921
37207,2023-07-09,RE,Réunion,,0,494595,0,921
37208,2023-07-16,RE,Réunion,,0,494595,0,921
37209,2023-07-23,RE,Réunion,,0,494595,0,921
37210,2023-07-30,RE,Réunion,,0,494595,0,921
37211,2023-08-06,RE,Réunion,,0,494595,0,921
37212,2023-08-13,RE,Réunion,,0,494595,0,921
37213,2023-08-20,RE,Réunion,,0,494595,0,921
37214,2023-08-27,RE,Réunion,,0,494595,0,921
37215,2023-09-03,RE,Réunion,,0,494595,0,921
37216,2023-09-10,RE,Réunion,,0,494595,0,921
37217,2023-09-17,RE,Réunion,,0,494595,0,921
37218,2023-09-24,RE,Réunion,,0,494595,0,921
37219,2023-10-01,RE,Réunion,,0,494595,0,921
37220,2023-10-08,RE,Réunion,,0,494595,0,921
37221,2023-10-15,RE,Réunion,,0,494595,0,921
37222,2023-10-22,RE,Réunion,,0,494595,0,921
37223,2023-10-29,RE,Réunion,,0,494595,0,921
37224,2023-11-05,RE,Réunion,,0,494595,0,921
37225,2023-11-12,RE,Réunion,,0,494595,0,921
37226,2023-11-19,RE,Réunion,,0,494595,0,921
37227,2023-11-26,RE,Réunion,,0,494595,0,921
37228,2023-12-03,RE,Réunion,,0,494595,0,921
37229,2023-12-10,RE,Réunion,,0,494595,0,921
37230,2023-12-17,RE,Réunion,,0,494595,0,921
37231,2023-12-24,RE,Réunion,,0,494595,0,921
37232,2020-01-05,RO,Romania,EURO,0,0,0,0
37233,2020-01-12,RO,Romania,EURO,0,0,0,0
37234,2020-01-19,RO,Romania,EURO,0,0,0,0
37235,2020-01-26,RO,Romania,EURO,0,0,0,0
37236,2020-02-02,RO,Romania,EURO,0,0,0,0
37237,2020-02-09,RO,Romania,EURO,0,0,0,0
37238,2020-02-16,RO,Romania,EURO,0,0,0,0
37239,2020-02-23,RO,Romania,EURO,0,0,0,0
37240,2020-03-01,RO,Romania,EURO,4,4,0,0
37241,2020-03-08,RO,Romania,EURO,11,15,0,0
37242,2020-03-15,RO,Romania,EURO,124,139,0,0
37243,2020-03-22,RO,Romania,EURO,228,367,0,0
37244,2020-03-29,RO,Romania,EURO,1085,1452,37,37
37245,2020-04-05,RO,Romania,EURO,2161,3613,109,146
37246,2020-04-12,RO,Romania,EURO,2377,5990,145,291
37247,2020-04-19,RO,Romania,EURO,2428,8418,130,421
37248,2020-04-26,RO,Romania,EURO,2217,10635,180,601
37249,2020-05-03,RO,Romania,EURO,2097,12732,170,771
37250,2020-05-10,RO,Romania,EURO,2399,15131,168,939
37251,2020-05-17,RO,Romania,EURO,1573,16704,155,1094
37252,2020-05-24,RO,Romania,EURO,1153,17857,82,1176
37253,2020-05-31,RO,Romania,EURO,1276,19133,83,1259
37254,2020-06-07,RO,Romania,EURO,1157,20290,59,1318
37255,2020-06-14,RO,Romania,EURO,1389,21679,76,1394
37256,2020-06-21,RO,Romania,EURO,2051,23730,106,1500
37257,2020-06-28,RO,Romania,EURO,2292,26022,89,1589
37258,2020-07-05,RO,Romania,EURO,2560,28582,142,1731
37259,2020-07-12,RO,Romania,EURO,3497,32079,140,1871
37260,2020-07-19,RO,Romania,EURO,4612,36691,138,2009
37261,2020-07-26,RO,Romania,EURO,6987,43678,156,2165
37262,2020-08-02,RO,Romania,EURO,8433,52111,214,2379
37263,2020-08-09,RO,Romania,EURO,8512,60623,280,2659
37264,2020-08-16,RO,Romania,EURO,8751,69374,295,2954
37265,2020-08-23,RO,Romania,EURO,8170,77544,279,3233
37266,2020-08-30,RO,Romania,EURO,8289,85833,306,3539
37267,2020-09-06,RO,Romania,EURO,8031,93864,311,3850
37268,2020-09-13,RO,Romania,EURO,8522,102386,277,4127
37269,2020-09-20,RO,Romania,EURO,9164,111550,275,4402
37270,2020-09-27,RO,Romania,EURO,9685,121235,285,4687
37271,2020-10-04,RO,Romania,EURO,12830,134065,260,4947
37272,2020-10-11,RO,Romania,EURO,18338,152403,411,5358
37273,2020-10-18,RO,Romania,EURO,24065,176468,454,5812
37274,2020-10-25,RO,Romania,EURO,29325,205793,506,6318
37275,2020-11-01,RO,Romania,EURO,35546,241339,650,6968
37276,2020-11-08,RO,Romania,EURO,55660,296999,825,7793
37277,2020-11-15,RO,Romania,EURO,56186,353185,1020,8813
37278,2020-11-22,RO,Romania,EURO,59623,412808,1103,9916
37279,2020-11-29,RO,Romania,EURO,53174,465982,1129,11045
37280,2020-12-06,RO,Romania,EURO,42363,508345,1141,12186
37281,2020-12-13,RO,Romania,EURO,43555,551900,1078,13264
37282,2020-12-20,RO,Romania,EURO,36044,587944,1032,14296
37283,2020-12-27,RO,Romania,EURO,25816,613760,812,15108
37284,2021-01-03,RO,Romania,EURO,23635,637395,811,15919
37285,2021-01-10,RO,Romania,EURO,30807,668202,673,16592
37286,2021-01-17,RO,Romania,EURO,23286,691488,572,17164
37287,2021-01-24,RO,Romania,EURO,17706,709194,558,17722
37288,2021-01-31,RO,Romania,EURO,17724,726918,542,18264
37289,2021-02-07,RO,Romania,EURO,16425,743343,545,18809
37290,2021-02-14,RO,Romania,EURO,16748,760091,516,19325
37291,2021-02-21,RO,Romania,EURO,17185,777276,470,19795
37292,2021-02-28,RO,Romania,EURO,21888,799164,492,20287
37293,2021-03-07,RO,Romania,EURO,25831,824995,567,20854
37294,2021-03-14,RO,Romania,EURO,30331,855326,585,21439
37295,2021-03-21,RO,Romania,EURO,37522,892848,693,22132
37296,2021-03-28,RO,Romania,EURO,39331,932179,865,22997
37297,2021-04-04,RO,Romania,EURO,38045,970224,976,23973
37298,2021-04-11,RO,Romania,EURO,32641,1002865,1033,25006
37299,2021-04-18,RO,Romania,EURO,24174,1027039,1066,26072
37300,2021-04-25,RO,Romania,EURO,17683,1044722,1195,27267
37301,2021-05-02,RO,Romania,EURO,11850,1056572,927,28194
37302,2021-05-09,RO,Romania,EURO,8682,1065254,709,28903
37303,2021-05-16,RO,Romania,EURO,6080,1071334,582,29485
37304,2021-05-23,RO,Romania,EURO,3902,1075236,400,29885
37305,2021-05-30,RO,Romania,EURO,2190,1077426,362,30247
37306,2021-06-06,RO,Romania,EURO,1316,1078742,478,30725
37307,2021-06-13,RO,Romania,EURO,915,1079657,1079,31804
37308,2021-06-20,RO,Romania,EURO,546,1080203,504,32308
37309,2021-06-27,RO,Romania,EURO,381,1080584,869,33177
37310,2021-07-04,RO,Romania,EURO,334,1080918,748,33925
37311,2021-07-11,RO,Romania,EURO,292,1081210,291,34216
37312,2021-07-18,RO,Romania,EURO,378,1081588,36,34252
37313,2021-07-25,RO,Romania,EURO,595,1082183,15,34267
37314,2021-08-01,RO,Romania,EURO,1006,1083189,14,34281
37315,2021-08-08,RO,Romania,EURO,1522,1084711,32,34313
37316,2021-08-15,RO,Romania,EURO,2189,1086900,29,34342
37317,2021-08-22,RO,Romania,EURO,3508,1090408,61,34403
37318,2021-08-29,RO,Romania,EURO,5477,1095885,106,34509
37319,2021-09-05,RO,Romania,EURO,8881,1104766,169,34678
37320,2021-09-12,RO,Romania,EURO,13783,1118549,283,34961
37321,2021-09-19,RO,Romania,EURO,26344,1144893,495,35456
37322,2021-09-26,RO,Romania,EURO,42880,1187773,774,36230
37323,2021-10-03,RO,Romania,EURO,69372,1257145,1164,37394
37324,2021-10-10,RO,Romania,EURO,89095,1346240,1815,39209
37325,2021-10-17,RO,Romania,EURO,99474,1445714,2273,41482
37326,2021-10-24,RO,Romania,EURO,104489,1550203,2808,44290
37327,2021-10-31,RO,Romania,EURO,90404,1640607,3034,47324
37328,2021-11-07,RO,Romania,EURO,60982,1701589,3158,50482
37329,2021-11-14,RO,Romania,EURO,37694,1739283,2354,52836
37330,2021-11-21,RO,Romania,EURO,21482,1760765,2002,54838
37331,2021-11-28,RO,Romania,EURO,14807,1775572,1331,56169
37332,2021-12-05,RO,Romania,EURO,9548,1785120,852,57021
37333,2021-12-12,RO,Romania,EURO,7313,1792433,615,57636
37334,2021-12-19,RO,Romania,EURO,5273,1797706,507,58143
37335,2021-12-26,RO,Romania,EURO,4690,1802396,393,58536
37336,2022-01-02,RO,Romania,EURO,7946,1810342,243,58779
37337,2022-01-09,RO,Romania,EURO,29483,1839825,218,58997
37338,2022-01-16,RO,Romania,EURO,56008,1895833,215,59212
37339,2022-01-23,RO,Romania,EURO,107208,2003041,313,59525
37340,2022-01-30,RO,Romania,EURO,173685,2176726,407,59932
37341,2022-02-06,RO,Romania,EURO,208987,2385713,628,60560
37342,2022-02-13,RO,Romania,EURO,164635,2550348,960,61520
37343,2022-02-20,RO,Romania,EURO,105585,2655933,951,62471
37344,2022-02-27,RO,Romania,EURO,68547,2724480,823,63294
37345,2022-03-06,RO,Romania,EURO,40689,2765169,637,63931
37346,2022-03-13,RO,Romania,EURO,25199,2790368,404,64335
37347,2022-03-20,RO,Romania,EURO,23430,2813798,334,64669
37348,2022-03-27,RO,Romania,EURO,25051,2838849,226,64895
37349,2022-04-03,RO,Romania,EURO,19816,2858665,184,65079
37350,2022-04-10,RO,Romania,EURO,13272,2871937,119,65198
37351,2022-04-17,RO,Romania,EURO,9385,2881322,133,65331
37352,2022-04-24,RO,Romania,EURO,6502,2887824,90,65421
37353,2022-05-01,RO,Romania,EURO,6052,2893876,65,65486
37354,2022-05-08,RO,Romania,EURO,4972,2898848,74,65560
37355,2022-05-15,RO,Romania,EURO,3942,2902790,46,65606
37356,2022-05-22,RO,Romania,EURO,3069,2905859,45,65651
37357,2022-05-29,RO,Romania,EURO,2454,2908313,26,65677
37358,2022-06-05,RO,Romania,EURO,2079,2910392,14,65691
37359,2022-06-12,RO,Romania,EURO,2145,2912537,22,65713
37360,2022-06-19,RO,Romania,EURO,341,2912878,1,65714
37361,2022-06-26,RO,Romania,EURO,2609,2915487,12,65726
37362,2022-07-03,RO,Romania,EURO,3974,2919461,13,65739
37363,2022-07-10,RO,Romania,EURO,7726,2927187,16,65755
37364,2022-07-17,RO,Romania,EURO,34582,2961769,57,65812
37365,2022-07-24,RO,Romania,EURO,40893,3002662,41,65853
37366,2022-07-31,RO,Romania,EURO,56906,3059568,130,65983
37367,2022-08-07,RO,Romania,EURO,52906,3112474,188,66171
37368,2022-08-14,RO,Romania,EURO,42247,3154721,165,66336
37369,2022-08-21,RO,Romania,EURO,30209,3184930,147,66483
37370,2022-08-28,RO,Romania,EURO,23973,3208903,148,66631
37371,2022-09-04,RO,Romania,EURO,17304,3226207,135,66766
37372,2022-09-11,RO,Romania,EURO,13185,3239392,83,66849
37373,2022-09-18,RO,Romania,EURO,12971,3252363,63,66912
37374,2022-09-25,RO,Romania,EURO,9251,3261614,60,66972
37375,2022-10-02,RO,Romania,EURO,7884,3269498,55,67027
37376,2022-10-09,RO,Romania,EURO,5778,3275276,49,67076
37377,2022-10-16,RO,Romania,EURO,4347,3279623,43,67119
37378,2022-10-23,RO,Romania,EURO,3524,3283147,42,67161
37379,2022-10-30,RO,Romania,EURO,3038,3286185,25,67186
37380,2022-11-06,RO,Romania,EURO,2819,3289004,25,67211
37381,2022-11-13,RO,Romania,EURO,2585,3291589,25,67236
37382,2022-11-20,RO,Romania,EURO,2476,3294065,17,67253
37383,2022-11-27,RO,Romania,EURO,382,3294447,0,67253
37384,2022-12-04,RO,Romania,EURO,2387,3296834,23,67276
37385,2022-12-11,RO,Romania,EURO,1904,3298738,13,67289
37386,2022-12-18,RO,Romania,EURO,2924,3301662,21,67310
37387,2022-12-25,RO,Romania,EURO,3386,3305048,31,67341
37388,2023-01-01,RO,Romania,EURO,3432,3308480,33,67374
37389,2023-01-08,RO,Romania,EURO,3605,3312085,34,67408
37390,2023-01-15,RO,Romania,EURO,4107,3316192,52,67460
37391,2023-01-22,RO,Romania,EURO,6456,3322648,82,67542
37392,2023-01-29,RO,Romania,EURO,2358,3325006,34,67576
37393,2023-02-05,RO,Romania,EURO,2799,3327805,43,67619
37394,2023-02-12,RO,Romania,EURO,3200,3331005,31,67650
37395,2023-02-19,RO,Romania,EURO,4126,3335131,25,67675
37396,2023-02-26,RO,Romania,EURO,5211,3340342,29,67704
37397,2023-03-05,RO,Romania,EURO,5704,3346046,32,67736
37398,2023-03-12,RO,Romania,EURO,6310,3352356,37,67773
37399,2023-03-19,RO,Romania,EURO,7483,3359839,48,67821
37400,2023-03-26,RO,Romania,EURO,8082,3367921,37,67858
37401,2023-04-02,RO,Romania,EURO,6904,3374825,59,67917
37402,2023-04-09,RO,Romania,EURO,6066,3380891,44,67961
37403,2023-04-16,RO,Romania,EURO,4201,3385092,40,68001
37404,2023-04-23,RO,Romania,EURO,5032,3390124,46,68047
37405,2023-04-30,RO,Romania,EURO,3778,3393902,42,68089
37406,2023-05-07,RO,Romania,EURO,3463,3397365,28,68117
37407,2023-05-14,RO,Romania,EURO,2612,3399977,26,68143
37408,2023-05-21,RO,Romania,EURO,2379,3402356,29,68172
37409,2023-05-28,RO,Romania,EURO,1841,3404197,12,68184
37410,2023-06-04,RO,Romania,EURO,1009,3405206,9,68193
37411,2023-06-11,RO,Romania,EURO,963,3406169,24,68217
37412,2023-06-18,RO,Romania,EURO,730,3406899,7,68224
37413,2023-06-25,RO,Romania,EURO,586,3407485,9,68233
37414,2023-07-02,RO,Romania,EURO,510,3407995,7,68240
37415,2023-07-09,RO,Romania,EURO,460,3408455,3,68243
37416,2023-07-16,RO,Romania,EURO,430,3408885,3,68246
37417,2023-07-23,RO,Romania,EURO,517,3409402,3,68249
37418,2023-07-30,RO,Romania,EURO,595,3409997,4,68253
37419,2023-08-06,RO,Romania,EURO,906,3410903,6,68259
37420,2023-08-13,RO,Romania,EURO,1054,3411957,3,68262
37421,2023-08-20,RO,Romania,EURO,1894,3413851,4,68266
37422,2023-08-27,RO,Romania,EURO,3326,3417177,4,68270
37423,2023-09-03,RO,Romania,EURO,4772,3421949,12,68282
37424,2023-09-10,RO,Romania,EURO,7171,3429120,14,68296
37425,2023-09-17,RO,Romania,EURO,11226,3440346,18,68314
37426,2023-09-24,RO,Romania,EURO,14861,3455207,27,68341
37427,2023-10-01,RO,Romania,EURO,13165,3468372,31,68372
37428,2023-10-08,RO,Romania,EURO,9719,3478091,37,68409
37429,2023-10-15,RO,Romania,EURO,7701,3485792,46,68455
37430,2023-10-22,RO,Romania,EURO,6404,3492196,32,68487
37431,2023-10-29,RO,Romania,EURO,5030,3497226,38,68525
37432,2023-11-05,RO,Romania,EURO,2381,3499607,43,68568
37433,2023-11-12,RO,Romania,EURO,1586,3501193,22,68590
37434,2023-11-19,RO,Romania,EURO,0,3501193,0,68590
37435,2023-11-26,RO,Romania,EURO,0,3501193,0,68590
37436,2023-12-03,RO,Romania,EURO,0,3501193,0,68590
37437,2023-12-10,RO,Romania,EURO,2360,3503553,11,68601
37438,2023-12-17,RO,Romania,EURO,1317,3504870,10,68611
37439,2023-12-24,RO,Romania,EURO,1668,3506538,9,68620
37440,2020-01-05,RU,Russian Federation,EURO,0,0,0,0
37441,2020-01-12,RU,Russian Federation,EURO,0,0,0,0
37442,2020-01-19,RU,Russian Federation,EURO,0,0,0,0
37443,2020-01-26,RU,Russian Federation,EURO,0,0,0,0
37444,2020-02-02,RU,Russian Federation,EURO,2,2,0,0
37445,2020-02-09,RU,Russian Federation,EURO,0,2,0,0
37446,2020-02-16,RU,Russian Federation,EURO,0,2,0,0
37447,2020-02-23,RU,Russian Federation,EURO,0,2,0,0
37448,2020-03-01,RU,Russian Federation,EURO,0,2,0,0
37449,2020-03-08,RU,Russian Federation,EURO,5,7,0,0
37450,2020-03-15,RU,Russian Federation,EURO,27,34,0,0
37451,2020-03-22,RU,Russian Federation,EURO,272,306,0,0
37452,2020-03-29,RU,Russian Federation,EURO,1228,1534,8,8
37453,2020-04-05,RU,Russian Federation,EURO,3197,4731,35,43
37454,2020-04-12,RU,Russian Federation,EURO,11039,15770,87,130
37455,2020-04-19,RU,Russian Federation,EURO,27083,42853,231,361
37456,2020-04-26,RU,Russian Federation,EURO,38096,80949,386,747
37457,2020-05-03,RU,Russian Federation,EURO,53738,134687,533,1280
37458,2020-05-10,RU,Russian Federation,EURO,75001,209688,635,1915
37459,2020-05-17,RU,Russian Federation,EURO,72064,281752,716,2631
37460,2020-05-24,RU,Russian Federation,EURO,62729,344481,910,3541
37461,2020-05-31,RU,Russian Federation,EURO,61362,405843,1152,4693
37462,2020-06-07,RU,Russian Federation,EURO,61830,467673,1166,5859
37463,2020-06-14,RU,Russian Federation,EURO,61291,528964,1089,6948
37464,2020-06-21,RU,Russian Federation,EURO,55716,584680,1163,8111
37465,2020-06-28,RU,Russian Federation,EURO,49757,634437,962,9073
37466,2020-07-05,RU,Russian Federation,EURO,46814,681251,1088,10161
37467,2020-07-12,RU,Russian Federation,EURO,45911,727162,1174,11335
37468,2020-07-19,RU,Russian Federation,EURO,44384,771546,1007,12342
37469,2020-07-26,RU,Russian Federation,EURO,40939,812485,927,13269
37470,2020-08-02,RU,Russian Federation,EURO,38385,850870,859,14128
37471,2020-08-09,RU,Russian Federation,EURO,36666,887536,803,14931
37472,2020-08-16,RU,Russian Federation,EURO,35317,922853,754,15685
37473,2020-08-23,RU,Russian Federation,EURO,33896,956749,698,16383
37474,2020-08-30,RU,Russian Federation,EURO,33577,990326,710,17093
37475,2020-09-06,RU,Russian Federation,EURO,35179,1025505,727,17820
37476,2020-09-13,RU,Russian Federation,EURO,37306,1062811,758,18578
37477,2020-09-20,RU,Russian Federation,EURO,40588,1103399,840,19418
37478,2020-09-27,RU,Russian Federation,EURO,48039,1151438,906,20324
37479,2020-10-04,RU,Russian Federation,EURO,63563,1215001,1034,21358
37480,2020-10-11,RU,Russian Federation,EURO,83717,1298718,1239,22597
37481,2020-10-18,RU,Russian Federation,EURO,100616,1399334,1590,24187
37482,2020-10-25,RU,Russian Federation,EURO,114543,1513877,1863,26050
37483,2020-11-01,RU,Russian Federation,EURO,122904,1636781,2185,28235
37484,2020-11-08,RU,Russian Federation,EURO,137553,1774334,2302,30537
37485,2020-11-15,RU,Russian Federation,EURO,151491,1925825,2649,33186
37486,2020-11-22,RU,Russian Federation,EURO,163504,2089329,2993,36179
37487,2020-11-29,RU,Russian Federation,EURO,179987,2269316,3348,39527
37488,2020-12-06,RU,Russian Federation,EURO,191454,2460770,3614,43141
37489,2020-12-13,RU,Russian Federation,EURO,193158,2653928,3800,46941
37490,2020-12-20,RU,Russian Federation,EURO,194449,2848377,3917,50858
37491,2020-12-27,RU,Russian Federation,EURO,201871,3050248,3920,54778
37492,2021-01-03,RU,Russian Federation,EURO,186539,3236787,3728,58506
37493,2021-01-10,RU,Russian Federation,EURO,165167,3401954,3331,61837
37494,2021-01-17,RU,Russian Federation,EURO,166255,3568209,3729,65566
37495,2021-01-24,RU,Russian Federation,EURO,151191,3719400,3896,69462
37496,2021-01-31,RU,Russian Federation,EURO,131039,3850439,3720,73182
37497,2021-02-07,RU,Russian Federation,EURO,116842,3967281,3479,76661
37498,2021-02-14,RU,Russian Federation,EURO,104602,4071883,3465,80126
37499,2021-02-21,RU,Russian Federation,EURO,92843,4164726,3167,83293
37500,2021-02-28,RU,Russian Federation,EURO,81353,4246079,2829,86122
37501,2021-03-07,RU,Russian Federation,EURO,76697,4322776,2978,89100
37502,2021-03-14,RU,Russian Federation,EURO,67832,4390608,2990,92090
37503,2021-03-21,RU,Russian Federation,EURO,66261,4456869,2940,95030
37504,2021-03-28,RU,Russian Federation,EURO,62963,4519832,2710,97740
37505,2021-04-04,RU,Russian Federation,EURO,61062,4580894,2634,100374
37506,2021-04-11,RU,Russian Federation,EURO,60496,4641390,2612,102986
37507,2021-04-18,RU,Russian Federation,EURO,60711,4702101,2596,105582
37508,2021-04-25,RU,Russian Federation,EURO,60468,4762569,2650,108232
37509,2021-05-02,RU,Russian Federation,EURO,60686,4823255,2630,110862
37510,2021-05-09,RU,Russian Federation,EURO,57007,4880262,2464,113326
37511,2021-05-16,RU,Russian Federation,EURO,59983,4940245,2545,115871
37512,2021-05-23,RU,Russian Federation,EURO,61260,5001505,2611,118482
37513,2021-05-30,RU,Russian Federation,EURO,61937,5063442,2680,121162
37514,2021-06-06,RU,Russian Federation,EURO,62995,5126437,2625,123787
37515,2021-06-13,RU,Russian Federation,EURO,82250,5208687,2643,126430
37516,2021-06-20,RU,Russian Federation,EURO,108139,5316826,2931,129361
37517,2021-06-27,RU,Russian Federation,EURO,134465,5451291,3921,133282
37518,2021-07-04,RU,Russian Federation,EURO,159650,5610941,4643,137925
37519,2021-07-11,RU,Russian Federation,EURO,172392,5783333,5077,143002
37520,2021-07-18,RU,Russian Federation,EURO,174800,5958133,5417,148419
37521,2021-07-25,RU,Russian Federation,EURO,168408,6126541,5455,153874
37522,2021-08-01,RU,Russian Federation,EURO,162136,6288677,5478,159352
37523,2021-08-08,RU,Russian Federation,EURO,159073,6447750,5529,164881
37524,2021-08-15,RU,Russian Federation,EURO,153086,6600836,5618,170499
37525,2021-08-22,RU,Russian Federation,EURO,146251,6747087,5545,176044
37526,2021-08-29,RU,Russian Federation,EURO,135740,6882827,5593,181637
37527,2021-09-05,RU,Russian Federation,EURO,129772,7012599,5563,187200
37528,2021-09-12,RU,Russian Federation,EURO,127471,7140070,5549,192749
37529,2021-09-19,RU,Russian Federation,EURO,134858,7274928,5469,198218
37530,2021-09-26,RU,Russian Federation,EURO,145985,7420913,5682,203900
37531,2021-10-03,RU,Russian Federation,EURO,165623,7586536,6018,209918
37532,2021-10-10,RU,Russian Federation,EURO,188829,7775365,6497,216415
37533,2021-10-17,RU,Russian Federation,EURO,217322,7992687,6897,223312
37534,2021-10-24,RU,Russian Federation,EURO,248956,8241643,7288,230600
37535,2021-10-31,RU,Russian Federation,EURO,272147,8513790,7938,238538
37536,2021-11-07,RU,Russian Federation,EURO,281305,8795095,8276,246814
37537,2021-11-14,RU,Russian Federation,EURO,275579,9070674,8572,255386
37538,2021-11-21,RU,Russian Federation,EURO,260484,9331158,8709,264095
37539,2021-11-28,RU,Russian Federation,EURO,239215,9570373,8660,272755
37540,2021-12-05,RU,Russian Federation,EURO,231240,9801613,8523,281278
37541,2021-12-12,RU,Russian Federation,EURO,215283,10016896,8205,289483
37542,2021-12-19,RU,Russian Federation,EURO,197894,10214790,7720,297203
37543,2021-12-26,RU,Russian Federation,EURO,177230,10392020,7015,304218
37544,2022-01-02,RU,Russian Federation,EURO,145946,10537966,6300,310518
37545,2022-01-09,RU,Russian Federation,EURO,112883,10650849,5645,316163
37546,2022-01-16,RU,Russian Federation,EURO,152685,10803534,5157,321320
37547,2022-01-23,RU,Russian Federation,EURO,304657,11108191,4792,326112
37548,2022-01-30,RU,Russian Federation,EURO,628816,11737007,4616,330728
37549,2022-02-06,RU,Russian Federation,EURO,1073111,12810118,4686,335414
37550,2022-02-13,RU,Russian Federation,EURO,1323391,14133509,4834,340248
37551,2022-02-20,RU,Russian Federation,EURO,1236910,15370419,5252,345500
37552,2022-02-27,RU,Russian Federation,EURO,920697,16291116,5427,350927
37553,2022-03-06,RU,Russian Federation,EURO,650540,16941656,5354,356281
37554,2022-03-13,RU,Russian Federation,EURO,393530,17335186,4530,360811
37555,2022-03-20,RU,Russian Federation,EURO,247506,17582692,3681,364492
37556,2022-03-27,RU,Russian Federation,EURO,180050,17762742,2859,367351
37557,2022-04-03,RU,Russian Federation,EURO,134124,17896866,2357,369708
37558,2022-04-10,RU,Russian Federation,EURO,99194,17996060,2008,371716
37559,2022-04-17,RU,Russian Federation,EURO,78657,18074717,1784,373500
37560,2022-04-24,RU,Russian Federation,EURO,62420,18137137,1402,374902
37561,2022-05-01,RU,Russian Federation,EURO,52264,18189401,1129,376031
37562,2022-05-08,RU,Russian Federation,EURO,38265,18227666,915,376946
37563,2022-05-15,RU,Russian Federation,EURO,32627,18260293,724,377670
37564,2022-05-22,RU,Russian Federation,EURO,33157,18293450,680,378350
37565,2022-05-29,RU,Russian Federation,EURO,30586,18324036,605,378955
37566,2022-06-05,RU,Russian Federation,EURO,27815,18351851,565,379520
37567,2022-06-12,RU,Russian Federation,EURO,24736,18376587,500,380020
37568,2022-06-19,RU,Russian Federation,EURO,21673,18398260,443,380463
37569,2022-06-26,RU,Russian Federation,EURO,20621,18418881,429,380892
37570,2022-07-03,RU,Russian Federation,EURO,20878,18439759,371,381263
37571,2022-07-10,RU,Russian Federation,EURO,22452,18462211,320,381583
37572,2022-07-17,RU,Russian Federation,EURO,28085,18490296,298,381881
37573,2022-07-24,RU,Russian Federation,EURO,41959,18532255,274,382155
37574,2022-07-31,RU,Russian Federation,EURO,69464,18601719,278,382433
37575,2022-08-07,RU,Russian Federation,EURO,110980,18712699,308,382741
37576,2022-08-14,RU,Russian Federation,EURO,169259,18881958,384,383125
37577,2022-08-21,RU,Russian Federation,EURO,235385,19117343,435,383560
37578,2022-08-28,RU,Russian Federation,EURO,288580,19405923,523,384083
37579,2022-09-04,RU,Russian Federation,EURO,323500,19729423,628,384711
37580,2022-09-11,RU,Russian Federation,EURO,337187,20066610,637,385348
37581,2022-09-18,RU,Russian Federation,EURO,372485,20439095,697,386045
37582,2022-09-25,RU,Russian Federation,EURO,353826,20792921,712,386757
37583,2022-10-02,RU,Russian Federation,EURO,256106,21049027,711,387468
37584,2022-10-09,RU,Russian Federation,EURO,154305,21203332,731,388199
37585,2022-10-16,RU,Russian Federation,EURO,101222,21304554,702,388901
37586,2022-10-23,RU,Russian Federation,EURO,68381,21372935,636,389537
37587,2022-10-30,RU,Russian Federation,EURO,50790,21423725,567,390104
37588,2022-11-06,RU,Russian Federation,EURO,40125,21463850,484,390588
37589,2022-11-13,RU,Russian Federation,EURO,36102,21499952,436,391024
37590,2022-11-20,RU,Russian Federation,EURO,36277,21536229,430,391454
37591,2022-11-27,RU,Russian Federation,EURO,38535,21574764,386,391840
37592,2022-12-04,RU,Russian Federation,EURO,42837,21617601,391,392231
37593,2022-12-11,RU,Russian Federation,EURO,47551,21665152,380,392611
37594,2022-12-18,RU,Russian Federation,EURO,50922,21716074,389,393000
37595,2022-12-25,RU,Russian Federation,EURO,48218,21764292,383,393383
37596,2023-01-01,RU,Russian Federation,EURO,39255,21803547,379,393762
37597,2023-01-08,RU,Russian Federation,EURO,23435,21826982,318,394080
37598,2023-01-15,RU,Russian Federation,EURO,29631,21856613,318,394398
37599,2023-01-22,RU,Russian Federation,EURO,37544,21894157,296,394694
37600,2023-01-29,RU,Russian Federation,EURO,44264,21938421,290,394984
37601,2023-02-05,RU,Russian Federation,EURO,58323,21996744,295,395279
37602,2023-02-12,RU,Russian Federation,EURO,75973,22072717,272,395551
37603,2023-02-19,RU,Russian Federation,EURO,93918,22166635,248,395799
37604,2023-02-26,RU,Russian Federation,EURO,86502,22253137,236,396035
37605,2023-03-05,RU,Russian Federation,EURO,88991,22342128,263,396298
37606,2023-03-12,RU,Russian Federation,EURO,80965,22423093,288,396586
37607,2023-03-19,RU,Russian Federation,EURO,83106,22506199,248,396834
37608,2023-03-26,RU,Russian Federation,EURO,80011,22586210,244,397078
37609,2023-04-02,RU,Russian Federation,EURO,69916,22656126,234,397312
37610,2023-04-09,RU,Russian Federation,EURO,58862,22714988,258,397570
37611,2023-04-16,RU,Russian Federation,EURO,50349,22765337,258,397828
37612,2023-04-23,RU,Russian Federation,EURO,44927,22810264,245,398073
37613,2023-04-30,RU,Russian Federation,EURO,40945,22851209,232,398305
37614,2023-05-07,RU,Russian Federation,EURO,27440,22878649,220,398525
37615,2023-05-14,RU,Russian Federation,EURO,19727,22898376,185,398710
37616,2023-05-21,RU,Russian Federation,EURO,2379,22900755,26,398736
37617,2023-05-28,RU,Russian Federation,EURO,17118,22917873,183,398919
37618,2023-06-04,RU,Russian Federation,EURO,11276,22929149,138,399057
37619,2023-06-11,RU,Russian Federation,EURO,13309,22942458,169,399226
37620,2023-06-18,RU,Russian Federation,EURO,4406,22946864,87,399313
37621,2023-06-25,RU,Russian Federation,EURO,6545,22953409,123,399436
37622,2023-07-02,RU,Russian Federation,EURO,5789,22959198,127,399563
37623,2023-07-09,RU,Russian Federation,EURO,4490,22963688,86,399649
37624,2023-07-16,RU,Russian Federation,EURO,4030,22967718,66,399715
37625,2023-07-23,RU,Russian Federation,EURO,3389,22971107,57,399772
37626,2023-07-30,RU,Russian Federation,EURO,3182,22974289,42,399814
37627,2023-08-06,RU,Russian Federation,EURO,2985,22977274,40,399854
37628,2023-08-13,RU,Russian Federation,EURO,2932,22980206,43,399897
37629,2023-08-20,RU,Russian Federation,EURO,2944,22983150,41,399938
37630,2023-08-27,RU,Russian Federation,EURO,3378,22986528,34,399972
37631,2023-09-03,RU,Russian Federation,EURO,4020,22990548,11,399983
37632,2023-09-10,RU,Russian Federation,EURO,5217,22995765,16,399999
37633,2023-09-17,RU,Russian Federation,EURO,7688,23003453,10,400009
37634,2023-09-24,RU,Russian Federation,EURO,11516,23014969,14,400023
37635,2023-10-01,RU,Russian Federation,EURO,14435,23029404,24,400047
37636,2023-10-08,RU,Russian Federation,EURO,16429,23045833,30,400077
37637,2023-10-15,RU,Russian Federation,EURO,16127,23061960,25,400102
37638,2023-10-22,RU,Russian Federation,EURO,16852,23078812,43,400145
37639,2023-10-29,RU,Russian Federation,EURO,19922,23098734,50,400195
37640,2023-11-05,RU,Russian Federation,EURO,25983,23124717,61,400256
37641,2023-11-12,RU,Russian Federation,EURO,34191,23158908,63,400319
37642,2023-11-19,RU,Russian Federation,EURO,41386,23200294,76,400395
37643,2023-11-26,RU,Russian Federation,EURO,58150,23258444,93,400488
37644,2023-12-03,RU,Russian Federation,EURO,0,23258444,0,400488
37645,2023-12-10,RU,Russian Federation,EURO,0,23258444,0,400488
37646,2023-12-17,RU,Russian Federation,EURO,221209,23479653,283,400771
37647,2023-12-24,RU,Russian Federation,EURO,96903,23576556,164,400935
37648,2020-01-05,RW,Rwanda,AFRO,0,0,0,0
37649,2020-01-12,RW,Rwanda,AFRO,0,0,0,0
37650,2020-01-19,RW,Rwanda,AFRO,0,0,0,0
37651,2020-01-26,RW,Rwanda,AFRO,0,0,0,0
37652,2020-02-02,RW,Rwanda,AFRO,0,0,0,0
37653,2020-02-09,RW,Rwanda,AFRO,0,0,0,0
37654,2020-02-16,RW,Rwanda,AFRO,0,0,0,0
37655,2020-02-23,RW,Rwanda,AFRO,0,0,0,0
37656,2020-03-01,RW,Rwanda,AFRO,0,0,0,0
37657,2020-03-08,RW,Rwanda,AFRO,0,0,0,0
37658,2020-03-15,RW,Rwanda,AFRO,1,1,0,0
37659,2020-03-22,RW,Rwanda,AFRO,16,17,0,0
37660,2020-03-29,RW,Rwanda,AFRO,41,58,0,0
37661,2020-04-05,RW,Rwanda,AFRO,44,102,0,0
37662,2020-04-12,RW,Rwanda,AFRO,18,120,0,0
37663,2020-04-19,RW,Rwanda,AFRO,24,144,0,0
37664,2020-04-26,RW,Rwanda,AFRO,39,183,0,0
37665,2020-05-03,RW,Rwanda,AFRO,72,255,0,0
37666,2020-05-10,RW,Rwanda,AFRO,26,281,0,0
37667,2020-05-17,RW,Rwanda,AFRO,8,289,0,0
37668,2020-05-24,RW,Rwanda,AFRO,36,325,0,0
37669,2020-05-31,RW,Rwanda,AFRO,34,359,1,1
37670,2020-06-07,RW,Rwanda,AFRO,72,431,1,2
37671,2020-06-14,RW,Rwanda,AFRO,110,541,0,2
37672,2020-06-21,RW,Rwanda,AFRO,161,702,0,2
37673,2020-06-28,RW,Rwanda,AFRO,176,878,0,2
37674,2020-07-05,RW,Rwanda,AFRO,214,1092,1,3
37675,2020-07-12,RW,Rwanda,AFRO,207,1299,1,4
37676,2020-07-19,RW,Rwanda,AFRO,240,1539,1,5
37677,2020-07-26,RW,Rwanda,AFRO,213,1752,0,5
37678,2020-08-02,RW,Rwanda,AFRO,290,2042,0,5
37679,2020-08-09,RW,Rwanda,AFRO,93,2135,1,6
37680,2020-08-16,RW,Rwanda,AFRO,217,2352,2,8
37681,2020-08-23,RW,Rwanda,AFRO,537,2889,3,11
37682,2020-08-30,RW,Rwanda,AFRO,954,3843,5,16
37683,2020-09-06,RW,Rwanda,AFRO,506,4349,2,18
37684,2020-09-13,RW,Rwanda,AFRO,216,4565,4,22
37685,2020-09-20,RW,Rwanda,AFRO,124,4689,4,26
37686,2020-09-27,RW,Rwanda,AFRO,122,4811,3,29
37687,2020-10-04,RW,Rwanda,AFRO,40,4851,0,29
37688,2020-10-11,RW,Rwanda,AFRO,41,4892,1,30
37689,2020-10-18,RW,Rwanda,AFRO,79,4971,4,34
37690,2020-10-25,RW,Rwanda,AFRO,89,5060,0,34
37691,2020-11-01,RW,Rwanda,AFRO,77,5137,1,35
37692,2020-11-08,RW,Rwanda,AFRO,76,5213,1,36
37693,2020-11-15,RW,Rwanda,AFRO,181,5394,6,42
37694,2020-11-22,RW,Rwanda,AFRO,226,5620,4,46
37695,2020-11-29,RW,Rwanda,AFRO,271,5891,1,47
37696,2020-12-06,RW,Rwanda,AFRO,193,6084,4,51
37697,2020-12-13,RW,Rwanda,AFRO,444,6528,5,56
37698,2020-12-20,RW,Rwanda,AFRO,704,7232,3,59
37699,2020-12-27,RW,Rwanda,AFRO,585,7817,14,73
37700,2021-01-03,RW,Rwanda,AFRO,750,8567,25,98
37701,2021-01-10,RW,Rwanda,AFRO,894,9461,20,118
37702,2021-01-17,RW,Rwanda,AFRO,1389,10850,22,140
37703,2021-01-24,RW,Rwanda,AFRO,1797,12647,32,172
37704,2021-01-31,RW,Rwanda,AFRO,2471,15118,21,193
37705,2021-02-07,RW,Rwanda,AFRO,1219,16337,24,217
37706,2021-02-14,RW,Rwanda,AFRO,930,17267,19,236
37707,2021-02-21,RW,Rwanda,AFRO,721,17988,11,247
37708,2021-02-28,RW,Rwanda,AFRO,802,18790,14,261
37709,2021-03-07,RW,Rwanda,AFRO,636,19426,6,267
37710,2021-03-14,RW,Rwanda,AFRO,717,20143,9,276
37711,2021-03-21,RW,Rwanda,AFRO,618,20761,11,287
37712,2021-03-28,RW,Rwanda,AFRO,609,21370,14,301
37713,2021-04-04,RW,Rwanda,AFRO,873,22243,10,311
37714,2021-04-11,RW,Rwanda,AFRO,1100,23343,3,314
37715,2021-04-18,RW,Rwanda,AFRO,523,23866,8,322
37716,2021-04-25,RW,Rwanda,AFRO,669,24535,6,328
37717,2021-05-02,RW,Rwanda,AFRO,690,25225,7,335
37718,2021-05-09,RW,Rwanda,AFRO,361,25586,3,338
37719,2021-05-16,RW,Rwanda,AFRO,348,25934,4,342
37720,2021-05-23,RW,Rwanda,AFRO,490,26424,6,348
37721,2021-05-30,RW,Rwanda,AFRO,356,26780,1,349
37722,2021-06-06,RW,Rwanda,AFRO,382,27162,10,359
37723,2021-06-13,RW,Rwanda,AFRO,498,27660,7,366
37724,2021-06-20,RW,Rwanda,AFRO,2388,30048,12,378
37725,2021-06-27,RW,Rwanda,AFRO,4970,35018,26,404
37726,2021-07-04,RW,Rwanda,AFRO,6678,41696,61,465
37727,2021-07-11,RW,Rwanda,AFRO,5971,47667,86,551
37728,2021-07-18,RW,Rwanda,AFRO,6882,54549,87,638
37729,2021-07-25,RW,Rwanda,AFRO,10060,64609,89,727
37730,2021-08-01,RW,Rwanda,AFRO,6089,70698,81,808
37731,2021-08-08,RW,Rwanda,AFRO,4945,75643,73,881
37732,2021-08-15,RW,Rwanda,AFRO,3651,79294,68,949
37733,2021-08-22,RW,Rwanda,AFRO,3336,82630,61,1010
37734,2021-08-29,RW,Rwanda,AFRO,3612,86242,64,1074
37735,2021-09-05,RW,Rwanda,AFRO,3282,89524,43,1117
37736,2021-09-12,RW,Rwanda,AFRO,2869,92393,47,1164
37737,2021-09-19,RW,Rwanda,AFRO,2724,95117,42,1206
37738,2021-09-26,RW,Rwanda,AFRO,1610,96727,42,1248
37739,2021-10-03,RW,Rwanda,AFRO,1054,97781,33,1281
37740,2021-10-10,RW,Rwanda,AFRO,818,98599,23,1304
37741,2021-10-17,RW,Rwanda,AFRO,527,99126,9,1313
37742,2021-10-24,RW,Rwanda,AFRO,226,99352,7,1320
37743,2021-10-31,RW,Rwanda,AFRO,329,99681,8,1328
37744,2021-11-07,RW,Rwanda,AFRO,250,99931,4,1332
37745,2021-11-14,RW,Rwanda,AFRO,194,100125,6,1338
37746,2021-11-21,RW,Rwanda,AFRO,82,100207,2,1340
37747,2021-11-28,RW,Rwanda,AFRO,118,100325,2,1342
37748,2021-12-05,RW,Rwanda,AFRO,79,100404,1,1343
37749,2021-12-12,RW,Rwanda,AFRO,180,100584,1,1344
37750,2021-12-19,RW,Rwanda,AFRO,829,101413,0,1344
37751,2021-12-26,RW,Rwanda,AFRO,3099,104512,2,1346
37752,2022-01-02,RW,Rwanda,AFRO,8142,112654,5,1351
37753,2022-01-09,RW,Rwanda,AFRO,7720,120374,22,1373
37754,2022-01-16,RW,Rwanda,AFRO,4428,124802,30,1403
37755,2022-01-23,RW,Rwanda,AFRO,3100,127902,29,1432
37756,2022-01-30,RW,Rwanda,AFRO,900,128802,6,1438
37757,2022-02-06,RW,Rwanda,AFRO,323,129125,8,1446
37758,2022-02-13,RW,Rwanda,AFRO,170,129295,4,1450
37759,2022-02-20,RW,Rwanda,AFRO,74,129369,5,1455
37760,2022-02-27,RW,Rwanda,AFRO,116,129485,2,1457
37761,2022-03-06,RW,Rwanda,AFRO,66,129551,1,1458
37762,2022-03-13,RW,Rwanda,AFRO,38,129589,1,1459
37763,2022-03-20,RW,Rwanda,AFRO,48,129637,0,1459
37764,2022-03-27,RW,Rwanda,AFRO,71,129708,0,1459
37765,2022-04-03,RW,Rwanda,AFRO,21,129729,0,1459
37766,2022-04-10,RW,Rwanda,AFRO,18,129747,0,1459
37767,2022-04-17,RW,Rwanda,AFRO,20,129767,0,1459
37768,2022-04-24,RW,Rwanda,AFRO,18,129785,0,1459
37769,2022-05-01,RW,Rwanda,AFRO,45,129830,0,1459
37770,2022-05-08,RW,Rwanda,AFRO,41,129871,0,1459
37771,2022-05-15,RW,Rwanda,AFRO,48,129919,0,1459
37772,2022-05-22,RW,Rwanda,AFRO,62,129981,0,1459
37773,2022-05-29,RW,Rwanda,AFRO,64,130045,0,1459
37774,2022-06-05,RW,Rwanda,AFRO,134,130179,0,1459
37775,2022-06-12,RW,Rwanda,AFRO,178,130357,0,1459
37776,2022-06-19,RW,Rwanda,AFRO,212,130569,0,1459
37777,2022-06-26,RW,Rwanda,AFRO,256,130825,0,1459
37778,2022-07-03,RW,Rwanda,AFRO,367,131192,0,1459
37779,2022-07-10,RW,Rwanda,AFRO,476,131668,2,1461
37780,2022-07-17,RW,Rwanda,AFRO,227,131895,4,1465
37781,2022-07-24,RW,Rwanda,AFRO,49,131944,1,1466
37782,2022-07-31,RW,Rwanda,AFRO,323,132267,0,1466
37783,2022-08-07,RW,Rwanda,AFRO,58,132325,0,1466
37784,2022-08-14,RW,Rwanda,AFRO,30,132355,0,1466
37785,2022-08-21,RW,Rwanda,AFRO,22,132377,0,1466
37786,2022-08-28,RW,Rwanda,AFRO,38,132415,0,1466
37787,2022-09-04,RW,Rwanda,AFRO,34,132449,0,1466
37788,2022-09-11,RW,Rwanda,AFRO,25,132474,0,1466
37789,2022-09-18,RW,Rwanda,AFRO,11,132485,0,1466
37790,2022-09-25,RW,Rwanda,AFRO,3,132488,0,1466
37791,2022-10-02,RW,Rwanda,AFRO,16,132504,0,1466
37792,2022-10-09,RW,Rwanda,AFRO,11,132515,1,1467
37793,2022-10-16,RW,Rwanda,AFRO,2,132517,0,1467
37794,2022-10-23,RW,Rwanda,AFRO,16,132533,0,1467
37795,2022-10-30,RW,Rwanda,AFRO,23,132556,0,1467
37796,2022-11-06,RW,Rwanda,AFRO,29,132585,0,1467
37797,2022-11-13,RW,Rwanda,AFRO,26,132611,0,1467
37798,2022-11-20,RW,Rwanda,AFRO,32,132643,0,1467
37799,2022-11-27,RW,Rwanda,AFRO,38,132681,0,1467
37800,2022-12-04,RW,Rwanda,AFRO,81,132762,0,1467
37801,2022-12-11,RW,Rwanda,AFRO,49,132811,0,1467
37802,2022-12-18,RW,Rwanda,AFRO,29,132840,0,1467
37803,2022-12-25,RW,Rwanda,AFRO,80,132920,0,1467
37804,2023-01-01,RW,Rwanda,AFRO,59,132979,0,1467
37805,2023-01-08,RW,Rwanda,AFRO,54,133033,1,1468
37806,2023-01-15,RW,Rwanda,AFRO,25,133058,0,1468
37807,2023-01-22,RW,Rwanda,AFRO,20,133078,0,1468
37808,2023-01-29,RW,Rwanda,AFRO,12,133090,0,1468
37809,2023-02-05,RW,Rwanda,AFRO,13,133103,0,1468
37810,2023-02-12,RW,Rwanda,AFRO,45,133148,0,1468
37811,2023-02-19,RW,Rwanda,AFRO,22,133170,0,1468
37812,2023-02-26,RW,Rwanda,AFRO,14,133184,0,1468
37813,2023-03-05,RW,Rwanda,AFRO,10,133194,0,1468
37814,2023-03-12,RW,Rwanda,AFRO,0,133194,0,1468
37815,2023-03-19,RW,Rwanda,AFRO,0,133194,0,1468
37816,2023-03-26,RW,Rwanda,AFRO,0,133194,0,1468
37817,2023-04-02,RW,Rwanda,AFRO,0,133194,0,1468
37818,2023-04-09,RW,Rwanda,AFRO,0,133194,0,1468
37819,2023-04-16,RW,Rwanda,AFRO,0,133194,0,1468
37820,2023-04-23,RW,Rwanda,AFRO,0,133194,0,1468
37821,2023-04-30,RW,Rwanda,AFRO,0,133194,0,1468
37822,2023-05-07,RW,Rwanda,AFRO,0,133194,0,1468
37823,2023-05-14,RW,Rwanda,AFRO,0,133194,0,1468
37824,2023-05-21,RW,Rwanda,AFRO,0,133194,0,1468
37825,2023-05-28,RW,Rwanda,AFRO,0,133194,0,1468
37826,2023-06-04,RW,Rwanda,AFRO,0,133194,0,1468
37827,2023-06-11,RW,Rwanda,AFRO,0,133194,0,1468
37828,2023-06-18,RW,Rwanda,AFRO,0,133194,0,1468
37829,2023-06-25,RW,Rwanda,AFRO,0,133194,0,1468
37830,2023-07-02,RW,Rwanda,AFRO,0,133194,0,1468
37831,2023-07-09,RW,Rwanda,AFRO,0,133194,0,1468
37832,2023-07-16,RW,Rwanda,AFRO,0,133194,0,1468
37833,2023-07-23,RW,Rwanda,AFRO,0,133194,0,1468
37834,2023-07-30,RW,Rwanda,AFRO,0,133194,0,1468
37835,2023-08-06,RW,Rwanda,AFRO,0,133194,0,1468
37836,2023-08-13,RW,Rwanda,AFRO,0,133194,0,1468
37837,2023-08-20,RW,Rwanda,AFRO,0,133194,0,1468
37838,2023-08-27,RW,Rwanda,AFRO,0,133194,0,1468
37839,2023-09-03,RW,Rwanda,AFRO,0,133194,0,1468
37840,2023-09-10,RW,Rwanda,AFRO,0,133194,0,1468
37841,2023-09-17,RW,Rwanda,AFRO,0,133194,0,1468
37842,2023-09-24,RW,Rwanda,AFRO,0,133194,0,1468
37843,2023-10-01,RW,Rwanda,AFRO,0,133194,0,1468
37844,2023-10-08,RW,Rwanda,AFRO,0,133194,0,1468
37845,2023-10-15,RW,Rwanda,AFRO,0,133194,0,1468
37846,2023-10-22,RW,Rwanda,AFRO,0,133194,0,1468
37847,2023-10-29,RW,Rwanda,AFRO,0,133194,0,1468
37848,2023-11-05,RW,Rwanda,AFRO,0,133194,0,1468
37849,2023-11-12,RW,Rwanda,AFRO,0,133194,0,1468
37850,2023-11-19,RW,Rwanda,AFRO,14,133208,0,1468
37851,2023-11-26,RW,Rwanda,AFRO,0,133208,0,1468
37852,2023-12-03,RW,Rwanda,AFRO,0,133208,0,1468
37853,2023-12-10,RW,Rwanda,AFRO,0,133208,0,1468
37854,2023-12-17,RW,Rwanda,AFRO,0,133208,0,1468
37855,2023-12-24,RW,Rwanda,AFRO,0,133208,0,1468
37856,2020-01-05,BL,Saint Barthélemy,,0,0,0,0
37857,2020-01-12,BL,Saint Barthélemy,,0,0,0,0
37858,2020-01-19,BL,Saint Barthélemy,,0,0,0,0
37859,2020-01-26,BL,Saint Barthélemy,,0,0,0,0
37860,2020-02-02,BL,Saint Barthélemy,,0,0,0,0
37861,2020-02-09,BL,Saint Barthélemy,,0,0,0,0
37862,2020-02-16,BL,Saint Barthélemy,,0,0,0,0
37863,2020-02-23,BL,Saint Barthélemy,,0,0,0,0
37864,2020-03-01,BL,Saint Barthélemy,,0,0,0,0
37865,2020-03-08,BL,Saint Barthélemy,,1,1,0,0
37866,2020-03-15,BL,Saint Barthélemy,,0,1,0,0
37867,2020-03-22,BL,Saint Barthélemy,,2,3,0,0
37868,2020-03-29,BL,Saint Barthélemy,,2,5,0,0
37869,2020-04-05,BL,Saint Barthélemy,,1,6,0,0
37870,2020-04-12,BL,Saint Barthélemy,,0,6,0,0
37871,2020-04-19,BL,Saint Barthélemy,,0,6,0,0
37872,2020-04-26,BL,Saint Barthélemy,,0,6,0,0
37873,2020-05-03,BL,Saint Barthélemy,,0,6,0,0
37874,2020-05-10,BL,Saint Barthélemy,,0,6,0,0
37875,2020-05-17,BL,Saint Barthélemy,,0,6,0,0
37876,2020-05-24,BL,Saint Barthélemy,,0,6,0,0
37877,2020-05-31,BL,Saint Barthélemy,,0,6,0,0
37878,2020-06-07,BL,Saint Barthélemy,,0,6,0,0
37879,2020-06-14,BL,Saint Barthélemy,,0,6,0,0
37880,2020-06-21,BL,Saint Barthélemy,,0,6,0,0
37881,2020-06-28,BL,Saint Barthélemy,,0,6,0,0
37882,2020-07-05,BL,Saint Barthélemy,,0,6,0,0
37883,2020-07-12,BL,Saint Barthélemy,,0,6,0,0
37884,2020-07-19,BL,Saint Barthélemy,,0,6,0,0
37885,2020-07-26,BL,Saint Barthélemy,,1,7,0,0
37886,2020-08-02,BL,Saint Barthélemy,,1,8,0,0
37887,2020-08-09,BL,Saint Barthélemy,,1,9,0,0
37888,2020-08-16,BL,Saint Barthélemy,,4,13,0,0
37889,2020-08-23,BL,Saint Barthélemy,,3,16,0,0
37890,2020-08-30,BL,Saint Barthélemy,,2,18,0,0
37891,2020-09-06,BL,Saint Barthélemy,,0,18,0,0
37892,2020-09-13,BL,Saint Barthélemy,,3,21,0,0
37893,2020-09-20,BL,Saint Barthélemy,,2,23,0,0
37894,2020-09-27,BL,Saint Barthélemy,,25,48,0,0
37895,2020-10-04,BL,Saint Barthélemy,,14,62,0,0
37896,2020-10-11,BL,Saint Barthélemy,,3,65,0,0
37897,2020-10-18,BL,Saint Barthélemy,,7,72,0,0
37898,2020-10-25,BL,Saint Barthélemy,,11,83,0,0
37899,2020-11-01,BL,Saint Barthélemy,,6,89,0,0
37900,2020-11-08,BL,Saint Barthélemy,,1,90,0,0
37901,2020-11-15,BL,Saint Barthélemy,,19,109,0,0
37902,2020-11-22,BL,Saint Barthélemy,,18,127,0,0
37903,2020-11-29,BL,Saint Barthélemy,,0,127,0,0
37904,2020-12-06,BL,Saint Barthélemy,,25,152,0,0
37905,2020-12-13,BL,Saint Barthélemy,,12,164,0,0
37906,2020-12-20,BL,Saint Barthélemy,,18,182,0,0
37907,2020-12-27,BL,Saint Barthélemy,,7,189,0,0
37908,2021-01-03,BL,Saint Barthélemy,,1,190,0,0
37909,2021-01-10,BL,Saint Barthélemy,,1,191,0,0
37910,2021-01-17,BL,Saint Barthélemy,,33,224,0,0
37911,2021-01-24,BL,Saint Barthélemy,,152,376,0,0
37912,2021-01-31,BL,Saint Barthélemy,,3,379,0,0
37913,2021-02-07,BL,Saint Barthélemy,,0,379,0,0
37914,2021-02-14,BL,Saint Barthélemy,,96,475,0,0
37915,2021-02-21,BL,Saint Barthélemy,,0,475,0,0
37916,2021-02-28,BL,Saint Barthélemy,,137,612,0,0
37917,2021-03-07,BL,Saint Barthélemy,,59,671,0,0
37918,2021-03-14,BL,Saint Barthélemy,,54,725,1,1
37919,2021-03-21,BL,Saint Barthélemy,,51,776,0,1
37920,2021-03-28,BL,Saint Barthélemy,,81,857,0,1
37921,2021-04-04,BL,Saint Barthélemy,,53,910,0,1
37922,2021-04-11,BL,Saint Barthélemy,,18,928,0,1
37923,2021-04-18,BL,Saint Barthélemy,,26,954,0,1
37924,2021-04-25,BL,Saint Barthélemy,,22,976,0,1
37925,2021-05-02,BL,Saint Barthélemy,,12,988,0,1
37926,2021-05-09,BL,Saint Barthélemy,,6,994,0,1
37927,2021-05-16,BL,Saint Barthélemy,,16,1010,0,1
37928,2021-05-23,BL,Saint Barthélemy,,6,1016,0,1
37929,2021-05-30,BL,Saint Barthélemy,,7,1023,0,1
37930,2021-06-06,BL,Saint Barthélemy,,6,1029,0,1
37931,2021-06-13,BL,Saint Barthélemy,,3,1032,0,1
37932,2021-06-20,BL,Saint Barthélemy,,8,1040,0,1
37933,2021-06-27,BL,Saint Barthélemy,,3,1043,0,1
37934,2021-07-04,BL,Saint Barthélemy,,3,1046,0,1
37935,2021-07-11,BL,Saint Barthélemy,,6,1052,0,1
37936,2021-07-18,BL,Saint Barthélemy,,5,1057,0,1
37937,2021-07-25,BL,Saint Barthélemy,,8,1065,0,1
37938,2021-08-01,BL,Saint Barthélemy,,270,1335,0,1
37939,2021-08-08,BL,Saint Barthélemy,,64,1399,0,1
37940,2021-08-15,BL,Saint Barthélemy,,80,1479,0,1
37941,2021-08-22,BL,Saint Barthélemy,,74,1553,0,1
37942,2021-08-29,BL,Saint Barthélemy,,39,1592,0,1
37943,2021-09-05,BL,Saint Barthélemy,,15,1607,1,2
37944,2021-09-12,BL,Saint Barthélemy,,6,1613,0,2
37945,2021-09-19,BL,Saint Barthélemy,,11,1624,0,2
37946,2021-09-26,BL,Saint Barthélemy,,10,1634,0,2
37947,2021-10-03,BL,Saint Barthélemy,,15,1649,2,4
37948,2021-10-10,BL,Saint Barthélemy,,9,1658,0,4
37949,2021-10-17,BL,Saint Barthélemy,,1,1659,0,4
37950,2021-10-24,BL,Saint Barthélemy,,0,1659,0,4
37951,2021-10-31,BL,Saint Barthélemy,,1,1660,0,4
37952,2021-11-07,BL,Saint Barthélemy,,1,1661,0,4
37953,2021-11-14,BL,Saint Barthélemy,,0,1661,0,4
37954,2021-11-21,BL,Saint Barthélemy,,5,1666,0,4
37955,2021-11-28,BL,Saint Barthélemy,,6,1672,0,4
37956,2021-12-05,BL,Saint Barthélemy,,2,1674,0,4
37957,2021-12-12,BL,Saint Barthélemy,,9,1683,0,4
37958,2021-12-19,BL,Saint Barthélemy,,9,1692,0,4
37959,2021-12-26,BL,Saint Barthélemy,,34,1726,0,4
37960,2022-01-02,BL,Saint Barthélemy,,229,1955,0,4
37961,2022-01-09,BL,Saint Barthélemy,,495,2450,0,4
37962,2022-01-16,BL,Saint Barthélemy,,502,2952,0,4
37963,2022-01-23,BL,Saint Barthélemy,,266,3218,0,4
37964,2022-01-30,BL,Saint Barthélemy,,209,3427,0,4
37965,2022-02-06,BL,Saint Barthélemy,,115,3542,0,4
37966,2022-02-13,BL,Saint Barthélemy,,91,3633,0,4
37967,2022-02-20,BL,Saint Barthélemy,,51,3684,0,4
37968,2022-02-27,BL,Saint Barthélemy,,27,3711,0,4
37969,2022-03-06,BL,Saint Barthélemy,,15,3726,0,4
37970,2022-03-13,BL,Saint Barthélemy,,37,3763,0,4
37971,2022-03-20,BL,Saint Barthélemy,,42,3805,0,4
37972,2022-03-27,BL,Saint Barthélemy,,78,3883,0,4
37973,2022-04-03,BL,Saint Barthélemy,,186,4069,0,4
37974,2022-04-10,BL,Saint Barthélemy,,164,4233,0,4
37975,2022-04-17,BL,Saint Barthélemy,,135,4368,0,4
37976,2022-04-24,BL,Saint Barthélemy,,75,4443,0,4
37977,2022-05-01,BL,Saint Barthélemy,,44,4487,0,4
37978,2022-05-08,BL,Saint Barthélemy,,31,4518,0,4
37979,2022-05-15,BL,Saint Barthélemy,,32,4550,0,4
37980,2022-05-22,BL,Saint Barthélemy,,21,4571,0,4
37981,2022-05-29,BL,Saint Barthélemy,,23,4594,0,4
37982,2022-06-05,BL,Saint Barthélemy,,20,4614,0,4
37983,2022-06-12,BL,Saint Barthélemy,,32,4646,0,4
37984,2022-06-19,BL,Saint Barthélemy,,25,4671,0,4
37985,2022-06-26,BL,Saint Barthélemy,,26,4697,0,4
37986,2022-07-03,BL,Saint Barthélemy,,43,4740,1,5
37987,2022-07-10,BL,Saint Barthélemy,,105,4845,0,5
37988,2022-07-17,BL,Saint Barthélemy,,109,4954,0,5
37989,2022-07-24,BL,Saint Barthélemy,,101,5055,0,5
37990,2022-07-31,BL,Saint Barthélemy,,83,5138,0,5
37991,2022-08-07,BL,Saint Barthélemy,,39,5177,0,5
37992,2022-08-14,BL,Saint Barthélemy,,31,5208,0,5
37993,2022-08-21,BL,Saint Barthélemy,,23,5231,0,5
37994,2022-08-28,BL,Saint Barthélemy,,32,5263,0,5
37995,2022-09-04,BL,Saint Barthélemy,,0,5263,0,5
37996,2022-09-11,BL,Saint Barthélemy,,0,5263,0,5
37997,2022-09-18,BL,Saint Barthélemy,,0,5263,0,5
37998,2022-09-25,BL,Saint Barthélemy,,22,5285,0,5
37999,2022-10-02,BL,Saint Barthélemy,,0,5285,0,5
38000,2022-10-09,BL,Saint Barthélemy,,17,5302,0,5
38001,2022-10-16,BL,Saint Barthélemy,,11,5313,0,5
38002,2022-10-23,BL,Saint Barthélemy,,10,5323,0,5
38003,2022-10-30,BL,Saint Barthélemy,,0,5323,0,5
38004,2022-11-06,BL,Saint Barthélemy,,9,5332,0,5
38005,2022-11-13,BL,Saint Barthélemy,,4,5336,0,5
38006,2022-11-20,BL,Saint Barthélemy,,5,5341,0,5
38007,2022-11-27,BL,Saint Barthélemy,,7,5348,0,5
38008,2022-12-04,BL,Saint Barthélemy,,12,5360,0,5
38009,2022-12-11,BL,Saint Barthélemy,,22,5382,0,5
38010,2022-12-18,BL,Saint Barthélemy,,9,5391,0,5
38011,2022-12-25,BL,Saint Barthélemy,,11,5402,0,5
38012,2023-01-01,BL,Saint Barthélemy,,6,5408,0,5
38013,2023-01-08,BL,Saint Barthélemy,,10,5418,0,5
38014,2023-01-15,BL,Saint Barthélemy,,0,5418,0,5
38015,2023-01-22,BL,Saint Barthélemy,,2,5420,0,5
38016,2023-01-29,BL,Saint Barthélemy,,6,5426,0,5
38017,2023-02-05,BL,Saint Barthélemy,,5,5431,0,5
38018,2023-02-12,BL,Saint Barthélemy,,4,5435,0,5
38019,2023-02-19,BL,Saint Barthélemy,,4,5439,0,5
38020,2023-02-26,BL,Saint Barthélemy,,1,5440,0,5
38021,2023-03-05,BL,Saint Barthélemy,,1,5441,0,5
38022,2023-03-12,BL,Saint Barthélemy,,8,5449,0,5
38023,2023-03-19,BL,Saint Barthélemy,,18,5467,0,5
38024,2023-03-26,BL,Saint Barthélemy,,11,5478,0,5
38025,2023-04-02,BL,Saint Barthélemy,,0,5478,0,5
38026,2023-04-09,BL,Saint Barthélemy,,0,5478,0,5
38027,2023-04-16,BL,Saint Barthélemy,,6,5484,0,5
38028,2023-04-23,BL,Saint Barthélemy,,1,5485,0,5
38029,2023-04-30,BL,Saint Barthélemy,,1,5486,0,5
38030,2023-05-07,BL,Saint Barthélemy,,0,5486,0,5
38031,2023-05-14,BL,Saint Barthélemy,,0,5486,0,5
38032,2023-05-21,BL,Saint Barthélemy,,8,5494,0,5
38033,2023-05-28,BL,Saint Barthélemy,,0,5494,0,5
38034,2023-06-04,BL,Saint Barthélemy,,0,5494,0,5
38035,2023-06-11,BL,Saint Barthélemy,,0,5494,0,5
38036,2023-06-18,BL,Saint Barthélemy,,0,5494,0,5
38037,2023-06-25,BL,Saint Barthélemy,,13,5507,0,5
38038,2023-07-02,BL,Saint Barthélemy,,0,5507,0,5
38039,2023-07-09,BL,Saint Barthélemy,,0,5507,0,5
38040,2023-07-16,BL,Saint Barthélemy,,0,5507,0,5
38041,2023-07-23,BL,Saint Barthélemy,,0,5507,0,5
38042,2023-07-30,BL,Saint Barthélemy,,0,5507,0,5
38043,2023-08-06,BL,Saint Barthélemy,,0,5507,0,5
38044,2023-08-13,BL,Saint Barthélemy,,0,5507,0,5
38045,2023-08-20,BL,Saint Barthélemy,,0,5507,0,5
38046,2023-08-27,BL,Saint Barthélemy,,0,5507,0,5
38047,2023-09-03,BL,Saint Barthélemy,,0,5507,0,5
38048,2023-09-10,BL,Saint Barthélemy,,0,5507,0,5
38049,2023-09-17,BL,Saint Barthélemy,,0,5507,0,5
38050,2023-09-24,BL,Saint Barthélemy,,0,5507,0,5
38051,2023-10-01,BL,Saint Barthélemy,,0,5507,0,5
38052,2023-10-08,BL,Saint Barthélemy,,0,5507,0,5
38053,2023-10-15,BL,Saint Barthélemy,,0,5507,0,5
38054,2023-10-22,BL,Saint Barthélemy,,0,5507,0,5
38055,2023-10-29,BL,Saint Barthélemy,,0,5507,0,5
38056,2023-11-05,BL,Saint Barthélemy,,0,5507,0,5
38057,2023-11-12,BL,Saint Barthélemy,,0,5507,0,5
38058,2023-11-19,BL,Saint Barthélemy,,0,5507,0,5
38059,2023-11-26,BL,Saint Barthélemy,,0,5507,0,5
38060,2023-12-03,BL,Saint Barthélemy,,0,5507,0,5
38061,2023-12-10,BL,Saint Barthélemy,,0,5507,0,5
38062,2023-12-17,BL,Saint Barthélemy,,0,5507,0,5
38063,2023-12-24,BL,Saint Barthélemy,,0,5507,0,5
38064,2020-01-05,SH,Saint Helena,,0,0,0,0
38065,2020-01-12,SH,Saint Helena,,0,0,0,0
38066,2020-01-19,SH,Saint Helena,,0,0,0,0
38067,2020-01-26,SH,Saint Helena,,0,0,0,0
38068,2020-02-02,SH,Saint Helena,,0,0,0,0
38069,2020-02-09,SH,Saint Helena,,0,0,0,0
38070,2020-02-16,SH,Saint Helena,,0,0,0,0
38071,2020-02-23,SH,Saint Helena,,0,0,0,0
38072,2020-03-01,SH,Saint Helena,,0,0,0,0
38073,2020-03-08,SH,Saint Helena,,0,0,0,0
38074,2020-03-15,SH,Saint Helena,,0,0,0,0
38075,2020-03-22,SH,Saint Helena,,0,0,0,0
38076,2020-03-29,SH,Saint Helena,,0,0,0,0
38077,2020-04-05,SH,Saint Helena,,0,0,0,0
38078,2020-04-12,SH,Saint Helena,,0,0,0,0
38079,2020-04-19,SH,Saint Helena,,0,0,0,0
38080,2020-04-26,SH,Saint Helena,,0,0,0,0
38081,2020-05-03,SH,Saint Helena,,0,0,0,0
38082,2020-05-10,SH,Saint Helena,,0,0,0,0
38083,2020-05-17,SH,Saint Helena,,0,0,0,0
38084,2020-05-24,SH,Saint Helena,,0,0,0,0
38085,2020-05-31,SH,Saint Helena,,0,0,0,0
38086,2020-06-07,SH,Saint Helena,,0,0,0,0
38087,2020-06-14,SH,Saint Helena,,0,0,0,0
38088,2020-06-21,SH,Saint Helena,,0,0,0,0
38089,2020-06-28,SH,Saint Helena,,0,0,0,0
38090,2020-07-05,SH,Saint Helena,,0,0,0,0
38091,2020-07-12,SH,Saint Helena,,0,0,0,0
38092,2020-07-19,SH,Saint Helena,,0,0,0,0
38093,2020-07-26,SH,Saint Helena,,0,0,0,0
38094,2020-08-02,SH,Saint Helena,,0,0,0,0
38095,2020-08-09,SH,Saint Helena,,0,0,0,0
38096,2020-08-16,SH,Saint Helena,,0,0,0,0
38097,2020-08-23,SH,Saint Helena,,0,0,0,0
38098,2020-08-30,SH,Saint Helena,,0,0,0,0
38099,2020-09-06,SH,Saint Helena,,0,0,0,0
38100,2020-09-13,SH,Saint Helena,,0,0,0,0
38101,2020-09-20,SH,Saint Helena,,0,0,0,0
38102,2020-09-27,SH,Saint Helena,,0,0,0,0
38103,2020-10-04,SH,Saint Helena,,0,0,0,0
38104,2020-10-11,SH,Saint Helena,,0,0,0,0
38105,2020-10-18,SH,Saint Helena,,0,0,0,0
38106,2020-10-25,SH,Saint Helena,,0,0,0,0
38107,2020-11-01,SH,Saint Helena,,0,0,0,0
38108,2020-11-08,SH,Saint Helena,,0,0,0,0
38109,2020-11-15,SH,Saint Helena,,0,0,0,0
38110,2020-11-22,SH,Saint Helena,,0,0,0,0
38111,2020-11-29,SH,Saint Helena,,0,0,0,0
38112,2020-12-06,SH,Saint Helena,,0,0,0,0
38113,2020-12-13,SH,Saint Helena,,0,0,0,0
38114,2020-12-20,SH,Saint Helena,,0,0,0,0
38115,2020-12-27,SH,Saint Helena,,0,0,0,0
38116,2021-01-03,SH,Saint Helena,,0,0,0,0
38117,2021-01-10,SH,Saint Helena,,0,0,0,0
38118,2021-01-17,SH,Saint Helena,,0,0,0,0
38119,2021-01-24,SH,Saint Helena,,0,0,0,0
38120,2021-01-31,SH,Saint Helena,,0,0,0,0
38121,2021-02-07,SH,Saint Helena,,0,0,0,0
38122,2021-02-14,SH,Saint Helena,,0,0,0,0
38123,2021-02-21,SH,Saint Helena,,0,0,0,0
38124,2021-02-28,SH,Saint Helena,,0,0,0,0
38125,2021-03-07,SH,Saint Helena,,0,0,0,0
38126,2021-03-14,SH,Saint Helena,,0,0,0,0
38127,2021-03-21,SH,Saint Helena,,0,0,0,0
38128,2021-03-28,SH,Saint Helena,,0,0,0,0
38129,2021-04-04,SH,Saint Helena,,0,0,0,0
38130,2021-04-11,SH,Saint Helena,,0,0,0,0
38131,2021-04-18,SH,Saint Helena,,0,0,0,0
38132,2021-04-25,SH,Saint Helena,,0,0,0,0
38133,2021-05-02,SH,Saint Helena,,0,0,0,0
38134,2021-05-09,SH,Saint Helena,,0,0,0,0
38135,2021-05-16,SH,Saint Helena,,0,0,0,0
38136,2021-05-23,SH,Saint Helena,,0,0,0,0
38137,2021-05-30,SH,Saint Helena,,0,0,0,0
38138,2021-06-06,SH,Saint Helena,,0,0,0,0
38139,2021-06-13,SH,Saint Helena,,0,0,0,0
38140,2021-06-20,SH,Saint Helena,,0,0,0,0
38141,2021-06-27,SH,Saint Helena,,0,0,0,0
38142,2021-07-04,SH,Saint Helena,,0,0,0,0
38143,2021-07-11,SH,Saint Helena,,0,0,0,0
38144,2021-07-18,SH,Saint Helena,,0,0,0,0
38145,2021-07-25,SH,Saint Helena,,0,0,0,0
38146,2021-08-01,SH,Saint Helena,,0,0,0,0
38147,2021-08-08,SH,Saint Helena,,0,0,0,0
38148,2021-08-15,SH,Saint Helena,,0,0,0,0
38149,2021-08-22,SH,Saint Helena,,0,0,0,0
38150,2021-08-29,SH,Saint Helena,,0,0,0,0
38151,2021-09-05,SH,Saint Helena,,0,0,0,0
38152,2021-09-12,SH,Saint Helena,,0,0,0,0
38153,2021-09-19,SH,Saint Helena,,0,0,0,0
38154,2021-09-26,SH,Saint Helena,,0,0,0,0
38155,2021-10-03,SH,Saint Helena,,0,0,0,0
38156,2021-10-10,SH,Saint Helena,,0,0,0,0
38157,2021-10-17,SH,Saint Helena,,0,0,0,0
38158,2021-10-24,SH,Saint Helena,,0,0,0,0
38159,2021-10-31,SH,Saint Helena,,0,0,0,0
38160,2021-11-07,SH,Saint Helena,,0,0,0,0
38161,2021-11-14,SH,Saint Helena,,0,0,0,0
38162,2021-11-21,SH,Saint Helena,,0,0,0,0
38163,2021-11-28,SH,Saint Helena,,0,0,0,0
38164,2021-12-05,SH,Saint Helena,,0,0,0,0
38165,2021-12-12,SH,Saint Helena,,0,0,0,0
38166,2021-12-19,SH,Saint Helena,,0,0,0,0
38167,2021-12-26,SH,Saint Helena,,0,0,0,0
38168,2022-01-02,SH,Saint Helena,,0,0,0,0
38169,2022-01-09,SH,Saint Helena,,0,0,0,0
38170,2022-01-16,SH,Saint Helena,,0,0,0,0
38171,2022-01-23,SH,Saint Helena,,0,0,0,0
38172,2022-01-30,SH,Saint Helena,,0,0,0,0
38173,2022-02-06,SH,Saint Helena,,0,0,0,0
38174,2022-02-13,SH,Saint Helena,,0,0,0,0
38175,2022-02-20,SH,Saint Helena,,0,0,0,0
38176,2022-02-27,SH,Saint Helena,,0,0,0,0
38177,2022-03-06,SH,Saint Helena,,0,0,0,0
38178,2022-03-13,SH,Saint Helena,,0,0,0,0
38179,2022-03-20,SH,Saint Helena,,0,0,0,0
38180,2022-03-27,SH,Saint Helena,,0,0,0,0
38181,2022-04-03,SH,Saint Helena,,0,0,0,0
38182,2022-04-10,SH,Saint Helena,,0,0,0,0
38183,2022-04-17,SH,Saint Helena,,0,0,0,0
38184,2022-04-24,SH,Saint Helena,,0,0,0,0
38185,2022-05-01,SH,Saint Helena,,0,0,0,0
38186,2022-05-08,SH,Saint Helena,,0,0,0,0
38187,2022-05-15,SH,Saint Helena,,0,0,0,0
38188,2022-05-22,SH,Saint Helena,,0,0,0,0
38189,2022-05-29,SH,Saint Helena,,0,0,0,0
38190,2022-06-05,SH,Saint Helena,,0,0,0,0
38191,2022-06-12,SH,Saint Helena,,0,0,0,0
38192,2022-06-19,SH,Saint Helena,,0,0,0,0
38193,2022-06-26,SH,Saint Helena,,0,0,0,0
38194,2022-07-03,SH,Saint Helena,,0,0,0,0
38195,2022-07-10,SH,Saint Helena,,0,0,0,0
38196,2022-07-17,SH,Saint Helena,,0,0,0,0
38197,2022-07-24,SH,Saint Helena,,0,0,0,0
38198,2022-07-31,SH,Saint Helena,,0,0,0,0
38199,2022-08-07,SH,Saint Helena,,0,0,0,0
38200,2022-08-14,SH,Saint Helena,,2,2,0,0
38201,2022-08-21,SH,Saint Helena,,15,17,0,0
38202,2022-08-28,SH,Saint Helena,,11,28,0,0
38203,2022-09-04,SH,Saint Helena,,8,36,0,0
38204,2022-09-11,SH,Saint Helena,,52,88,0,0
38205,2022-09-18,SH,Saint Helena,,29,117,0,0
38206,2022-09-25,SH,Saint Helena,,1298,1415,0,0
38207,2022-10-02,SH,Saint Helena,,459,1874,0,0
38208,2022-10-09,SH,Saint Helena,,99,1973,0,0
38209,2022-10-16,SH,Saint Helena,,40,2013,0,0
38210,2022-10-23,SH,Saint Helena,,19,2032,0,0
38211,2022-10-30,SH,Saint Helena,,13,2045,0,0
38212,2022-11-06,SH,Saint Helena,,0,2045,0,0
38213,2022-11-13,SH,Saint Helena,,70,2115,0,0
38214,2022-11-20,SH,Saint Helena,,47,2162,0,0
38215,2022-11-27,SH,Saint Helena,,4,2166,0,0
38216,2022-12-04,SH,Saint Helena,,0,2166,0,0
38217,2022-12-11,SH,Saint Helena,,0,2166,0,0
38218,2022-12-18,SH,Saint Helena,,0,2166,0,0
38219,2022-12-25,SH,Saint Helena,,0,2166,0,0
38220,2023-01-01,SH,Saint Helena,,0,2166,0,0
38221,2023-01-08,SH,Saint Helena,,0,2166,0,0
38222,2023-01-15,SH,Saint Helena,,0,2166,0,0
38223,2023-01-22,SH,Saint Helena,,0,2166,0,0
38224,2023-01-29,SH,Saint Helena,,0,2166,0,0
38225,2023-02-05,SH,Saint Helena,,0,2166,0,0
38226,2023-02-12,SH,Saint Helena,,0,2166,0,0
38227,2023-02-19,SH,Saint Helena,,0,2166,0,0
38228,2023-02-26,SH,Saint Helena,,0,2166,0,0
38229,2023-03-05,SH,Saint Helena,,0,2166,0,0
38230,2023-03-12,SH,Saint Helena,,0,2166,0,0
38231,2023-03-19,SH,Saint Helena,,0,2166,0,0
38232,2023-03-26,SH,Saint Helena,,0,2166,0,0
38233,2023-04-02,SH,Saint Helena,,0,2166,0,0
38234,2023-04-09,SH,Saint Helena,,0,2166,0,0
38235,2023-04-16,SH,Saint Helena,,0,2166,0,0
38236,2023-04-23,SH,Saint Helena,,0,2166,0,0
38237,2023-04-30,SH,Saint Helena,,0,2166,0,0
38238,2023-05-07,SH,Saint Helena,,0,2166,0,0
38239,2023-05-14,SH,Saint Helena,,0,2166,0,0
38240,2023-05-21,SH,Saint Helena,,0,2166,0,0
38241,2023-05-28,SH,Saint Helena,,0,2166,0,0
38242,2023-06-04,SH,Saint Helena,,0,2166,0,0
38243,2023-06-11,SH,Saint Helena,,0,2166,0,0
38244,2023-06-18,SH,Saint Helena,,0,2166,0,0
38245,2023-06-25,SH,Saint Helena,,0,2166,0,0
38246,2023-07-02,SH,Saint Helena,,0,2166,0,0
38247,2023-07-09,SH,Saint Helena,,0,2166,0,0
38248,2023-07-16,SH,Saint Helena,,0,2166,0,0
38249,2023-07-23,SH,Saint Helena,,0,2166,0,0
38250,2023-07-30,SH,Saint Helena,,0,2166,0,0
38251,2023-08-06,SH,Saint Helena,,0,2166,0,0
38252,2023-08-13,SH,Saint Helena,,0,2166,0,0
38253,2023-08-20,SH,Saint Helena,,0,2166,0,0
38254,2023-08-27,SH,Saint Helena,,0,2166,0,0
38255,2023-09-03,SH,Saint Helena,,0,2166,0,0
38256,2023-09-10,SH,Saint Helena,,0,2166,0,0
38257,2023-09-17,SH,Saint Helena,,0,2166,0,0
38258,2023-09-24,SH,Saint Helena,,0,2166,0,0
38259,2023-10-01,SH,Saint Helena,,0,2166,0,0
38260,2023-10-08,SH,Saint Helena,,0,2166,0,0
38261,2023-10-15,SH,Saint Helena,,0,2166,0,0
38262,2023-10-22,SH,Saint Helena,,0,2166,0,0
38263,2023-10-29,SH,Saint Helena,,0,2166,0,0
38264,2023-11-05,SH,Saint Helena,,0,2166,0,0
38265,2023-11-12,SH,Saint Helena,,0,2166,0,0
38266,2023-11-19,SH,Saint Helena,,0,2166,0,0
38267,2023-11-26,SH,Saint Helena,,0,2166,0,0
38268,2023-12-03,SH,Saint Helena,,0,2166,0,0
38269,2023-12-10,SH,Saint Helena,,0,2166,0,0
38270,2023-12-17,SH,Saint Helena,,0,2166,0,0
38271,2023-12-24,SH,Saint Helena,,0,2166,0,0
38272,2020-01-05,KN,Saint Kitts and Nevis,AMRO,0,0,0,0
38273,2020-01-12,KN,Saint Kitts and Nevis,AMRO,0,0,0,0
38274,2020-01-19,KN,Saint Kitts and Nevis,AMRO,0,0,0,0
38275,2020-01-26,KN,Saint Kitts and Nevis,AMRO,0,0,0,0
38276,2020-02-02,KN,Saint Kitts and Nevis,AMRO,0,0,0,0
38277,2020-02-09,KN,Saint Kitts and Nevis,AMRO,0,0,0,0
38278,2020-02-16,KN,Saint Kitts and Nevis,AMRO,0,0,0,0
38279,2020-02-23,KN,Saint Kitts and Nevis,AMRO,0,0,0,0
38280,2020-03-01,KN,Saint Kitts and Nevis,AMRO,0,0,0,0
38281,2020-03-08,KN,Saint Kitts and Nevis,AMRO,0,0,0,0
38282,2020-03-15,KN,Saint Kitts and Nevis,AMRO,0,0,0,0
38283,2020-03-22,KN,Saint Kitts and Nevis,AMRO,0,0,0,0
38284,2020-03-29,KN,Saint Kitts and Nevis,AMRO,2,2,0,0
38285,2020-04-05,KN,Saint Kitts and Nevis,AMRO,7,9,0,0
38286,2020-04-12,KN,Saint Kitts and Nevis,AMRO,3,12,0,0
38287,2020-04-19,KN,Saint Kitts and Nevis,AMRO,2,14,0,0
38288,2020-04-26,KN,Saint Kitts and Nevis,AMRO,1,15,0,0
38289,2020-05-03,KN,Saint Kitts and Nevis,AMRO,0,15,0,0
38290,2020-05-10,KN,Saint Kitts and Nevis,AMRO,0,15,0,0
38291,2020-05-17,KN,Saint Kitts and Nevis,AMRO,0,15,0,0
38292,2020-05-24,KN,Saint Kitts and Nevis,AMRO,0,15,0,0
38293,2020-05-31,KN,Saint Kitts and Nevis,AMRO,0,15,0,0
38294,2020-06-07,KN,Saint Kitts and Nevis,AMRO,0,15,0,0
38295,2020-06-14,KN,Saint Kitts and Nevis,AMRO,0,15,0,0
38296,2020-06-21,KN,Saint Kitts and Nevis,AMRO,0,15,0,0
38297,2020-06-28,KN,Saint Kitts and Nevis,AMRO,0,15,0,0
38298,2020-07-05,KN,Saint Kitts and Nevis,AMRO,0,15,0,0
38299,2020-07-12,KN,Saint Kitts and Nevis,AMRO,2,17,0,0
38300,2020-07-19,KN,Saint Kitts and Nevis,AMRO,0,17,0,0
38301,2020-07-26,KN,Saint Kitts and Nevis,AMRO,0,17,0,0
38302,2020-08-02,KN,Saint Kitts and Nevis,AMRO,0,17,0,0
38303,2020-08-09,KN,Saint Kitts and Nevis,AMRO,0,17,0,0
38304,2020-08-16,KN,Saint Kitts and Nevis,AMRO,0,17,0,0
38305,2020-08-23,KN,Saint Kitts and Nevis,AMRO,0,17,0,0
38306,2020-08-30,KN,Saint Kitts and Nevis,AMRO,0,17,0,0
38307,2020-09-06,KN,Saint Kitts and Nevis,AMRO,0,17,0,0
38308,2020-09-13,KN,Saint Kitts and Nevis,AMRO,0,17,0,0
38309,2020-09-20,KN,Saint Kitts and Nevis,AMRO,0,17,0,0
38310,2020-09-27,KN,Saint Kitts and Nevis,AMRO,2,19,0,0
38311,2020-10-04,KN,Saint Kitts and Nevis,AMRO,0,19,0,0
38312,2020-10-11,KN,Saint Kitts and Nevis,AMRO,0,19,0,0
38313,2020-10-18,KN,Saint Kitts and Nevis,AMRO,0,19,0,0
38314,2020-10-25,KN,Saint Kitts and Nevis,AMRO,0,19,0,0
38315,2020-11-01,KN,Saint Kitts and Nevis,AMRO,0,19,0,0
38316,2020-11-08,KN,Saint Kitts and Nevis,AMRO,0,19,0,0
38317,2020-11-15,KN,Saint Kitts and Nevis,AMRO,0,19,0,0
38318,2020-11-22,KN,Saint Kitts and Nevis,AMRO,0,19,0,0
38319,2020-11-29,KN,Saint Kitts and Nevis,AMRO,3,22,0,0
38320,2020-12-06,KN,Saint Kitts and Nevis,AMRO,0,22,0,0
38321,2020-12-13,KN,Saint Kitts and Nevis,AMRO,5,27,0,0
38322,2020-12-20,KN,Saint Kitts and Nevis,AMRO,3,30,0,0
38323,2020-12-27,KN,Saint Kitts and Nevis,AMRO,0,30,0,0
38324,2021-01-03,KN,Saint Kitts and Nevis,AMRO,3,33,0,0
38325,2021-01-10,KN,Saint Kitts and Nevis,AMRO,1,34,0,0
38326,2021-01-17,KN,Saint Kitts and Nevis,AMRO,0,34,0,0
38327,2021-01-24,KN,Saint Kitts and Nevis,AMRO,1,35,0,0
38328,2021-01-31,KN,Saint Kitts and Nevis,AMRO,2,37,0,0
38329,2021-02-07,KN,Saint Kitts and Nevis,AMRO,3,40,0,0
38330,2021-02-14,KN,Saint Kitts and Nevis,AMRO,0,40,0,0
38331,2021-02-21,KN,Saint Kitts and Nevis,AMRO,1,41,0,0
38332,2021-02-28,KN,Saint Kitts and Nevis,AMRO,0,41,0,0
38333,2021-03-07,KN,Saint Kitts and Nevis,AMRO,0,41,0,0
38334,2021-03-14,KN,Saint Kitts and Nevis,AMRO,2,43,0,0
38335,2021-03-21,KN,Saint Kitts and Nevis,AMRO,1,44,0,0
38336,2021-03-28,KN,Saint Kitts and Nevis,AMRO,0,44,0,0
38337,2021-04-04,KN,Saint Kitts and Nevis,AMRO,0,44,0,0
38338,2021-04-11,KN,Saint Kitts and Nevis,AMRO,0,44,0,0
38339,2021-04-18,KN,Saint Kitts and Nevis,AMRO,0,44,0,0
38340,2021-04-25,KN,Saint Kitts and Nevis,AMRO,0,44,0,0
38341,2021-05-02,KN,Saint Kitts and Nevis,AMRO,1,45,0,0
38342,2021-05-09,KN,Saint Kitts and Nevis,AMRO,0,45,0,0
38343,2021-05-16,KN,Saint Kitts and Nevis,AMRO,0,45,0,0
38344,2021-05-23,KN,Saint Kitts and Nevis,AMRO,1,46,0,0
38345,2021-05-30,KN,Saint Kitts and Nevis,AMRO,22,68,0,0
38346,2021-06-06,KN,Saint Kitts and Nevis,AMRO,10,78,0,0
38347,2021-06-13,KN,Saint Kitts and Nevis,AMRO,77,155,0,0
38348,2021-06-20,KN,Saint Kitts and Nevis,AMRO,149,304,1,1
38349,2021-06-27,KN,Saint Kitts and Nevis,AMRO,124,428,2,3
38350,2021-07-04,KN,Saint Kitts and Nevis,AMRO,48,476,0,3
38351,2021-07-11,KN,Saint Kitts and Nevis,AMRO,49,525,0,3
38352,2021-07-18,KN,Saint Kitts and Nevis,AMRO,23,548,0,3
38353,2021-07-25,KN,Saint Kitts and Nevis,AMRO,15,563,0,3
38354,2021-08-01,KN,Saint Kitts and Nevis,AMRO,30,593,0,3
38355,2021-08-08,KN,Saint Kitts and Nevis,AMRO,18,611,0,3
38356,2021-08-15,KN,Saint Kitts and Nevis,AMRO,31,642,0,3
38357,2021-08-22,KN,Saint Kitts and Nevis,AMRO,150,792,0,3
38358,2021-08-29,KN,Saint Kitts and Nevis,AMRO,232,1024,0,3
38359,2021-09-05,KN,Saint Kitts and Nevis,AMRO,173,1197,2,5
38360,2021-09-12,KN,Saint Kitts and Nevis,AMRO,242,1439,2,7
38361,2021-09-19,KN,Saint Kitts and Nevis,AMRO,193,1632,2,9
38362,2021-09-26,KN,Saint Kitts and Nevis,AMRO,203,1835,1,10
38363,2021-10-03,KN,Saint Kitts and Nevis,AMRO,130,1965,3,13
38364,2021-10-10,KN,Saint Kitts and Nevis,AMRO,396,2361,4,17
38365,2021-10-17,KN,Saint Kitts and Nevis,AMRO,185,2546,4,21
38366,2021-10-24,KN,Saint Kitts and Nevis,AMRO,77,2623,0,21
38367,2021-10-31,KN,Saint Kitts and Nevis,AMRO,45,2668,2,23
38368,2021-11-07,KN,Saint Kitts and Nevis,AMRO,40,2708,2,25
38369,2021-11-14,KN,Saint Kitts and Nevis,AMRO,37,2745,2,27
38370,2021-11-21,KN,Saint Kitts and Nevis,AMRO,19,2764,1,28
38371,2021-11-28,KN,Saint Kitts and Nevis,AMRO,15,2779,0,28
38372,2021-12-05,KN,Saint Kitts and Nevis,AMRO,10,2789,0,28
38373,2021-12-12,KN,Saint Kitts and Nevis,AMRO,6,2795,0,28
38374,2021-12-19,KN,Saint Kitts and Nevis,AMRO,6,2801,0,28
38375,2021-12-26,KN,Saint Kitts and Nevis,AMRO,35,2836,0,28
38376,2022-01-02,KN,Saint Kitts and Nevis,AMRO,207,3043,0,28
38377,2022-01-09,KN,Saint Kitts and Nevis,AMRO,1013,4056,0,28
38378,2022-01-16,KN,Saint Kitts and Nevis,AMRO,826,4882,0,28
38379,2022-01-23,KN,Saint Kitts and Nevis,AMRO,348,5230,0,28
38380,2022-01-30,KN,Saint Kitts and Nevis,AMRO,173,5403,5,33
38381,2022-02-06,KN,Saint Kitts and Nevis,AMRO,66,5469,4,37
38382,2022-02-13,KN,Saint Kitts and Nevis,AMRO,26,5495,2,39
38383,2022-02-20,KN,Saint Kitts and Nevis,AMRO,16,5511,1,40
38384,2022-02-27,KN,Saint Kitts and Nevis,AMRO,15,5526,2,42
38385,2022-03-06,KN,Saint Kitts and Nevis,AMRO,7,5533,0,42
38386,2022-03-13,KN,Saint Kitts and Nevis,AMRO,5,5538,0,42
38387,2022-03-20,KN,Saint Kitts and Nevis,AMRO,6,5544,0,42
38388,2022-03-27,KN,Saint Kitts and Nevis,AMRO,4,5548,0,42
38389,2022-04-03,KN,Saint Kitts and Nevis,AMRO,1,5549,1,43
38390,2022-04-10,KN,Saint Kitts and Nevis,AMRO,3,5552,0,43
38391,2022-04-17,KN,Saint Kitts and Nevis,AMRO,5,5557,0,43
38392,2022-04-24,KN,Saint Kitts and Nevis,AMRO,5,5562,0,43
38393,2022-05-01,KN,Saint Kitts and Nevis,AMRO,1,5563,0,43
38394,2022-05-08,KN,Saint Kitts and Nevis,AMRO,20,5583,0,43
38395,2022-05-15,KN,Saint Kitts and Nevis,AMRO,22,5605,0,43
38396,2022-05-22,KN,Saint Kitts and Nevis,AMRO,49,5654,0,43
38397,2022-05-29,KN,Saint Kitts and Nevis,AMRO,53,5707,0,43
38398,2022-06-05,KN,Saint Kitts and Nevis,AMRO,91,5798,0,43
38399,2022-06-12,KN,Saint Kitts and Nevis,AMRO,39,5837,0,43
38400,2022-06-19,KN,Saint Kitts and Nevis,AMRO,73,5910,0,43
38401,2022-06-26,KN,Saint Kitts and Nevis,AMRO,37,5947,0,43
38402,2022-07-03,KN,Saint Kitts and Nevis,AMRO,193,6140,0,43
38403,2022-07-10,KN,Saint Kitts and Nevis,AMRO,153,6293,0,43
38404,2022-07-17,KN,Saint Kitts and Nevis,AMRO,84,6377,2,45
38405,2022-07-24,KN,Saint Kitts and Nevis,AMRO,45,6422,1,46
38406,2022-07-31,KN,Saint Kitts and Nevis,AMRO,34,6456,0,46
38407,2022-08-07,KN,Saint Kitts and Nevis,AMRO,21,6477,0,46
38408,2022-08-14,KN,Saint Kitts and Nevis,AMRO,15,6492,0,46
38409,2022-08-21,KN,Saint Kitts and Nevis,AMRO,6,6498,0,46
38410,2022-08-28,KN,Saint Kitts and Nevis,AMRO,11,6509,0,46
38411,2022-09-04,KN,Saint Kitts and Nevis,AMRO,10,6519,0,46
38412,2022-09-11,KN,Saint Kitts and Nevis,AMRO,10,6529,0,46
38413,2022-09-18,KN,Saint Kitts and Nevis,AMRO,12,6541,0,46
38414,2022-09-25,KN,Saint Kitts and Nevis,AMRO,2,6543,0,46
38415,2022-10-02,KN,Saint Kitts and Nevis,AMRO,2,6545,0,46
38416,2022-10-09,KN,Saint Kitts and Nevis,AMRO,1,6546,0,46
38417,2022-10-16,KN,Saint Kitts and Nevis,AMRO,1,6547,0,46
38418,2022-10-23,KN,Saint Kitts and Nevis,AMRO,1,6548,0,46
38419,2022-10-30,KN,Saint Kitts and Nevis,AMRO,0,6548,0,46
38420,2022-11-06,KN,Saint Kitts and Nevis,AMRO,1,6549,0,46
38421,2022-11-13,KN,Saint Kitts and Nevis,AMRO,3,6552,0,46
38422,2022-11-20,KN,Saint Kitts and Nevis,AMRO,0,6552,0,46
38423,2022-11-27,KN,Saint Kitts and Nevis,AMRO,4,6556,0,46
38424,2022-12-04,KN,Saint Kitts and Nevis,AMRO,3,6559,0,46
38425,2022-12-11,KN,Saint Kitts and Nevis,AMRO,0,6559,0,46
38426,2022-12-18,KN,Saint Kitts and Nevis,AMRO,1,6560,0,46
38427,2022-12-25,KN,Saint Kitts and Nevis,AMRO,2,6562,0,46
38428,2023-01-01,KN,Saint Kitts and Nevis,AMRO,0,6562,0,46
38429,2023-01-08,KN,Saint Kitts and Nevis,AMRO,9,6571,0,46
38430,2023-01-15,KN,Saint Kitts and Nevis,AMRO,8,6579,0,46
38431,2023-01-22,KN,Saint Kitts and Nevis,AMRO,6,6585,0,46
38432,2023-01-29,KN,Saint Kitts and Nevis,AMRO,6,6591,0,46
38433,2023-02-05,KN,Saint Kitts and Nevis,AMRO,1,6592,0,46
38434,2023-02-12,KN,Saint Kitts and Nevis,AMRO,1,6593,0,46
38435,2023-02-19,KN,Saint Kitts and Nevis,AMRO,3,6596,0,46
38436,2023-02-26,KN,Saint Kitts and Nevis,AMRO,0,6596,0,46
38437,2023-03-05,KN,Saint Kitts and Nevis,AMRO,1,6597,0,46
38438,2023-03-12,KN,Saint Kitts and Nevis,AMRO,0,6597,0,46
38439,2023-03-19,KN,Saint Kitts and Nevis,AMRO,0,6597,0,46
38440,2023-03-26,KN,Saint Kitts and Nevis,AMRO,0,6597,0,46
38441,2023-04-02,KN,Saint Kitts and Nevis,AMRO,1,6598,0,46
38442,2023-04-09,KN,Saint Kitts and Nevis,AMRO,0,6598,0,46
38443,2023-04-16,KN,Saint Kitts and Nevis,AMRO,0,6598,0,46
38444,2023-04-23,KN,Saint Kitts and Nevis,AMRO,0,6598,0,46
38445,2023-04-30,KN,Saint Kitts and Nevis,AMRO,0,6598,0,46
38446,2023-05-07,KN,Saint Kitts and Nevis,AMRO,1,6599,0,46
38447,2023-05-14,KN,Saint Kitts and Nevis,AMRO,1,6600,0,46
38448,2023-05-21,KN,Saint Kitts and Nevis,AMRO,0,6600,0,46
38449,2023-05-28,KN,Saint Kitts and Nevis,AMRO,2,6602,0,46
38450,2023-06-04,KN,Saint Kitts and Nevis,AMRO,0,6602,0,46
38451,2023-06-11,KN,Saint Kitts and Nevis,AMRO,0,6602,0,46
38452,2023-06-18,KN,Saint Kitts and Nevis,AMRO,4,6606,0,46
38453,2023-06-25,KN,Saint Kitts and Nevis,AMRO,0,6606,0,46
38454,2023-07-02,KN,Saint Kitts and Nevis,AMRO,1,6607,0,46
38455,2023-07-09,KN,Saint Kitts and Nevis,AMRO,0,6607,0,46
38456,2023-07-16,KN,Saint Kitts and Nevis,AMRO,0,6607,0,46
38457,2023-07-23,KN,Saint Kitts and Nevis,AMRO,0,6607,0,46
38458,2023-07-30,KN,Saint Kitts and Nevis,AMRO,0,6607,0,46
38459,2023-08-06,KN,Saint Kitts and Nevis,AMRO,0,6607,0,46
38460,2023-08-13,KN,Saint Kitts and Nevis,AMRO,0,6607,0,46
38461,2023-08-20,KN,Saint Kitts and Nevis,AMRO,0,6607,0,46
38462,2023-08-27,KN,Saint Kitts and Nevis,AMRO,0,6607,0,46
38463,2023-09-03,KN,Saint Kitts and Nevis,AMRO,0,6607,0,46
38464,2023-09-10,KN,Saint Kitts and Nevis,AMRO,0,6607,0,46
38465,2023-09-17,KN,Saint Kitts and Nevis,AMRO,0,6607,0,46
38466,2023-09-24,KN,Saint Kitts and Nevis,AMRO,0,6607,0,46
38467,2023-10-01,KN,Saint Kitts and Nevis,AMRO,0,6607,0,46
38468,2023-10-08,KN,Saint Kitts and Nevis,AMRO,0,6607,0,46
38469,2023-10-15,KN,Saint Kitts and Nevis,AMRO,0,6607,0,46
38470,2023-10-22,KN,Saint Kitts and Nevis,AMRO,0,6607,0,46
38471,2023-10-29,KN,Saint Kitts and Nevis,AMRO,0,6607,0,46
38472,2023-11-05,KN,Saint Kitts and Nevis,AMRO,0,6607,0,46
38473,2023-11-12,KN,Saint Kitts and Nevis,AMRO,0,6607,0,46
38474,2023-11-19,KN,Saint Kitts and Nevis,AMRO,0,6607,0,46
38475,2023-11-26,KN,Saint Kitts and Nevis,AMRO,0,6607,0,46
38476,2023-12-03,KN,Saint Kitts and Nevis,AMRO,0,6607,0,46
38477,2023-12-10,KN,Saint Kitts and Nevis,AMRO,0,6607,0,46
38478,2023-12-17,KN,Saint Kitts and Nevis,AMRO,0,6607,0,46
38479,2023-12-24,KN,Saint Kitts and Nevis,AMRO,0,6607,0,46
38480,2020-01-05,LC,Saint Lucia,AMRO,0,0,0,0
38481,2020-01-12,LC,Saint Lucia,AMRO,0,0,0,0
38482,2020-01-19,LC,Saint Lucia,AMRO,0,0,0,0
38483,2020-01-26,LC,Saint Lucia,AMRO,0,0,0,0
38484,2020-02-02,LC,Saint Lucia,AMRO,0,0,0,0
38485,2020-02-09,LC,Saint Lucia,AMRO,0,0,0,0
38486,2020-02-16,LC,Saint Lucia,AMRO,0,0,0,0
38487,2020-02-23,LC,Saint Lucia,AMRO,0,0,0,0
38488,2020-03-01,LC,Saint Lucia,AMRO,0,0,0,0
38489,2020-03-08,LC,Saint Lucia,AMRO,0,0,0,0
38490,2020-03-15,LC,Saint Lucia,AMRO,1,1,0,0
38491,2020-03-22,LC,Saint Lucia,AMRO,1,2,0,0
38492,2020-03-29,LC,Saint Lucia,AMRO,1,3,0,0
38493,2020-04-05,LC,Saint Lucia,AMRO,10,13,0,0
38494,2020-04-12,LC,Saint Lucia,AMRO,2,15,0,0
38495,2020-04-19,LC,Saint Lucia,AMRO,0,15,0,0
38496,2020-04-26,LC,Saint Lucia,AMRO,0,15,0,0
38497,2020-05-03,LC,Saint Lucia,AMRO,2,17,0,0
38498,2020-05-10,LC,Saint Lucia,AMRO,1,18,0,0
38499,2020-05-17,LC,Saint Lucia,AMRO,0,18,0,0
38500,2020-05-24,LC,Saint Lucia,AMRO,0,18,0,0
38501,2020-05-31,LC,Saint Lucia,AMRO,0,18,0,0
38502,2020-06-07,LC,Saint Lucia,AMRO,1,19,0,0
38503,2020-06-14,LC,Saint Lucia,AMRO,0,19,0,0
38504,2020-06-21,LC,Saint Lucia,AMRO,0,19,0,0
38505,2020-06-28,LC,Saint Lucia,AMRO,0,19,0,0
38506,2020-07-05,LC,Saint Lucia,AMRO,3,22,0,0
38507,2020-07-12,LC,Saint Lucia,AMRO,0,22,0,0
38508,2020-07-19,LC,Saint Lucia,AMRO,1,23,0,0
38509,2020-07-26,LC,Saint Lucia,AMRO,1,24,0,0
38510,2020-08-02,LC,Saint Lucia,AMRO,1,25,0,0
38511,2020-08-09,LC,Saint Lucia,AMRO,0,25,0,0
38512,2020-08-16,LC,Saint Lucia,AMRO,0,25,0,0
38513,2020-08-23,LC,Saint Lucia,AMRO,1,26,0,0
38514,2020-08-30,LC,Saint Lucia,AMRO,0,26,0,0
38515,2020-09-06,LC,Saint Lucia,AMRO,0,26,0,0
38516,2020-09-13,LC,Saint Lucia,AMRO,1,27,0,0
38517,2020-09-20,LC,Saint Lucia,AMRO,0,27,0,0
38518,2020-09-27,LC,Saint Lucia,AMRO,0,27,0,0
38519,2020-10-04,LC,Saint Lucia,AMRO,0,27,0,0
38520,2020-10-11,LC,Saint Lucia,AMRO,2,29,0,0
38521,2020-10-18,LC,Saint Lucia,AMRO,4,33,0,0
38522,2020-10-25,LC,Saint Lucia,AMRO,19,52,0,0
38523,2020-11-01,LC,Saint Lucia,AMRO,26,78,0,0
38524,2020-11-08,LC,Saint Lucia,AMRO,32,110,0,0
38525,2020-11-15,LC,Saint Lucia,AMRO,50,160,2,2
38526,2020-11-22,LC,Saint Lucia,AMRO,43,203,0,2
38527,2020-11-29,LC,Saint Lucia,AMRO,43,246,0,2
38528,2020-12-06,LC,Saint Lucia,AMRO,19,265,0,2
38529,2020-12-13,LC,Saint Lucia,AMRO,9,274,2,4
38530,2020-12-20,LC,Saint Lucia,AMRO,6,280,1,5
38531,2020-12-27,LC,Saint Lucia,AMRO,25,305,0,5
38532,2021-01-03,LC,Saint Lucia,AMRO,48,353,0,5
38533,2021-01-10,LC,Saint Lucia,AMRO,42,395,0,5
38534,2021-01-17,LC,Saint Lucia,AMRO,181,576,1,6
38535,2021-01-24,LC,Saint Lucia,AMRO,194,770,4,10
38536,2021-01-31,LC,Saint Lucia,AMRO,425,1195,3,13
38537,2021-02-07,LC,Saint Lucia,AMRO,618,1813,5,18
38538,2021-02-14,LC,Saint Lucia,AMRO,674,2487,5,23
38539,2021-02-21,LC,Saint Lucia,AMRO,373,2860,5,28
38540,2021-02-28,LC,Saint Lucia,AMRO,496,3356,7,35
38541,2021-03-07,LC,Saint Lucia,AMRO,487,3843,8,43
38542,2021-03-14,LC,Saint Lucia,AMRO,146,3989,5,48
38543,2021-03-21,LC,Saint Lucia,AMRO,124,4113,7,55
38544,2021-03-28,LC,Saint Lucia,AMRO,78,4191,3,58
38545,2021-04-04,LC,Saint Lucia,AMRO,98,4289,3,61
38546,2021-04-11,LC,Saint Lucia,AMRO,40,4329,3,64
38547,2021-04-18,LC,Saint Lucia,AMRO,69,4398,1,65
38548,2021-04-25,LC,Saint Lucia,AMRO,65,4463,5,70
38549,2021-05-02,LC,Saint Lucia,AMRO,89,4552,4,74
38550,2021-05-09,LC,Saint Lucia,AMRO,102,4654,1,75
38551,2021-05-16,LC,Saint Lucia,AMRO,134,4788,0,75
38552,2021-05-23,LC,Saint Lucia,AMRO,147,4935,2,77
38553,2021-05-30,LC,Saint Lucia,AMRO,100,5035,0,77
38554,2021-06-06,LC,Saint Lucia,AMRO,73,5108,3,80
38555,2021-06-13,LC,Saint Lucia,AMRO,60,5168,0,80
38556,2021-06-20,LC,Saint Lucia,AMRO,38,5206,0,80
38557,2021-06-27,LC,Saint Lucia,AMRO,56,5262,4,84
38558,2021-07-04,LC,Saint Lucia,AMRO,40,5302,0,84
38559,2021-07-11,LC,Saint Lucia,AMRO,78,5380,2,86
38560,2021-07-18,LC,Saint Lucia,AMRO,82,5462,1,87
38561,2021-07-25,LC,Saint Lucia,AMRO,54,5516,1,88
38562,2021-08-01,LC,Saint Lucia,AMRO,65,5581,1,89
38563,2021-08-08,LC,Saint Lucia,AMRO,132,5713,1,90
38564,2021-08-15,LC,Saint Lucia,AMRO,481,6194,5,95
38565,2021-08-22,LC,Saint Lucia,AMRO,761,6955,2,97
38566,2021-08-29,LC,Saint Lucia,AMRO,914,7869,5,102
38567,2021-09-05,LC,Saint Lucia,AMRO,1018,8887,14,116
38568,2021-09-12,LC,Saint Lucia,AMRO,640,9527,16,132
38569,2021-09-19,LC,Saint Lucia,AMRO,872,10399,18,150
38570,2021-09-26,LC,Saint Lucia,AMRO,654,11053,33,183
38571,2021-10-03,LC,Saint Lucia,AMRO,520,11573,24,207
38572,2021-10-10,LC,Saint Lucia,AMRO,369,11942,15,222
38573,2021-10-17,LC,Saint Lucia,AMRO,233,12175,11,233
38574,2021-10-24,LC,Saint Lucia,AMRO,210,12385,6,239
38575,2021-10-31,LC,Saint Lucia,AMRO,151,12536,15,254
38576,2021-11-07,LC,Saint Lucia,AMRO,152,12688,6,260
38577,2021-11-14,LC,Saint Lucia,AMRO,139,12827,9,269
38578,2021-11-21,LC,Saint Lucia,AMRO,67,12894,9,278
38579,2021-11-28,LC,Saint Lucia,AMRO,50,12944,2,280
38580,2021-12-05,LC,Saint Lucia,AMRO,83,13027,2,282
38581,2021-12-12,LC,Saint Lucia,AMRO,59,13086,1,283
38582,2021-12-19,LC,Saint Lucia,AMRO,50,13136,8,291
38583,2021-12-26,LC,Saint Lucia,AMRO,139,13275,4,295
38584,2022-01-02,LC,Saint Lucia,AMRO,365,13640,6,301
38585,2022-01-09,LC,Saint Lucia,AMRO,1014,14654,5,306
38586,2022-01-16,LC,Saint Lucia,AMRO,2315,16969,8,314
38587,2022-01-23,LC,Saint Lucia,AMRO,2216,19185,2,316
38588,2022-01-30,LC,Saint Lucia,AMRO,1232,20417,10,326
38589,2022-02-06,LC,Saint Lucia,AMRO,1096,21513,15,341
38590,2022-02-13,LC,Saint Lucia,AMRO,419,21932,6,347
38591,2022-02-20,LC,Saint Lucia,AMRO,536,22468,9,356
38592,2022-02-27,LC,Saint Lucia,AMRO,181,22649,2,358
38593,2022-03-06,LC,Saint Lucia,AMRO,84,22733,2,360
38594,2022-03-13,LC,Saint Lucia,AMRO,100,22833,5,365
38595,2022-03-20,LC,Saint Lucia,AMRO,45,22878,0,365
38596,2022-03-27,LC,Saint Lucia,AMRO,41,22919,0,365
38597,2022-04-03,LC,Saint Lucia,AMRO,40,22959,0,365
38598,2022-04-10,LC,Saint Lucia,AMRO,51,23010,0,365
38599,2022-04-17,LC,Saint Lucia,AMRO,101,23111,2,367
38600,2022-04-24,LC,Saint Lucia,AMRO,114,23225,1,368
38601,2022-05-01,LC,Saint Lucia,AMRO,169,23394,0,368
38602,2022-05-08,LC,Saint Lucia,AMRO,241,23635,0,368
38603,2022-05-15,LC,Saint Lucia,AMRO,529,24164,0,368
38604,2022-05-22,LC,Saint Lucia,AMRO,709,24873,2,370
38605,2022-05-29,LC,Saint Lucia,AMRO,665,25538,1,371
38606,2022-06-05,LC,Saint Lucia,AMRO,554,26092,0,371
38607,2022-06-12,LC,Saint Lucia,AMRO,361,26453,0,371
38608,2022-06-19,LC,Saint Lucia,AMRO,269,26722,5,376
38609,2022-06-26,LC,Saint Lucia,AMRO,189,26911,4,380
38610,2022-07-03,LC,Saint Lucia,AMRO,183,27094,3,383
38611,2022-07-10,LC,Saint Lucia,AMRO,160,27254,2,385
38612,2022-07-17,LC,Saint Lucia,AMRO,210,27464,0,385
38613,2022-07-24,LC,Saint Lucia,AMRO,190,27654,0,385
38614,2022-07-31,LC,Saint Lucia,AMRO,312,27966,0,385
38615,2022-08-07,LC,Saint Lucia,AMRO,195,28161,2,387
38616,2022-08-14,LC,Saint Lucia,AMRO,180,28341,1,388
38617,2022-08-21,LC,Saint Lucia,AMRO,201,28542,0,388
38618,2022-08-28,LC,Saint Lucia,AMRO,188,28730,1,389
38619,2022-09-04,LC,Saint Lucia,AMRO,164,28894,2,391
38620,2022-09-11,LC,Saint Lucia,AMRO,0,28894,0,391
38621,2022-09-18,LC,Saint Lucia,AMRO,65,28959,2,393
38622,2022-09-25,LC,Saint Lucia,AMRO,0,28959,0,393
38623,2022-10-02,LC,Saint Lucia,AMRO,449,29408,0,393
38624,2022-10-09,LC,Saint Lucia,AMRO,142,29550,12,405
38625,2022-10-16,LC,Saint Lucia,AMRO,0,29550,0,405
38626,2022-10-23,LC,Saint Lucia,AMRO,86,29636,1,406
38627,2022-10-30,LC,Saint Lucia,AMRO,3,29639,1,407
38628,2022-11-06,LC,Saint Lucia,AMRO,15,29654,0,407
38629,2022-11-13,LC,Saint Lucia,AMRO,22,29676,1,408
38630,2022-11-20,LC,Saint Lucia,AMRO,16,29692,0,408
38631,2022-11-27,LC,Saint Lucia,AMRO,19,29711,0,408
38632,2022-12-04,LC,Saint Lucia,AMRO,12,29723,1,409
38633,2022-12-11,LC,Saint Lucia,AMRO,13,29736,0,409
38634,2022-12-18,LC,Saint Lucia,AMRO,5,29741,0,409
38635,2022-12-25,LC,Saint Lucia,AMRO,7,29748,0,409
38636,2023-01-01,LC,Saint Lucia,AMRO,11,29759,0,409
38637,2023-01-08,LC,Saint Lucia,AMRO,2,29761,0,409
38638,2023-01-15,LC,Saint Lucia,AMRO,0,29761,0,409
38639,2023-01-22,LC,Saint Lucia,AMRO,42,29803,0,409
38640,2023-01-29,LC,Saint Lucia,AMRO,0,29803,0,409
38641,2023-02-05,LC,Saint Lucia,AMRO,79,29882,0,409
38642,2023-02-12,LC,Saint Lucia,AMRO,53,29935,0,409
38643,2023-02-19,LC,Saint Lucia,AMRO,46,29981,0,409
38644,2023-02-26,LC,Saint Lucia,AMRO,23,30004,0,409
38645,2023-03-05,LC,Saint Lucia,AMRO,0,30004,0,409
38646,2023-03-12,LC,Saint Lucia,AMRO,22,30026,0,409
38647,2023-03-19,LC,Saint Lucia,AMRO,2,30028,0,409
38648,2023-03-26,LC,Saint Lucia,AMRO,0,30028,0,409
38649,2023-04-02,LC,Saint Lucia,AMRO,0,30028,0,409
38650,2023-04-09,LC,Saint Lucia,AMRO,0,30028,0,409
38651,2023-04-16,LC,Saint Lucia,AMRO,24,30052,0,409
38652,2023-04-23,LC,Saint Lucia,AMRO,0,30052,0,409
38653,2023-04-30,LC,Saint Lucia,AMRO,0,30052,0,409
38654,2023-05-07,LC,Saint Lucia,AMRO,0,30052,0,409
38655,2023-05-14,LC,Saint Lucia,AMRO,0,30052,0,409
38656,2023-05-21,LC,Saint Lucia,AMRO,0,30052,0,409
38657,2023-05-28,LC,Saint Lucia,AMRO,6,30058,0,409
38658,2023-06-04,LC,Saint Lucia,AMRO,15,30073,0,409
38659,2023-06-11,LC,Saint Lucia,AMRO,4,30077,0,409
38660,2023-06-18,LC,Saint Lucia,AMRO,2,30079,0,409
38661,2023-06-25,LC,Saint Lucia,AMRO,3,30082,0,409
38662,2023-07-02,LC,Saint Lucia,AMRO,10,30092,0,409
38663,2023-07-09,LC,Saint Lucia,AMRO,2,30094,0,409
38664,2023-07-16,LC,Saint Lucia,AMRO,2,30096,0,409
38665,2023-07-23,LC,Saint Lucia,AMRO,7,30103,0,409
38666,2023-07-30,LC,Saint Lucia,AMRO,22,30125,0,409
38667,2023-08-06,LC,Saint Lucia,AMRO,12,30137,0,409
38668,2023-08-13,LC,Saint Lucia,AMRO,13,30150,0,409
38669,2023-08-20,LC,Saint Lucia,AMRO,14,30164,0,409
38670,2023-08-27,LC,Saint Lucia,AMRO,16,30180,0,409
38671,2023-09-03,LC,Saint Lucia,AMRO,4,30184,0,409
38672,2023-09-10,LC,Saint Lucia,AMRO,9,30193,1,410
38673,2023-09-17,LC,Saint Lucia,AMRO,6,30199,0,410
38674,2023-09-24,LC,Saint Lucia,AMRO,3,30202,0,410
38675,2023-10-01,LC,Saint Lucia,AMRO,0,30202,0,410
38676,2023-10-08,LC,Saint Lucia,AMRO,2,30204,0,410
38677,2023-10-15,LC,Saint Lucia,AMRO,2,30206,0,410
38678,2023-10-22,LC,Saint Lucia,AMRO,1,30207,0,410
38679,2023-10-29,LC,Saint Lucia,AMRO,0,30207,0,410
38680,2023-11-05,LC,Saint Lucia,AMRO,1,30208,0,410
38681,2023-11-12,LC,Saint Lucia,AMRO,0,30208,0,410
38682,2023-11-19,LC,Saint Lucia,AMRO,1,30209,0,410
38683,2023-11-26,LC,Saint Lucia,AMRO,0,30209,0,410
38684,2023-12-03,LC,Saint Lucia,AMRO,0,30209,0,410
38685,2023-12-10,LC,Saint Lucia,AMRO,0,30209,0,410
38686,2023-12-17,LC,Saint Lucia,AMRO,0,30209,0,410
38687,2023-12-24,LC,Saint Lucia,AMRO,0,30209,0,410
38688,2020-01-05,MF,Saint Martin (French part),,0,0,0,0
38689,2020-01-12,MF,Saint Martin (French part),,0,0,0,0
38690,2020-01-19,MF,Saint Martin (French part),,0,0,0,0
38691,2020-01-26,MF,Saint Martin (French part),,0,0,0,0
38692,2020-02-02,MF,Saint Martin (French part),,0,0,0,0
38693,2020-02-09,MF,Saint Martin (French part),,0,0,0,0
38694,2020-02-16,MF,Saint Martin (French part),,0,0,0,0
38695,2020-02-23,MF,Saint Martin (French part),,0,0,0,0
38696,2020-03-01,MF,Saint Martin (French part),,0,0,0,0
38697,2020-03-08,MF,Saint Martin (French part),,2,2,0,0
38698,2020-03-15,MF,Saint Martin (French part),,0,2,0,0
38699,2020-03-22,MF,Saint Martin (French part),,2,4,0,0
38700,2020-03-29,MF,Saint Martin (French part),,8,12,0,0
38701,2020-04-05,MF,Saint Martin (French part),,12,24,2,2
38702,2020-04-12,MF,Saint Martin (French part),,9,33,0,2
38703,2020-04-19,MF,Saint Martin (French part),,4,37,0,2
38704,2020-04-26,MF,Saint Martin (French part),,1,38,1,3
38705,2020-05-03,MF,Saint Martin (French part),,0,38,0,3
38706,2020-05-10,MF,Saint Martin (French part),,0,38,0,3
38707,2020-05-17,MF,Saint Martin (French part),,1,39,0,3
38708,2020-05-24,MF,Saint Martin (French part),,0,39,0,3
38709,2020-05-31,MF,Saint Martin (French part),,2,41,0,3
38710,2020-06-07,MF,Saint Martin (French part),,0,41,0,3
38711,2020-06-14,MF,Saint Martin (French part),,0,41,0,3
38712,2020-06-21,MF,Saint Martin (French part),,1,42,0,3
38713,2020-06-28,MF,Saint Martin (French part),,0,42,0,3
38714,2020-07-05,MF,Saint Martin (French part),,2,44,0,3
38715,2020-07-12,MF,Saint Martin (French part),,0,44,0,3
38716,2020-07-19,MF,Saint Martin (French part),,2,46,0,3
38717,2020-07-26,MF,Saint Martin (French part),,3,49,0,3
38718,2020-08-02,MF,Saint Martin (French part),,4,53,0,3
38719,2020-08-09,MF,Saint Martin (French part),,0,53,0,3
38720,2020-08-16,MF,Saint Martin (French part),,56,109,2,5
38721,2020-08-23,MF,Saint Martin (French part),,67,176,0,5
38722,2020-08-30,MF,Saint Martin (French part),,37,213,0,5
38723,2020-09-06,MF,Saint Martin (French part),,26,239,1,6
38724,2020-09-13,MF,Saint Martin (French part),,17,256,0,6
38725,2020-09-20,MF,Saint Martin (French part),,74,330,0,6
38726,2020-09-27,MF,Saint Martin (French part),,53,383,2,8
38727,2020-10-04,MF,Saint Martin (French part),,29,412,0,8
38728,2020-10-11,MF,Saint Martin (French part),,54,466,0,8
38729,2020-10-18,MF,Saint Martin (French part),,65,531,0,8
38730,2020-10-25,MF,Saint Martin (French part),,11,542,0,8
38731,2020-11-01,MF,Saint Martin (French part),,49,591,1,9
38732,2020-11-08,MF,Saint Martin (French part),,13,604,3,12
38733,2020-11-15,MF,Saint Martin (French part),,51,655,0,12
38734,2020-11-22,MF,Saint Martin (French part),,35,690,0,12
38735,2020-11-29,MF,Saint Martin (French part),,0,690,0,12
38736,2020-12-06,MF,Saint Martin (French part),,54,744,0,12
38737,2020-12-13,MF,Saint Martin (French part),,94,838,0,12
38738,2020-12-20,MF,Saint Martin (French part),,110,948,0,12
38739,2020-12-27,MF,Saint Martin (French part),,38,986,0,12
38740,2021-01-03,MF,Saint Martin (French part),,9,995,0,12
38741,2021-01-10,MF,Saint Martin (French part),,7,1002,0,12
38742,2021-01-17,MF,Saint Martin (French part),,44,1046,0,12
38743,2021-01-24,MF,Saint Martin (French part),,145,1191,0,12
38744,2021-01-31,MF,Saint Martin (French part),,98,1289,0,12
38745,2021-02-07,MF,Saint Martin (French part),,0,1289,0,12
38746,2021-02-14,MF,Saint Martin (French part),,167,1456,0,12
38747,2021-02-21,MF,Saint Martin (French part),,0,1456,0,12
38748,2021-02-28,MF,Saint Martin (French part),,98,1554,0,12
38749,2021-03-07,MF,Saint Martin (French part),,27,1581,0,12
38750,2021-03-14,MF,Saint Martin (French part),,31,1612,0,12
38751,2021-03-21,MF,Saint Martin (French part),,21,1633,0,12
38752,2021-03-28,MF,Saint Martin (French part),,24,1657,0,12
38753,2021-04-04,MF,Saint Martin (French part),,30,1687,1,13
38754,2021-04-11,MF,Saint Martin (French part),,16,1703,0,13
38755,2021-04-18,MF,Saint Martin (French part),,7,1710,0,13
38756,2021-04-25,MF,Saint Martin (French part),,18,1728,0,13
38757,2021-05-02,MF,Saint Martin (French part),,21,1749,1,14
38758,2021-05-09,MF,Saint Martin (French part),,28,1777,0,14
38759,2021-05-16,MF,Saint Martin (French part),,62,1839,0,14
38760,2021-05-23,MF,Saint Martin (French part),,56,1895,1,15
38761,2021-05-30,MF,Saint Martin (French part),,114,2009,0,15
38762,2021-06-06,MF,Saint Martin (French part),,104,2113,7,22
38763,2021-06-13,MF,Saint Martin (French part),,115,2228,3,25
38764,2021-06-20,MF,Saint Martin (French part),,86,2314,1,26
38765,2021-06-27,MF,Saint Martin (French part),,53,2367,1,27
38766,2021-07-04,MF,Saint Martin (French part),,53,2420,2,29
38767,2021-07-11,MF,Saint Martin (French part),,52,2472,1,30
38768,2021-07-18,MF,Saint Martin (French part),,51,2523,0,30
38769,2021-07-25,MF,Saint Martin (French part),,56,2579,0,30
38770,2021-08-01,MF,Saint Martin (French part),,62,2641,0,30
38771,2021-08-08,MF,Saint Martin (French part),,114,2755,3,33
38772,2021-08-15,MF,Saint Martin (French part),,188,2943,0,33
38773,2021-08-22,MF,Saint Martin (French part),,204,3147,0,33
38774,2021-08-29,MF,Saint Martin (French part),,209,3356,0,33
38775,2021-09-05,MF,Saint Martin (French part),,188,3544,0,33
38776,2021-09-12,MF,Saint Martin (French part),,115,3659,0,33
38777,2021-09-19,MF,Saint Martin (French part),,81,3740,2,35
38778,2021-09-26,MF,Saint Martin (French part),,55,3795,0,35
38779,2021-10-03,MF,Saint Martin (French part),,24,3819,1,36
38780,2021-10-10,MF,Saint Martin (French part),,39,3858,1,37
38781,2021-10-17,MF,Saint Martin (French part),,30,3888,0,37
38782,2021-10-24,MF,Saint Martin (French part),,32,3920,0,37
38783,2021-10-31,MF,Saint Martin (French part),,21,3941,0,37
38784,2021-11-07,MF,Saint Martin (French part),,34,3975,1,38
38785,2021-11-14,MF,Saint Martin (French part),,18,3993,0,38
38786,2021-11-21,MF,Saint Martin (French part),,20,4013,0,38
38787,2021-11-28,MF,Saint Martin (French part),,18,4031,0,38
38788,2021-12-05,MF,Saint Martin (French part),,9,4040,0,38
38789,2021-12-12,MF,Saint Martin (French part),,19,4059,0,38
38790,2021-12-19,MF,Saint Martin (French part),,16,4075,0,38
38791,2021-12-26,MF,Saint Martin (French part),,43,4118,1,39
38792,2022-01-02,MF,Saint Martin (French part),,129,4247,1,40
38793,2022-01-09,MF,Saint Martin (French part),,975,5222,0,40
38794,2022-01-16,MF,Saint Martin (French part),,2295,7517,0,40
38795,2022-01-23,MF,Saint Martin (French part),,1396,8913,1,41
38796,2022-01-30,MF,Saint Martin (French part),,520,9433,1,42
38797,2022-02-06,MF,Saint Martin (French part),,173,9606,1,43
38798,2022-02-13,MF,Saint Martin (French part),,126,9732,1,44
38799,2022-02-20,MF,Saint Martin (French part),,58,9790,0,44
38800,2022-02-27,MF,Saint Martin (French part),,52,9842,0,44
38801,2022-03-06,MF,Saint Martin (French part),,28,9870,0,44
38802,2022-03-13,MF,Saint Martin (French part),,38,9908,0,44
38803,2022-03-20,MF,Saint Martin (French part),,31,9939,0,44
38804,2022-03-27,MF,Saint Martin (French part),,49,9988,0,44
38805,2022-04-03,MF,Saint Martin (French part),,81,10069,0,44
38806,2022-04-10,MF,Saint Martin (French part),,60,10129,0,44
38807,2022-04-17,MF,Saint Martin (French part),,93,10222,0,44
38808,2022-04-24,MF,Saint Martin (French part),,94,10316,0,44
38809,2022-05-01,MF,Saint Martin (French part),,102,10418,0,44
38810,2022-05-08,MF,Saint Martin (French part),,69,10487,0,44
38811,2022-05-15,MF,Saint Martin (French part),,65,10552,0,44
38812,2022-05-22,MF,Saint Martin (French part),,66,10618,0,44
38813,2022-05-29,MF,Saint Martin (French part),,70,10688,0,44
38814,2022-06-05,MF,Saint Martin (French part),,38,10726,0,44
38815,2022-06-12,MF,Saint Martin (French part),,74,10800,0,44
38816,2022-06-19,MF,Saint Martin (French part),,75,10875,1,45
38817,2022-06-26,MF,Saint Martin (French part),,77,10952,0,45
38818,2022-07-03,MF,Saint Martin (French part),,109,11061,1,46
38819,2022-07-10,MF,Saint Martin (French part),,163,11224,0,46
38820,2022-07-17,MF,Saint Martin (French part),,186,11410,0,46
38821,2022-07-24,MF,Saint Martin (French part),,125,11535,0,46
38822,2022-07-31,MF,Saint Martin (French part),,132,11667,0,46
38823,2022-08-07,MF,Saint Martin (French part),,107,11774,0,46
38824,2022-08-14,MF,Saint Martin (French part),,83,11857,0,46
38825,2022-08-21,MF,Saint Martin (French part),,54,11911,0,46
38826,2022-08-28,MF,Saint Martin (French part),,30,11941,0,46
38827,2022-09-04,MF,Saint Martin (French part),,0,11941,0,46
38828,2022-09-11,MF,Saint Martin (French part),,0,11941,0,46
38829,2022-09-18,MF,Saint Martin (French part),,0,11941,0,46
38830,2022-09-25,MF,Saint Martin (French part),,37,11978,0,46
38831,2022-10-02,MF,Saint Martin (French part),,0,11978,0,46
38832,2022-10-09,MF,Saint Martin (French part),,14,11992,0,46
38833,2022-10-16,MF,Saint Martin (French part),,17,12009,0,46
38834,2022-10-23,MF,Saint Martin (French part),,17,12026,0,46
38835,2022-10-30,MF,Saint Martin (French part),,0,12026,0,46
38836,2022-11-06,MF,Saint Martin (French part),,6,12032,0,46
38837,2022-11-13,MF,Saint Martin (French part),,2,12034,0,46
38838,2022-11-20,MF,Saint Martin (French part),,7,12041,0,46
38839,2022-11-27,MF,Saint Martin (French part),,17,12058,0,46
38840,2022-12-04,MF,Saint Martin (French part),,17,12075,0,46
38841,2022-12-11,MF,Saint Martin (French part),,29,12104,0,46
38842,2022-12-18,MF,Saint Martin (French part),,36,12140,0,46
38843,2022-12-25,MF,Saint Martin (French part),,40,12180,0,46
38844,2023-01-01,MF,Saint Martin (French part),,26,12206,0,46
38845,2023-01-08,MF,Saint Martin (French part),,16,12222,0,46
38846,2023-01-15,MF,Saint Martin (French part),,7,12229,0,46
38847,2023-01-22,MF,Saint Martin (French part),,4,12233,0,46
38848,2023-01-29,MF,Saint Martin (French part),,11,12244,0,46
38849,2023-02-05,MF,Saint Martin (French part),,3,12247,0,46
38850,2023-02-12,MF,Saint Martin (French part),,6,12253,0,46
38851,2023-02-19,MF,Saint Martin (French part),,4,12257,0,46
38852,2023-02-26,MF,Saint Martin (French part),,7,12264,0,46
38853,2023-03-05,MF,Saint Martin (French part),,7,12271,0,46
38854,2023-03-12,MF,Saint Martin (French part),,2,12273,0,46
38855,2023-03-19,MF,Saint Martin (French part),,5,12278,0,46
38856,2023-03-26,MF,Saint Martin (French part),,2,12280,0,46
38857,2023-04-02,MF,Saint Martin (French part),,0,12280,0,46
38858,2023-04-09,MF,Saint Martin (French part),,0,12280,0,46
38859,2023-04-16,MF,Saint Martin (French part),,7,12287,0,46
38860,2023-04-23,MF,Saint Martin (French part),,6,12293,0,46
38861,2023-04-30,MF,Saint Martin (French part),,7,12300,0,46
38862,2023-05-07,MF,Saint Martin (French part),,0,12300,0,46
38863,2023-05-14,MF,Saint Martin (French part),,0,12300,0,46
38864,2023-05-21,MF,Saint Martin (French part),,3,12303,0,46
38865,2023-05-28,MF,Saint Martin (French part),,0,12303,0,46
38866,2023-06-04,MF,Saint Martin (French part),,0,12303,0,46
38867,2023-06-11,MF,Saint Martin (French part),,0,12303,0,46
38868,2023-06-18,MF,Saint Martin (French part),,0,12303,0,46
38869,2023-06-25,MF,Saint Martin (French part),,21,12324,0,46
38870,2023-07-02,MF,Saint Martin (French part),,0,12324,0,46
38871,2023-07-09,MF,Saint Martin (French part),,0,12324,0,46
38872,2023-07-16,MF,Saint Martin (French part),,0,12324,0,46
38873,2023-07-23,MF,Saint Martin (French part),,0,12324,0,46
38874,2023-07-30,MF,Saint Martin (French part),,0,12324,0,46
38875,2023-08-06,MF,Saint Martin (French part),,0,12324,0,46
38876,2023-08-13,MF,Saint Martin (French part),,0,12324,0,46
38877,2023-08-20,MF,Saint Martin (French part),,0,12324,0,46
38878,2023-08-27,MF,Saint Martin (French part),,0,12324,0,46
38879,2023-09-03,MF,Saint Martin (French part),,0,12324,0,46
38880,2023-09-10,MF,Saint Martin (French part),,0,12324,0,46
38881,2023-09-17,MF,Saint Martin (French part),,0,12324,0,46
38882,2023-09-24,MF,Saint Martin (French part),,0,12324,0,46
38883,2023-10-01,MF,Saint Martin (French part),,0,12324,0,46
38884,2023-10-08,MF,Saint Martin (French part),,0,12324,0,46
38885,2023-10-15,MF,Saint Martin (French part),,0,12324,0,46
38886,2023-10-22,MF,Saint Martin (French part),,0,12324,0,46
38887,2023-10-29,MF,Saint Martin (French part),,0,12324,0,46
38888,2023-11-05,MF,Saint Martin (French part),,0,12324,0,46
38889,2023-11-12,MF,Saint Martin (French part),,0,12324,0,46
38890,2023-11-19,MF,Saint Martin (French part),,0,12324,0,46
38891,2023-11-26,MF,Saint Martin (French part),,0,12324,0,46
38892,2023-12-03,MF,Saint Martin (French part),,0,12324,0,46
38893,2023-12-10,MF,Saint Martin (French part),,0,12324,0,46
38894,2023-12-17,MF,Saint Martin (French part),,0,12324,0,46
38895,2023-12-24,MF,Saint Martin (French part),,0,12324,0,46
38896,2020-01-05,PM,Saint Pierre and Miquelon,,0,0,0,0
38897,2020-01-12,PM,Saint Pierre and Miquelon,,0,0,0,0
38898,2020-01-19,PM,Saint Pierre and Miquelon,,0,0,0,0
38899,2020-01-26,PM,Saint Pierre and Miquelon,,0,0,0,0
38900,2020-02-02,PM,Saint Pierre and Miquelon,,0,0,0,0
38901,2020-02-09,PM,Saint Pierre and Miquelon,,0,0,0,0
38902,2020-02-16,PM,Saint Pierre and Miquelon,,0,0,0,0
38903,2020-02-23,PM,Saint Pierre and Miquelon,,0,0,0,0
38904,2020-03-01,PM,Saint Pierre and Miquelon,,0,0,0,0
38905,2020-03-08,PM,Saint Pierre and Miquelon,,0,0,0,0
38906,2020-03-15,PM,Saint Pierre and Miquelon,,0,0,0,0
38907,2020-03-22,PM,Saint Pierre and Miquelon,,0,0,0,0
38908,2020-03-29,PM,Saint Pierre and Miquelon,,0,0,0,0
38909,2020-04-05,PM,Saint Pierre and Miquelon,,0,0,0,0
38910,2020-04-12,PM,Saint Pierre and Miquelon,,1,1,0,0
38911,2020-04-19,PM,Saint Pierre and Miquelon,,0,1,0,0
38912,2020-04-26,PM,Saint Pierre and Miquelon,,0,1,0,0
38913,2020-05-03,PM,Saint Pierre and Miquelon,,0,1,0,0
38914,2020-05-10,PM,Saint Pierre and Miquelon,,0,1,0,0
38915,2020-05-17,PM,Saint Pierre and Miquelon,,0,1,0,0
38916,2020-05-24,PM,Saint Pierre and Miquelon,,0,1,0,0
38917,2020-05-31,PM,Saint Pierre and Miquelon,,0,1,0,0
38918,2020-06-07,PM,Saint Pierre and Miquelon,,0,1,0,0
38919,2020-06-14,PM,Saint Pierre and Miquelon,,0,1,0,0
38920,2020-06-21,PM,Saint Pierre and Miquelon,,0,1,0,0
38921,2020-06-28,PM,Saint Pierre and Miquelon,,0,1,0,0
38922,2020-07-05,PM,Saint Pierre and Miquelon,,0,1,0,0
38923,2020-07-12,PM,Saint Pierre and Miquelon,,1,2,0,0
38924,2020-07-19,PM,Saint Pierre and Miquelon,,2,4,0,0
38925,2020-07-26,PM,Saint Pierre and Miquelon,,0,4,0,0
38926,2020-08-02,PM,Saint Pierre and Miquelon,,0,4,0,0
38927,2020-08-09,PM,Saint Pierre and Miquelon,,1,5,0,0
38928,2020-08-16,PM,Saint Pierre and Miquelon,,0,5,0,0
38929,2020-08-23,PM,Saint Pierre and Miquelon,,0,5,0,0
38930,2020-08-30,PM,Saint Pierre and Miquelon,,0,5,0,0
38931,2020-09-06,PM,Saint Pierre and Miquelon,,2,7,0,0
38932,2020-09-13,PM,Saint Pierre and Miquelon,,4,11,0,0
38933,2020-09-20,PM,Saint Pierre and Miquelon,,0,11,0,0
38934,2020-09-27,PM,Saint Pierre and Miquelon,,1,12,0,0
38935,2020-10-04,PM,Saint Pierre and Miquelon,,0,12,0,0
38936,2020-10-11,PM,Saint Pierre and Miquelon,,0,12,0,0
38937,2020-10-18,PM,Saint Pierre and Miquelon,,0,12,0,0
38938,2020-10-25,PM,Saint Pierre and Miquelon,,0,12,0,0
38939,2020-11-01,PM,Saint Pierre and Miquelon,,0,12,0,0
38940,2020-11-08,PM,Saint Pierre and Miquelon,,2,14,0,0
38941,2020-11-15,PM,Saint Pierre and Miquelon,,0,14,0,0
38942,2020-11-22,PM,Saint Pierre and Miquelon,,0,14,0,0
38943,2020-11-29,PM,Saint Pierre and Miquelon,,0,14,0,0
38944,2020-12-06,PM,Saint Pierre and Miquelon,,0,14,0,0
38945,2020-12-13,PM,Saint Pierre and Miquelon,,0,14,0,0
38946,2020-12-20,PM,Saint Pierre and Miquelon,,0,14,0,0
38947,2020-12-27,PM,Saint Pierre and Miquelon,,2,16,0,0
38948,2021-01-03,PM,Saint Pierre and Miquelon,,0,16,0,0
38949,2021-01-10,PM,Saint Pierre and Miquelon,,0,16,0,0
38950,2021-01-17,PM,Saint Pierre and Miquelon,,0,16,0,0
38951,2021-01-24,PM,Saint Pierre and Miquelon,,4,20,0,0
38952,2021-01-31,PM,Saint Pierre and Miquelon,,4,24,0,0
38953,2021-02-07,PM,Saint Pierre and Miquelon,,0,24,0,0
38954,2021-02-14,PM,Saint Pierre and Miquelon,,0,24,0,0
38955,2021-02-21,PM,Saint Pierre and Miquelon,,0,24,0,0
38956,2021-02-28,PM,Saint Pierre and Miquelon,,0,24,0,0
38957,2021-03-07,PM,Saint Pierre and Miquelon,,0,24,0,0
38958,2021-03-14,PM,Saint Pierre and Miquelon,,0,24,0,0
38959,2021-03-21,PM,Saint Pierre and Miquelon,,0,24,0,0
38960,2021-03-28,PM,Saint Pierre and Miquelon,,0,24,0,0
38961,2021-04-04,PM,Saint Pierre and Miquelon,,0,24,0,0
38962,2021-04-11,PM,Saint Pierre and Miquelon,,1,25,0,0
38963,2021-04-18,PM,Saint Pierre and Miquelon,,0,25,0,0
38964,2021-04-25,PM,Saint Pierre and Miquelon,,0,25,0,0
38965,2021-05-02,PM,Saint Pierre and Miquelon,,0,25,0,0
38966,2021-05-09,PM,Saint Pierre and Miquelon,,0,25,0,0
38967,2021-05-16,PM,Saint Pierre and Miquelon,,0,25,0,0
38968,2021-05-23,PM,Saint Pierre and Miquelon,,0,25,0,0
38969,2021-05-30,PM,Saint Pierre and Miquelon,,0,25,0,0
38970,2021-06-06,PM,Saint Pierre and Miquelon,,0,25,0,0
38971,2021-06-13,PM,Saint Pierre and Miquelon,,1,26,0,0
38972,2021-06-20,PM,Saint Pierre and Miquelon,,0,26,0,0
38973,2021-06-27,PM,Saint Pierre and Miquelon,,0,26,0,0
38974,2021-07-04,PM,Saint Pierre and Miquelon,,0,26,0,0
38975,2021-07-11,PM,Saint Pierre and Miquelon,,0,26,0,0
38976,2021-07-18,PM,Saint Pierre and Miquelon,,0,26,0,0
38977,2021-07-25,PM,Saint Pierre and Miquelon,,2,28,0,0
38978,2021-08-01,PM,Saint Pierre and Miquelon,,0,28,0,0
38979,2021-08-08,PM,Saint Pierre and Miquelon,,2,30,0,0
38980,2021-08-15,PM,Saint Pierre and Miquelon,,0,30,0,0
38981,2021-08-22,PM,Saint Pierre and Miquelon,,0,30,0,0
38982,2021-08-29,PM,Saint Pierre and Miquelon,,0,30,0,0
38983,2021-09-05,PM,Saint Pierre and Miquelon,,1,31,0,0
38984,2021-09-12,PM,Saint Pierre and Miquelon,,0,31,0,0
38985,2021-09-19,PM,Saint Pierre and Miquelon,,0,31,0,0
38986,2021-09-26,PM,Saint Pierre and Miquelon,,0,31,0,0
38987,2021-10-03,PM,Saint Pierre and Miquelon,,0,31,0,0
38988,2021-10-10,PM,Saint Pierre and Miquelon,,1,32,0,0
38989,2021-10-17,PM,Saint Pierre and Miquelon,,0,32,0,0
38990,2021-10-24,PM,Saint Pierre and Miquelon,,0,32,0,0
38991,2021-10-31,PM,Saint Pierre and Miquelon,,0,32,0,0
38992,2021-11-07,PM,Saint Pierre and Miquelon,,0,32,0,0
38993,2021-11-14,PM,Saint Pierre and Miquelon,,1,33,0,0
38994,2021-11-21,PM,Saint Pierre and Miquelon,,11,44,0,0
38995,2021-11-28,PM,Saint Pierre and Miquelon,,31,75,0,0
38996,2021-12-05,PM,Saint Pierre and Miquelon,,13,88,0,0
38997,2021-12-12,PM,Saint Pierre and Miquelon,,7,95,0,0
38998,2021-12-19,PM,Saint Pierre and Miquelon,,1,96,0,0
38999,2021-12-26,PM,Saint Pierre and Miquelon,,2,98,0,0
39000,2022-01-02,PM,Saint Pierre and Miquelon,,0,98,0,0
39001,2022-01-09,PM,Saint Pierre and Miquelon,,15,113,0,0
39002,2022-01-16,PM,Saint Pierre and Miquelon,,142,255,0,0
39003,2022-01-23,PM,Saint Pierre and Miquelon,,183,438,0,0
39004,2022-01-30,PM,Saint Pierre and Miquelon,,190,628,0,0
39005,2022-02-06,PM,Saint Pierre and Miquelon,,200,828,1,1
39006,2022-02-13,PM,Saint Pierre and Miquelon,,93,921,0,1
39007,2022-02-20,PM,Saint Pierre and Miquelon,,44,965,0,1
39008,2022-02-27,PM,Saint Pierre and Miquelon,,30,995,0,1
39009,2022-03-06,PM,Saint Pierre and Miquelon,,8,1003,0,1
39010,2022-03-13,PM,Saint Pierre and Miquelon,,52,1055,0,1
39011,2022-03-20,PM,Saint Pierre and Miquelon,,298,1353,0,1
39012,2022-03-27,PM,Saint Pierre and Miquelon,,577,1930,0,1
39013,2022-04-03,PM,Saint Pierre and Miquelon,,306,2236,0,1
39014,2022-04-10,PM,Saint Pierre and Miquelon,,182,2418,0,1
39015,2022-04-17,PM,Saint Pierre and Miquelon,,119,2537,0,1
39016,2022-04-24,PM,Saint Pierre and Miquelon,,104,2641,0,1
39017,2022-05-01,PM,Saint Pierre and Miquelon,,60,2701,0,1
39018,2022-05-08,PM,Saint Pierre and Miquelon,,26,2727,0,1
39019,2022-05-15,PM,Saint Pierre and Miquelon,,12,2739,0,1
39020,2022-05-22,PM,Saint Pierre and Miquelon,,9,2748,0,1
39021,2022-05-29,PM,Saint Pierre and Miquelon,,2,2750,0,1
39022,2022-06-05,PM,Saint Pierre and Miquelon,,12,2762,0,1
39023,2022-06-12,PM,Saint Pierre and Miquelon,,3,2765,0,1
39024,2022-06-19,PM,Saint Pierre and Miquelon,,0,2765,0,1
39025,2022-06-26,PM,Saint Pierre and Miquelon,,2,2767,0,1
39026,2022-07-03,PM,Saint Pierre and Miquelon,,12,2779,0,1
39027,2022-07-10,PM,Saint Pierre and Miquelon,,78,2857,0,1
39028,2022-07-17,PM,Saint Pierre and Miquelon,,113,2970,0,1
39029,2022-07-24,PM,Saint Pierre and Miquelon,,56,3026,0,1
39030,2022-07-31,PM,Saint Pierre and Miquelon,,57,3083,0,1
39031,2022-08-07,PM,Saint Pierre and Miquelon,,29,3112,0,1
39032,2022-08-14,PM,Saint Pierre and Miquelon,,19,3131,0,1
39033,2022-08-21,PM,Saint Pierre and Miquelon,,6,3137,0,1
39034,2022-08-28,PM,Saint Pierre and Miquelon,,9,3146,0,1
39035,2022-09-04,PM,Saint Pierre and Miquelon,,12,3158,0,1
39036,2022-09-11,PM,Saint Pierre and Miquelon,,8,3166,0,1
39037,2022-09-18,PM,Saint Pierre and Miquelon,,14,3180,0,1
39038,2022-09-25,PM,Saint Pierre and Miquelon,,8,3188,0,1
39039,2022-10-02,PM,Saint Pierre and Miquelon,,11,3199,0,1
39040,2022-10-09,PM,Saint Pierre and Miquelon,,2,3201,0,1
39041,2022-10-16,PM,Saint Pierre and Miquelon,,6,3207,0,1
39042,2022-10-23,PM,Saint Pierre and Miquelon,,5,3212,0,1
39043,2022-10-30,PM,Saint Pierre and Miquelon,,2,3214,0,1
39044,2022-11-06,PM,Saint Pierre and Miquelon,,1,3215,0,1
39045,2022-11-13,PM,Saint Pierre and Miquelon,,3,3218,0,1
39046,2022-11-20,PM,Saint Pierre and Miquelon,,17,3235,0,1
39047,2022-11-27,PM,Saint Pierre and Miquelon,,35,3270,0,1
39048,2022-12-04,PM,Saint Pierre and Miquelon,,24,3294,1,2
39049,2022-12-11,PM,Saint Pierre and Miquelon,,26,3320,0,2
39050,2022-12-18,PM,Saint Pierre and Miquelon,,16,3336,0,2
39051,2022-12-25,PM,Saint Pierre and Miquelon,,12,3348,0,2
39052,2023-01-01,PM,Saint Pierre and Miquelon,,19,3367,0,2
39053,2023-01-08,PM,Saint Pierre and Miquelon,,28,3395,0,2
39054,2023-01-15,PM,Saint Pierre and Miquelon,,5,3400,0,2
39055,2023-01-22,PM,Saint Pierre and Miquelon,,5,3405,0,2
39056,2023-01-29,PM,Saint Pierre and Miquelon,,5,3410,0,2
39057,2023-02-05,PM,Saint Pierre and Miquelon,,2,3412,0,2
39058,2023-02-12,PM,Saint Pierre and Miquelon,,1,3413,0,2
39059,2023-02-19,PM,Saint Pierre and Miquelon,,2,3415,0,2
39060,2023-02-26,PM,Saint Pierre and Miquelon,,2,3417,0,2
39061,2023-03-05,PM,Saint Pierre and Miquelon,,1,3418,0,2
39062,2023-03-12,PM,Saint Pierre and Miquelon,,5,3423,0,2
39063,2023-03-19,PM,Saint Pierre and Miquelon,,1,3424,0,2
39064,2023-03-26,PM,Saint Pierre and Miquelon,,2,3426,0,2
39065,2023-04-02,PM,Saint Pierre and Miquelon,,0,3426,0,2
39066,2023-04-09,PM,Saint Pierre and Miquelon,,0,3426,0,2
39067,2023-04-16,PM,Saint Pierre and Miquelon,,0,3426,0,2
39068,2023-04-23,PM,Saint Pierre and Miquelon,,0,3426,0,2
39069,2023-04-30,PM,Saint Pierre and Miquelon,,0,3426,0,2
39070,2023-05-07,PM,Saint Pierre and Miquelon,,0,3426,0,2
39071,2023-05-14,PM,Saint Pierre and Miquelon,,0,3426,0,2
39072,2023-05-21,PM,Saint Pierre and Miquelon,,0,3426,0,2
39073,2023-05-28,PM,Saint Pierre and Miquelon,,0,3426,0,2
39074,2023-06-04,PM,Saint Pierre and Miquelon,,0,3426,0,2
39075,2023-06-11,PM,Saint Pierre and Miquelon,,0,3426,0,2
39076,2023-06-18,PM,Saint Pierre and Miquelon,,0,3426,0,2
39077,2023-06-25,PM,Saint Pierre and Miquelon,,0,3426,0,2
39078,2023-07-02,PM,Saint Pierre and Miquelon,,0,3426,0,2
39079,2023-07-09,PM,Saint Pierre and Miquelon,,0,3426,0,2
39080,2023-07-16,PM,Saint Pierre and Miquelon,,0,3426,0,2
39081,2023-07-23,PM,Saint Pierre and Miquelon,,0,3426,0,2
39082,2023-07-30,PM,Saint Pierre and Miquelon,,0,3426,0,2
39083,2023-08-06,PM,Saint Pierre and Miquelon,,0,3426,0,2
39084,2023-08-13,PM,Saint Pierre and Miquelon,,0,3426,0,2
39085,2023-08-20,PM,Saint Pierre and Miquelon,,0,3426,0,2
39086,2023-08-27,PM,Saint Pierre and Miquelon,,0,3426,0,2
39087,2023-09-03,PM,Saint Pierre and Miquelon,,0,3426,0,2
39088,2023-09-10,PM,Saint Pierre and Miquelon,,0,3426,0,2
39089,2023-09-17,PM,Saint Pierre and Miquelon,,0,3426,0,2
39090,2023-09-24,PM,Saint Pierre and Miquelon,,0,3426,0,2
39091,2023-10-01,PM,Saint Pierre and Miquelon,,0,3426,0,2
39092,2023-10-08,PM,Saint Pierre and Miquelon,,0,3426,0,2
39093,2023-10-15,PM,Saint Pierre and Miquelon,,0,3426,0,2
39094,2023-10-22,PM,Saint Pierre and Miquelon,,0,3426,0,2
39095,2023-10-29,PM,Saint Pierre and Miquelon,,0,3426,0,2
39096,2023-11-05,PM,Saint Pierre and Miquelon,,0,3426,0,2
39097,2023-11-12,PM,Saint Pierre and Miquelon,,0,3426,0,2
39098,2023-11-19,PM,Saint Pierre and Miquelon,,0,3426,0,2
39099,2023-11-26,PM,Saint Pierre and Miquelon,,0,3426,0,2
39100,2023-12-03,PM,Saint Pierre and Miquelon,,0,3426,0,2
39101,2023-12-10,PM,Saint Pierre and Miquelon,,0,3426,0,2
39102,2023-12-17,PM,Saint Pierre and Miquelon,,0,3426,0,2
39103,2023-12-24,PM,Saint Pierre and Miquelon,,0,3426,0,2
39104,2020-01-05,VC,Saint Vincent and the Grenadines,AMRO,0,0,0,0
39105,2020-01-12,VC,Saint Vincent and the Grenadines,AMRO,0,0,0,0
39106,2020-01-19,VC,Saint Vincent and the Grenadines,AMRO,0,0,0,0
39107,2020-01-26,VC,Saint Vincent and the Grenadines,AMRO,0,0,0,0
39108,2020-02-02,VC,Saint Vincent and the Grenadines,AMRO,0,0,0,0
39109,2020-02-09,VC,Saint Vincent and the Grenadines,AMRO,0,0,0,0
39110,2020-02-16,VC,Saint Vincent and the Grenadines,AMRO,0,0,0,0
39111,2020-02-23,VC,Saint Vincent and the Grenadines,AMRO,0,0,0,0
39112,2020-03-01,VC,Saint Vincent and the Grenadines,AMRO,0,0,0,0
39113,2020-03-08,VC,Saint Vincent and the Grenadines,AMRO,0,0,0,0
39114,2020-03-15,VC,Saint Vincent and the Grenadines,AMRO,1,1,0,0
39115,2020-03-22,VC,Saint Vincent and the Grenadines,AMRO,0,1,0,0
39116,2020-03-29,VC,Saint Vincent and the Grenadines,AMRO,0,1,0,0
39117,2020-04-05,VC,Saint Vincent and the Grenadines,AMRO,2,3,0,0
39118,2020-04-12,VC,Saint Vincent and the Grenadines,AMRO,9,12,0,0
39119,2020-04-19,VC,Saint Vincent and the Grenadines,AMRO,0,12,0,0
39120,2020-04-26,VC,Saint Vincent and the Grenadines,AMRO,2,14,0,0
39121,2020-05-03,VC,Saint Vincent and the Grenadines,AMRO,2,16,0,0
39122,2020-05-10,VC,Saint Vincent and the Grenadines,AMRO,1,17,0,0
39123,2020-05-17,VC,Saint Vincent and the Grenadines,AMRO,0,17,0,0
39124,2020-05-24,VC,Saint Vincent and the Grenadines,AMRO,1,18,0,0
39125,2020-05-31,VC,Saint Vincent and the Grenadines,AMRO,7,25,0,0
39126,2020-06-07,VC,Saint Vincent and the Grenadines,AMRO,1,26,0,0
39127,2020-06-14,VC,Saint Vincent and the Grenadines,AMRO,1,27,0,0
39128,2020-06-21,VC,Saint Vincent and the Grenadines,AMRO,2,29,0,0
39129,2020-06-28,VC,Saint Vincent and the Grenadines,AMRO,0,29,0,0
39130,2020-07-05,VC,Saint Vincent and the Grenadines,AMRO,0,29,0,0
39131,2020-07-12,VC,Saint Vincent and the Grenadines,AMRO,0,29,0,0
39132,2020-07-19,VC,Saint Vincent and the Grenadines,AMRO,6,35,0,0
39133,2020-07-26,VC,Saint Vincent and the Grenadines,AMRO,17,52,0,0
39134,2020-08-02,VC,Saint Vincent and the Grenadines,AMRO,2,54,0,0
39135,2020-08-09,VC,Saint Vincent and the Grenadines,AMRO,2,56,0,0
39136,2020-08-16,VC,Saint Vincent and the Grenadines,AMRO,1,57,0,0
39137,2020-08-23,VC,Saint Vincent and the Grenadines,AMRO,1,58,0,0
39138,2020-08-30,VC,Saint Vincent and the Grenadines,AMRO,2,60,0,0
39139,2020-09-06,VC,Saint Vincent and the Grenadines,AMRO,1,61,0,0
39140,2020-09-13,VC,Saint Vincent and the Grenadines,AMRO,3,64,0,0
39141,2020-09-20,VC,Saint Vincent and the Grenadines,AMRO,0,64,0,0
39142,2020-09-27,VC,Saint Vincent and the Grenadines,AMRO,0,64,0,0
39143,2020-10-04,VC,Saint Vincent and the Grenadines,AMRO,0,64,0,0
39144,2020-10-11,VC,Saint Vincent and the Grenadines,AMRO,0,64,0,0
39145,2020-10-18,VC,Saint Vincent and the Grenadines,AMRO,3,67,0,0
39146,2020-10-25,VC,Saint Vincent and the Grenadines,AMRO,6,73,0,0
39147,2020-11-01,VC,Saint Vincent and the Grenadines,AMRO,1,74,0,0
39148,2020-11-08,VC,Saint Vincent and the Grenadines,AMRO,2,76,0,0
39149,2020-11-15,VC,Saint Vincent and the Grenadines,AMRO,2,78,0,0
39150,2020-11-22,VC,Saint Vincent and the Grenadines,AMRO,6,84,0,0
39151,2020-11-29,VC,Saint Vincent and the Grenadines,AMRO,1,85,0,0
39152,2020-12-06,VC,Saint Vincent and the Grenadines,AMRO,2,87,0,0
39153,2020-12-13,VC,Saint Vincent and the Grenadines,AMRO,7,94,0,0
39154,2020-12-20,VC,Saint Vincent and the Grenadines,AMRO,6,100,0,0
39155,2020-12-27,VC,Saint Vincent and the Grenadines,AMRO,8,108,0,0
39156,2021-01-03,VC,Saint Vincent and the Grenadines,AMRO,14,122,0,0
39157,2021-01-10,VC,Saint Vincent and the Grenadines,AMRO,82,204,0,0
39158,2021-01-17,VC,Saint Vincent and the Grenadines,AMRO,246,450,1,1
39159,2021-01-24,VC,Saint Vincent and the Grenadines,AMRO,270,720,1,2
39160,2021-01-31,VC,Saint Vincent and the Grenadines,AMRO,176,896,0,2
39161,2021-02-07,VC,Saint Vincent and the Grenadines,AMRO,274,1170,1,3
39162,2021-02-14,VC,Saint Vincent and the Grenadines,AMRO,248,1418,3,6
39163,2021-02-21,VC,Saint Vincent and the Grenadines,AMRO,80,1498,0,6
39164,2021-02-28,VC,Saint Vincent and the Grenadines,AMRO,58,1556,2,8
39165,2021-03-07,VC,Saint Vincent and the Grenadines,AMRO,102,1658,0,8
39166,2021-03-14,VC,Saint Vincent and the Grenadines,AMRO,22,1680,0,8
39167,2021-03-21,VC,Saint Vincent and the Grenadines,AMRO,14,1694,1,9
39168,2021-03-28,VC,Saint Vincent and the Grenadines,AMRO,27,1721,1,10
39169,2021-04-04,VC,Saint Vincent and the Grenadines,AMRO,34,1755,0,10
39170,2021-04-11,VC,Saint Vincent and the Grenadines,AMRO,35,1790,0,10
39171,2021-04-18,VC,Saint Vincent and the Grenadines,AMRO,29,1819,0,10
39172,2021-04-25,VC,Saint Vincent and the Grenadines,AMRO,11,1830,0,10
39173,2021-05-02,VC,Saint Vincent and the Grenadines,AMRO,34,1864,1,11
39174,2021-05-09,VC,Saint Vincent and the Grenadines,AMRO,48,1912,1,12
39175,2021-05-16,VC,Saint Vincent and the Grenadines,AMRO,20,1932,0,12
39176,2021-05-23,VC,Saint Vincent and the Grenadines,AMRO,41,1973,0,12
39177,2021-05-30,VC,Saint Vincent and the Grenadines,AMRO,54,2027,0,12
39178,2021-06-06,VC,Saint Vincent and the Grenadines,AMRO,41,2068,0,12
39179,2021-06-13,VC,Saint Vincent and the Grenadines,AMRO,33,2101,0,12
39180,2021-06-20,VC,Saint Vincent and the Grenadines,AMRO,91,2192,0,12
39181,2021-06-27,VC,Saint Vincent and the Grenadines,AMRO,26,2218,0,12
39182,2021-07-04,VC,Saint Vincent and the Grenadines,AMRO,11,2229,0,12
39183,2021-07-11,VC,Saint Vincent and the Grenadines,AMRO,12,2241,0,12
39184,2021-07-18,VC,Saint Vincent and the Grenadines,AMRO,19,2260,0,12
39185,2021-07-25,VC,Saint Vincent and the Grenadines,AMRO,11,2271,0,12
39186,2021-08-01,VC,Saint Vincent and the Grenadines,AMRO,25,2296,0,12
39187,2021-08-08,VC,Saint Vincent and the Grenadines,AMRO,2,2298,0,12
39188,2021-08-15,VC,Saint Vincent and the Grenadines,AMRO,10,2308,0,12
39189,2021-08-22,VC,Saint Vincent and the Grenadines,AMRO,12,2320,0,12
39190,2021-08-29,VC,Saint Vincent and the Grenadines,AMRO,17,2337,0,12
39191,2021-09-05,VC,Saint Vincent and the Grenadines,AMRO,42,2379,0,12
39192,2021-09-12,VC,Saint Vincent and the Grenadines,AMRO,134,2513,0,12
39193,2021-09-19,VC,Saint Vincent and the Grenadines,AMRO,317,2830,2,14
39194,2021-09-26,VC,Saint Vincent and the Grenadines,AMRO,529,3359,3,17
39195,2021-10-03,VC,Saint Vincent and the Grenadines,AMRO,479,3838,11,28
39196,2021-10-10,VC,Saint Vincent and the Grenadines,AMRO,612,4450,5,33
39197,2021-10-17,VC,Saint Vincent and the Grenadines,AMRO,177,4627,14,47
39198,2021-10-24,VC,Saint Vincent and the Grenadines,AMRO,228,4855,13,60
39199,2021-10-31,VC,Saint Vincent and the Grenadines,AMRO,153,5008,6,66
39200,2021-11-07,VC,Saint Vincent and the Grenadines,AMRO,110,5118,3,69
39201,2021-11-14,VC,Saint Vincent and the Grenadines,AMRO,207,5325,2,71
39202,2021-11-21,VC,Saint Vincent and the Grenadines,AMRO,88,5413,2,73
39203,2021-11-28,VC,Saint Vincent and the Grenadines,AMRO,109,5522,1,74
39204,2021-12-05,VC,Saint Vincent and the Grenadines,AMRO,120,5642,0,74
39205,2021-12-12,VC,Saint Vincent and the Grenadines,AMRO,80,5722,3,77
39206,2021-12-19,VC,Saint Vincent and the Grenadines,AMRO,36,5758,0,77
39207,2021-12-26,VC,Saint Vincent and the Grenadines,AMRO,85,5843,4,81
39208,2022-01-02,VC,Saint Vincent and the Grenadines,AMRO,148,5991,2,83
39209,2022-01-09,VC,Saint Vincent and the Grenadines,AMRO,760,6751,1,84
39210,2022-01-16,VC,Saint Vincent and the Grenadines,AMRO,547,7298,3,87
39211,2022-01-23,VC,Saint Vincent and the Grenadines,AMRO,431,7729,4,91
39212,2022-01-30,VC,Saint Vincent and the Grenadines,AMRO,174,7903,2,93
39213,2022-02-06,VC,Saint Vincent and the Grenadines,AMRO,211,8114,2,95
39214,2022-02-13,VC,Saint Vincent and the Grenadines,AMRO,116,8230,7,102
39215,2022-02-20,VC,Saint Vincent and the Grenadines,AMRO,49,8279,2,104
39216,2022-02-27,VC,Saint Vincent and the Grenadines,AMRO,30,8309,2,106
39217,2022-03-06,VC,Saint Vincent and the Grenadines,AMRO,11,8320,0,106
39218,2022-03-13,VC,Saint Vincent and the Grenadines,AMRO,3,8323,0,106
39219,2022-03-20,VC,Saint Vincent and the Grenadines,AMRO,7,8330,0,106
39220,2022-03-27,VC,Saint Vincent and the Grenadines,AMRO,3,8333,0,106
39221,2022-04-03,VC,Saint Vincent and the Grenadines,AMRO,4,8337,0,106
39222,2022-04-10,VC,Saint Vincent and the Grenadines,AMRO,6,8343,0,106
39223,2022-04-17,VC,Saint Vincent and the Grenadines,AMRO,9,8352,0,106
39224,2022-04-24,VC,Saint Vincent and the Grenadines,AMRO,45,8397,0,106
39225,2022-05-01,VC,Saint Vincent and the Grenadines,AMRO,27,8424,0,106
39226,2022-05-08,VC,Saint Vincent and the Grenadines,AMRO,32,8456,0,106
39227,2022-05-15,VC,Saint Vincent and the Grenadines,AMRO,60,8516,0,106
39228,2022-05-22,VC,Saint Vincent and the Grenadines,AMRO,102,8618,0,106
39229,2022-05-29,VC,Saint Vincent and the Grenadines,AMRO,69,8687,0,106
39230,2022-06-05,VC,Saint Vincent and the Grenadines,AMRO,120,8807,2,108
39231,2022-06-12,VC,Saint Vincent and the Grenadines,AMRO,104,8911,0,108
39232,2022-06-19,VC,Saint Vincent and the Grenadines,AMRO,74,8985,2,110
39233,2022-06-26,VC,Saint Vincent and the Grenadines,AMRO,47,9032,1,111
39234,2022-07-03,VC,Saint Vincent and the Grenadines,AMRO,30,9062,1,112
39235,2022-07-10,VC,Saint Vincent and the Grenadines,AMRO,56,9118,2,114
39236,2022-07-17,VC,Saint Vincent and the Grenadines,AMRO,114,9232,1,115
39237,2022-07-24,VC,Saint Vincent and the Grenadines,AMRO,77,9309,0,115
39238,2022-07-31,VC,Saint Vincent and the Grenadines,AMRO,54,9363,0,115
39239,2022-08-07,VC,Saint Vincent and the Grenadines,AMRO,32,9395,0,115
39240,2022-08-14,VC,Saint Vincent and the Grenadines,AMRO,10,9405,0,115
39241,2022-08-21,VC,Saint Vincent and the Grenadines,AMRO,9,9414,0,115
39242,2022-08-28,VC,Saint Vincent and the Grenadines,AMRO,8,9422,0,115
39243,2022-09-04,VC,Saint Vincent and the Grenadines,AMRO,8,9430,0,115
39244,2022-09-11,VC,Saint Vincent and the Grenadines,AMRO,16,9446,1,116
39245,2022-09-18,VC,Saint Vincent and the Grenadines,AMRO,0,9446,0,116
39246,2022-09-25,VC,Saint Vincent and the Grenadines,AMRO,2,9448,0,116
39247,2022-10-02,VC,Saint Vincent and the Grenadines,AMRO,0,9448,0,116
39248,2022-10-09,VC,Saint Vincent and the Grenadines,AMRO,0,9448,0,116
39249,2022-10-16,VC,Saint Vincent and the Grenadines,AMRO,2,9450,0,116
39250,2022-10-23,VC,Saint Vincent and the Grenadines,AMRO,2,9452,0,116
39251,2022-10-30,VC,Saint Vincent and the Grenadines,AMRO,5,9457,0,116
39252,2022-11-06,VC,Saint Vincent and the Grenadines,AMRO,2,9459,0,116
39253,2022-11-13,VC,Saint Vincent and the Grenadines,AMRO,3,9462,0,116
39254,2022-11-20,VC,Saint Vincent and the Grenadines,AMRO,0,9462,0,116
39255,2022-11-27,VC,Saint Vincent and the Grenadines,AMRO,6,9468,0,116
39256,2022-12-04,VC,Saint Vincent and the Grenadines,AMRO,6,9474,0,116
39257,2022-12-11,VC,Saint Vincent and the Grenadines,AMRO,8,9482,0,116
39258,2022-12-18,VC,Saint Vincent and the Grenadines,AMRO,18,9500,0,116
39259,2022-12-25,VC,Saint Vincent and the Grenadines,AMRO,21,9521,2,118
39260,2023-01-01,VC,Saint Vincent and the Grenadines,AMRO,17,9538,1,119
39261,2023-01-08,VC,Saint Vincent and the Grenadines,AMRO,0,9538,0,119
39262,2023-01-15,VC,Saint Vincent and the Grenadines,AMRO,25,9563,2,121
39263,2023-01-22,VC,Saint Vincent and the Grenadines,AMRO,14,9577,2,123
39264,2023-01-29,VC,Saint Vincent and the Grenadines,AMRO,4,9581,0,123
39265,2023-02-05,VC,Saint Vincent and the Grenadines,AMRO,4,9585,0,123
39266,2023-02-12,VC,Saint Vincent and the Grenadines,AMRO,2,9587,0,123
39267,2023-02-19,VC,Saint Vincent and the Grenadines,AMRO,2,9589,0,123
39268,2023-02-26,VC,Saint Vincent and the Grenadines,AMRO,0,9589,0,123
39269,2023-03-05,VC,Saint Vincent and the Grenadines,AMRO,1,9590,1,124
39270,2023-03-12,VC,Saint Vincent and the Grenadines,AMRO,3,9593,0,124
39271,2023-03-19,VC,Saint Vincent and the Grenadines,AMRO,2,9595,0,124
39272,2023-03-26,VC,Saint Vincent and the Grenadines,AMRO,1,9596,0,124
39273,2023-04-02,VC,Saint Vincent and the Grenadines,AMRO,5,9601,0,124
39274,2023-04-09,VC,Saint Vincent and the Grenadines,AMRO,0,9601,0,124
39275,2023-04-16,VC,Saint Vincent and the Grenadines,AMRO,1,9602,0,124
39276,2023-04-23,VC,Saint Vincent and the Grenadines,AMRO,9,9611,0,124
39277,2023-04-30,VC,Saint Vincent and the Grenadines,AMRO,0,9611,0,124
39278,2023-05-07,VC,Saint Vincent and the Grenadines,AMRO,8,9619,0,124
39279,2023-05-14,VC,Saint Vincent and the Grenadines,AMRO,12,9631,0,124
39280,2023-05-21,VC,Saint Vincent and the Grenadines,AMRO,0,9631,0,124
39281,2023-05-28,VC,Saint Vincent and the Grenadines,AMRO,2,9633,0,124
39282,2023-06-04,VC,Saint Vincent and the Grenadines,AMRO,1,9634,0,124
39283,2023-06-11,VC,Saint Vincent and the Grenadines,AMRO,2,9636,0,124
39284,2023-06-18,VC,Saint Vincent and the Grenadines,AMRO,1,9637,0,124
39285,2023-06-25,VC,Saint Vincent and the Grenadines,AMRO,1,9638,0,124
39286,2023-07-02,VC,Saint Vincent and the Grenadines,AMRO,2,9640,0,124
39287,2023-07-09,VC,Saint Vincent and the Grenadines,AMRO,6,9646,0,124
39288,2023-07-16,VC,Saint Vincent and the Grenadines,AMRO,4,9650,0,124
39289,2023-07-23,VC,Saint Vincent and the Grenadines,AMRO,4,9654,0,124
39290,2023-07-30,VC,Saint Vincent and the Grenadines,AMRO,2,9656,0,124
39291,2023-08-06,VC,Saint Vincent and the Grenadines,AMRO,5,9661,0,124
39292,2023-08-13,VC,Saint Vincent and the Grenadines,AMRO,2,9663,0,124
39293,2023-08-20,VC,Saint Vincent and the Grenadines,AMRO,6,9669,0,124
39294,2023-08-27,VC,Saint Vincent and the Grenadines,AMRO,1,9670,0,124
39295,2023-09-03,VC,Saint Vincent and the Grenadines,AMRO,1,9671,0,124
39296,2023-09-10,VC,Saint Vincent and the Grenadines,AMRO,2,9673,0,124
39297,2023-09-17,VC,Saint Vincent and the Grenadines,AMRO,0,9673,0,124
39298,2023-09-24,VC,Saint Vincent and the Grenadines,AMRO,1,9674,0,124
39299,2023-10-01,VC,Saint Vincent and the Grenadines,AMRO,0,9674,0,124
39300,2023-10-08,VC,Saint Vincent and the Grenadines,AMRO,0,9674,0,124
39301,2023-10-15,VC,Saint Vincent and the Grenadines,AMRO,0,9674,0,124
39302,2023-10-22,VC,Saint Vincent and the Grenadines,AMRO,0,9674,0,124
39303,2023-10-29,VC,Saint Vincent and the Grenadines,AMRO,0,9674,0,124
39304,2023-11-05,VC,Saint Vincent and the Grenadines,AMRO,0,9674,0,124
39305,2023-11-12,VC,Saint Vincent and the Grenadines,AMRO,0,9674,0,124
39306,2023-11-19,VC,Saint Vincent and the Grenadines,AMRO,0,9674,0,124
39307,2023-11-26,VC,Saint Vincent and the Grenadines,AMRO,0,9674,0,124
39308,2023-12-03,VC,Saint Vincent and the Grenadines,AMRO,0,9674,0,124
39309,2023-12-10,VC,Saint Vincent and the Grenadines,AMRO,0,9674,0,124
39310,2023-12-17,VC,Saint Vincent and the Grenadines,AMRO,0,9674,0,124
39311,2023-12-24,VC,Saint Vincent and the Grenadines,AMRO,0,9674,0,124
39312,2020-01-05,WS,Samoa,WPRO,0,0,0,0
39313,2020-01-12,WS,Samoa,WPRO,0,0,0,0
39314,2020-01-19,WS,Samoa,WPRO,0,0,0,0
39315,2020-01-26,WS,Samoa,WPRO,0,0,0,0
39316,2020-02-02,WS,Samoa,WPRO,0,0,0,0
39317,2020-02-09,WS,Samoa,WPRO,0,0,0,0
39318,2020-02-16,WS,Samoa,WPRO,0,0,0,0
39319,2020-02-23,WS,Samoa,WPRO,0,0,0,0
39320,2020-03-01,WS,Samoa,WPRO,0,0,0,0
39321,2020-03-08,WS,Samoa,WPRO,0,0,0,0
39322,2020-03-15,WS,Samoa,WPRO,0,0,0,0
39323,2020-03-22,WS,Samoa,WPRO,0,0,0,0
39324,2020-03-29,WS,Samoa,WPRO,0,0,0,0
39325,2020-04-05,WS,Samoa,WPRO,0,0,0,0
39326,2020-04-12,WS,Samoa,WPRO,0,0,0,0
39327,2020-04-19,WS,Samoa,WPRO,0,0,0,0
39328,2020-04-26,WS,Samoa,WPRO,0,0,0,0
39329,2020-05-03,WS,Samoa,WPRO,0,0,0,0
39330,2020-05-10,WS,Samoa,WPRO,0,0,0,0
39331,2020-05-17,WS,Samoa,WPRO,0,0,0,0
39332,2020-05-24,WS,Samoa,WPRO,0,0,0,0
39333,2020-05-31,WS,Samoa,WPRO,0,0,0,0
39334,2020-06-07,WS,Samoa,WPRO,0,0,0,0
39335,2020-06-14,WS,Samoa,WPRO,0,0,0,0
39336,2020-06-21,WS,Samoa,WPRO,0,0,0,0
39337,2020-06-28,WS,Samoa,WPRO,0,0,0,0
39338,2020-07-05,WS,Samoa,WPRO,0,0,0,0
39339,2020-07-12,WS,Samoa,WPRO,0,0,0,0
39340,2020-07-19,WS,Samoa,WPRO,0,0,0,0
39341,2020-07-26,WS,Samoa,WPRO,0,0,0,0
39342,2020-08-02,WS,Samoa,WPRO,0,0,0,0
39343,2020-08-09,WS,Samoa,WPRO,0,0,0,0
39344,2020-08-16,WS,Samoa,WPRO,0,0,0,0
39345,2020-08-23,WS,Samoa,WPRO,0,0,0,0
39346,2020-08-30,WS,Samoa,WPRO,0,0,0,0
39347,2020-09-06,WS,Samoa,WPRO,0,0,0,0
39348,2020-09-13,WS,Samoa,WPRO,0,0,0,0
39349,2020-09-20,WS,Samoa,WPRO,0,0,0,0
39350,2020-09-27,WS,Samoa,WPRO,0,0,0,0
39351,2020-10-04,WS,Samoa,WPRO,0,0,0,0
39352,2020-10-11,WS,Samoa,WPRO,0,0,0,0
39353,2020-10-18,WS,Samoa,WPRO,0,0,0,0
39354,2020-10-25,WS,Samoa,WPRO,0,0,0,0
39355,2020-11-01,WS,Samoa,WPRO,0,0,0,0
39356,2020-11-08,WS,Samoa,WPRO,0,0,0,0
39357,2020-11-15,WS,Samoa,WPRO,0,0,0,0
39358,2020-11-22,WS,Samoa,WPRO,0,0,0,0
39359,2020-11-29,WS,Samoa,WPRO,0,0,0,0
39360,2020-12-06,WS,Samoa,WPRO,1,1,0,0
39361,2020-12-13,WS,Samoa,WPRO,0,1,0,0
39362,2020-12-20,WS,Samoa,WPRO,0,1,0,0
39363,2020-12-27,WS,Samoa,WPRO,0,1,0,0
39364,2021-01-03,WS,Samoa,WPRO,0,1,0,0
39365,2021-01-10,WS,Samoa,WPRO,0,1,0,0
39366,2021-01-17,WS,Samoa,WPRO,0,1,0,0
39367,2021-01-24,WS,Samoa,WPRO,0,1,0,0
39368,2021-01-31,WS,Samoa,WPRO,0,1,0,0
39369,2021-02-07,WS,Samoa,WPRO,0,1,0,0
39370,2021-02-14,WS,Samoa,WPRO,0,1,0,0
39371,2021-02-21,WS,Samoa,WPRO,0,1,0,0
39372,2021-02-28,WS,Samoa,WPRO,0,1,0,0
39373,2021-03-07,WS,Samoa,WPRO,0,1,0,0
39374,2021-03-14,WS,Samoa,WPRO,0,1,0,0
39375,2021-03-21,WS,Samoa,WPRO,0,1,0,0
39376,2021-03-28,WS,Samoa,WPRO,0,1,0,0
39377,2021-04-04,WS,Samoa,WPRO,0,1,0,0
39378,2021-04-11,WS,Samoa,WPRO,0,1,0,0
39379,2021-04-18,WS,Samoa,WPRO,0,1,0,0
39380,2021-04-25,WS,Samoa,WPRO,0,1,0,0
39381,2021-05-02,WS,Samoa,WPRO,0,1,0,0
39382,2021-05-09,WS,Samoa,WPRO,0,1,0,0
39383,2021-05-16,WS,Samoa,WPRO,0,1,0,0
39384,2021-05-23,WS,Samoa,WPRO,0,1,0,0
39385,2021-05-30,WS,Samoa,WPRO,0,1,0,0
39386,2021-06-06,WS,Samoa,WPRO,0,1,0,0
39387,2021-06-13,WS,Samoa,WPRO,0,1,0,0
39388,2021-06-20,WS,Samoa,WPRO,0,1,0,0
39389,2021-06-27,WS,Samoa,WPRO,0,1,0,0
39390,2021-07-04,WS,Samoa,WPRO,0,1,0,0
39391,2021-07-11,WS,Samoa,WPRO,0,1,0,0
39392,2021-07-18,WS,Samoa,WPRO,0,1,0,0
39393,2021-07-25,WS,Samoa,WPRO,0,1,0,0
39394,2021-08-01,WS,Samoa,WPRO,0,1,0,0
39395,2021-08-08,WS,Samoa,WPRO,0,1,0,0
39396,2021-08-15,WS,Samoa,WPRO,0,1,0,0
39397,2021-08-22,WS,Samoa,WPRO,0,1,0,0
39398,2021-08-29,WS,Samoa,WPRO,0,1,0,0
39399,2021-09-05,WS,Samoa,WPRO,0,1,0,0
39400,2021-09-12,WS,Samoa,WPRO,0,1,0,0
39401,2021-09-19,WS,Samoa,WPRO,0,1,0,0
39402,2021-09-26,WS,Samoa,WPRO,0,1,0,0
39403,2021-10-03,WS,Samoa,WPRO,0,1,0,0
39404,2021-10-10,WS,Samoa,WPRO,0,1,0,0
39405,2021-10-17,WS,Samoa,WPRO,0,1,0,0
39406,2021-10-24,WS,Samoa,WPRO,0,1,0,0
39407,2021-10-31,WS,Samoa,WPRO,0,1,0,0
39408,2021-11-07,WS,Samoa,WPRO,0,1,0,0
39409,2021-11-14,WS,Samoa,WPRO,0,1,0,0
39410,2021-11-21,WS,Samoa,WPRO,0,1,0,0
39411,2021-11-28,WS,Samoa,WPRO,0,1,0,0
39412,2021-12-05,WS,Samoa,WPRO,0,1,0,0
39413,2021-12-12,WS,Samoa,WPRO,0,1,0,0
39414,2021-12-19,WS,Samoa,WPRO,1,2,0,0
39415,2021-12-26,WS,Samoa,WPRO,0,2,0,0
39416,2022-01-02,WS,Samoa,WPRO,0,2,0,0
39417,2022-01-09,WS,Samoa,WPRO,0,2,0,0
39418,2022-01-16,WS,Samoa,WPRO,0,2,0,0
39419,2022-01-23,WS,Samoa,WPRO,15,17,0,0
39420,2022-01-30,WS,Samoa,WPRO,15,32,0,0
39421,2022-02-06,WS,Samoa,WPRO,1,33,0,0
39422,2022-02-13,WS,Samoa,WPRO,0,33,0,0
39423,2022-02-20,WS,Samoa,WPRO,0,33,0,0
39424,2022-02-27,WS,Samoa,WPRO,0,33,0,0
39425,2022-03-06,WS,Samoa,WPRO,0,33,0,0
39426,2022-03-13,WS,Samoa,WPRO,15,48,0,0
39427,2022-03-20,WS,Samoa,WPRO,181,229,0,0
39428,2022-03-27,WS,Samoa,WPRO,1058,1287,0,0
39429,2022-04-03,WS,Samoa,WPRO,1500,2787,2,2
39430,2022-04-10,WS,Samoa,WPRO,1166,3953,5,7
39431,2022-04-17,WS,Samoa,WPRO,427,4380,2,9
39432,2022-04-24,WS,Samoa,WPRO,3092,7472,4,13
39433,2022-05-01,WS,Samoa,WPRO,2408,9880,6,19
39434,2022-05-08,WS,Samoa,WPRO,1067,10947,1,20
39435,2022-05-15,WS,Samoa,WPRO,1012,11959,4,24
39436,2022-05-22,WS,Samoa,WPRO,711,12670,1,25
39437,2022-05-29,WS,Samoa,WPRO,998,13668,0,25
39438,2022-06-05,WS,Samoa,WPRO,544,14212,2,27
39439,2022-06-12,WS,Samoa,WPRO,498,14710,1,28
39440,2022-06-19,WS,Samoa,WPRO,350,15060,0,28
39441,2022-06-26,WS,Samoa,WPRO,71,15131,1,29
39442,2022-07-03,WS,Samoa,WPRO,121,15252,0,29
39443,2022-07-10,WS,Samoa,WPRO,88,15340,0,29
39444,2022-07-17,WS,Samoa,WPRO,131,15471,0,29
39445,2022-07-24,WS,Samoa,WPRO,135,15606,0,29
39446,2022-07-31,WS,Samoa,WPRO,87,15693,0,29
39447,2022-08-07,WS,Samoa,WPRO,0,15693,0,29
39448,2022-08-14,WS,Samoa,WPRO,0,15693,0,29
39449,2022-08-21,WS,Samoa,WPRO,298,15991,0,29
39450,2022-08-28,WS,Samoa,WPRO,64,16055,0,29
39451,2022-09-04,WS,Samoa,WPRO,122,16177,0,29
39452,2022-09-11,WS,Samoa,WPRO,36,16213,0,29
39453,2022-09-18,WS,Samoa,WPRO,9,16222,0,29
39454,2022-09-25,WS,Samoa,WPRO,0,16222,0,29
39455,2022-10-02,WS,Samoa,WPRO,8,16230,0,29
39456,2022-10-09,WS,Samoa,WPRO,0,16230,0,29
39457,2022-10-16,WS,Samoa,WPRO,0,16230,0,29
39458,2022-10-23,WS,Samoa,WPRO,4,16234,0,29
39459,2022-10-30,WS,Samoa,WPRO,0,16234,0,29
39460,2022-11-06,WS,Samoa,WPRO,3,16237,0,29
39461,2022-11-13,WS,Samoa,WPRO,0,16237,0,29
39462,2022-11-20,WS,Samoa,WPRO,15,16252,0,29
39463,2022-11-27,WS,Samoa,WPRO,3,16255,0,29
39464,2022-12-04,WS,Samoa,WPRO,3,16258,0,29
39465,2022-12-11,WS,Samoa,WPRO,5,16263,0,29
39466,2022-12-18,WS,Samoa,WPRO,7,16270,0,29
39467,2022-12-25,WS,Samoa,WPRO,0,16270,0,29
39468,2023-01-01,WS,Samoa,WPRO,9,16279,0,29
39469,2023-01-08,WS,Samoa,WPRO,0,16279,0,29
39470,2023-01-15,WS,Samoa,WPRO,17,16296,0,29
39471,2023-01-22,WS,Samoa,WPRO,14,16310,0,29
39472,2023-01-29,WS,Samoa,WPRO,83,16393,0,29
39473,2023-02-05,WS,Samoa,WPRO,4,16397,0,29
39474,2023-02-12,WS,Samoa,WPRO,5,16402,0,29
39475,2023-02-19,WS,Samoa,WPRO,13,16415,0,29
39476,2023-02-26,WS,Samoa,WPRO,3,16418,0,29
39477,2023-03-05,WS,Samoa,WPRO,9,16427,0,29
39478,2023-03-12,WS,Samoa,WPRO,0,16427,2,31
39479,2023-03-19,WS,Samoa,WPRO,246,16673,0,31
39480,2023-03-26,WS,Samoa,WPRO,2,16675,0,31
39481,2023-04-02,WS,Samoa,WPRO,0,16675,0,31
39482,2023-04-09,WS,Samoa,WPRO,62,16737,0,31
39483,2023-04-16,WS,Samoa,WPRO,0,16737,0,31
39484,2023-04-23,WS,Samoa,WPRO,0,16737,0,31
39485,2023-04-30,WS,Samoa,WPRO,20,16757,0,31
39486,2023-05-07,WS,Samoa,WPRO,6,16763,0,31
39487,2023-05-14,WS,Samoa,WPRO,0,16763,0,31
39488,2023-05-21,WS,Samoa,WPRO,0,16763,0,31
39489,2023-05-28,WS,Samoa,WPRO,0,16763,0,31
39490,2023-06-04,WS,Samoa,WPRO,-20,16743,0,31
39491,2023-06-11,WS,Samoa,WPRO,0,16743,0,31
39492,2023-06-18,WS,Samoa,WPRO,21,16764,0,31
39493,2023-06-25,WS,Samoa,WPRO,7,16771,0,31
39494,2023-07-02,WS,Samoa,WPRO,0,16771,0,31
39495,2023-07-09,WS,Samoa,WPRO,4,16775,0,31
39496,2023-07-16,WS,Samoa,WPRO,0,16775,0,31
39497,2023-07-23,WS,Samoa,WPRO,0,16775,0,31
39498,2023-07-30,WS,Samoa,WPRO,0,16775,0,31
39499,2023-08-06,WS,Samoa,WPRO,0,16775,0,31
39500,2023-08-13,WS,Samoa,WPRO,3,16778,0,31
39501,2023-08-20,WS,Samoa,WPRO,0,16778,0,31
39502,2023-08-27,WS,Samoa,WPRO,0,16778,0,31
39503,2023-09-03,WS,Samoa,WPRO,0,16778,0,31
39504,2023-09-10,WS,Samoa,WPRO,0,16778,0,31
39505,2023-09-17,WS,Samoa,WPRO,0,16778,0,31
39506,2023-09-24,WS,Samoa,WPRO,0,16778,0,31
39507,2023-10-01,WS,Samoa,WPRO,0,16778,0,31
39508,2023-10-08,WS,Samoa,WPRO,0,16778,0,31
39509,2023-10-15,WS,Samoa,WPRO,0,16778,0,31
39510,2023-10-22,WS,Samoa,WPRO,0,16778,0,31
39511,2023-10-29,WS,Samoa,WPRO,0,16778,0,31
39512,2023-11-05,WS,Samoa,WPRO,0,16778,0,31
39513,2023-11-12,WS,Samoa,WPRO,0,16778,0,31
39514,2023-11-19,WS,Samoa,WPRO,2,16780,0,31
39515,2023-11-26,WS,Samoa,WPRO,0,16780,0,31
39516,2023-12-03,WS,Samoa,WPRO,0,16780,0,31
39517,2023-12-10,WS,Samoa,WPRO,0,16780,0,31
39518,2023-12-17,WS,Samoa,WPRO,0,16780,0,31
39519,2023-12-24,WS,Samoa,WPRO,0,16780,0,31
39520,2020-01-05,SM,San Marino,EURO,0,0,0,0
39521,2020-01-12,SM,San Marino,EURO,0,0,0,0
39522,2020-01-19,SM,San Marino,EURO,0,0,0,0
39523,2020-01-26,SM,San Marino,EURO,0,0,0,0
39524,2020-02-02,SM,San Marino,EURO,0,0,0,0
39525,2020-02-09,SM,San Marino,EURO,0,0,0,0
39526,2020-02-16,SM,San Marino,EURO,0,0,0,0
39527,2020-02-23,SM,San Marino,EURO,0,0,0,0
39528,2020-03-01,SM,San Marino,EURO,1,1,0,0
39529,2020-03-08,SM,San Marino,EURO,27,28,1,1
39530,2020-03-15,SM,San Marino,EURO,50,78,4,5
39531,2020-03-22,SM,San Marino,EURO,98,176,15,20
39532,2020-03-29,SM,San Marino,EURO,53,229,2,22
39533,2020-04-05,SM,San Marino,EURO,32,261,10,32
39534,2020-04-12,SM,San Marino,EURO,97,358,3,35
39535,2020-04-19,SM,San Marino,EURO,99,457,4,39
39536,2020-04-26,SM,San Marino,EURO,58,515,1,40
39537,2020-05-03,SM,San Marino,EURO,67,582,1,41
39538,2020-05-10,SM,San Marino,EURO,52,634,0,41
39539,2020-05-17,SM,San Marino,EURO,20,654,0,41
39540,2020-05-24,SM,San Marino,EURO,20,674,1,42
39541,2020-05-31,SM,San Marino,EURO,15,689,0,42
39542,2020-06-07,SM,San Marino,EURO,8,697,0,42
39543,2020-06-14,SM,San Marino,EURO,0,697,0,42
39544,2020-06-21,SM,San Marino,EURO,18,715,0,42
39545,2020-06-28,SM,San Marino,EURO,0,715,0,42
39546,2020-07-05,SM,San Marino,EURO,0,715,0,42
39547,2020-07-12,SM,San Marino,EURO,3,718,0,42
39548,2020-07-19,SM,San Marino,EURO,0,718,0,42
39549,2020-07-26,SM,San Marino,EURO,0,718,0,42
39550,2020-08-02,SM,San Marino,EURO,0,718,0,42
39551,2020-08-09,SM,San Marino,EURO,1,719,0,42
39552,2020-08-16,SM,San Marino,EURO,2,721,0,42
39553,2020-08-23,SM,San Marino,EURO,7,728,0,42
39554,2020-08-30,SM,San Marino,EURO,7,735,0,42
39555,2020-09-06,SM,San Marino,EURO,2,737,0,42
39556,2020-09-13,SM,San Marino,EURO,6,743,0,42
39557,2020-09-20,SM,San Marino,EURO,1,744,0,42
39558,2020-09-27,SM,San Marino,EURO,4,748,0,42
39559,2020-10-04,SM,San Marino,EURO,4,752,0,42
39560,2020-10-11,SM,San Marino,EURO,16,768,0,42
39561,2020-10-18,SM,San Marino,EURO,18,786,0,42
39562,2020-10-25,SM,San Marino,EURO,60,846,0,42
39563,2020-11-01,SM,San Marino,EURO,119,965,0,42
39564,2020-11-08,SM,San Marino,EURO,148,1113,0,42
39565,2020-11-15,SM,San Marino,EURO,157,1270,0,42
39566,2020-11-22,SM,San Marino,EURO,174,1444,1,43
39567,2020-11-29,SM,San Marino,EURO,159,1603,2,45
39568,2020-12-06,SM,San Marino,EURO,203,1806,3,48
39569,2020-12-13,SM,San Marino,EURO,143,1949,3,51
39570,2020-12-20,SM,San Marino,EURO,203,2152,4,55
39571,2020-12-27,SM,San Marino,EURO,141,2293,2,57
39572,2021-01-03,SM,San Marino,EURO,217,2510,5,62
39573,2021-01-10,SM,San Marino,EURO,213,2723,3,65
39574,2021-01-17,SM,San Marino,EURO,81,2804,0,65
39575,2021-01-24,SM,San Marino,EURO,102,2906,0,65
39576,2021-01-31,SM,San Marino,EURO,177,3083,2,67
39577,2021-02-07,SM,San Marino,EURO,71,3154,2,69
39578,2021-02-14,SM,San Marino,EURO,177,3331,3,72
39579,2021-02-21,SM,San Marino,EURO,178,3509,0,72
39580,2021-02-28,SM,San Marino,EURO,254,3763,2,74
39581,2021-03-07,SM,San Marino,EURO,189,3952,2,76
39582,2021-03-14,SM,San Marino,EURO,216,4168,1,77
39583,2021-03-21,SM,San Marino,EURO,237,4405,2,79
39584,2021-03-28,SM,San Marino,EURO,243,4648,5,84
39585,2021-04-04,SM,San Marino,EURO,233,4881,1,85
39586,2021-04-11,SM,San Marino,EURO,123,5004,1,86
39587,2021-04-18,SM,San Marino,EURO,68,5072,2,88
39588,2021-04-25,SM,San Marino,EURO,25,5097,2,90
39589,2021-05-02,SM,San Marino,EURO,12,5109,0,90
39590,2021-05-09,SM,San Marino,EURO,16,5125,0,90
39591,2021-05-16,SM,San Marino,EURO,6,5131,0,90
39592,2021-05-23,SM,San Marino,EURO,0,5131,0,90
39593,2021-05-30,SM,San Marino,EURO,1,5132,0,90
39594,2021-06-06,SM,San Marino,EURO,1,5133,0,90
39595,2021-06-13,SM,San Marino,EURO,0,5133,0,90
39596,2021-06-20,SM,San Marino,EURO,1,5134,0,90
39597,2021-06-27,SM,San Marino,EURO,0,5134,0,90
39598,2021-07-04,SM,San Marino,EURO,0,5134,0,90
39599,2021-07-11,SM,San Marino,EURO,1,5135,0,90
39600,2021-07-18,SM,San Marino,EURO,7,5142,0,90
39601,2021-07-25,SM,San Marino,EURO,19,5161,0,90
39602,2021-08-01,SM,San Marino,EURO,32,5193,0,90
39603,2021-08-08,SM,San Marino,EURO,43,5236,0,90
39604,2021-08-15,SM,San Marino,EURO,36,5272,0,90
39605,2021-08-22,SM,San Marino,EURO,29,5301,0,90
39606,2021-08-29,SM,San Marino,EURO,61,5362,0,90
39607,2021-09-05,SM,San Marino,EURO,28,5390,0,90
39608,2021-09-12,SM,San Marino,EURO,37,5427,0,90
39609,2021-09-19,SM,San Marino,EURO,33,5460,0,90
39610,2021-09-26,SM,San Marino,EURO,7,5467,1,91
39611,2021-10-03,SM,San Marino,EURO,13,5480,0,91
39612,2021-10-10,SM,San Marino,EURO,26,5506,0,91
39613,2021-10-17,SM,San Marino,EURO,5,5511,0,91
39614,2021-10-24,SM,San Marino,EURO,25,5536,1,92
39615,2021-10-31,SM,San Marino,EURO,61,5597,0,92
39616,2021-11-07,SM,San Marino,EURO,38,5635,0,92
39617,2021-11-14,SM,San Marino,EURO,57,5692,0,92
39618,2021-11-21,SM,San Marino,EURO,142,5834,1,93
39619,2021-11-28,SM,San Marino,EURO,182,6016,0,93
39620,2021-12-05,SM,San Marino,EURO,244,6260,1,94
39621,2021-12-12,SM,San Marino,EURO,376,6636,0,94
39622,2021-12-19,SM,San Marino,EURO,559,7195,2,96
39623,2021-12-26,SM,San Marino,EURO,446,7641,2,98
39624,2022-01-02,SM,San Marino,EURO,782,8423,2,100
39625,2022-01-09,SM,San Marino,EURO,1189,9612,3,103
39626,2022-01-16,SM,San Marino,EURO,1110,10722,0,103
39627,2022-01-23,SM,San Marino,EURO,1147,11869,4,107
39628,2022-01-30,SM,San Marino,EURO,1112,12981,2,109
39629,2022-02-06,SM,San Marino,EURO,647,13628,0,109
39630,2022-02-13,SM,San Marino,EURO,404,14032,1,110
39631,2022-02-20,SM,San Marino,EURO,200,14232,2,112
39632,2022-02-27,SM,San Marino,EURO,165,14397,0,112
39633,2022-03-06,SM,San Marino,EURO,151,14548,0,112
39634,2022-03-13,SM,San Marino,EURO,195,14743,0,112
39635,2022-03-20,SM,San Marino,EURO,250,14993,0,112
39636,2022-03-27,SM,San Marino,EURO,215,15208,1,113
39637,2022-04-03,SM,San Marino,EURO,224,15432,0,113
39638,2022-04-10,SM,San Marino,EURO,268,15700,1,114
39639,2022-04-17,SM,San Marino,EURO,303,16003,0,114
39640,2022-04-24,SM,San Marino,EURO,273,16276,0,114
39641,2022-05-01,SM,San Marino,EURO,229,16505,1,115
39642,2022-05-08,SM,San Marino,EURO,176,16681,0,115
39643,2022-05-15,SM,San Marino,EURO,224,16905,0,115
39644,2022-05-22,SM,San Marino,EURO,129,17034,0,115
39645,2022-05-29,SM,San Marino,EURO,86,17120,0,115
39646,2022-06-05,SM,San Marino,EURO,89,17209,0,115
39647,2022-06-12,SM,San Marino,EURO,90,17299,0,115
39648,2022-06-19,SM,San Marino,EURO,210,17509,0,115
39649,2022-06-26,SM,San Marino,EURO,269,17778,0,115
39650,2022-07-03,SM,San Marino,EURO,461,18239,0,115
39651,2022-07-10,SM,San Marino,EURO,492,18731,1,116
39652,2022-07-17,SM,San Marino,EURO,522,19253,1,117
39653,2022-07-24,SM,San Marino,EURO,368,19621,1,118
39654,2022-07-31,SM,San Marino,EURO,280,19901,0,118
39655,2022-08-07,SM,San Marino,EURO,145,20046,0,118
39656,2022-08-14,SM,San Marino,EURO,115,20161,0,118
39657,2022-08-21,SM,San Marino,EURO,86,20247,0,118
39658,2022-08-28,SM,San Marino,EURO,95,20342,0,118
39659,2022-09-04,SM,San Marino,EURO,74,20416,0,118
39660,2022-09-11,SM,San Marino,EURO,85,20501,0,118
39661,2022-09-18,SM,San Marino,EURO,66,20567,0,118
39662,2022-09-25,SM,San Marino,EURO,104,20671,0,118
39663,2022-10-02,SM,San Marino,EURO,157,20828,0,118
39664,2022-10-09,SM,San Marino,EURO,226,21054,0,118
39665,2022-10-16,SM,San Marino,EURO,241,21295,0,118
39666,2022-10-23,SM,San Marino,EURO,175,21470,1,119
39667,2022-10-30,SM,San Marino,EURO,135,21605,0,119
39668,2022-11-06,SM,San Marino,EURO,79,21684,0,119
39669,2022-11-13,SM,San Marino,EURO,111,21795,0,119
39670,2022-11-20,SM,San Marino,EURO,152,21947,0,119
39671,2022-11-27,SM,San Marino,EURO,221,22168,0,119
39672,2022-12-04,SM,San Marino,EURO,239,22407,0,119
39673,2022-12-11,SM,San Marino,EURO,211,22618,1,120
39674,2022-12-18,SM,San Marino,EURO,199,22817,0,120
39675,2022-12-25,SM,San Marino,EURO,190,23007,1,121
39676,2023-01-01,SM,San Marino,EURO,170,23177,0,121
39677,2023-01-08,SM,San Marino,EURO,114,23291,0,121
39678,2023-01-15,SM,San Marino,EURO,81,23372,1,122
39679,2023-01-22,SM,San Marino,EURO,33,23405,0,122
39680,2023-01-29,SM,San Marino,EURO,22,23427,0,122
39681,2023-02-05,SM,San Marino,EURO,41,23468,0,122
39682,2023-02-12,SM,San Marino,EURO,26,23494,0,122
39683,2023-02-19,SM,San Marino,EURO,43,23537,0,122
39684,2023-02-26,SM,San Marino,EURO,46,23583,0,122
39685,2023-03-05,SM,San Marino,EURO,33,23616,0,122
39686,2023-03-12,SM,San Marino,EURO,48,23664,0,122
39687,2023-03-19,SM,San Marino,EURO,83,23747,1,123
39688,2023-03-26,SM,San Marino,EURO,52,23799,0,123
39689,2023-04-02,SM,San Marino,EURO,47,23846,0,123
39690,2023-04-09,SM,San Marino,EURO,37,23883,0,123
39691,2023-04-16,SM,San Marino,EURO,77,23960,0,123
39692,2023-04-23,SM,San Marino,EURO,73,24033,1,124
39693,2023-04-30,SM,San Marino,EURO,100,24133,1,125
39694,2023-05-07,SM,San Marino,EURO,75,24208,0,125
39695,2023-05-14,SM,San Marino,EURO,37,24245,0,125
39696,2023-05-21,SM,San Marino,EURO,23,24268,0,125
39697,2023-05-28,SM,San Marino,EURO,17,24285,0,125
39698,2023-06-04,SM,San Marino,EURO,14,24299,0,125
39699,2023-06-11,SM,San Marino,EURO,12,24311,0,125
39700,2023-06-18,SM,San Marino,EURO,8,24319,0,125
39701,2023-06-25,SM,San Marino,EURO,7,24326,0,125
39702,2023-07-02,SM,San Marino,EURO,0,24326,0,125
39703,2023-07-09,SM,San Marino,EURO,0,24326,0,125
39704,2023-07-16,SM,San Marino,EURO,13,24339,0,125
39705,2023-07-23,SM,San Marino,EURO,10,24349,0,125
39706,2023-07-30,SM,San Marino,EURO,9,24358,0,125
39707,2023-08-06,SM,San Marino,EURO,9,24367,0,125
39708,2023-08-13,SM,San Marino,EURO,15,24382,0,125
39709,2023-08-20,SM,San Marino,EURO,0,24382,0,125
39710,2023-08-27,SM,San Marino,EURO,34,24416,1,126
39711,2023-09-03,SM,San Marino,EURO,31,24447,0,126
39712,2023-09-10,SM,San Marino,EURO,57,24504,0,126
39713,2023-09-17,SM,San Marino,EURO,36,24540,0,126
39714,2023-09-24,SM,San Marino,EURO,55,24595,0,126
39715,2023-10-01,SM,San Marino,EURO,49,24644,0,126
39716,2023-10-08,SM,San Marino,EURO,53,24697,0,126
39717,2023-10-15,SM,San Marino,EURO,0,24697,0,126
39718,2023-10-22,SM,San Marino,EURO,0,24697,0,126
39719,2023-10-29,SM,San Marino,EURO,63,24760,0,126
39720,2023-11-05,SM,San Marino,EURO,44,24804,0,126
39721,2023-11-12,SM,San Marino,EURO,66,24870,0,126
39722,2023-11-19,SM,San Marino,EURO,263,25133,0,126
39723,2023-11-26,SM,San Marino,EURO,159,25292,0,126
39724,2023-12-03,SM,San Marino,EURO,0,25292,0,126
39725,2023-12-10,SM,San Marino,EURO,0,25292,0,126
39726,2023-12-17,SM,San Marino,EURO,0,25292,0,126
39727,2023-12-24,SM,San Marino,EURO,0,25292,0,126
39728,2020-01-05,ST,Sao Tome and Principe,AFRO,0,0,0,0
39729,2020-01-12,ST,Sao Tome and Principe,AFRO,0,0,0,0
39730,2020-01-19,ST,Sao Tome and Principe,AFRO,0,0,0,0
39731,2020-01-26,ST,Sao Tome and Principe,AFRO,0,0,0,0
39732,2020-02-02,ST,Sao Tome and Principe,AFRO,0,0,0,0
39733,2020-02-09,ST,Sao Tome and Principe,AFRO,0,0,0,0
39734,2020-02-16,ST,Sao Tome and Principe,AFRO,0,0,0,0
39735,2020-02-23,ST,Sao Tome and Principe,AFRO,0,0,0,0
39736,2020-03-01,ST,Sao Tome and Principe,AFRO,0,0,0,0
39737,2020-03-08,ST,Sao Tome and Principe,AFRO,0,0,0,0
39738,2020-03-15,ST,Sao Tome and Principe,AFRO,0,0,0,0
39739,2020-03-22,ST,Sao Tome and Principe,AFRO,0,0,0,0
39740,2020-03-29,ST,Sao Tome and Principe,AFRO,0,0,0,0
39741,2020-04-05,ST,Sao Tome and Principe,AFRO,0,0,0,0
39742,2020-04-12,ST,Sao Tome and Principe,AFRO,4,4,0,0
39743,2020-04-19,ST,Sao Tome and Principe,AFRO,0,4,0,0
39744,2020-04-26,ST,Sao Tome and Principe,AFRO,4,8,0,0
39745,2020-05-03,ST,Sao Tome and Principe,AFRO,15,23,4,4
39746,2020-05-10,ST,Sao Tome and Principe,AFRO,189,212,1,5
39747,2020-05-17,ST,Sao Tome and Principe,AFRO,28,240,5,10
39748,2020-05-24,ST,Sao Tome and Principe,AFRO,51,291,2,12
39749,2020-05-31,ST,Sao Tome and Principe,AFRO,188,479,1,13
39750,2020-06-07,ST,Sao Tome and Principe,AFRO,34,513,0,13
39751,2020-06-14,ST,Sao Tome and Principe,AFRO,146,659,0,13
39752,2020-06-21,ST,Sao Tome and Principe,AFRO,39,698,0,13
39753,2020-06-28,ST,Sao Tome and Principe,AFRO,15,713,0,13
39754,2020-07-05,ST,Sao Tome and Principe,AFRO,6,719,0,13
39755,2020-07-12,ST,Sao Tome and Principe,AFRO,8,727,1,14
39756,2020-07-19,ST,Sao Tome and Principe,AFRO,16,743,0,14
39757,2020-07-26,ST,Sao Tome and Principe,AFRO,119,862,0,14
39758,2020-08-02,ST,Sao Tome and Principe,AFRO,12,874,1,15
39759,2020-08-09,ST,Sao Tome and Principe,AFRO,4,878,0,15
39760,2020-08-16,ST,Sao Tome and Principe,AFRO,7,885,0,15
39761,2020-08-23,ST,Sao Tome and Principe,AFRO,7,892,0,15
39762,2020-08-30,ST,Sao Tome and Principe,AFRO,3,895,0,15
39763,2020-09-06,ST,Sao Tome and Principe,AFRO,3,898,0,15
39764,2020-09-13,ST,Sao Tome and Principe,AFRO,8,906,0,15
39765,2020-09-20,ST,Sao Tome and Principe,AFRO,2,908,0,15
39766,2020-09-27,ST,Sao Tome and Principe,AFRO,3,911,0,15
39767,2020-10-04,ST,Sao Tome and Principe,AFRO,2,913,0,15
39768,2020-10-11,ST,Sao Tome and Principe,AFRO,9,922,0,15
39769,2020-10-18,ST,Sao Tome and Principe,AFRO,10,932,0,15
39770,2020-10-25,ST,Sao Tome and Principe,AFRO,8,940,0,15
39771,2020-11-01,ST,Sao Tome and Principe,AFRO,5,945,1,16
39772,2020-11-08,ST,Sao Tome and Principe,AFRO,17,962,0,16
39773,2020-11-15,ST,Sao Tome and Principe,AFRO,2,964,0,16
39774,2020-11-22,ST,Sao Tome and Principe,AFRO,15,979,1,17
39775,2020-11-29,ST,Sao Tome and Principe,AFRO,6,985,0,17
39776,2020-12-06,ST,Sao Tome and Principe,AFRO,14,999,0,17
39777,2020-12-13,ST,Sao Tome and Principe,AFRO,10,1009,0,17
39778,2020-12-20,ST,Sao Tome and Principe,AFRO,3,1012,0,17
39779,2020-12-27,ST,Sao Tome and Principe,AFRO,2,1014,0,17
39780,2021-01-03,ST,Sao Tome and Principe,AFRO,10,1024,0,17
39781,2021-01-10,ST,Sao Tome and Principe,AFRO,42,1066,0,17
39782,2021-01-17,ST,Sao Tome and Principe,AFRO,64,1130,0,17
39783,2021-01-24,ST,Sao Tome and Principe,AFRO,52,1182,0,17
39784,2021-01-31,ST,Sao Tome and Principe,AFRO,74,1256,0,17
39785,2021-02-07,ST,Sao Tome and Principe,AFRO,83,1339,1,18
39786,2021-02-14,ST,Sao Tome and Principe,AFRO,143,1482,1,19
39787,2021-02-21,ST,Sao Tome and Principe,AFRO,96,1578,2,21
39788,2021-02-28,ST,Sao Tome and Principe,AFRO,208,1786,7,28
39789,2021-03-07,ST,Sao Tome and Principe,AFRO,152,1938,3,31
39790,2021-03-14,ST,Sao Tome and Principe,AFRO,140,2078,1,32
39791,2021-03-21,ST,Sao Tome and Principe,AFRO,64,2142,2,34
39792,2021-03-28,ST,Sao Tome and Principe,AFRO,68,2210,0,34
39793,2021-04-04,ST,Sao Tome and Principe,AFRO,30,2240,1,35
39794,2021-04-11,ST,Sao Tome and Principe,AFRO,23,2263,0,35
39795,2021-04-18,ST,Sao Tome and Principe,AFRO,12,2275,0,35
39796,2021-04-25,ST,Sao Tome and Principe,AFRO,22,2297,0,35
39797,2021-05-02,ST,Sao Tome and Principe,AFRO,13,2310,0,35
39798,2021-05-09,ST,Sao Tome and Principe,AFRO,8,2318,0,35
39799,2021-05-16,ST,Sao Tome and Principe,AFRO,9,2327,0,35
39800,2021-05-23,ST,Sao Tome and Principe,AFRO,9,2336,2,37
39801,2021-05-30,ST,Sao Tome and Principe,AFRO,9,2345,0,37
39802,2021-06-06,ST,Sao Tome and Principe,AFRO,8,2353,0,37
39803,2021-06-13,ST,Sao Tome and Principe,AFRO,4,2357,0,37
39804,2021-06-20,ST,Sao Tome and Principe,AFRO,5,2362,0,37
39805,2021-06-27,ST,Sao Tome and Principe,AFRO,3,2365,0,37
39806,2021-07-04,ST,Sao Tome and Principe,AFRO,11,2376,0,37
39807,2021-07-11,ST,Sao Tome and Principe,AFRO,16,2392,0,37
39808,2021-07-18,ST,Sao Tome and Principe,AFRO,18,2410,0,37
39809,2021-07-25,ST,Sao Tome and Principe,AFRO,14,2424,0,37
39810,2021-08-01,ST,Sao Tome and Principe,AFRO,30,2454,0,37
39811,2021-08-08,ST,Sao Tome and Principe,AFRO,16,2470,0,37
39812,2021-08-15,ST,Sao Tome and Principe,AFRO,18,2488,0,37
39813,2021-08-22,ST,Sao Tome and Principe,AFRO,36,2524,0,37
39814,2021-08-29,ST,Sao Tome and Principe,AFRO,66,2590,0,37
39815,2021-09-05,ST,Sao Tome and Principe,AFRO,93,2683,0,37
39816,2021-09-12,ST,Sao Tome and Principe,AFRO,131,2814,2,39
39817,2021-09-19,ST,Sao Tome and Principe,AFRO,226,3040,4,43
39818,2021-09-26,ST,Sao Tome and Principe,AFRO,298,3338,6,49
39819,2021-10-03,ST,Sao Tome and Principe,AFRO,193,3531,3,52
39820,2021-10-10,ST,Sao Tome and Principe,AFRO,95,3626,4,56
39821,2021-10-17,ST,Sao Tome and Principe,AFRO,49,3675,0,56
39822,2021-10-24,ST,Sao Tome and Principe,AFRO,22,3697,0,56
39823,2021-10-31,ST,Sao Tome and Principe,AFRO,15,3712,0,56
39824,2021-11-07,ST,Sao Tome and Principe,AFRO,9,3721,0,56
39825,2021-11-14,ST,Sao Tome and Principe,AFRO,9,3730,0,56
39826,2021-11-21,ST,Sao Tome and Principe,AFRO,1,3731,0,56
39827,2021-11-28,ST,Sao Tome and Principe,AFRO,0,3731,0,56
39828,2021-12-05,ST,Sao Tome and Principe,AFRO,1,3732,0,56
39829,2021-12-12,ST,Sao Tome and Principe,AFRO,1,3733,1,57
39830,2021-12-19,ST,Sao Tome and Principe,AFRO,2,3735,0,57
39831,2021-12-26,ST,Sao Tome and Principe,AFRO,9,3744,0,57
39832,2022-01-02,ST,Sao Tome and Principe,AFRO,159,3903,0,57
39833,2022-01-09,ST,Sao Tome and Principe,AFRO,832,4735,6,63
39834,2022-01-16,ST,Sao Tome and Principe,AFRO,760,5495,2,65
39835,2022-01-23,ST,Sao Tome and Principe,AFRO,321,5816,3,68
39836,2022-01-30,ST,Sao Tome and Principe,AFRO,67,5883,1,69
39837,2022-02-06,ST,Sao Tome and Principe,AFRO,28,5911,2,71
39838,2022-02-13,ST,Sao Tome and Principe,AFRO,9,5920,0,71
39839,2022-02-20,ST,Sao Tome and Principe,AFRO,5,5925,0,71
39840,2022-02-27,ST,Sao Tome and Principe,AFRO,8,5933,1,72
39841,2022-03-06,ST,Sao Tome and Principe,AFRO,1,5934,0,72
39842,2022-03-13,ST,Sao Tome and Principe,AFRO,0,5934,0,72
39843,2022-03-20,ST,Sao Tome and Principe,AFRO,6,5940,1,73
39844,2022-03-27,ST,Sao Tome and Principe,AFRO,5,5945,0,73
39845,2022-04-03,ST,Sao Tome and Principe,AFRO,0,5945,0,73
39846,2022-04-10,ST,Sao Tome and Principe,AFRO,3,5948,0,73
39847,2022-04-17,ST,Sao Tome and Principe,AFRO,0,5948,0,73
39848,2022-04-24,ST,Sao Tome and Principe,AFRO,5,5953,0,73
39849,2022-05-01,ST,Sao Tome and Principe,AFRO,4,5957,0,73
39850,2022-05-08,ST,Sao Tome and Principe,AFRO,13,5970,0,73
39851,2022-05-15,ST,Sao Tome and Principe,AFRO,0,5970,0,73
39852,2022-05-22,ST,Sao Tome and Principe,AFRO,0,5970,0,73
39853,2022-05-29,ST,Sao Tome and Principe,AFRO,12,5982,0,73
39854,2022-06-05,ST,Sao Tome and Principe,AFRO,9,5991,0,73
39855,2022-06-12,ST,Sao Tome and Principe,AFRO,12,6003,0,73
39856,2022-06-19,ST,Sao Tome and Principe,AFRO,7,6010,0,73
39857,2022-06-26,ST,Sao Tome and Principe,AFRO,13,6023,0,73
39858,2022-07-03,ST,Sao Tome and Principe,AFRO,20,6043,0,73
39859,2022-07-10,ST,Sao Tome and Principe,AFRO,21,6064,1,74
39860,2022-07-17,ST,Sao Tome and Principe,AFRO,15,6079,0,74
39861,2022-07-24,ST,Sao Tome and Principe,AFRO,8,6087,0,74
39862,2022-07-31,ST,Sao Tome and Principe,AFRO,13,6100,0,74
39863,2022-08-07,ST,Sao Tome and Principe,AFRO,15,6115,1,75
39864,2022-08-14,ST,Sao Tome and Principe,AFRO,5,6120,1,76
39865,2022-08-21,ST,Sao Tome and Principe,AFRO,3,6123,0,76
39866,2022-08-28,ST,Sao Tome and Principe,AFRO,13,6136,0,76
39867,2022-09-04,ST,Sao Tome and Principe,AFRO,17,6153,0,76
39868,2022-09-11,ST,Sao Tome and Principe,AFRO,24,6177,0,76
39869,2022-09-18,ST,Sao Tome and Principe,AFRO,16,6193,0,76
39870,2022-09-25,ST,Sao Tome and Principe,AFRO,16,6209,1,77
39871,2022-10-02,ST,Sao Tome and Principe,AFRO,21,6230,0,77
39872,2022-10-09,ST,Sao Tome and Principe,AFRO,6,6236,0,77
39873,2022-10-16,ST,Sao Tome and Principe,AFRO,16,6252,0,77
39874,2022-10-23,ST,Sao Tome and Principe,AFRO,11,6263,0,77
39875,2022-10-30,ST,Sao Tome and Principe,AFRO,3,6266,0,77
39876,2022-11-06,ST,Sao Tome and Principe,AFRO,4,6270,0,77
39877,2022-11-13,ST,Sao Tome and Principe,AFRO,5,6275,0,77
39878,2022-11-20,ST,Sao Tome and Principe,AFRO,0,6275,0,77
39879,2022-11-27,ST,Sao Tome and Principe,AFRO,3,6278,0,77
39880,2022-12-04,ST,Sao Tome and Principe,AFRO,0,6278,0,77
39881,2022-12-11,ST,Sao Tome and Principe,AFRO,1,6279,0,77
39882,2022-12-18,ST,Sao Tome and Principe,AFRO,0,6279,0,77
39883,2022-12-25,ST,Sao Tome and Principe,AFRO,0,6279,0,77
39884,2023-01-01,ST,Sao Tome and Principe,AFRO,0,6279,0,77
39885,2023-01-08,ST,Sao Tome and Principe,AFRO,0,6279,0,77
39886,2023-01-15,ST,Sao Tome and Principe,AFRO,0,6279,0,77
39887,2023-01-22,ST,Sao Tome and Principe,AFRO,0,6279,0,77
39888,2023-01-29,ST,Sao Tome and Principe,AFRO,0,6279,0,77
39889,2023-02-05,ST,Sao Tome and Principe,AFRO,1,6280,0,77
39890,2023-02-12,ST,Sao Tome and Principe,AFRO,0,6280,0,77
39891,2023-02-19,ST,Sao Tome and Principe,AFRO,0,6280,0,77
39892,2023-02-26,ST,Sao Tome and Principe,AFRO,1,6281,0,77
39893,2023-03-05,ST,Sao Tome and Principe,AFRO,0,6281,0,77
39894,2023-03-12,ST,Sao Tome and Principe,AFRO,0,6281,0,77
39895,2023-03-19,ST,Sao Tome and Principe,AFRO,15,6296,0,77
39896,2023-03-26,ST,Sao Tome and Principe,AFRO,53,6349,0,77
39897,2023-04-02,ST,Sao Tome and Principe,AFRO,88,6437,1,78
39898,2023-04-09,ST,Sao Tome and Principe,AFRO,63,6500,1,79
39899,2023-04-16,ST,Sao Tome and Principe,AFRO,42,6542,1,80
39900,2023-04-23,ST,Sao Tome and Principe,AFRO,20,6562,0,80
39901,2023-04-30,ST,Sao Tome and Principe,AFRO,6,6568,0,80
39902,2023-05-07,ST,Sao Tome and Principe,AFRO,1,6569,0,80
39903,2023-05-14,ST,Sao Tome and Principe,AFRO,6,6575,0,80
39904,2023-05-21,ST,Sao Tome and Principe,AFRO,2,6577,0,80
39905,2023-05-28,ST,Sao Tome and Principe,AFRO,4,6581,0,80
39906,2023-06-04,ST,Sao Tome and Principe,AFRO,4,6585,0,80
39907,2023-06-11,ST,Sao Tome and Principe,AFRO,2,6587,0,80
39908,2023-06-18,ST,Sao Tome and Principe,AFRO,1,6588,0,80
39909,2023-06-25,ST,Sao Tome and Principe,AFRO,0,6588,0,80
39910,2023-07-02,ST,Sao Tome and Principe,AFRO,0,6588,0,80
39911,2023-07-09,ST,Sao Tome and Principe,AFRO,0,6588,0,80
39912,2023-07-16,ST,Sao Tome and Principe,AFRO,1,6589,0,80
39913,2023-07-23,ST,Sao Tome and Principe,AFRO,0,6589,0,80
39914,2023-07-30,ST,Sao Tome and Principe,AFRO,0,6589,0,80
39915,2023-08-06,ST,Sao Tome and Principe,AFRO,0,6589,0,80
39916,2023-08-13,ST,Sao Tome and Principe,AFRO,0,6589,0,80
39917,2023-08-20,ST,Sao Tome and Principe,AFRO,0,6589,0,80
39918,2023-08-27,ST,Sao Tome and Principe,AFRO,0,6589,0,80
39919,2023-09-03,ST,Sao Tome and Principe,AFRO,7,6596,0,80
39920,2023-09-10,ST,Sao Tome and Principe,AFRO,0,6596,0,80
39921,2023-09-17,ST,Sao Tome and Principe,AFRO,1,6597,0,80
39922,2023-09-24,ST,Sao Tome and Principe,AFRO,0,6597,0,80
39923,2023-10-01,ST,Sao Tome and Principe,AFRO,0,6597,0,80
39924,2023-10-08,ST,Sao Tome and Principe,AFRO,1,6598,0,80
39925,2023-10-15,ST,Sao Tome and Principe,AFRO,1,6599,0,80
39926,2023-10-22,ST,Sao Tome and Principe,AFRO,2,6601,0,80
39927,2023-10-29,ST,Sao Tome and Principe,AFRO,0,6601,0,80
39928,2023-11-05,ST,Sao Tome and Principe,AFRO,3,6604,0,80
39929,2023-11-12,ST,Sao Tome and Principe,AFRO,3,6607,0,80
39930,2023-11-19,ST,Sao Tome and Principe,AFRO,28,6635,0,80
39931,2023-11-26,ST,Sao Tome and Principe,AFRO,51,6686,0,80
39932,2023-12-03,ST,Sao Tome and Principe,AFRO,33,6719,0,80
39933,2023-12-10,ST,Sao Tome and Principe,AFRO,10,6729,0,80
39934,2023-12-17,ST,Sao Tome and Principe,AFRO,0,6729,0,80
39935,2023-12-24,ST,Sao Tome and Principe,AFRO,0,6729,0,80
39936,2020-01-05,SA,Saudi Arabia,EMRO,0,0,0,0
39937,2020-01-12,SA,Saudi Arabia,EMRO,0,0,0,0
39938,2020-01-19,SA,Saudi Arabia,EMRO,0,0,0,0
39939,2020-01-26,SA,Saudi Arabia,EMRO,0,0,0,0
39940,2020-02-02,SA,Saudi Arabia,EMRO,0,0,0,0
39941,2020-02-09,SA,Saudi Arabia,EMRO,0,0,0,0
39942,2020-02-16,SA,Saudi Arabia,EMRO,0,0,0,0
39943,2020-02-23,SA,Saudi Arabia,EMRO,0,0,0,0
39944,2020-03-01,SA,Saudi Arabia,EMRO,0,0,0,0
39945,2020-03-08,SA,Saudi Arabia,EMRO,7,7,0,0
39946,2020-03-15,SA,Saudi Arabia,EMRO,96,103,0,0
39947,2020-03-22,SA,Saudi Arabia,EMRO,289,392,0,0
39948,2020-03-29,SA,Saudi Arabia,EMRO,811,1203,4,4
39949,2020-04-05,SA,Saudi Arabia,EMRO,976,2179,25,29
39950,2020-04-12,SA,Saudi Arabia,EMRO,1854,4033,23,52
39951,2020-04-19,SA,Saudi Arabia,EMRO,4241,8274,40,92
39952,2020-04-26,SA,Saudi Arabia,EMRO,8025,16299,44,136
39953,2020-05-03,SA,Saudi Arabia,EMRO,9160,25459,40,176
39954,2020-05-10,SA,Saudi Arabia,EMRO,11677,37136,63,239
39955,2020-05-17,SA,Saudi Arabia,EMRO,14880,52016,63,302
39956,2020-05-24,SA,Saudi Arabia,EMRO,18145,70161,77,379
39957,2020-05-31,SA,Saudi Arabia,EMRO,13223,83384,101,480
39958,2020-06-07,SA,Saudi Arabia,EMRO,15485,98869,196,676
39959,2020-06-14,SA,Saudi Arabia,EMRO,24439,123308,256,932
39960,2020-06-21,SA,Saudi Arabia,EMRO,30925,154233,298,1230
39961,2020-06-28,SA,Saudi Arabia,EMRO,24271,178504,281,1511
39962,2020-07-05,SA,Saudi Arabia,EMRO,27425,205929,347,1858
39963,2020-07-12,SA,Saudi Arabia,EMRO,23551,229480,323,2181
39964,2020-07-19,SA,Saudi Arabia,EMRO,18936,248416,266,2447
39965,2020-07-26,SA,Saudi Arabia,EMRO,16557,264973,256,2703
39966,2020-08-02,SA,Saudi Arabia,EMRO,12505,277478,184,2887
39967,2020-08-09,SA,Saudi Arabia,EMRO,9784,287262,243,3130
39968,2020-08-16,SA,Saudi Arabia,EMRO,10053,297315,239,3369
39969,2020-08-23,SA,Saudi Arabia,EMRO,9055,306370,250,3619
39970,2020-08-30,SA,Saudi Arabia,EMRO,7541,313911,221,3840
39971,2020-09-06,SA,Saudi Arabia,EMRO,6021,319932,209,4049
39972,2020-09-13,SA,Saudi Arabia,EMRO,5118,325050,191,4240
39973,2020-09-20,SA,Saudi Arabia,EMRO,4221,329271,218,4458
39974,2020-09-27,SA,Saudi Arabia,EMRO,3519,332790,197,4655
39975,2020-10-04,SA,Saudi Arabia,EMRO,3207,335997,195,4850
39976,2020-10-11,SA,Saudi Arabia,EMRO,2947,338944,168,5018
39977,2020-10-18,SA,Saudi Arabia,EMRO,2910,341854,147,5165
39978,2020-10-25,SA,Saudi Arabia,EMRO,2698,344552,116,5281
39979,2020-11-01,SA,Saudi Arabia,EMRO,2730,347282,121,5402
39980,2020-11-08,SA,Saudi Arabia,EMRO,2947,350229,123,5525
39981,2020-11-15,SA,Saudi Arabia,EMRO,2721,352950,116,5641
39982,2020-11-22,SA,Saudi Arabia,EMRO,2084,355034,120,5761
39983,2020-11-29,SA,Saudi Arabia,EMRO,1877,356911,109,5870
39984,2020-12-06,SA,Saudi Arabia,EMRO,1615,358526,84,5954
39985,2020-12-13,SA,Saudi Arabia,EMRO,1223,359749,82,6036
39986,2020-12-20,SA,Saudi Arabia,EMRO,1099,360848,76,6112
39987,2020-12-27,SA,Saudi Arabia,EMRO,1218,362066,64,6176
39988,2021-01-03,SA,Saudi Arabia,EMRO,913,362979,63,6239
39989,2021-01-10,SA,Saudi Arabia,EMRO,713,363692,47,6286
39990,2021-01-17,SA,Saudi Arabia,EMRO,1061,364753,32,6318
39991,2021-01-24,SA,Saudi Arabia,EMRO,1432,366185,32,6350
39992,2021-01-31,SA,Saudi Arabia,EMRO,1628,367813,22,6372
39993,2021-02-07,SA,Saudi Arabia,EMRO,2148,369961,25,6397
39994,2021-02-14,SA,Saudi Arabia,EMRO,2449,372410,31,6428
39995,2021-02-21,SA,Saudi Arabia,EMRO,2281,374691,29,6457
39996,2021-02-28,SA,Saudi Arabia,EMRO,2370,377061,31,6488
39997,2021-03-07,SA,Saudi Arabia,EMRO,2413,379474,36,6524
39998,2021-03-14,SA,Saudi Arabia,EMRO,2585,382059,39,6563
39999,2021-03-21,SA,Saudi Arabia,EMRO,2594,384653,39,6602
40000,2021-03-28,SA,Saudi Arabia,EMRO,3141,387794,41,6643
40001,2021-04-04,SA,Saudi Arabia,EMRO,4215,392009,47,6690
40002,2021-04-11,SA,Saudi Arabia,EMRO,5627,397636,57,6747
40003,2021-04-18,SA,Saudi Arabia,EMRO,6418,404054,63,6810
40004,2021-04-25,SA,Saudi Arabia,EMRO,7209,411263,77,6887
40005,2021-05-02,SA,Saudi Arabia,EMRO,7148,418411,81,6968
40006,2021-05-09,SA,Saudi Arabia,EMRO,7031,425442,91,7059
40007,2021-05-16,SA,Saudi Arabia,EMRO,6827,432269,88,7147
40008,2021-05-23,SA,Saudi Arabia,EMRO,7578,439847,90,7237
40009,2021-05-30,SA,Saudi Arabia,EMRO,8437,448284,97,7334
40010,2021-06-06,SA,Saudi Arabia,EMRO,8278,456562,106,7440
40011,2021-06-13,SA,Saudi Arabia,EMRO,8218,464780,113,7553
40012,2021-06-20,SA,Saudi Arabia,EMRO,8332,473112,110,7663
40013,2021-06-27,SA,Saudi Arabia,EMRO,8891,482003,97,7760
40014,2021-07-04,SA,Saudi Arabia,EMRO,9609,491612,103,7863
40015,2021-07-11,SA,Saudi Arabia,EMRO,8471,500083,100,7963
40016,2021-07-18,SA,Saudi Arabia,EMRO,8438,508521,100,8063
40017,2021-07-25,SA,Saudi Arabia,EMRO,8428,516949,92,8155
40018,2021-08-01,SA,Saudi Arabia,EMRO,8781,525730,82,8237
40019,2021-08-08,SA,Saudi Arabia,EMRO,7055,532785,83,8320
40020,2021-08-15,SA,Saudi Arabia,EMRO,5198,537983,79,8399
40021,2021-08-22,SA,Saudi Arabia,EMRO,3627,541610,70,8469
40022,2021-08-29,SA,Saudi Arabia,EMRO,2186,543796,57,8526
40023,2021-09-05,SA,Saudi Arabia,EMRO,1327,545123,46,8572
40024,2021-09-12,SA,Saudi Arabia,EMRO,789,545912,45,8617
40025,2021-09-19,SA,Saudi Arabia,EMRO,567,546479,39,8656
40026,2021-09-26,SA,Saudi Arabia,EMRO,403,546882,38,8694
40027,2021-10-03,SA,Saudi Arabia,EMRO,339,547221,28,8722
40028,2021-10-10,SA,Saudi Arabia,EMRO,311,547532,21,8743
40029,2021-10-17,SA,Saudi Arabia,EMRO,358,547890,17,8760
40030,2021-10-24,SA,Saudi Arabia,EMRO,315,548205,16,8776
40031,2021-10-31,SA,Saudi Arabia,EMRO,366,548571,17,8793
40032,2021-11-07,SA,Saudi Arabia,EMRO,319,548890,10,8803
40033,2021-11-14,SA,Saudi Arabia,EMRO,302,549192,8,8811
40034,2021-11-21,SA,Saudi Arabia,EMRO,251,549443,12,8823
40035,2021-11-28,SA,Saudi Arabia,EMRO,228,549671,9,8832
40036,2021-12-05,SA,Saudi Arabia,EMRO,206,549877,10,8842
40037,2021-12-12,SA,Saudi Arabia,EMRO,312,550189,10,8852
40038,2021-12-19,SA,Saudi Arabia,EMRO,549,550738,9,8861
40039,2021-12-26,SA,Saudi Arabia,EMRO,1668,552406,9,8870
40040,2022-01-02,SA,Saudi Arabia,EMRO,4676,557082,8,8878
40041,2022-01-09,SA,Saudi Arabia,EMRO,18211,575293,14,8892
40042,2022-01-16,SA,Saudi Arabia,EMRO,34660,609953,13,8905
40043,2022-01-23,SA,Saudi Arabia,EMRO,37866,647819,13,8918
40044,2022-01-30,SA,Saudi Arabia,EMRO,31565,679384,15,8933
40045,2022-02-06,SA,Saudi Arabia,EMRO,26253,705637,20,8953
40046,2022-02-13,SA,Saudi Arabia,EMRO,20614,726251,18,8971
40047,2022-02-20,SA,Saudi Arabia,EMRO,12080,738331,11,8982
40048,2022-02-27,SA,Saudi Arabia,EMRO,5411,743742,12,8994
40049,2022-03-06,SA,Saudi Arabia,EMRO,3377,747119,12,9006
40050,2022-03-13,SA,Saudi Arabia,EMRO,1505,748624,11,9017
40051,2022-03-20,SA,Saudi Arabia,EMRO,847,749471,10,9027
40052,2022-03-27,SA,Saudi Arabia,EMRO,787,750258,11,9038
40053,2022-04-03,SA,Saudi Arabia,EMRO,740,750998,9,9047
40054,2022-04-10,SA,Saudi Arabia,EMRO,719,751717,8,9055
40055,2022-04-17,SA,Saudi Arabia,EMRO,762,752479,13,9068
40056,2022-04-24,SA,Saudi Arabia,EMRO,853,753332,8,9076
40057,2022-05-01,SA,Saudi Arabia,EMRO,679,754011,12,9088
40058,2022-05-08,SA,Saudi Arabia,EMRO,1065,755076,11,9099
40059,2022-05-15,SA,Saudi Arabia,EMRO,3719,758795,15,9114
40060,2022-05-22,SA,Saudi Arabia,EMRO,3780,762575,14,9128
40061,2022-05-29,SA,Saudi Arabia,EMRO,3621,766196,15,9143
40062,2022-06-05,SA,Saudi Arabia,EMRO,4454,770650,12,9155
40063,2022-06-12,SA,Saudi Arabia,EMRO,6240,776890,15,9170
40064,2022-06-19,SA,Saudi Arabia,EMRO,7017,783907,15,9185
40065,2022-06-26,SA,Saudi Arabia,EMRO,7050,790957,13,9198
40066,2022-07-03,SA,Saudi Arabia,EMRO,5311,796268,13,9211
40067,2022-07-10,SA,Saudi Arabia,EMRO,3520,799788,9,9220
40068,2022-07-17,SA,Saudi Arabia,EMRO,3370,803158,10,9230
40069,2022-07-24,SA,Saudi Arabia,EMRO,4057,807215,8,9238
40070,2022-07-31,SA,Saudi Arabia,EMRO,2234,809449,12,9250
40071,2022-08-07,SA,Saudi Arabia,EMRO,1438,810887,10,9260
40072,2022-08-14,SA,Saudi Arabia,EMRO,966,811853,9,9269
40073,2022-08-21,SA,Saudi Arabia,EMRO,682,812535,7,9276
40074,2022-08-28,SA,Saudi Arabia,EMRO,572,813107,13,9289
40075,2022-09-04,SA,Saudi Arabia,EMRO,575,813682,13,9302
40076,2022-09-11,SA,Saudi Arabia,EMRO,674,814356,13,9315
40077,2022-09-18,SA,Saudi Arabia,EMRO,741,815097,15,9330
40078,2022-09-25,SA,Saudi Arabia,EMRO,646,815743,11,9341
40079,2022-10-02,SA,Saudi Arabia,EMRO,832,816575,12,9353
40080,2022-10-09,SA,Saudi Arabia,EMRO,915,817490,12,9365
40081,2022-10-16,SA,Saudi Arabia,EMRO,1208,818698,15,9380
40082,2022-10-23,SA,Saudi Arabia,EMRO,1458,820156,12,9392
40083,2022-10-30,SA,Saudi Arabia,EMRO,1781,821937,13,9405
40084,2022-11-06,SA,Saudi Arabia,EMRO,1557,823494,12,9417
40085,2022-11-13,SA,Saudi Arabia,EMRO,944,824438,15,9432
40086,2022-11-20,SA,Saudi Arabia,EMRO,591,825029,14,9446
40087,2022-11-27,SA,Saudi Arabia,EMRO,373,825402,11,9457
40088,2022-12-04,SA,Saudi Arabia,EMRO,316,825718,14,9471
40089,2022-12-11,SA,Saudi Arabia,EMRO,435,826153,11,9482
40090,2022-12-18,SA,Saudi Arabia,EMRO,325,826478,12,9494
40091,2022-12-25,SA,Saudi Arabia,EMRO,288,826766,14,9508
40092,2023-01-01,SA,Saudi Arabia,EMRO,238,827004,10,9518
40093,2023-01-08,SA,Saudi Arabia,EMRO,186,827190,11,9529
40094,2023-01-15,SA,Saudi Arabia,EMRO,182,827372,13,9542
40095,2023-01-22,SA,Saudi Arabia,EMRO,206,827578,13,9555
40096,2023-01-29,SA,Saudi Arabia,EMRO,250,827828,13,9568
40097,2023-02-05,SA,Saudi Arabia,EMRO,303,828131,11,9579
40098,2023-02-12,SA,Saudi Arabia,EMRO,355,828486,12,9591
40099,2023-02-19,SA,Saudi Arabia,EMRO,388,828874,9,9600
40100,2023-02-26,SA,Saudi Arabia,EMRO,354,829228,13,9613
40101,2023-03-05,SA,Saudi Arabia,EMRO,502,829730,4,9617
40102,2023-03-12,SA,Saudi Arabia,EMRO,563,830293,4,9621
40103,2023-03-19,SA,Saudi Arabia,EMRO,1018,831311,3,9624
40104,2023-03-26,SA,Saudi Arabia,EMRO,1118,832429,3,9627
40105,2023-04-02,SA,Saudi Arabia,EMRO,1638,834067,4,9631
40106,2023-04-09,SA,Saudi Arabia,EMRO,2375,836442,4,9635
40107,2023-04-16,SA,Saudi Arabia,EMRO,1933,838375,3,9638
40108,2023-04-23,SA,Saudi Arabia,EMRO,844,839219,3,9641
40109,2023-04-30,SA,Saudi Arabia,EMRO,1306,840525,3,9644
40110,2023-05-07,SA,Saudi Arabia,EMRO,944,841469,2,9646
40111,2023-05-14,SA,Saudi Arabia,EMRO,0,841469,0,9646
40112,2023-05-21,SA,Saudi Arabia,EMRO,0,841469,0,9646
40113,2023-05-28,SA,Saudi Arabia,EMRO,0,841469,0,9646
40114,2023-06-04,SA,Saudi Arabia,EMRO,0,841469,0,9646
40115,2023-06-11,SA,Saudi Arabia,EMRO,0,841469,0,9646
40116,2023-06-18,SA,Saudi Arabia,EMRO,0,841469,0,9646
40117,2023-06-25,SA,Saudi Arabia,EMRO,0,841469,0,9646
40118,2023-07-02,SA,Saudi Arabia,EMRO,0,841469,0,9646
40119,2023-07-09,SA,Saudi Arabia,EMRO,0,841469,0,9646
40120,2023-07-16,SA,Saudi Arabia,EMRO,0,841469,0,9646
40121,2023-07-23,SA,Saudi Arabia,EMRO,0,841469,0,9646
40122,2023-07-30,SA,Saudi Arabia,EMRO,0,841469,0,9646
40123,2023-08-06,SA,Saudi Arabia,EMRO,0,841469,0,9646
40124,2023-08-13,SA,Saudi Arabia,EMRO,0,841469,0,9646
40125,2023-08-20,SA,Saudi Arabia,EMRO,0,841469,0,9646
40126,2023-08-27,SA,Saudi Arabia,EMRO,0,841469,0,9646
40127,2023-09-03,SA,Saudi Arabia,EMRO,0,841469,0,9646
40128,2023-09-10,SA,Saudi Arabia,EMRO,0,841469,0,9646
40129,2023-09-17,SA,Saudi Arabia,EMRO,0,841469,0,9646
40130,2023-09-24,SA,Saudi Arabia,EMRO,0,841469,0,9646
40131,2023-10-01,SA,Saudi Arabia,EMRO,0,841469,0,9646
40132,2023-10-08,SA,Saudi Arabia,EMRO,0,841469,0,9646
40133,2023-10-15,SA,Saudi Arabia,EMRO,0,841469,0,9646
40134,2023-10-22,SA,Saudi Arabia,EMRO,0,841469,0,9646
40135,2023-10-29,SA,Saudi Arabia,EMRO,0,841469,0,9646
40136,2023-11-05,SA,Saudi Arabia,EMRO,0,841469,0,9646
40137,2023-11-12,SA,Saudi Arabia,EMRO,0,841469,0,9646
40138,2023-11-19,SA,Saudi Arabia,EMRO,0,841469,0,9646
40139,2023-11-26,SA,Saudi Arabia,EMRO,0,841469,0,9646
40140,2023-12-03,SA,Saudi Arabia,EMRO,0,841469,0,9646
40141,2023-12-10,SA,Saudi Arabia,EMRO,0,841469,0,9646
40142,2023-12-17,SA,Saudi Arabia,EMRO,0,841469,0,9646
40143,2023-12-24,SA,Saudi Arabia,EMRO,0,841469,0,9646
40144,2020-01-05,SN,Senegal,AFRO,0,0,0,0
40145,2020-01-12,SN,Senegal,AFRO,0,0,0,0
40146,2020-01-19,SN,Senegal,AFRO,0,0,0,0
40147,2020-01-26,SN,Senegal,AFRO,0,0,0,0
40148,2020-02-02,SN,Senegal,AFRO,0,0,0,0
40149,2020-02-09,SN,Senegal,AFRO,0,0,0,0
40150,2020-02-16,SN,Senegal,AFRO,0,0,0,0
40151,2020-02-23,SN,Senegal,AFRO,0,0,0,0
40152,2020-03-01,SN,Senegal,AFRO,0,0,0,0
40153,2020-03-08,SN,Senegal,AFRO,4,4,0,0
40154,2020-03-15,SN,Senegal,AFRO,23,27,0,0
40155,2020-03-22,SN,Senegal,AFRO,43,70,0,0
40156,2020-03-29,SN,Senegal,AFRO,74,144,0,0
40157,2020-04-05,SN,Senegal,AFRO,80,224,0,0
40158,2020-04-12,SN,Senegal,AFRO,66,290,0,0
40159,2020-04-19,SN,Senegal,AFRO,49,339,0,0
40160,2020-04-26,SN,Senegal,AFRO,181,520,0,0
40161,2020-05-03,SN,Senegal,AFRO,595,1115,0,0
40162,2020-05-10,SN,Senegal,AFRO,519,1634,0,0
40163,2020-05-17,SN,Senegal,AFRO,795,2429,0,0
40164,2020-05-24,SN,Senegal,AFRO,547,2976,0,0
40165,2020-05-31,SN,Senegal,AFRO,559,3535,0,0
40166,2020-06-07,SN,Senegal,AFRO,714,4249,0,0
40167,2020-06-14,SN,Senegal,AFRO,747,4996,0,0
40168,2020-06-21,SN,Senegal,AFRO,787,5783,0,0
40169,2020-06-28,SN,Senegal,AFRO,676,6459,0,0
40170,2020-07-05,SN,Senegal,AFRO,813,7272,0,0
40171,2020-07-12,SN,Senegal,AFRO,742,8014,148,148
40172,2020-07-19,SN,Senegal,AFRO,655,8669,19,167
40173,2020-07-26,SN,Senegal,AFRO,883,9552,24,191
40174,2020-08-02,SN,Senegal,AFRO,732,10284,18,209
40175,2020-08-09,SN,Senegal,AFRO,719,11003,23,232
40176,2020-08-16,SN,Senegal,AFRO,1029,12032,21,253
40177,2020-08-23,SN,Senegal,AFRO,818,12850,16,269
40178,2020-08-30,SN,Senegal,AFRO,606,13456,15,284
40179,2020-09-06,SN,Senegal,AFRO,492,13948,6,290
40180,2020-09-13,SN,Senegal,AFRO,289,14237,7,297
40181,2020-09-20,SN,Senegal,AFRO,451,14688,5,302
40182,2020-09-27,SN,Senegal,AFRO,181,14869,6,308
40183,2020-10-04,SN,Senegal,AFRO,199,15068,4,312
40184,2020-10-11,SN,Senegal,AFRO,176,15244,2,314
40185,2020-10-18,SN,Senegal,AFRO,148,15392,3,317
40186,2020-10-25,SN,Senegal,AFRO,151,15543,4,321
40187,2020-11-01,SN,Senegal,AFRO,73,15616,4,325
40188,2020-11-08,SN,Senegal,AFRO,77,15693,1,326
40189,2020-11-15,SN,Senegal,AFRO,86,15779,1,327
40190,2020-11-22,SN,Senegal,AFRO,86,15865,3,330
40191,2020-11-29,SN,Senegal,AFRO,162,16027,3,333
40192,2020-12-06,SN,Senegal,AFRO,370,16397,4,337
40193,2020-12-13,SN,Senegal,AFRO,664,17061,12,349
40194,2020-12-20,SN,Senegal,AFRO,609,17670,12,361
40195,2020-12-27,SN,Senegal,AFRO,853,18523,26,387
40196,2021-01-03,SN,Senegal,AFRO,988,19511,29,416
40197,2021-01-10,SN,Senegal,AFRO,1489,21000,43,459
40198,2021-01-17,SN,Senegal,AFRO,1738,22738,50,509
40199,2021-01-24,SN,Senegal,AFRO,1722,24460,60,569
40200,2021-01-31,SN,Senegal,AFRO,1753,26213,52,621
40201,2021-02-07,SN,Senegal,AFRO,2276,28489,54,675
40202,2021-02-14,SN,Senegal,AFRO,2152,30641,66,741
40203,2021-02-21,SN,Senegal,AFRO,1989,32630,54,795
40204,2021-02-28,SN,Senegal,AFRO,1625,34255,71,866
40205,2021-03-07,SN,Senegal,AFRO,1377,35632,53,919
40206,2021-03-14,SN,Senegal,AFRO,1094,36726,44,963
40207,2021-03-21,SN,Senegal,AFRO,967,37693,50,1013
40208,2021-03-28,SN,Senegal,AFRO,763,38456,21,1034
40209,2021-04-04,SN,Senegal,AFRO,497,38953,29,1063
40210,2021-04-11,SN,Senegal,AFRO,411,39364,14,1077
40211,2021-04-18,SN,Senegal,AFRO,367,39731,13,1090
40212,2021-04-25,SN,Senegal,AFRO,351,40082,9,1099
40213,2021-05-02,SN,Senegal,AFRO,306,40388,10,1109
40214,2021-05-09,SN,Senegal,AFRO,277,40665,8,1117
40215,2021-05-16,SN,Senegal,AFRO,163,40828,7,1124
40216,2021-05-23,SN,Senegal,AFRO,234,41062,6,1130
40217,2021-05-30,SN,Senegal,AFRO,269,41331,8,1138
40218,2021-06-06,SN,Senegal,AFRO,300,41631,7,1145
40219,2021-06-13,SN,Senegal,AFRO,321,41952,6,1151
40220,2021-06-20,SN,Senegal,AFRO,381,42333,7,1158
40221,2021-06-27,SN,Senegal,AFRO,518,42851,5,1163
40222,2021-07-04,SN,Senegal,AFRO,776,43627,8,1171
40223,2021-07-11,SN,Senegal,AFRO,2019,45646,19,1190
40224,2021-07-18,SN,Senegal,AFRO,4728,50374,24,1214
40225,2021-07-25,SN,Senegal,AFRO,6199,56573,55,1269
40226,2021-08-01,SN,Senegal,AFRO,5717,62290,84,1353
40227,2021-08-08,SN,Senegal,AFRO,4608,66898,114,1467
40228,2021-08-15,SN,Senegal,AFRO,3515,70413,120,1587
40229,2021-08-22,SN,Senegal,AFRO,1359,71772,72,1659
40230,2021-08-29,SN,Senegal,AFRO,846,72618,83,1742
40231,2021-09-05,SN,Senegal,AFRO,486,73104,52,1794
40232,2021-09-12,SN,Senegal,AFRO,336,73440,34,1828
40233,2021-09-19,SN,Senegal,AFRO,182,73622,17,1845
40234,2021-09-26,SN,Senegal,AFRO,106,73728,10,1855
40235,2021-10-03,SN,Senegal,AFRO,65,73793,4,1859
40236,2021-10-10,SN,Senegal,AFRO,42,73835,9,1868
40237,2021-10-17,SN,Senegal,AFRO,30,73865,3,1871
40238,2021-10-24,SN,Senegal,AFRO,26,73891,6,1877
40239,2021-10-31,SN,Senegal,AFRO,26,73917,1,1878
40240,2021-11-07,SN,Senegal,AFRO,18,73935,2,1880
40241,2021-11-14,SN,Senegal,AFRO,16,73951,1,1881
40242,2021-11-21,SN,Senegal,AFRO,14,73965,2,1883
40243,2021-11-28,SN,Senegal,AFRO,16,73981,2,1885
40244,2021-12-05,SN,Senegal,AFRO,32,74013,1,1886
40245,2021-12-12,SN,Senegal,AFRO,63,74076,0,1886
40246,2021-12-19,SN,Senegal,AFRO,65,74141,0,1886
40247,2021-12-26,SN,Senegal,AFRO,212,74353,4,1890
40248,2022-01-02,SN,Senegal,AFRO,984,75337,0,1890
40249,2022-01-09,SN,Senegal,AFRO,3287,78624,6,1896
40250,2022-01-16,SN,Senegal,AFRO,3647,82271,12,1908
40251,2022-01-23,SN,Senegal,AFRO,1847,84118,15,1923
40252,2022-01-30,SN,Senegal,AFRO,738,84856,18,1941
40253,2022-02-06,SN,Senegal,AFRO,322,85178,14,1955
40254,2022-02-13,SN,Senegal,AFRO,192,85370,1,1956
40255,2022-02-20,SN,Senegal,AFRO,175,85545,2,1958
40256,2022-02-27,SN,Senegal,AFRO,121,85666,2,1960
40257,2022-03-06,SN,Senegal,AFRO,81,85747,1,1961
40258,2022-03-13,SN,Senegal,AFRO,45,85792,3,1964
40259,2022-03-20,SN,Senegal,AFRO,29,85821,0,1964
40260,2022-03-27,SN,Senegal,AFRO,39,85860,0,1964
40261,2022-04-03,SN,Senegal,AFRO,51,85911,1,1965
40262,2022-04-10,SN,Senegal,AFRO,38,85949,0,1965
40263,2022-04-17,SN,Senegal,AFRO,18,85967,0,1965
40264,2022-04-24,SN,Senegal,AFRO,17,85984,1,1966
40265,2022-05-01,SN,Senegal,AFRO,13,85997,0,1966
40266,2022-05-08,SN,Senegal,AFRO,15,86012,0,1966
40267,2022-05-15,SN,Senegal,AFRO,23,86035,0,1966
40268,2022-05-22,SN,Senegal,AFRO,32,86067,0,1966
40269,2022-05-29,SN,Senegal,AFRO,34,86101,0,1966
40270,2022-06-05,SN,Senegal,AFRO,32,86133,0,1966
40271,2022-06-12,SN,Senegal,AFRO,17,86150,1,1967
40272,2022-06-19,SN,Senegal,AFRO,51,86201,1,1968
40273,2022-06-26,SN,Senegal,AFRO,74,86275,0,1968
40274,2022-07-03,SN,Senegal,AFRO,73,86348,0,1968
40275,2022-07-10,SN,Senegal,AFRO,133,86481,0,1968
40276,2022-07-17,SN,Senegal,AFRO,263,86744,0,1968
40277,2022-07-24,SN,Senegal,AFRO,293,87037,0,1968
40278,2022-07-31,SN,Senegal,AFRO,305,87342,0,1968
40279,2022-08-07,SN,Senegal,AFRO,208,87550,0,1968
40280,2022-08-14,SN,Senegal,AFRO,202,87752,0,1968
40281,2022-08-21,SN,Senegal,AFRO,192,87944,0,1968
40282,2022-08-28,SN,Senegal,AFRO,108,88052,0,1968
40283,2022-09-04,SN,Senegal,AFRO,80,88132,0,1968
40284,2022-09-11,SN,Senegal,AFRO,67,88199,0,1968
40285,2022-09-18,SN,Senegal,AFRO,80,88279,0,1968
40286,2022-09-25,SN,Senegal,AFRO,70,88349,0,1968
40287,2022-10-02,SN,Senegal,AFRO,70,88419,0,1968
40288,2022-10-09,SN,Senegal,AFRO,100,88519,0,1968
40289,2022-10-16,SN,Senegal,AFRO,92,88611,0,1968
40290,2022-10-23,SN,Senegal,AFRO,91,88702,0,1968
40291,2022-10-30,SN,Senegal,AFRO,77,88779,0,1968
40292,2022-11-06,SN,Senegal,AFRO,40,88819,0,1968
40293,2022-11-13,SN,Senegal,AFRO,19,88838,0,1968
40294,2022-11-20,SN,Senegal,AFRO,15,88853,0,1968
40295,2022-11-27,SN,Senegal,AFRO,16,88869,0,1968
40296,2022-12-04,SN,Senegal,AFRO,13,88882,0,1968
40297,2022-12-11,SN,Senegal,AFRO,6,88888,0,1968
40298,2022-12-18,SN,Senegal,AFRO,7,88895,0,1968
40299,2022-12-25,SN,Senegal,AFRO,5,88900,0,1968
40300,2023-01-01,SN,Senegal,AFRO,0,88900,0,1968
40301,2023-01-08,SN,Senegal,AFRO,0,88900,3,1971
40302,2023-01-15,SN,Senegal,AFRO,2,88902,0,1971
40303,2023-01-22,SN,Senegal,AFRO,0,88902,0,1971
40304,2023-01-29,SN,Senegal,AFRO,3,88905,0,1971
40305,2023-02-05,SN,Senegal,AFRO,1,88906,0,1971
40306,2023-02-12,SN,Senegal,AFRO,1,88907,0,1971
40307,2023-02-19,SN,Senegal,AFRO,3,88910,0,1971
40308,2023-02-26,SN,Senegal,AFRO,7,88917,0,1971
40309,2023-03-05,SN,Senegal,AFRO,9,88926,0,1971
40310,2023-03-12,SN,Senegal,AFRO,7,88933,0,1971
40311,2023-03-19,SN,Senegal,AFRO,12,88945,0,1971
40312,2023-03-26,SN,Senegal,AFRO,6,88951,0,1971
40313,2023-04-02,SN,Senegal,AFRO,22,88973,0,1971
40314,2023-04-09,SN,Senegal,AFRO,5,88978,0,1971
40315,2023-04-16,SN,Senegal,AFRO,11,88989,0,1971
40316,2023-04-23,SN,Senegal,AFRO,4,88993,0,1971
40317,2023-04-30,SN,Senegal,AFRO,4,88997,0,1971
40318,2023-05-07,SN,Senegal,AFRO,0,88997,0,1971
40319,2023-05-14,SN,Senegal,AFRO,1,88998,0,1971
40320,2023-05-21,SN,Senegal,AFRO,1,88999,0,1971
40321,2023-05-28,SN,Senegal,AFRO,0,88999,0,1971
40322,2023-06-04,SN,Senegal,AFRO,0,88999,0,1971
40323,2023-06-11,SN,Senegal,AFRO,0,88999,0,1971
40324,2023-06-18,SN,Senegal,AFRO,0,88999,0,1971
40325,2023-06-25,SN,Senegal,AFRO,4,89003,0,1971
40326,2023-07-02,SN,Senegal,AFRO,2,89005,0,1971
40327,2023-07-09,SN,Senegal,AFRO,2,89007,0,1971
40328,2023-07-16,SN,Senegal,AFRO,0,89007,0,1971
40329,2023-07-23,SN,Senegal,AFRO,1,89008,0,1971
40330,2023-07-30,SN,Senegal,AFRO,3,89011,0,1971
40331,2023-08-06,SN,Senegal,AFRO,3,89014,0,1971
40332,2023-08-13,SN,Senegal,AFRO,0,89014,0,1971
40333,2023-08-20,SN,Senegal,AFRO,6,89020,0,1971
40334,2023-08-27,SN,Senegal,AFRO,0,89020,0,1971
40335,2023-09-03,SN,Senegal,AFRO,1,89021,0,1971
40336,2023-09-10,SN,Senegal,AFRO,1,89022,0,1971
40337,2023-09-17,SN,Senegal,AFRO,0,89022,0,1971
40338,2023-09-24,SN,Senegal,AFRO,0,89022,0,1971
40339,2023-10-01,SN,Senegal,AFRO,0,89022,0,1971
40340,2023-10-08,SN,Senegal,AFRO,2,89024,0,1971
40341,2023-10-15,SN,Senegal,AFRO,2,89026,0,1971
40342,2023-10-22,SN,Senegal,AFRO,1,89027,0,1971
40343,2023-10-29,SN,Senegal,AFRO,0,89027,0,1971
40344,2023-11-05,SN,Senegal,AFRO,0,89027,0,1971
40345,2023-11-12,SN,Senegal,AFRO,0,89027,0,1971
40346,2023-11-19,SN,Senegal,AFRO,2,89029,0,1971
40347,2023-11-26,SN,Senegal,AFRO,1,89030,0,1971
40348,2023-12-03,SN,Senegal,AFRO,3,89033,0,1971
40349,2023-12-10,SN,Senegal,AFRO,0,89033,0,1971
40350,2023-12-17,SN,Senegal,AFRO,0,89033,0,1971
40351,2023-12-24,SN,Senegal,AFRO,0,89033,0,1971
40352,2020-01-05,RS,Serbia,EURO,0,0,0,0
40353,2020-01-12,RS,Serbia,EURO,0,0,0,0
40354,2020-01-19,RS,Serbia,EURO,0,0,0,0
40355,2020-01-26,RS,Serbia,EURO,0,0,0,0
40356,2020-02-02,RS,Serbia,EURO,0,0,0,0
40357,2020-02-09,RS,Serbia,EURO,0,0,0,0
40358,2020-02-16,RS,Serbia,EURO,0,0,0,0
40359,2020-02-23,RS,Serbia,EURO,0,0,0,0
40360,2020-03-01,RS,Serbia,EURO,0,0,0,0
40361,2020-03-08,RS,Serbia,EURO,1,1,0,0
40362,2020-03-15,RS,Serbia,EURO,45,46,0,0
40363,2020-03-22,RS,Serbia,EURO,125,171,1,1
40364,2020-03-29,RS,Serbia,EURO,488,659,9,10
40365,2020-04-05,RS,Serbia,EURO,965,1624,34,44
40366,2020-04-12,RS,Serbia,EURO,1756,3380,30,74
40367,2020-04-19,RS,Serbia,EURO,2614,5994,43,117
40368,2020-04-26,RS,Serbia,EURO,1785,7779,34,151
40369,2020-05-03,RS,Serbia,EURO,1583,9362,38,189
40370,2020-05-10,RS,Serbia,EURO,670,10032,24,213
40371,2020-05-17,RS,Serbia,EURO,464,10496,15,228
40372,2020-05-24,RS,Serbia,EURO,596,11092,10,238
40373,2020-05-31,RS,Serbia,EURO,289,11381,4,242
40374,2020-06-07,RS,Serbia,EURO,360,11741,6,248
40375,2020-06-14,RS,Serbia,EURO,510,12251,5,253
40376,2020-06-21,RS,Serbia,EURO,552,12803,7,260
40377,2020-06-28,RS,Serbia,EURO,989,13792,7,267
40378,2020-07-05,RS,Serbia,EURO,2037,15829,39,306
40379,2020-07-12,RS,Serbia,EURO,2244,18073,76,382
40380,2020-07-19,RS,Serbia,EURO,2425,20498,79,461
40381,2020-07-26,RS,Serbia,EURO,2765,23263,65,526
40382,2020-08-02,RS,Serbia,EURO,2619,25882,56,582
40383,2020-08-09,RS,Serbia,EURO,1981,27863,50,632
40384,2020-08-16,RS,Serbia,EURO,1608,29471,38,670
40385,2020-08-23,RS,Serbia,EURO,1077,30548,25,695
40386,2020-08-30,RS,Serbia,EURO,734,31282,15,710
40387,2020-09-06,RS,Serbia,EURO,567,31849,13,723
40388,2020-09-13,RS,Serbia,EURO,451,32300,8,731
40389,2020-09-20,RS,Serbia,EURO,540,32840,9,740
40390,2020-09-27,RS,Serbia,EURO,472,33312,6,746
40391,2020-10-04,RS,Serbia,EURO,530,33842,7,753
40392,2020-10-11,RS,Serbia,EURO,843,34685,9,762
40393,2020-10-18,RS,Serbia,EURO,1261,35946,12,774
40394,2020-10-25,RS,Serbia,EURO,2926,38872,15,789
40395,2020-11-01,RS,Serbia,EURO,8082,46954,31,820
40396,2020-11-08,RS,Serbia,EURO,13681,60635,60,880
40397,2020-11-15,RS,Serbia,EURO,20451,81086,109,989
40398,2020-11-22,RS,Serbia,EURO,35039,116125,179,1168
40399,2020-11-29,RS,Serbia,EURO,46910,163035,316,1484
40400,2020-12-06,RS,Serbia,EURO,50808,213843,407,1891
40401,2020-12-13,RS,Serbia,EURO,47594,261437,384,2275
40402,2020-12-20,RS,Serbia,EURO,35091,296528,357,2632
40403,2020-12-27,RS,Serbia,EURO,26839,323367,351,2983
40404,2021-01-03,RS,Serbia,EURO,18537,341904,305,3288
40405,2021-01-10,RS,Serbia,EURO,15990,357894,260,3548
40406,2021-01-17,RS,Serbia,EURO,13322,371216,182,3730
40407,2021-01-24,RS,Serbia,EURO,11069,382285,138,3868
40408,2021-01-31,RS,Serbia,EURO,11612,393897,132,4000
40409,2021-02-07,RS,Serbia,EURO,12455,406352,112,4112
40410,2021-02-14,RS,Serbia,EURO,13141,419493,102,4214
40411,2021-02-21,RS,Serbia,EURO,14629,434122,107,4321
40412,2021-02-28,RS,Serbia,EURO,22328,456450,108,4429
40413,2021-03-07,RS,Serbia,EURO,25947,482397,113,4542
40414,2021-03-14,RS,Serbia,EURO,29654,512051,152,4694
40415,2021-03-21,RS,Serbia,EURO,34845,546896,206,4900
40416,2021-03-28,RS,Serbia,EURO,34721,581617,251,5151
40417,2021-04-04,RS,Serbia,EURO,32748,614365,271,5422
40418,2021-04-11,RS,Serbia,EURO,25111,639476,278,5700
40419,2021-04-18,RS,Serbia,EURO,20823,660299,254,5954
40420,2021-04-25,RS,Serbia,EURO,17673,677972,242,6196
40421,2021-05-02,RS,Serbia,EURO,12959,690931,190,6386
40422,2021-05-09,RS,Serbia,EURO,8643,699574,153,6539
40423,2021-05-16,RS,Serbia,EURO,6316,705890,125,6664
40424,2021-05-23,RS,Serbia,EURO,3783,709673,102,6766
40425,2021-05-30,RS,Serbia,EURO,2373,712046,78,6844
40426,2021-06-06,RS,Serbia,EURO,1516,713562,65,6909
40427,2021-06-13,RS,Serbia,EURO,1191,714753,49,6958
40428,2021-06-20,RS,Serbia,EURO,940,715693,39,6997
40429,2021-06-27,RS,Serbia,EURO,545,716238,32,7029
40430,2021-07-04,RS,Serbia,EURO,558,716796,26,7055
40431,2021-07-11,RS,Serbia,EURO,684,717480,15,7070
40432,2021-07-18,RS,Serbia,EURO,985,718465,10,7080
40433,2021-07-25,RS,Serbia,EURO,1448,719913,23,7103
40434,2021-08-01,RS,Serbia,EURO,2005,721918,11,7114
40435,2021-08-08,RS,Serbia,EURO,3327,725245,21,7135
40436,2021-08-15,RS,Serbia,EURO,5982,731227,28,7163
40437,2021-08-22,RS,Serbia,EURO,9844,741071,43,7206
40438,2021-08-29,RS,Serbia,EURO,14824,755895,51,7257
40439,2021-09-05,RS,Serbia,EURO,21028,776923,101,7358
40440,2021-09-12,RS,Serbia,EURO,34986,811909,162,7520
40441,2021-09-19,RS,Serbia,EURO,48522,860431,213,7733
40442,2021-09-26,RS,Serbia,EURO,45246,905677,275,8008
40443,2021-10-03,RS,Serbia,EURO,49995,955672,323,8331
40444,2021-10-10,RS,Serbia,EURO,44693,1000365,352,8683
40445,2021-10-17,RS,Serbia,EURO,43393,1043758,369,9052
40446,2021-10-24,RS,Serbia,EURO,48718,1092476,396,9448
40447,2021-10-31,RS,Serbia,EURO,45344,1137820,442,9890
40448,2021-11-07,RS,Serbia,EURO,41317,1179137,446,10336
40449,2021-11-14,RS,Serbia,EURO,29249,1208386,445,10781
40450,2021-11-21,RS,Serbia,EURO,22590,1230976,385,11166
40451,2021-11-28,RS,Serbia,EURO,17743,1248719,371,11537
40452,2021-12-05,RS,Serbia,EURO,13700,1262419,339,11876
40453,2021-12-12,RS,Serbia,EURO,10684,1273103,272,12148
40454,2021-12-19,RS,Serbia,EURO,8556,1281659,216,12364
40455,2021-12-26,RS,Serbia,EURO,7834,1289493,204,12568
40456,2022-01-02,RS,Serbia,EURO,11456,1300949,171,12739
40457,2022-01-09,RS,Serbia,EURO,41697,1342646,151,12890
40458,2022-01-16,RS,Serbia,EURO,82501,1425147,155,13045
40459,2022-01-23,RS,Serbia,EURO,107594,1532741,194,13239
40460,2022-01-30,RS,Serbia,EURO,116552,1649293,274,13513
40461,2022-02-06,RS,Serbia,EURO,108448,1757741,415,13928
40462,2022-02-13,RS,Serbia,EURO,77233,1834974,438,14366
40463,2022-02-20,RS,Serbia,EURO,44263,1879237,421,14787
40464,2022-02-27,RS,Serbia,EURO,26905,1906142,368,15155
40465,2022-03-06,RS,Serbia,EURO,17835,1923977,250,15405
40466,2022-03-13,RS,Serbia,EURO,15173,1939150,165,15570
40467,2022-03-20,RS,Serbia,EURO,14747,1953897,106,15676
40468,2022-03-27,RS,Serbia,EURO,13874,1967771,70,15746
40469,2022-04-03,RS,Serbia,EURO,11958,1979729,72,15818
40470,2022-04-10,RS,Serbia,EURO,8987,1988716,59,15877
40471,2022-04-17,RS,Serbia,EURO,6635,1995351,46,15923
40472,2022-04-24,RS,Serbia,EURO,5793,2001144,30,15953
40473,2022-05-01,RS,Serbia,EURO,5209,2006353,38,15991
40474,2022-05-08,RS,Serbia,EURO,3324,2009677,33,16024
40475,2022-05-15,RS,Serbia,EURO,2920,2012597,22,16046
40476,2022-05-22,RS,Serbia,EURO,2303,2014900,17,16063
40477,2022-05-29,RS,Serbia,EURO,1893,2016793,15,16078
40478,2022-06-05,RS,Serbia,EURO,1644,2018437,9,16087
40479,2022-06-12,RS,Serbia,EURO,1736,2020173,12,16099
40480,2022-06-19,RS,Serbia,EURO,2079,2022252,9,16108
40481,2022-06-26,RS,Serbia,EURO,3325,2025577,12,16120
40482,2022-07-03,RS,Serbia,EURO,5594,2031171,9,16129
40483,2022-07-10,RS,Serbia,EURO,9056,2040227,18,16147
40484,2022-07-17,RS,Serbia,EURO,14409,2054636,21,16168
40485,2022-07-24,RS,Serbia,EURO,25753,2080389,38,16206
40486,2022-07-31,RS,Serbia,EURO,38284,2118673,65,16271
40487,2022-08-07,RS,Serbia,EURO,41580,2160253,76,16347
40488,2022-08-14,RS,Serbia,EURO,42786,2203039,91,16438
40489,2022-08-21,RS,Serbia,EURO,37513,2240552,87,16525
40490,2022-08-28,RS,Serbia,EURO,28869,2269421,106,16631
40491,2022-09-04,RS,Serbia,EURO,22749,2292170,87,16718
40492,2022-09-11,RS,Serbia,EURO,21176,2313346,91,16809
40493,2022-09-18,RS,Serbia,EURO,19163,2332509,65,16874
40494,2022-09-25,RS,Serbia,EURO,14997,2347506,66,16940
40495,2022-10-02,RS,Serbia,EURO,15882,2363388,72,17012
40496,2022-10-09,RS,Serbia,EURO,13311,2376699,65,17077
40497,2022-10-16,RS,Serbia,EURO,10983,2387682,51,17128
40498,2022-10-23,RS,Serbia,EURO,8205,2395887,48,17176
40499,2022-10-30,RS,Serbia,EURO,6867,2402754,52,17228
40500,2022-11-06,RS,Serbia,EURO,5376,2408130,47,17275
40501,2022-11-13,RS,Serbia,EURO,4620,2412750,33,17308
40502,2022-11-20,RS,Serbia,EURO,4520,2417270,35,17343
40503,2022-11-27,RS,Serbia,EURO,4004,2421274,22,17365
40504,2022-12-04,RS,Serbia,EURO,3803,2425077,34,17399
40505,2022-12-11,RS,Serbia,EURO,4443,2429520,34,17433
40506,2022-12-18,RS,Serbia,EURO,4757,2434277,32,17465
40507,2022-12-25,RS,Serbia,EURO,5453,2439730,30,17495
40508,2023-01-01,RS,Serbia,EURO,6523,2446253,26,17521
40509,2023-01-08,RS,Serbia,EURO,6240,2452493,39,17560
40510,2023-01-15,RS,Serbia,EURO,6492,2458985,40,17600
40511,2023-01-22,RS,Serbia,EURO,5524,2464509,49,17649
40512,2023-01-29,RS,Serbia,EURO,4563,2469072,39,17688
40513,2023-02-05,RS,Serbia,EURO,5123,2474195,30,17718
40514,2023-02-12,RS,Serbia,EURO,5108,2479303,20,17738
40515,2023-02-19,RS,Serbia,EURO,4966,2484269,28,17766
40516,2023-02-26,RS,Serbia,EURO,6062,2490331,41,17807
40517,2023-03-05,RS,Serbia,EURO,5477,2495808,40,17847
40518,2023-03-12,RS,Serbia,EURO,5846,2501654,41,17888
40519,2023-03-19,RS,Serbia,EURO,5909,2507563,37,17925
40520,2023-03-26,RS,Serbia,EURO,6124,2513687,31,17956
40521,2023-04-02,RS,Serbia,EURO,5265,2518952,14,17970
40522,2023-04-09,RS,Serbia,EURO,4608,2523560,23,17993
40523,2023-04-16,RS,Serbia,EURO,4080,2527640,9,18002
40524,2023-04-23,RS,Serbia,EURO,3818,2531458,10,18012
40525,2023-04-30,RS,Serbia,EURO,2892,2534350,6,18018
40526,2023-05-07,RS,Serbia,EURO,2442,2536792,8,18026
40527,2023-05-14,RS,Serbia,EURO,1752,2538544,10,18036
40528,2023-05-21,RS,Serbia,EURO,1443,2539987,11,18047
40529,2023-05-28,RS,Serbia,EURO,1261,2541248,4,18051
40530,2023-06-04,RS,Serbia,EURO,966,2542214,2,18053
40531,2023-06-11,RS,Serbia,EURO,617,2542831,4,18057
40532,2023-06-18,RS,Serbia,EURO,354,2543185,0,18057
40533,2023-06-25,RS,Serbia,EURO,535,2543720,0,18057
40534,2023-07-02,RS,Serbia,EURO,281,2544001,0,18057
40535,2023-07-09,RS,Serbia,EURO,227,2544228,0,18057
40536,2023-07-16,RS,Serbia,EURO,163,2544391,0,18057
40537,2023-07-23,RS,Serbia,EURO,147,2544538,0,18057
40538,2023-07-30,RS,Serbia,EURO,203,2544741,0,18057
40539,2023-08-06,RS,Serbia,EURO,211,2544952,0,18057
40540,2023-08-13,RS,Serbia,EURO,0,2544952,0,18057
40541,2023-08-20,RS,Serbia,EURO,234,2545186,0,18057
40542,2023-08-27,RS,Serbia,EURO,420,2545606,0,18057
40543,2023-09-03,RS,Serbia,EURO,590,2546196,0,18057
40544,2023-09-10,RS,Serbia,EURO,686,2546882,0,18057
40545,2023-09-17,RS,Serbia,EURO,964,2547846,0,18057
40546,2023-09-24,RS,Serbia,EURO,1529,2549375,0,18057
40547,2023-10-01,RS,Serbia,EURO,2803,2552178,0,18057
40548,2023-10-08,RS,Serbia,EURO,3848,2556026,0,18057
40549,2023-10-15,RS,Serbia,EURO,3998,2560024,0,18057
40550,2023-10-22,RS,Serbia,EURO,3970,2563994,0,18057
40551,2023-10-29,RS,Serbia,EURO,3968,2567962,0,18057
40552,2023-11-05,RS,Serbia,EURO,4378,2572340,0,18057
40553,2023-11-12,RS,Serbia,EURO,3862,2576202,0,18057
40554,2023-11-19,RS,Serbia,EURO,3684,2579886,0,18057
40555,2023-11-26,RS,Serbia,EURO,3584,2583470,0,18057
40556,2023-12-03,RS,Serbia,EURO,0,2583470,0,18057
40557,2023-12-10,RS,Serbia,EURO,0,2583470,0,18057
40558,2023-12-17,RS,Serbia,EURO,0,2583470,0,18057
40559,2023-12-24,RS,Serbia,EURO,0,2583470,0,18057
40560,2020-01-05,SC,Seychelles,AFRO,0,0,0,0
40561,2020-01-12,SC,Seychelles,AFRO,0,0,0,0
40562,2020-01-19,SC,Seychelles,AFRO,0,0,0,0
40563,2020-01-26,SC,Seychelles,AFRO,0,0,0,0
40564,2020-02-02,SC,Seychelles,AFRO,0,0,0,0
40565,2020-02-09,SC,Seychelles,AFRO,0,0,0,0
40566,2020-02-16,SC,Seychelles,AFRO,0,0,0,0
40567,2020-02-23,SC,Seychelles,AFRO,0,0,0,0
40568,2020-03-01,SC,Seychelles,AFRO,0,0,0,0
40569,2020-03-08,SC,Seychelles,AFRO,0,0,0,0
40570,2020-03-15,SC,Seychelles,AFRO,2,2,0,0
40571,2020-03-22,SC,Seychelles,AFRO,5,7,0,0
40572,2020-03-29,SC,Seychelles,AFRO,1,8,0,0
40573,2020-04-05,SC,Seychelles,AFRO,2,10,0,0
40574,2020-04-12,SC,Seychelles,AFRO,1,11,0,0
40575,2020-04-19,SC,Seychelles,AFRO,0,11,0,0
40576,2020-04-26,SC,Seychelles,AFRO,0,11,0,0
40577,2020-05-03,SC,Seychelles,AFRO,0,11,0,0
40578,2020-05-10,SC,Seychelles,AFRO,0,11,0,0
40579,2020-05-17,SC,Seychelles,AFRO,0,11,0,0
40580,2020-05-24,SC,Seychelles,AFRO,0,11,0,0
40581,2020-05-31,SC,Seychelles,AFRO,0,11,0,0
40582,2020-06-07,SC,Seychelles,AFRO,0,11,0,0
40583,2020-06-14,SC,Seychelles,AFRO,0,11,0,0
40584,2020-06-21,SC,Seychelles,AFRO,0,11,0,0
40585,2020-06-28,SC,Seychelles,AFRO,70,81,0,0
40586,2020-07-05,SC,Seychelles,AFRO,0,81,0,0
40587,2020-07-12,SC,Seychelles,AFRO,25,106,0,0
40588,2020-07-19,SC,Seychelles,AFRO,8,114,0,0
40589,2020-07-26,SC,Seychelles,AFRO,1,115,0,0
40590,2020-08-02,SC,Seychelles,AFRO,11,126,0,0
40591,2020-08-09,SC,Seychelles,AFRO,0,126,0,0
40592,2020-08-16,SC,Seychelles,AFRO,9,135,0,0
40593,2020-08-23,SC,Seychelles,AFRO,0,135,0,0
40594,2020-08-30,SC,Seychelles,AFRO,0,135,0,0
40595,2020-09-06,SC,Seychelles,AFRO,1,136,0,0
40596,2020-09-13,SC,Seychelles,AFRO,3,139,0,0
40597,2020-09-20,SC,Seychelles,AFRO,0,139,0,0
40598,2020-09-27,SC,Seychelles,AFRO,2,141,0,0
40599,2020-10-04,SC,Seychelles,AFRO,6,147,0,0
40600,2020-10-11,SC,Seychelles,AFRO,1,148,0,0
40601,2020-10-18,SC,Seychelles,AFRO,1,149,0,0
40602,2020-10-25,SC,Seychelles,AFRO,5,154,0,0
40603,2020-11-01,SC,Seychelles,AFRO,0,154,0,0
40604,2020-11-08,SC,Seychelles,AFRO,4,158,0,0
40605,2020-11-15,SC,Seychelles,AFRO,3,161,0,0
40606,2020-11-22,SC,Seychelles,AFRO,4,165,0,0
40607,2020-11-29,SC,Seychelles,AFRO,7,172,0,0
40608,2020-12-06,SC,Seychelles,AFRO,10,182,0,0
40609,2020-12-13,SC,Seychelles,AFRO,3,185,0,0
40610,2020-12-20,SC,Seychelles,AFRO,17,202,0,0
40611,2020-12-27,SC,Seychelles,AFRO,9,211,0,0
40612,2021-01-03,SC,Seychelles,AFRO,73,284,0,0
40613,2021-01-10,SC,Seychelles,AFRO,218,502,1,1
40614,2021-01-17,SC,Seychelles,AFRO,186,688,0,1
40615,2021-01-24,SC,Seychelles,AFRO,345,1033,2,3
40616,2021-01-31,SC,Seychelles,AFRO,191,1224,0,3
40617,2021-02-07,SC,Seychelles,AFRO,280,1504,3,6
40618,2021-02-14,SC,Seychelles,AFRO,388,1892,2,8
40619,2021-02-21,SC,Seychelles,AFRO,436,2328,2,10
40620,2021-02-28,SC,Seychelles,AFRO,290,2618,1,11
40621,2021-03-07,SC,Seychelles,AFRO,332,2950,4,15
40622,2021-03-14,SC,Seychelles,AFRO,223,3173,1,16
40623,2021-03-21,SC,Seychelles,AFRO,443,3616,2,18
40624,2021-03-28,SC,Seychelles,AFRO,438,4054,0,18
40625,2021-04-04,SC,Seychelles,AFRO,240,4294,4,22
40626,2021-04-11,SC,Seychelles,AFRO,196,4490,2,24
40627,2021-04-18,SC,Seychelles,AFRO,344,4834,1,25
40628,2021-04-25,SC,Seychelles,AFRO,182,5016,0,25
40629,2021-05-02,SC,Seychelles,AFRO,1053,6069,3,28
40630,2021-05-09,SC,Seychelles,AFRO,2103,8172,0,28
40631,2021-05-16,SC,Seychelles,AFRO,1371,9543,7,35
40632,2021-05-23,SC,Seychelles,AFRO,1126,10669,3,38
40633,2021-05-30,SC,Seychelles,AFRO,746,11415,2,40
40634,2021-06-06,SC,Seychelles,AFRO,823,12238,2,42
40635,2021-06-13,SC,Seychelles,AFRO,1176,13414,1,43
40636,2021-06-20,SC,Seychelles,AFRO,1000,14414,9,52
40637,2021-06-27,SC,Seychelles,AFRO,1013,15427,3,55
40638,2021-07-04,SC,Seychelles,AFRO,722,16149,2,57
40639,2021-07-11,SC,Seychelles,AFRO,750,16899,11,68
40640,2021-07-18,SC,Seychelles,AFRO,536,17435,7,75
40641,2021-07-25,SC,Seychelles,AFRO,621,18056,11,86
40642,2021-08-01,SC,Seychelles,AFRO,306,18362,5,91
40643,2021-08-08,SC,Seychelles,AFRO,383,18745,0,91
40644,2021-08-15,SC,Seychelles,AFRO,404,19149,7,98
40645,2021-08-22,SC,Seychelles,AFRO,437,19586,0,98
40646,2021-08-29,SC,Seychelles,AFRO,406,19992,4,102
40647,2021-09-05,SC,Seychelles,AFRO,348,20340,1,103
40648,2021-09-12,SC,Seychelles,AFRO,425,20765,3,106
40649,2021-09-19,SC,Seychelles,AFRO,370,21135,4,110
40650,2021-09-26,SC,Seychelles,AFRO,269,21404,0,110
40651,2021-10-03,SC,Seychelles,AFRO,172,21576,2,112
40652,2021-10-10,SC,Seychelles,AFRO,221,21797,0,112
40653,2021-10-17,SC,Seychelles,AFRO,163,21960,2,114
40654,2021-10-24,SC,Seychelles,AFRO,188,22148,0,114
40655,2021-10-31,SC,Seychelles,AFRO,130,22278,0,114
40656,2021-11-07,SC,Seychelles,AFRO,161,22439,0,114
40657,2021-11-14,SC,Seychelles,AFRO,234,22673,0,114
40658,2021-11-21,SC,Seychelles,AFRO,301,22974,8,122
40659,2021-11-28,SC,Seychelles,AFRO,375,23349,0,122
40660,2021-12-05,SC,Seychelles,AFRO,302,23651,0,122
40661,2021-12-12,SC,Seychelles,AFRO,217,23868,4,126
40662,2021-12-19,SC,Seychelles,AFRO,231,24099,0,126
40663,2021-12-26,SC,Seychelles,AFRO,282,24381,0,126
40664,2022-01-02,SC,Seychelles,AFRO,782,25163,0,126
40665,2022-01-09,SC,Seychelles,AFRO,3095,28258,0,126
40666,2022-01-16,SC,Seychelles,AFRO,3936,32194,0,126
40667,2022-01-23,SC,Seychelles,AFRO,2984,35178,10,136
40668,2022-01-30,SC,Seychelles,AFRO,1845,37023,6,142
40669,2022-02-06,SC,Seychelles,AFRO,1003,38026,5,147
40670,2022-02-13,SC,Seychelles,AFRO,633,38659,3,150
40671,2022-02-20,SC,Seychelles,AFRO,431,39090,1,151
40672,2022-02-27,SC,Seychelles,AFRO,252,39342,12,163
40673,2022-03-06,SC,Seychelles,AFRO,174,39516,0,163
40674,2022-03-13,SC,Seychelles,AFRO,151,39667,0,163
40675,2022-03-20,SC,Seychelles,AFRO,216,39883,0,163
40676,2022-03-27,SC,Seychelles,AFRO,240,40123,0,163
40677,2022-04-03,SC,Seychelles,AFRO,514,40637,0,163
40678,2022-04-10,SC,Seychelles,AFRO,694,41331,0,163
40679,2022-04-17,SC,Seychelles,AFRO,520,41851,0,163
40680,2022-04-24,SC,Seychelles,AFRO,425,42276,0,163
40681,2022-05-01,SC,Seychelles,AFRO,357,42633,3,166
40682,2022-05-08,SC,Seychelles,AFRO,447,43080,0,166
40683,2022-05-15,SC,Seychelles,AFRO,393,43473,1,167
40684,2022-05-22,SC,Seychelles,AFRO,324,43797,0,167
40685,2022-05-29,SC,Seychelles,AFRO,208,44005,0,167
40686,2022-06-05,SC,Seychelles,AFRO,187,44192,0,167
40687,2022-06-12,SC,Seychelles,AFRO,205,44397,0,167
40688,2022-06-19,SC,Seychelles,AFRO,88,44485,0,167
40689,2022-06-26,SC,Seychelles,AFRO,184,44669,0,167
40690,2022-07-03,SC,Seychelles,AFRO,249,44918,0,167
40691,2022-07-10,SC,Seychelles,AFRO,171,45089,0,167
40692,2022-07-17,SC,Seychelles,AFRO,173,45262,1,168
40693,2022-07-24,SC,Seychelles,AFRO,7,45269,0,168
40694,2022-07-31,SC,Seychelles,AFRO,160,45429,0,168
40695,2022-08-07,SC,Seychelles,AFRO,111,45540,0,168
40696,2022-08-14,SC,Seychelles,AFRO,152,45692,0,168
40697,2022-08-21,SC,Seychelles,AFRO,160,45852,0,168
40698,2022-08-28,SC,Seychelles,AFRO,0,45852,0,168
40699,2022-09-04,SC,Seychelles,AFRO,229,46081,1,169
40700,2022-09-11,SC,Seychelles,AFRO,94,46175,0,169
40701,2022-09-18,SC,Seychelles,AFRO,183,46358,0,169
40702,2022-09-25,SC,Seychelles,AFRO,0,46358,0,169
40703,2022-10-02,SC,Seychelles,AFRO,783,47141,0,169
40704,2022-10-09,SC,Seychelles,AFRO,0,47141,0,169
40705,2022-10-16,SC,Seychelles,AFRO,1042,48183,1,170
40706,2022-10-23,SC,Seychelles,AFRO,852,49035,1,171
40707,2022-10-30,SC,Seychelles,AFRO,345,49380,0,171
40708,2022-11-06,SC,Seychelles,AFRO,266,49646,0,171
40709,2022-11-13,SC,Seychelles,AFRO,216,49862,0,171
40710,2022-11-20,SC,Seychelles,AFRO,206,50068,0,171
40711,2022-11-27,SC,Seychelles,AFRO,0,50068,0,171
40712,2022-12-04,SC,Seychelles,AFRO,287,50355,1,172
40713,2022-12-11,SC,Seychelles,AFRO,0,50355,0,172
40714,2022-12-18,SC,Seychelles,AFRO,0,50355,0,172
40715,2022-12-25,SC,Seychelles,AFRO,0,50355,0,172
40716,2023-01-01,SC,Seychelles,AFRO,310,50665,0,172
40717,2023-01-08,SC,Seychelles,AFRO,0,50665,0,172
40718,2023-01-15,SC,Seychelles,AFRO,0,50665,0,172
40719,2023-01-22,SC,Seychelles,AFRO,0,50665,0,172
40720,2023-01-29,SC,Seychelles,AFRO,0,50665,0,172
40721,2023-02-05,SC,Seychelles,AFRO,0,50665,0,172
40722,2023-02-12,SC,Seychelles,AFRO,0,50665,0,172
40723,2023-02-19,SC,Seychelles,AFRO,0,50665,0,172
40724,2023-02-26,SC,Seychelles,AFRO,0,50665,0,172
40725,2023-03-05,SC,Seychelles,AFRO,272,50937,0,172
40726,2023-03-12,SC,Seychelles,AFRO,0,50937,0,172
40727,2023-03-19,SC,Seychelles,AFRO,0,50937,0,172
40728,2023-03-26,SC,Seychelles,AFRO,0,50937,0,172
40729,2023-04-02,SC,Seychelles,AFRO,0,50937,0,172
40730,2023-04-09,SC,Seychelles,AFRO,0,50937,0,172
40731,2023-04-16,SC,Seychelles,AFRO,0,50937,0,172
40732,2023-04-23,SC,Seychelles,AFRO,0,50937,0,172
40733,2023-04-30,SC,Seychelles,AFRO,0,50937,0,172
40734,2023-05-07,SC,Seychelles,AFRO,0,50937,0,172
40735,2023-05-14,SC,Seychelles,AFRO,0,50937,0,172
40736,2023-05-21,SC,Seychelles,AFRO,0,50937,0,172
40737,2023-05-28,SC,Seychelles,AFRO,0,50937,0,172
40738,2023-06-04,SC,Seychelles,AFRO,0,50937,0,172
40739,2023-06-11,SC,Seychelles,AFRO,0,50937,0,172
40740,2023-06-18,SC,Seychelles,AFRO,0,50937,0,172
40741,2023-06-25,SC,Seychelles,AFRO,0,50937,0,172
40742,2023-07-02,SC,Seychelles,AFRO,0,50937,0,172
40743,2023-07-09,SC,Seychelles,AFRO,0,50937,0,172
40744,2023-07-16,SC,Seychelles,AFRO,0,50937,0,172
40745,2023-07-23,SC,Seychelles,AFRO,0,50937,0,172
40746,2023-07-30,SC,Seychelles,AFRO,0,50937,0,172
40747,2023-08-06,SC,Seychelles,AFRO,0,50937,0,172
40748,2023-08-13,SC,Seychelles,AFRO,0,50937,0,172
40749,2023-08-20,SC,Seychelles,AFRO,0,50937,0,172
40750,2023-08-27,SC,Seychelles,AFRO,0,50937,0,172
40751,2023-09-03,SC,Seychelles,AFRO,0,50937,0,172
40752,2023-09-10,SC,Seychelles,AFRO,0,50937,0,172
40753,2023-09-17,SC,Seychelles,AFRO,0,50937,0,172
40754,2023-09-24,SC,Seychelles,AFRO,0,50937,0,172
40755,2023-10-01,SC,Seychelles,AFRO,0,50937,0,172
40756,2023-10-08,SC,Seychelles,AFRO,17,50954,0,172
40757,2023-10-15,SC,Seychelles,AFRO,11,50965,0,172
40758,2023-10-22,SC,Seychelles,AFRO,0,50965,0,172
40759,2023-10-29,SC,Seychelles,AFRO,12,50977,0,172
40760,2023-11-05,SC,Seychelles,AFRO,24,51001,0,172
40761,2023-11-12,SC,Seychelles,AFRO,44,51045,0,172
40762,2023-11-19,SC,Seychelles,AFRO,41,51086,0,172
40763,2023-11-26,SC,Seychelles,AFRO,53,51139,0,172
40764,2023-12-03,SC,Seychelles,AFRO,81,51220,0,172
40765,2023-12-10,SC,Seychelles,AFRO,0,51220,0,172
40766,2023-12-17,SC,Seychelles,AFRO,0,51220,0,172
40767,2023-12-24,SC,Seychelles,AFRO,0,51220,0,172
40768,2020-01-05,SL,Sierra Leone,AFRO,0,0,0,0
40769,2020-01-12,SL,Sierra Leone,AFRO,0,0,0,0
40770,2020-01-19,SL,Sierra Leone,AFRO,0,0,0,0
40771,2020-01-26,SL,Sierra Leone,AFRO,0,0,0,0
40772,2020-02-02,SL,Sierra Leone,AFRO,0,0,0,0
40773,2020-02-09,SL,Sierra Leone,AFRO,0,0,0,0
40774,2020-02-16,SL,Sierra Leone,AFRO,0,0,0,0
40775,2020-02-23,SL,Sierra Leone,AFRO,0,0,0,0
40776,2020-03-01,SL,Sierra Leone,AFRO,0,0,0,0
40777,2020-03-08,SL,Sierra Leone,AFRO,0,0,0,0
40778,2020-03-15,SL,Sierra Leone,AFRO,0,0,0,0
40779,2020-03-22,SL,Sierra Leone,AFRO,0,0,0,0
40780,2020-03-29,SL,Sierra Leone,AFRO,0,0,0,0
40781,2020-04-05,SL,Sierra Leone,AFRO,4,4,0,0
40782,2020-04-12,SL,Sierra Leone,AFRO,6,10,0,0
40783,2020-04-19,SL,Sierra Leone,AFRO,20,30,0,0
40784,2020-04-26,SL,Sierra Leone,AFRO,56,86,4,4
40785,2020-05-03,SL,Sierra Leone,AFRO,69,155,5,9
40786,2020-05-10,SL,Sierra Leone,AFRO,136,291,10,19
40787,2020-05-17,SL,Sierra Leone,AFRO,171,462,11,30
40788,2020-05-24,SL,Sierra Leone,AFRO,159,621,10,40
40789,2020-05-31,SL,Sierra Leone,AFRO,231,852,7,47
40790,2020-06-07,SL,Sierra Leone,AFRO,94,946,2,49
40791,2020-06-14,SL,Sierra Leone,AFRO,186,1132,3,52
40792,2020-06-21,SL,Sierra Leone,AFRO,177,1309,2,54
40793,2020-06-28,SL,Sierra Leone,AFRO,101,1410,6,60
40794,2020-07-05,SL,Sierra Leone,AFRO,123,1533,3,63
40795,2020-07-12,SL,Sierra Leone,AFRO,85,1618,1,64
40796,2020-07-19,SL,Sierra Leone,AFRO,83,1701,1,65
40797,2020-07-26,SL,Sierra Leone,AFRO,67,1768,0,65
40798,2020-08-02,SL,Sierra Leone,AFRO,67,1835,3,68
40799,2020-08-09,SL,Sierra Leone,AFRO,60,1895,1,69
40800,2020-08-16,SL,Sierra Leone,AFRO,59,1954,1,70
40801,2020-08-23,SL,Sierra Leone,AFRO,26,1980,0,70
40802,2020-08-30,SL,Sierra Leone,AFRO,39,2019,1,71
40803,2020-09-06,SL,Sierra Leone,AFRO,24,2043,1,72
40804,2020-09-13,SL,Sierra Leone,AFRO,53,2096,1,73
40805,2020-09-20,SL,Sierra Leone,AFRO,63,2159,0,73
40806,2020-09-27,SL,Sierra Leone,AFRO,49,2208,0,73
40807,2020-10-04,SL,Sierra Leone,AFRO,51,2259,0,73
40808,2020-10-11,SL,Sierra Leone,AFRO,41,2300,0,73
40809,2020-10-18,SL,Sierra Leone,AFRO,27,2327,1,74
40810,2020-10-25,SL,Sierra Leone,AFRO,18,2345,1,75
40811,2020-11-01,SL,Sierra Leone,AFRO,21,2366,0,75
40812,2020-11-08,SL,Sierra Leone,AFRO,15,2381,0,75
40813,2020-11-15,SL,Sierra Leone,AFRO,10,2391,0,75
40814,2020-11-22,SL,Sierra Leone,AFRO,14,2405,0,75
40815,2020-11-29,SL,Sierra Leone,AFRO,5,2410,0,75
40816,2020-12-06,SL,Sierra Leone,AFRO,10,2420,0,75
40817,2020-12-13,SL,Sierra Leone,AFRO,20,2440,1,76
40818,2020-12-20,SL,Sierra Leone,AFRO,57,2497,0,76
40819,2020-12-27,SL,Sierra Leone,AFRO,52,2549,0,76
40820,2021-01-03,SL,Sierra Leone,AFRO,97,2646,0,76
40821,2021-01-10,SL,Sierra Leone,AFRO,157,2803,1,77
40822,2021-01-17,SL,Sierra Leone,AFRO,167,2970,0,77
40823,2021-01-24,SL,Sierra Leone,AFRO,150,3120,0,77
40824,2021-01-31,SL,Sierra Leone,AFRO,408,3528,2,79
40825,2021-02-07,SL,Sierra Leone,AFRO,244,3772,0,79
40826,2021-02-14,SL,Sierra Leone,AFRO,49,3821,0,79
40827,2021-02-21,SL,Sierra Leone,AFRO,28,3849,0,79
40828,2021-02-28,SL,Sierra Leone,AFRO,38,3887,0,79
40829,2021-03-07,SL,Sierra Leone,AFRO,31,3918,0,79
40830,2021-03-14,SL,Sierra Leone,AFRO,19,3937,0,79
40831,2021-03-21,SL,Sierra Leone,AFRO,11,3948,0,79
40832,2021-03-28,SL,Sierra Leone,AFRO,14,3962,0,79
40833,2021-04-04,SL,Sierra Leone,AFRO,25,3987,0,79
40834,2021-04-11,SL,Sierra Leone,AFRO,8,3995,0,79
40835,2021-04-18,SL,Sierra Leone,AFRO,25,4020,0,79
40836,2021-04-25,SL,Sierra Leone,AFRO,24,4044,0,79
40837,2021-05-02,SL,Sierra Leone,AFRO,13,4057,0,79
40838,2021-05-09,SL,Sierra Leone,AFRO,11,4068,0,79
40839,2021-05-16,SL,Sierra Leone,AFRO,37,4105,0,79
40840,2021-05-23,SL,Sierra Leone,AFRO,16,4121,0,79
40841,2021-05-30,SL,Sierra Leone,AFRO,20,4141,0,79
40842,2021-06-06,SL,Sierra Leone,AFRO,47,4188,0,79
40843,2021-06-13,SL,Sierra Leone,AFRO,124,4312,3,82
40844,2021-06-20,SL,Sierra Leone,AFRO,390,4702,0,82
40845,2021-06-27,SL,Sierra Leone,AFRO,604,5306,11,93
40846,2021-07-04,SL,Sierra Leone,AFRO,442,5748,11,104
40847,2021-07-11,SL,Sierra Leone,AFRO,255,6003,6,110
40848,2021-07-18,SL,Sierra Leone,AFRO,163,6166,5,115
40849,2021-07-25,SL,Sierra Leone,AFRO,52,6218,3,118
40850,2021-08-01,SL,Sierra Leone,AFRO,65,6283,2,120
40851,2021-08-08,SL,Sierra Leone,AFRO,30,6313,0,120
40852,2021-08-15,SL,Sierra Leone,AFRO,25,6338,1,121
40853,2021-08-22,SL,Sierra Leone,AFRO,14,6352,0,121
40854,2021-08-29,SL,Sierra Leone,AFRO,11,6363,0,121
40855,2021-09-05,SL,Sierra Leone,AFRO,9,6372,0,121
40856,2021-09-12,SL,Sierra Leone,AFRO,7,6379,0,121
40857,2021-09-19,SL,Sierra Leone,AFRO,9,6388,0,121
40858,2021-09-26,SL,Sierra Leone,AFRO,0,6388,0,121
40859,2021-10-03,SL,Sierra Leone,AFRO,8,6396,0,121
40860,2021-10-10,SL,Sierra Leone,AFRO,0,6396,0,121
40861,2021-10-17,SL,Sierra Leone,AFRO,1,6397,0,121
40862,2021-10-24,SL,Sierra Leone,AFRO,0,6397,0,121
40863,2021-10-31,SL,Sierra Leone,AFRO,1,6398,0,121
40864,2021-11-07,SL,Sierra Leone,AFRO,0,6398,0,121
40865,2021-11-14,SL,Sierra Leone,AFRO,2,6400,0,121
40866,2021-11-21,SL,Sierra Leone,AFRO,0,6400,0,121
40867,2021-11-28,SL,Sierra Leone,AFRO,2,6402,0,121
40868,2021-12-05,SL,Sierra Leone,AFRO,0,6402,0,121
40869,2021-12-12,SL,Sierra Leone,AFRO,20,6422,0,121
40870,2021-12-19,SL,Sierra Leone,AFRO,49,6471,0,121
40871,2021-12-26,SL,Sierra Leone,AFRO,188,6659,2,123
40872,2022-01-02,SL,Sierra Leone,AFRO,455,7114,0,123
40873,2022-01-09,SL,Sierra Leone,AFRO,291,7405,0,123
40874,2022-01-16,SL,Sierra Leone,AFRO,124,7529,2,125
40875,2022-01-23,SL,Sierra Leone,AFRO,55,7584,0,125
40876,2022-01-30,SL,Sierra Leone,AFRO,31,7615,0,125
40877,2022-02-06,SL,Sierra Leone,AFRO,12,7627,0,125
40878,2022-02-13,SL,Sierra Leone,AFRO,25,7652,0,125
40879,2022-02-20,SL,Sierra Leone,AFRO,11,7663,0,125
40880,2022-02-27,SL,Sierra Leone,AFRO,2,7665,0,125
40881,2022-03-06,SL,Sierra Leone,AFRO,0,7665,0,125
40882,2022-03-13,SL,Sierra Leone,AFRO,2,7667,0,125
40883,2022-03-20,SL,Sierra Leone,AFRO,6,7673,0,125
40884,2022-03-27,SL,Sierra Leone,AFRO,1,7674,0,125
40885,2022-04-03,SL,Sierra Leone,AFRO,0,7674,0,125
40886,2022-04-10,SL,Sierra Leone,AFRO,3,7677,0,125
40887,2022-04-17,SL,Sierra Leone,AFRO,0,7677,0,125
40888,2022-04-24,SL,Sierra Leone,AFRO,0,7677,0,125
40889,2022-05-01,SL,Sierra Leone,AFRO,4,7681,0,125
40890,2022-05-08,SL,Sierra Leone,AFRO,1,7682,0,125
40891,2022-05-15,SL,Sierra Leone,AFRO,0,7682,0,125
40892,2022-05-22,SL,Sierra Leone,AFRO,0,7682,0,125
40893,2022-05-29,SL,Sierra Leone,AFRO,0,7682,0,125
40894,2022-06-05,SL,Sierra Leone,AFRO,0,7682,1,126
40895,2022-06-12,SL,Sierra Leone,AFRO,0,7682,-1,125
40896,2022-06-19,SL,Sierra Leone,AFRO,6,7688,0,125
40897,2022-06-26,SL,Sierra Leone,AFRO,5,7693,0,125
40898,2022-07-03,SL,Sierra Leone,AFRO,9,7702,0,125
40899,2022-07-10,SL,Sierra Leone,AFRO,16,7718,0,125
40900,2022-07-17,SL,Sierra Leone,AFRO,4,7722,0,125
40901,2022-07-24,SL,Sierra Leone,AFRO,6,7728,0,125
40902,2022-07-31,SL,Sierra Leone,AFRO,5,7733,0,125
40903,2022-08-07,SL,Sierra Leone,AFRO,3,7736,0,125
40904,2022-08-14,SL,Sierra Leone,AFRO,4,7740,0,125
40905,2022-08-21,SL,Sierra Leone,AFRO,4,7744,0,125
40906,2022-08-28,SL,Sierra Leone,AFRO,2,7746,0,125
40907,2022-09-04,SL,Sierra Leone,AFRO,1,7747,0,125
40908,2022-09-11,SL,Sierra Leone,AFRO,2,7749,0,125
40909,2022-09-18,SL,Sierra Leone,AFRO,0,7749,0,125
40910,2022-09-25,SL,Sierra Leone,AFRO,1,7750,0,125
40911,2022-10-02,SL,Sierra Leone,AFRO,1,7751,0,125
40912,2022-10-09,SL,Sierra Leone,AFRO,0,7751,0,125
40913,2022-10-16,SL,Sierra Leone,AFRO,1,7752,0,125
40914,2022-10-23,SL,Sierra Leone,AFRO,0,7752,0,125
40915,2022-10-30,SL,Sierra Leone,AFRO,2,7754,0,125
40916,2022-11-06,SL,Sierra Leone,AFRO,3,7757,0,125
40917,2022-11-13,SL,Sierra Leone,AFRO,1,7758,0,125
40918,2022-11-20,SL,Sierra Leone,AFRO,1,7759,0,125
40919,2022-11-27,SL,Sierra Leone,AFRO,0,7759,0,125
40920,2022-12-04,SL,Sierra Leone,AFRO,1,7760,0,125
40921,2022-12-11,SL,Sierra Leone,AFRO,0,7760,0,125
40922,2022-12-18,SL,Sierra Leone,AFRO,0,7760,0,125
40923,2022-12-25,SL,Sierra Leone,AFRO,0,7760,0,125
40924,2023-01-01,SL,Sierra Leone,AFRO,0,7760,0,125
40925,2023-01-08,SL,Sierra Leone,AFRO,0,7760,0,125
40926,2023-01-15,SL,Sierra Leone,AFRO,0,7760,0,125
40927,2023-01-22,SL,Sierra Leone,AFRO,0,7760,0,125
40928,2023-01-29,SL,Sierra Leone,AFRO,0,7760,0,125
40929,2023-02-05,SL,Sierra Leone,AFRO,0,7760,0,125
40930,2023-02-12,SL,Sierra Leone,AFRO,0,7760,0,125
40931,2023-02-19,SL,Sierra Leone,AFRO,0,7760,0,125
40932,2023-02-26,SL,Sierra Leone,AFRO,0,7760,0,125
40933,2023-03-05,SL,Sierra Leone,AFRO,0,7760,0,125
40934,2023-03-12,SL,Sierra Leone,AFRO,0,7760,0,125
40935,2023-03-19,SL,Sierra Leone,AFRO,2,7762,0,125
40936,2023-03-26,SL,Sierra Leone,AFRO,0,7762,0,125
40937,2023-04-02,SL,Sierra Leone,AFRO,0,7762,0,125
40938,2023-04-09,SL,Sierra Leone,AFRO,0,7762,0,125
40939,2023-04-16,SL,Sierra Leone,AFRO,0,7762,0,125
40940,2023-04-23,SL,Sierra Leone,AFRO,0,7762,0,125
40941,2023-04-30,SL,Sierra Leone,AFRO,0,7762,0,125
40942,2023-05-07,SL,Sierra Leone,AFRO,0,7762,0,125
40943,2023-05-14,SL,Sierra Leone,AFRO,0,7762,0,125
40944,2023-05-21,SL,Sierra Leone,AFRO,0,7762,0,125
40945,2023-05-28,SL,Sierra Leone,AFRO,0,7762,0,125
40946,2023-06-04,SL,Sierra Leone,AFRO,0,7762,0,125
40947,2023-06-11,SL,Sierra Leone,AFRO,0,7762,0,125
40948,2023-06-18,SL,Sierra Leone,AFRO,0,7762,0,125
40949,2023-06-25,SL,Sierra Leone,AFRO,0,7762,0,125
40950,2023-07-02,SL,Sierra Leone,AFRO,0,7762,0,125
40951,2023-07-09,SL,Sierra Leone,AFRO,0,7762,0,125
40952,2023-07-16,SL,Sierra Leone,AFRO,0,7762,0,125
40953,2023-07-23,SL,Sierra Leone,AFRO,0,7762,0,125
40954,2023-07-30,SL,Sierra Leone,AFRO,0,7762,0,125
40955,2023-08-06,SL,Sierra Leone,AFRO,0,7762,0,125
40956,2023-08-13,SL,Sierra Leone,AFRO,0,7762,0,125
40957,2023-08-20,SL,Sierra Leone,AFRO,4,7766,0,125
40958,2023-08-27,SL,Sierra Leone,AFRO,0,7766,0,125
40959,2023-09-03,SL,Sierra Leone,AFRO,0,7766,0,125
40960,2023-09-10,SL,Sierra Leone,AFRO,0,7766,0,125
40961,2023-09-17,SL,Sierra Leone,AFRO,0,7766,0,125
40962,2023-09-24,SL,Sierra Leone,AFRO,0,7766,0,125
40963,2023-10-01,SL,Sierra Leone,AFRO,0,7766,0,125
40964,2023-10-08,SL,Sierra Leone,AFRO,0,7766,0,125
40965,2023-10-15,SL,Sierra Leone,AFRO,0,7766,0,125
40966,2023-10-22,SL,Sierra Leone,AFRO,0,7766,0,125
40967,2023-10-29,SL,Sierra Leone,AFRO,0,7766,0,125
40968,2023-11-05,SL,Sierra Leone,AFRO,0,7766,0,125
40969,2023-11-12,SL,Sierra Leone,AFRO,0,7766,0,125
40970,2023-11-19,SL,Sierra Leone,AFRO,0,7766,0,125
40971,2023-11-26,SL,Sierra Leone,AFRO,0,7766,0,125
40972,2023-12-03,SL,Sierra Leone,AFRO,0,7766,0,125
40973,2023-12-10,SL,Sierra Leone,AFRO,0,7766,0,125
40974,2023-12-17,SL,Sierra Leone,AFRO,0,7766,0,125
40975,2023-12-24,SL,Sierra Leone,AFRO,0,7766,0,125
40976,2020-01-05,SG,Singapore,WPRO,0,0,0,0
40977,2020-01-12,SG,Singapore,WPRO,0,0,0,0
40978,2020-01-19,SG,Singapore,WPRO,0,0,0,0
40979,2020-01-26,SG,Singapore,WPRO,4,4,0,0
40980,2020-02-02,SG,Singapore,WPRO,14,18,0,0
40981,2020-02-09,SG,Singapore,WPRO,22,40,0,0
40982,2020-02-16,SG,Singapore,WPRO,32,72,0,0
40983,2020-02-23,SG,Singapore,WPRO,17,89,0,0
40984,2020-03-01,SG,Singapore,WPRO,13,102,0,0
40985,2020-03-08,SG,Singapore,WPRO,36,138,0,0
40986,2020-03-15,SG,Singapore,WPRO,74,212,0,0
40987,2020-03-22,SG,Singapore,WPRO,220,432,2,2
40988,2020-03-29,SG,Singapore,WPRO,370,802,0,2
40989,2020-04-05,SG,Singapore,WPRO,387,1189,3,5
40990,2020-04-12,SG,Singapore,WPRO,1110,2299,3,8
40991,2020-04-19,SG,Singapore,WPRO,3693,5992,3,11
40992,2020-04-26,SG,Singapore,WPRO,6701,12693,1,12
40993,2020-05-03,SG,Singapore,WPRO,4855,17548,5,17
40994,2020-05-10,SG,Singapore,WPRO,4912,22460,3,20
40995,2020-05-17,SG,Singapore,WPRO,4896,27356,2,22
40996,2020-05-24,SG,Singapore,WPRO,3712,31068,1,23
40997,2020-05-31,SG,Singapore,WPRO,3298,34366,0,23
40998,2020-06-07,SG,Singapore,WPRO,3161,37527,2,25
40999,2020-06-14,SG,Singapore,WPRO,2670,40197,1,26
41000,2020-06-21,SG,Singapore,WPRO,1636,41833,0,26
41001,2020-06-28,SG,Singapore,WPRO,1413,43246,0,26
41002,2020-07-05,SG,Singapore,WPRO,1418,44664,0,26
41003,2020-07-12,SG,Singapore,WPRO,1118,45782,0,26
41004,2020-07-19,SG,Singapore,WPRO,1873,47655,1,27
41005,2020-07-26,SG,Singapore,WPRO,2233,49888,0,27
41006,2020-08-02,SG,Singapore,WPRO,2624,52512,0,27
41007,2020-08-09,SG,Singapore,WPRO,2417,54929,0,27
41008,2020-08-16,SG,Singapore,WPRO,732,55661,0,27
41009,2020-08-23,SG,Singapore,WPRO,605,56266,0,27
41010,2020-08-30,SG,Singapore,WPRO,451,56717,0,27
41011,2020-09-06,SG,Singapore,WPRO,265,56982,0,27
41012,2020-09-13,SG,Singapore,WPRO,375,57357,0,27
41013,2020-09-20,SG,Singapore,WPRO,201,57558,0,27
41014,2020-09-27,SG,Singapore,WPRO,127,57685,0,27
41015,2020-10-04,SG,Singapore,WPRO,115,57800,0,27
41016,2020-10-11,SG,Singapore,WPRO,66,57866,0,27
41017,2020-10-18,SG,Singapore,WPRO,38,57904,1,28
41018,2020-10-25,SG,Singapore,WPRO,61,57965,0,28
41019,2020-11-01,SG,Singapore,WPRO,50,58015,0,28
41020,2020-11-08,SG,Singapore,WPRO,39,58054,0,28
41021,2020-11-15,SG,Singapore,WPRO,62,58116,0,28
41022,2020-11-22,SG,Singapore,WPRO,32,58148,0,28
41023,2020-11-29,SG,Singapore,WPRO,57,58205,1,29
41024,2020-12-06,SG,Singapore,WPRO,50,58255,0,29
41025,2020-12-13,SG,Singapore,WPRO,58,58313,0,29
41026,2020-12-20,SG,Singapore,WPRO,90,58403,0,29
41027,2020-12-27,SG,Singapore,WPRO,116,58519,0,29
41028,2021-01-03,SG,Singapore,WPRO,178,58697,0,29
41029,2021-01-10,SG,Singapore,WPRO,210,58907,0,29
41030,2021-01-17,SG,Singapore,WPRO,206,59113,0,29
41031,2021-01-24,SG,Singapore,WPRO,195,59308,0,29
41032,2021-01-31,SG,Singapore,WPRO,228,59536,0,29
41033,2021-02-07,SG,Singapore,WPRO,163,59699,0,29
41034,2021-02-14,SG,Singapore,WPRO,101,59800,0,29
41035,2021-02-21,SG,Singapore,WPRO,69,59869,0,29
41036,2021-02-28,SG,Singapore,WPRO,67,59936,0,29
41037,2021-03-07,SG,Singapore,WPRO,97,60033,0,29
41038,2021-03-14,SG,Singapore,WPRO,72,60105,0,29
41039,2021-03-21,SG,Singapore,WPRO,91,60196,0,29
41040,2021-03-28,SG,Singapore,WPRO,104,60300,0,29
41041,2021-04-04,SG,Singapore,WPRO,178,60478,0,29
41042,2021-04-11,SG,Singapore,WPRO,175,60653,0,29
41043,2021-04-18,SG,Singapore,WPRO,178,60831,0,29
41044,2021-04-25,SG,Singapore,WPRO,175,61006,0,29
41045,2021-05-02,SG,Singapore,WPRO,212,61218,2,31
41046,2021-05-09,SG,Singapore,WPRO,141,61359,0,31
41047,2021-05-16,SG,Singapore,WPRO,226,61585,0,31
41048,2021-05-23,SG,Singapore,WPRO,239,61824,1,32
41049,2021-05-30,SG,Singapore,WPRO,204,62028,1,33
41050,2021-06-06,SG,Singapore,WPRO,168,62196,0,33
41051,2021-06-13,SG,Singapore,WPRO,80,62276,1,34
41052,2021-06-20,SG,Singapore,WPRO,138,62414,0,34
41053,2021-06-27,SG,Singapore,WPRO,130,62544,2,36
41054,2021-07-04,SG,Singapore,WPRO,73,62617,0,36
41055,2021-07-11,SG,Singapore,WPRO,75,62692,0,36
41056,2021-07-18,SG,Singapore,WPRO,381,63073,0,36
41057,2021-07-25,SG,Singapore,WPRO,1106,64179,1,37
41058,2021-08-01,SG,Singapore,WPRO,923,65102,0,37
41059,2021-08-08,SG,Singapore,WPRO,662,65764,5,42
41060,2021-08-15,SG,Singapore,WPRO,408,66172,2,44
41061,2021-08-22,SG,Singapore,WPRO,306,66478,5,49
41062,2021-08-29,SG,Singapore,WPRO,826,67304,6,55
41063,2021-09-05,SG,Singapore,WPRO,1356,68660,0,55
41064,2021-09-12,SG,Singapore,WPRO,3027,71687,3,58
41065,2021-09-19,SG,Singapore,WPRO,6117,77804,2,60
41066,2021-09-26,SG,Singapore,WPRO,10088,87892,18,78
41067,2021-10-03,SG,Singapore,WPRO,15951,103843,35,113
41068,2021-10-10,SG,Singapore,WPRO,23123,126966,49,162
41069,2021-10-17,SG,Singapore,WPRO,21212,148178,71,233
41070,2021-10-24,SG,Singapore,WPRO,24466,172644,82,315
41071,2021-10-31,SG,Singapore,WPRO,25730,198374,92,407
41072,2021-11-07,SG,Singapore,WPRO,19959,218333,90,497
41073,2021-11-14,SG,Singapore,WPRO,18870,237203,89,586
41074,2021-11-21,SG,Singapore,WPRO,14985,252188,76,662
41075,2021-11-28,SG,Singapore,WPRO,10195,262383,39,701
41076,2021-12-05,SG,Singapore,WPRO,6828,269211,58,759
41077,2021-12-12,SG,Singapore,WPRO,4151,273362,35,794
41078,2021-12-19,SG,Singapore,WPRO,2548,275910,19,813
41079,2021-12-26,SG,Singapore,WPRO,1854,277764,9,822
41080,2022-01-02,SG,Singapore,WPRO,2526,280290,7,829
41081,2022-01-09,SG,Singapore,WPRO,5357,285647,9,838
41082,2022-01-16,SG,Singapore,WPRO,6202,291849,5,843
41083,2022-01-23,SG,Singapore,WPRO,21923,313772,5,848
41084,2022-01-30,SG,Singapore,WPRO,34558,348330,6,854
41085,2022-02-06,SG,Singapore,WPRO,49493,397823,17,871
41086,2022-02-13,SG,Singapore,WPRO,71672,469495,26,897
41087,2022-02-20,SG,Singapore,WPRO,113143,582638,48,945
41088,2022-02-27,SG,Singapore,WPRO,128242,710880,62,1007
41089,2022-03-06,SG,Singapore,WPRO,121941,832821,71,1078
41090,2022-03-13,SG,Singapore,WPRO,106615,939436,67,1145
41091,2022-03-20,SG,Singapore,WPRO,75581,1015017,53,1198
41092,2022-03-27,SG,Singapore,WPRO,56988,1072005,48,1246
41093,2022-04-03,SG,Singapore,WPRO,37739,1109744,28,1274
41094,2022-04-10,SG,Singapore,WPRO,28257,1138001,20,1294
41095,2022-04-17,SG,Singapore,WPRO,22299,1160300,22,1316
41096,2022-04-24,SG,Singapore,WPRO,21868,1182168,9,1325
41097,2022-05-01,SG,Singapore,WPRO,17472,1199640,11,1336
41098,2022-05-08,SG,Singapore,WPRO,18282,1217922,16,1352
41099,2022-05-15,SG,Singapore,WPRO,24962,1242884,11,1363
41100,2022-05-22,SG,Singapore,WPRO,26751,1269635,12,1375
41101,2022-05-29,SG,Singapore,WPRO,26285,1295920,8,1383
41102,2022-06-05,SG,Singapore,WPRO,23064,1318984,10,1393
41103,2022-06-12,SG,Singapore,WPRO,22272,1341256,5,1398
41104,2022-06-19,SG,Singapore,WPRO,26505,1367761,7,1405
41105,2022-06-26,SG,Singapore,WPRO,40597,1408358,4,1409
41106,2022-07-03,SG,Singapore,WPRO,52749,1461107,10,1419
41107,2022-07-10,SG,Singapore,WPRO,62774,1523881,13,1432
41108,2022-07-17,SG,Singapore,WPRO,65218,1589099,25,1457
41109,2022-07-24,SG,Singapore,WPRO,63882,1652981,26,1483
41110,2022-07-31,SG,Singapore,WPRO,55969,1708950,37,1520
41111,2022-08-07,SG,Singapore,WPRO,45827,1754777,21,1541
41112,2022-08-14,SG,Singapore,WPRO,36269,1791046,19,1560
41113,2022-08-21,SG,Singapore,WPRO,23871,1814917,24,1584
41114,2022-08-28,SG,Singapore,WPRO,16415,1831332,7,1591
41115,2022-09-04,SG,Singapore,WPRO,13453,1844785,5,1596
41116,2022-09-11,SG,Singapore,WPRO,13712,1858497,6,1602
41117,2022-09-18,SG,Singapore,WPRO,14793,1873290,6,1608
41118,2022-09-25,SG,Singapore,WPRO,16254,1889544,7,1615
41119,2022-10-02,SG,Singapore,WPRO,21873,1911417,7,1622
41120,2022-10-09,SG,Singapore,WPRO,36985,1948402,10,1632
41121,2022-10-16,SG,Singapore,WPRO,57482,2005884,14,1646
41122,2022-10-23,SG,Singapore,WPRO,53825,2059709,17,1663
41123,2022-10-30,SG,Singapore,WPRO,36811,2096520,17,1680
41124,2022-11-06,SG,Singapore,WPRO,24915,2121435,10,1690
41125,2022-11-13,SG,Singapore,WPRO,16441,2137876,7,1697
41126,2022-11-20,SG,Singapore,WPRO,10918,2148794,3,1700
41127,2022-11-27,SG,Singapore,WPRO,13800,2162594,2,1702
41128,2022-12-04,SG,Singapore,WPRO,8795,2171389,4,1706
41129,2022-12-11,SG,Singapore,WPRO,8366,2179755,1,1707
41130,2022-12-18,SG,Singapore,WPRO,8654,2188409,3,1710
41131,2022-12-25,SG,Singapore,WPRO,5481,2193890,1,1711
41132,2023-01-01,SG,Singapore,WPRO,8324,2202214,0,1711
41133,2023-01-08,SG,Singapore,WPRO,5456,2207670,1,1712
41134,2023-01-15,SG,Singapore,WPRO,3876,2211546,0,1712
41135,2023-01-22,SG,Singapore,WPRO,2518,2214064,0,1712
41136,2023-01-29,SG,Singapore,WPRO,1825,2215889,0,1712
41137,2023-02-05,SG,Singapore,WPRO,2992,2218881,10,1722
41138,2023-02-12,SG,Singapore,WPRO,2881,2221762,0,1722
41139,2023-02-19,SG,Singapore,WPRO,244,2222006,0,1722
41140,2023-02-26,SG,Singapore,WPRO,3849,2225855,0,1722
41141,2023-03-05,SG,Singapore,WPRO,4471,2230326,0,1722
41142,2023-03-12,SG,Singapore,WPRO,4426,2234752,0,1722
41143,2023-03-19,SG,Singapore,WPRO,10352,2245104,0,1722
41144,2023-03-26,SG,Singapore,WPRO,10464,2255568,0,1722
41145,2023-04-02,SG,Singapore,WPRO,14467,2270035,0,1722
41146,2023-04-09,SG,Singapore,WPRO,28410,2298445,12,1734
41147,2023-04-16,SG,Singapore,WPRO,16018,2314463,0,1734
41148,2023-04-23,SG,Singapore,WPRO,26072,2340535,0,1734
41149,2023-04-30,SG,Singapore,WPRO,27818,2368353,0,1734
41150,2023-05-07,SG,Singapore,WPRO,23417,2391770,54,1788
41151,2023-05-14,SG,Singapore,WPRO,22624,2414394,0,1788
41152,2023-05-21,SG,Singapore,WPRO,24296,2438690,0,1788
41153,2023-05-28,SG,Singapore,WPRO,20767,2459457,0,1788
41154,2023-06-04,SG,Singapore,WPRO,14851,2474308,53,1841
41155,2023-06-11,SG,Singapore,WPRO,8531,2482839,0,1841
41156,2023-06-18,SG,Singapore,WPRO,10432,2493271,4,1845
41157,2023-06-25,SG,Singapore,WPRO,6717,2499988,27,1872
41158,2023-07-02,SG,Singapore,WPRO,11736,2511724,0,1872
41159,2023-07-09,SG,Singapore,WPRO,4302,2516026,0,1872
41160,2023-07-16,SG,Singapore,WPRO,8544,2524570,0,1872
41161,2023-07-23,SG,Singapore,WPRO,5632,2530202,0,1872
41162,2023-07-30,SG,Singapore,WPRO,4738,2534940,0,1872
41163,2023-08-06,SG,Singapore,WPRO,4951,2539891,0,1872
41164,2023-08-13,SG,Singapore,WPRO,3485,2543376,7,1879
41165,2023-08-20,SG,Singapore,WPRO,4951,2548327,0,1879
41166,2023-08-27,SG,Singapore,WPRO,7045,2555372,0,1879
41167,2023-09-03,SG,Singapore,WPRO,6650,2562022,0,1879
41168,2023-09-10,SG,Singapore,WPRO,4295,2566317,10,1889
41169,2023-09-17,SG,Singapore,WPRO,7248,2573565,0,1889
41170,2023-09-24,SG,Singapore,WPRO,6401,2579966,0,1889
41171,2023-10-01,SG,Singapore,WPRO,14843,2594809,0,1889
41172,2023-10-08,SG,Singapore,WPRO,15336,2610145,17,1906
41173,2023-10-15,SG,Singapore,WPRO,16250,2626395,0,1906
41174,2023-10-22,SG,Singapore,WPRO,14801,2641196,0,1906
41175,2023-10-29,SG,Singapore,WPRO,17123,2658319,0,1906
41176,2023-11-05,SG,Singapore,WPRO,16062,2674381,0,1906
41177,2023-11-12,SG,Singapore,WPRO,16395,2690776,27,1933
41178,2023-11-19,SG,Singapore,WPRO,15441,2706217,0,1933
41179,2023-11-26,SG,Singapore,WPRO,10726,2716943,0,1933
41180,2023-12-03,SG,Singapore,WPRO,22094,2739037,0,1933
41181,2023-12-10,SG,Singapore,WPRO,32035,2771072,0,1933
41182,2023-12-17,SG,Singapore,WPRO,56043,2827115,0,1933
41183,2023-12-24,SG,Singapore,WPRO,0,2827115,0,1933
41184,2020-01-05,SX,Sint Maarten (Dutch part),AMRO,0,0,0,0
41185,2020-01-12,SX,Sint Maarten (Dutch part),AMRO,0,0,0,0
41186,2020-01-19,SX,Sint Maarten (Dutch part),AMRO,0,0,0,0
41187,2020-01-26,SX,Sint Maarten (Dutch part),AMRO,0,0,0,0
41188,2020-02-02,SX,Sint Maarten (Dutch part),AMRO,0,0,0,0
41189,2020-02-09,SX,Sint Maarten (Dutch part),AMRO,0,0,0,0
41190,2020-02-16,SX,Sint Maarten (Dutch part),AMRO,0,0,0,0
41191,2020-02-23,SX,Sint Maarten (Dutch part),AMRO,0,0,0,0
41192,2020-03-01,SX,Sint Maarten (Dutch part),AMRO,0,0,0,0
41193,2020-03-08,SX,Sint Maarten (Dutch part),AMRO,0,0,0,0
41194,2020-03-15,SX,Sint Maarten (Dutch part),AMRO,0,0,0,0
41195,2020-03-22,SX,Sint Maarten (Dutch part),AMRO,1,1,0,0
41196,2020-03-29,SX,Sint Maarten (Dutch part),AMRO,2,3,0,0
41197,2020-04-05,SX,Sint Maarten (Dutch part),AMRO,20,23,2,2
41198,2020-04-12,SX,Sint Maarten (Dutch part),AMRO,27,50,7,9
41199,2020-04-19,SX,Sint Maarten (Dutch part),AMRO,7,57,0,9
41200,2020-04-26,SX,Sint Maarten (Dutch part),AMRO,16,73,3,12
41201,2020-05-03,SX,Sint Maarten (Dutch part),AMRO,3,76,1,13
41202,2020-05-10,SX,Sint Maarten (Dutch part),AMRO,1,77,2,15
41203,2020-05-17,SX,Sint Maarten (Dutch part),AMRO,1,78,0,15
41204,2020-05-24,SX,Sint Maarten (Dutch part),AMRO,0,78,0,15
41205,2020-05-31,SX,Sint Maarten (Dutch part),AMRO,0,78,0,15
41206,2020-06-07,SX,Sint Maarten (Dutch part),AMRO,-1,77,0,15
41207,2020-06-14,SX,Sint Maarten (Dutch part),AMRO,0,77,0,15
41208,2020-06-21,SX,Sint Maarten (Dutch part),AMRO,0,77,0,15
41209,2020-06-28,SX,Sint Maarten (Dutch part),AMRO,0,77,0,15
41210,2020-07-05,SX,Sint Maarten (Dutch part),AMRO,1,78,0,15
41211,2020-07-12,SX,Sint Maarten (Dutch part),AMRO,0,78,0,15
41212,2020-07-19,SX,Sint Maarten (Dutch part),AMRO,1,79,0,15
41213,2020-07-26,SX,Sint Maarten (Dutch part),AMRO,15,94,0,15
41214,2020-08-02,SX,Sint Maarten (Dutch part),AMRO,34,128,0,15
41215,2020-08-09,SX,Sint Maarten (Dutch part),AMRO,48,176,1,16
41216,2020-08-16,SX,Sint Maarten (Dutch part),AMRO,87,263,1,17
41217,2020-08-23,SX,Sint Maarten (Dutch part),AMRO,90,353,0,17
41218,2020-08-30,SX,Sint Maarten (Dutch part),AMRO,91,444,0,17
41219,2020-09-06,SX,Sint Maarten (Dutch part),AMRO,60,504,2,19
41220,2020-09-13,SX,Sint Maarten (Dutch part),AMRO,26,530,0,19
41221,2020-09-20,SX,Sint Maarten (Dutch part),AMRO,35,565,0,19
41222,2020-09-27,SX,Sint Maarten (Dutch part),AMRO,53,618,3,22
41223,2020-10-04,SX,Sint Maarten (Dutch part),AMRO,50,668,0,22
41224,2020-10-11,SX,Sint Maarten (Dutch part),AMRO,31,699,0,22
41225,2020-10-18,SX,Sint Maarten (Dutch part),AMRO,38,737,0,22
41226,2020-10-25,SX,Sint Maarten (Dutch part),AMRO,39,776,0,22
41227,2020-11-01,SX,Sint Maarten (Dutch part),AMRO,29,805,0,22
41228,2020-11-08,SX,Sint Maarten (Dutch part),AMRO,65,870,0,22
41229,2020-11-15,SX,Sint Maarten (Dutch part),AMRO,44,914,1,23
41230,2020-11-22,SX,Sint Maarten (Dutch part),AMRO,59,973,1,24
41231,2020-11-29,SX,Sint Maarten (Dutch part),AMRO,68,1041,1,25
41232,2020-12-06,SX,Sint Maarten (Dutch part),AMRO,64,1105,0,25
41233,2020-12-13,SX,Sint Maarten (Dutch part),AMRO,96,1201,1,26
41234,2020-12-20,SX,Sint Maarten (Dutch part),AMRO,93,1294,0,26
41235,2020-12-27,SX,Sint Maarten (Dutch part),AMRO,76,1370,0,26
41236,2021-01-03,SX,Sint Maarten (Dutch part),AMRO,64,1434,1,27
41237,2021-01-10,SX,Sint Maarten (Dutch part),AMRO,97,1531,0,27
41238,2021-01-17,SX,Sint Maarten (Dutch part),AMRO,98,1629,0,27
41239,2021-01-24,SX,Sint Maarten (Dutch part),AMRO,79,1708,0,27
41240,2021-01-31,SX,Sint Maarten (Dutch part),AMRO,114,1822,0,27
41241,2021-02-07,SX,Sint Maarten (Dutch part),AMRO,89,1911,0,27
41242,2021-02-14,SX,Sint Maarten (Dutch part),AMRO,74,1985,0,27
41243,2021-02-21,SX,Sint Maarten (Dutch part),AMRO,42,2027,0,27
41244,2021-02-28,SX,Sint Maarten (Dutch part),AMRO,24,2051,0,27
41245,2021-03-07,SX,Sint Maarten (Dutch part),AMRO,15,2066,0,27
41246,2021-03-14,SX,Sint Maarten (Dutch part),AMRO,12,2078,0,27
41247,2021-03-21,SX,Sint Maarten (Dutch part),AMRO,15,2093,0,27
41248,2021-03-28,SX,Sint Maarten (Dutch part),AMRO,25,2118,0,27
41249,2021-04-04,SX,Sint Maarten (Dutch part),AMRO,33,2151,0,27
41250,2021-04-11,SX,Sint Maarten (Dutch part),AMRO,23,2174,0,27
41251,2021-04-18,SX,Sint Maarten (Dutch part),AMRO,28,2202,0,27
41252,2021-04-25,SX,Sint Maarten (Dutch part),AMRO,10,2212,0,27
41253,2021-05-02,SX,Sint Maarten (Dutch part),AMRO,18,2230,0,27
41254,2021-05-09,SX,Sint Maarten (Dutch part),AMRO,20,2250,0,27
41255,2021-05-16,SX,Sint Maarten (Dutch part),AMRO,22,2272,0,27
41256,2021-05-23,SX,Sint Maarten (Dutch part),AMRO,74,2346,0,27
41257,2021-05-30,SX,Sint Maarten (Dutch part),AMRO,58,2404,1,28
41258,2021-06-06,SX,Sint Maarten (Dutch part),AMRO,44,2448,0,28
41259,2021-06-13,SX,Sint Maarten (Dutch part),AMRO,63,2511,3,31
41260,2021-06-20,SX,Sint Maarten (Dutch part),AMRO,50,2561,1,32
41261,2021-06-27,SX,Sint Maarten (Dutch part),AMRO,33,2594,1,33
41262,2021-07-04,SX,Sint Maarten (Dutch part),AMRO,24,2618,0,33
41263,2021-07-11,SX,Sint Maarten (Dutch part),AMRO,15,2633,1,34
41264,2021-07-18,SX,Sint Maarten (Dutch part),AMRO,26,2659,0,34
41265,2021-07-25,SX,Sint Maarten (Dutch part),AMRO,39,2698,0,34
41266,2021-08-01,SX,Sint Maarten (Dutch part),AMRO,62,2760,0,34
41267,2021-08-08,SX,Sint Maarten (Dutch part),AMRO,131,2891,0,34
41268,2021-08-15,SX,Sint Maarten (Dutch part),AMRO,237,3128,5,39
41269,2021-08-22,SX,Sint Maarten (Dutch part),AMRO,238,3366,3,42
41270,2021-08-29,SX,Sint Maarten (Dutch part),AMRO,214,3580,5,47
41271,2021-09-05,SX,Sint Maarten (Dutch part),AMRO,195,3775,9,56
41272,2021-09-12,SX,Sint Maarten (Dutch part),AMRO,172,3947,1,57
41273,2021-09-19,SX,Sint Maarten (Dutch part),AMRO,106,4053,2,59
41274,2021-09-26,SX,Sint Maarten (Dutch part),AMRO,125,4178,2,61
41275,2021-10-03,SX,Sint Maarten (Dutch part),AMRO,113,4291,5,66
41276,2021-10-10,SX,Sint Maarten (Dutch part),AMRO,95,4386,2,68
41277,2021-10-17,SX,Sint Maarten (Dutch part),AMRO,52,4438,2,70
41278,2021-10-24,SX,Sint Maarten (Dutch part),AMRO,30,4468,5,75
41279,2021-10-31,SX,Sint Maarten (Dutch part),AMRO,20,4488,0,75
41280,2021-11-07,SX,Sint Maarten (Dutch part),AMRO,13,4501,0,75
41281,2021-11-14,SX,Sint Maarten (Dutch part),AMRO,25,4526,0,75
41282,2021-11-21,SX,Sint Maarten (Dutch part),AMRO,28,4554,0,75
41283,2021-11-28,SX,Sint Maarten (Dutch part),AMRO,19,4573,0,75
41284,2021-12-05,SX,Sint Maarten (Dutch part),AMRO,20,4593,0,75
41285,2021-12-12,SX,Sint Maarten (Dutch part),AMRO,31,4624,0,75
41286,2021-12-19,SX,Sint Maarten (Dutch part),AMRO,40,4664,0,75
41287,2021-12-26,SX,Sint Maarten (Dutch part),AMRO,84,4748,0,75
41288,2022-01-02,SX,Sint Maarten (Dutch part),AMRO,449,5197,0,75
41289,2022-01-09,SX,Sint Maarten (Dutch part),AMRO,916,6113,0,75
41290,2022-01-16,SX,Sint Maarten (Dutch part),AMRO,2137,8250,0,75
41291,2022-01-23,SX,Sint Maarten (Dutch part),AMRO,715,8965,2,77
41292,2022-01-30,SX,Sint Maarten (Dutch part),AMRO,264,9229,2,79
41293,2022-02-06,SX,Sint Maarten (Dutch part),AMRO,144,9373,0,79
41294,2022-02-13,SX,Sint Maarten (Dutch part),AMRO,96,9469,4,83
41295,2022-02-20,SX,Sint Maarten (Dutch part),AMRO,42,9511,1,84
41296,2022-02-27,SX,Sint Maarten (Dutch part),AMRO,33,9544,1,85
41297,2022-03-06,SX,Sint Maarten (Dutch part),AMRO,26,9570,0,85
41298,2022-03-13,SX,Sint Maarten (Dutch part),AMRO,16,9586,0,85
41299,2022-03-20,SX,Sint Maarten (Dutch part),AMRO,43,9629,0,85
41300,2022-03-27,SX,Sint Maarten (Dutch part),AMRO,28,9657,1,86
41301,2022-04-03,SX,Sint Maarten (Dutch part),AMRO,41,9698,0,86
41302,2022-04-10,SX,Sint Maarten (Dutch part),AMRO,89,9787,0,86
41303,2022-04-17,SX,Sint Maarten (Dutch part),AMRO,86,9873,0,86
41304,2022-04-24,SX,Sint Maarten (Dutch part),AMRO,47,9920,0,86
41305,2022-05-01,SX,Sint Maarten (Dutch part),AMRO,98,10018,0,86
41306,2022-05-08,SX,Sint Maarten (Dutch part),AMRO,47,10065,0,86
41307,2022-05-15,SX,Sint Maarten (Dutch part),AMRO,58,10123,0,86
41308,2022-05-22,SX,Sint Maarten (Dutch part),AMRO,0,10123,0,86
41309,2022-05-29,SX,Sint Maarten (Dutch part),AMRO,156,10279,0,86
41310,2022-06-05,SX,Sint Maarten (Dutch part),AMRO,74,10353,0,86
41311,2022-06-12,SX,Sint Maarten (Dutch part),AMRO,81,10434,0,86
41312,2022-06-19,SX,Sint Maarten (Dutch part),AMRO,74,10508,0,86
41313,2022-06-26,SX,Sint Maarten (Dutch part),AMRO,0,10508,0,86
41314,2022-07-03,SX,Sint Maarten (Dutch part),AMRO,72,10580,0,86
41315,2022-07-10,SX,Sint Maarten (Dutch part),AMRO,21,10601,1,87
41316,2022-07-17,SX,Sint Maarten (Dutch part),AMRO,0,10601,0,87
41317,2022-07-24,SX,Sint Maarten (Dutch part),AMRO,55,10656,0,87
41318,2022-07-31,SX,Sint Maarten (Dutch part),AMRO,85,10741,0,87
41319,2022-08-07,SX,Sint Maarten (Dutch part),AMRO,24,10765,0,87
41320,2022-08-14,SX,Sint Maarten (Dutch part),AMRO,0,10765,0,87
41321,2022-08-21,SX,Sint Maarten (Dutch part),AMRO,44,10809,0,87
41322,2022-08-28,SX,Sint Maarten (Dutch part),AMRO,0,10809,0,87
41323,2022-09-04,SX,Sint Maarten (Dutch part),AMRO,27,10836,0,87
41324,2022-09-11,SX,Sint Maarten (Dutch part),AMRO,11,10847,0,87
41325,2022-09-18,SX,Sint Maarten (Dutch part),AMRO,8,10855,0,87
41326,2022-09-25,SX,Sint Maarten (Dutch part),AMRO,0,10855,0,87
41327,2022-10-02,SX,Sint Maarten (Dutch part),AMRO,8,10863,0,87
41328,2022-10-09,SX,Sint Maarten (Dutch part),AMRO,2,10865,0,87
41329,2022-10-16,SX,Sint Maarten (Dutch part),AMRO,11,10876,0,87
41330,2022-10-23,SX,Sint Maarten (Dutch part),AMRO,32,10908,0,87
41331,2022-10-30,SX,Sint Maarten (Dutch part),AMRO,14,10922,1,88
41332,2022-11-06,SX,Sint Maarten (Dutch part),AMRO,9,10931,1,89
41333,2022-11-13,SX,Sint Maarten (Dutch part),AMRO,0,10931,0,89
41334,2022-11-20,SX,Sint Maarten (Dutch part),AMRO,12,10943,0,89
41335,2022-11-27,SX,Sint Maarten (Dutch part),AMRO,6,10949,0,89
41336,2022-12-04,SX,Sint Maarten (Dutch part),AMRO,5,10954,0,89
41337,2022-12-11,SX,Sint Maarten (Dutch part),AMRO,0,10954,0,89
41338,2022-12-18,SX,Sint Maarten (Dutch part),AMRO,10,10964,0,89
41339,2022-12-25,SX,Sint Maarten (Dutch part),AMRO,24,10988,0,89
41340,2023-01-01,SX,Sint Maarten (Dutch part),AMRO,4,10992,0,89
41341,2023-01-08,SX,Sint Maarten (Dutch part),AMRO,0,10992,0,89
41342,2023-01-15,SX,Sint Maarten (Dutch part),AMRO,13,11005,0,89
41343,2023-01-22,SX,Sint Maarten (Dutch part),AMRO,5,11010,0,89
41344,2023-01-29,SX,Sint Maarten (Dutch part),AMRO,0,11010,0,89
41345,2023-02-05,SX,Sint Maarten (Dutch part),AMRO,4,11014,1,90
41346,2023-02-12,SX,Sint Maarten (Dutch part),AMRO,2,11016,0,90
41347,2023-02-19,SX,Sint Maarten (Dutch part),AMRO,0,11016,0,90
41348,2023-02-26,SX,Sint Maarten (Dutch part),AMRO,4,11020,0,90
41349,2023-03-05,SX,Sint Maarten (Dutch part),AMRO,0,11020,0,90
41350,2023-03-12,SX,Sint Maarten (Dutch part),AMRO,3,11023,2,92
41351,2023-03-19,SX,Sint Maarten (Dutch part),AMRO,3,11026,0,92
41352,2023-03-26,SX,Sint Maarten (Dutch part),AMRO,3,11029,0,92
41353,2023-04-02,SX,Sint Maarten (Dutch part),AMRO,1,11030,0,92
41354,2023-04-09,SX,Sint Maarten (Dutch part),AMRO,0,11030,0,92
41355,2023-04-16,SX,Sint Maarten (Dutch part),AMRO,0,11030,0,92
41356,2023-04-23,SX,Sint Maarten (Dutch part),AMRO,0,11030,0,92
41357,2023-04-30,SX,Sint Maarten (Dutch part),AMRO,0,11030,0,92
41358,2023-05-07,SX,Sint Maarten (Dutch part),AMRO,0,11030,0,92
41359,2023-05-14,SX,Sint Maarten (Dutch part),AMRO,0,11030,0,92
41360,2023-05-21,SX,Sint Maarten (Dutch part),AMRO,0,11030,0,92
41361,2023-05-28,SX,Sint Maarten (Dutch part),AMRO,0,11030,0,92
41362,2023-06-04,SX,Sint Maarten (Dutch part),AMRO,21,11051,0,92
41363,2023-06-11,SX,Sint Maarten (Dutch part),AMRO,0,11051,0,92
41364,2023-06-18,SX,Sint Maarten (Dutch part),AMRO,0,11051,0,92
41365,2023-06-25,SX,Sint Maarten (Dutch part),AMRO,0,11051,0,92
41366,2023-07-02,SX,Sint Maarten (Dutch part),AMRO,0,11051,0,92
41367,2023-07-09,SX,Sint Maarten (Dutch part),AMRO,0,11051,0,92
41368,2023-07-16,SX,Sint Maarten (Dutch part),AMRO,0,11051,0,92
41369,2023-07-23,SX,Sint Maarten (Dutch part),AMRO,0,11051,0,92
41370,2023-07-30,SX,Sint Maarten (Dutch part),AMRO,0,11051,0,92
41371,2023-08-06,SX,Sint Maarten (Dutch part),AMRO,0,11051,0,92
41372,2023-08-13,SX,Sint Maarten (Dutch part),AMRO,0,11051,0,92
41373,2023-08-20,SX,Sint Maarten (Dutch part),AMRO,0,11051,0,92
41374,2023-08-27,SX,Sint Maarten (Dutch part),AMRO,0,11051,0,92
41375,2023-09-03,SX,Sint Maarten (Dutch part),AMRO,0,11051,0,92
41376,2023-09-10,SX,Sint Maarten (Dutch part),AMRO,0,11051,0,92
41377,2023-09-17,SX,Sint Maarten (Dutch part),AMRO,0,11051,0,92
41378,2023-09-24,SX,Sint Maarten (Dutch part),AMRO,0,11051,0,92
41379,2023-10-01,SX,Sint Maarten (Dutch part),AMRO,0,11051,0,92
41380,2023-10-08,SX,Sint Maarten (Dutch part),AMRO,0,11051,0,92
41381,2023-10-15,SX,Sint Maarten (Dutch part),AMRO,0,11051,0,92
41382,2023-10-22,SX,Sint Maarten (Dutch part),AMRO,0,11051,0,92
41383,2023-10-29,SX,Sint Maarten (Dutch part),AMRO,0,11051,0,92
41384,2023-11-05,SX,Sint Maarten (Dutch part),AMRO,0,11051,0,92
41385,2023-11-12,SX,Sint Maarten (Dutch part),AMRO,0,11051,0,92
41386,2023-11-19,SX,Sint Maarten (Dutch part),AMRO,0,11051,0,92
41387,2023-11-26,SX,Sint Maarten (Dutch part),AMRO,0,11051,0,92
41388,2023-12-03,SX,Sint Maarten (Dutch part),AMRO,0,11051,0,92
41389,2023-12-10,SX,Sint Maarten (Dutch part),AMRO,0,11051,0,92
41390,2023-12-17,SX,Sint Maarten (Dutch part),AMRO,0,11051,0,92
41391,2023-12-24,SX,Sint Maarten (Dutch part),AMRO,0,11051,0,92
41392,2020-01-05,SK,Slovakia,EURO,0,0,0,0
41393,2020-01-12,SK,Slovakia,EURO,0,0,0,0
41394,2020-01-19,SK,Slovakia,EURO,0,0,0,0
41395,2020-01-26,SK,Slovakia,EURO,0,0,0,0
41396,2020-02-02,SK,Slovakia,EURO,0,0,0,0
41397,2020-02-09,SK,Slovakia,EURO,0,0,0,0
41398,2020-02-16,SK,Slovakia,EURO,0,0,0,0
41399,2020-02-23,SK,Slovakia,EURO,0,0,0,0
41400,2020-03-01,SK,Slovakia,EURO,0,0,0,0
41401,2020-03-08,SK,Slovakia,EURO,3,3,0,0
41402,2020-03-15,SK,Slovakia,EURO,41,44,0,0
41403,2020-03-22,SK,Slovakia,EURO,134,178,0,0
41404,2020-03-29,SK,Slovakia,EURO,136,314,0,0
41405,2020-04-05,SK,Slovakia,EURO,171,485,1,1
41406,2020-04-12,SK,Slovakia,EURO,257,742,1,2
41407,2020-04-19,SK,Slovakia,EURO,419,1161,10,12
41408,2020-04-26,SK,Slovakia,EURO,218,1379,6,18
41409,2020-05-03,SK,Slovakia,EURO,29,1408,6,24
41410,2020-05-10,SK,Slovakia,EURO,49,1457,2,26
41411,2020-05-17,SK,Slovakia,EURO,37,1494,2,28
41412,2020-05-24,SK,Slovakia,EURO,15,1509,0,28
41413,2020-05-31,SK,Slovakia,EURO,12,1521,0,28
41414,2020-06-07,SK,Slovakia,EURO,7,1528,0,28
41415,2020-06-14,SK,Slovakia,EURO,20,1548,0,28
41416,2020-06-21,SK,Slovakia,EURO,39,1587,0,28
41417,2020-06-28,SK,Slovakia,EURO,77,1664,0,28
41418,2020-07-05,SK,Slovakia,EURO,100,1764,0,28
41419,2020-07-12,SK,Slovakia,EURO,137,1901,0,28
41420,2020-07-19,SK,Slovakia,EURO,78,1979,0,28
41421,2020-07-26,SK,Slovakia,EURO,200,2179,0,28
41422,2020-08-02,SK,Slovakia,EURO,165,2344,1,29
41423,2020-08-09,SK,Slovakia,EURO,252,2596,2,31
41424,2020-08-16,SK,Slovakia,EURO,306,2902,0,31
41425,2020-08-23,SK,Slovakia,EURO,454,3356,2,33
41426,2020-08-30,SK,Slovakia,EURO,520,3876,0,33
41427,2020-09-06,SK,Slovakia,EURO,738,4614,4,37
41428,2020-09-13,SK,Slovakia,EURO,918,5532,1,38
41429,2020-09-20,SK,Slovakia,EURO,1145,6677,1,39
41430,2020-09-27,SK,Slovakia,EURO,2401,9078,5,44
41431,2020-10-04,SK,Slovakia,EURO,4061,13139,11,55
41432,2020-10-11,SK,Slovakia,EURO,6712,19851,6,61
41433,2020-10-18,SK,Slovakia,EURO,9984,29835,27,88
41434,2020-10-25,SK,Slovakia,EURO,14008,43843,71,159
41435,2020-11-01,SK,Slovakia,EURO,16103,59946,60,219
41436,2020-11-08,SK,Slovakia,EURO,15549,75495,132,351
41437,2020-11-15,SK,Slovakia,EURO,11272,86767,159,510
41438,2020-11-22,SK,Slovakia,EURO,9474,96241,161,671
41439,2020-11-29,SK,Slovakia,EURO,9492,105733,145,816
41440,2020-12-06,SK,Slovakia,EURO,10998,116731,180,996
41441,2020-12-13,SK,Slovakia,EURO,16253,132984,179,1175
41442,2020-12-20,SK,Slovakia,EURO,18352,151336,380,1555
41443,2020-12-27,SK,Slovakia,EURO,16187,167523,218,1773
41444,2021-01-03,SK,Slovakia,EURO,19940,187463,544,2317
41445,2021-01-10,SK,Slovakia,EURO,20746,208209,601,2918
41446,2021-01-17,SK,Slovakia,EURO,15116,223325,556,3474
41447,2021-01-24,SK,Slovakia,EURO,13151,236476,594,4068
41448,2021-01-31,SK,Slovakia,EURO,13437,249913,574,4642
41449,2021-02-07,SK,Slovakia,EURO,13413,263326,557,5199
41450,2021-02-14,SK,Slovakia,EURO,14356,277682,686,5885
41451,2021-02-21,SK,Slovakia,EURO,14461,292143,620,6505
41452,2021-02-28,SK,Slovakia,EURO,15940,308083,684,7189
41453,2021-03-07,SK,Slovakia,EURO,15307,323390,647,7836
41454,2021-03-14,SK,Slovakia,EURO,14113,337503,692,8528
41455,2021-03-21,SK,Slovakia,EURO,11366,348869,516,9044
41456,2021-03-28,SK,Slovakia,EURO,9041,357910,452,9496
41457,2021-04-04,SK,Slovakia,EURO,7332,365242,529,10025
41458,2021-04-11,SK,Slovakia,EURO,5820,371062,540,10565
41459,2021-04-18,SK,Slovakia,EURO,4912,375974,541,11106
41460,2021-04-25,SK,Slovakia,EURO,3937,379911,389,11495
41461,2021-05-02,SK,Slovakia,EURO,3187,383098,271,11766
41462,2021-05-09,SK,Slovakia,EURO,2377,385475,253,12019
41463,2021-05-16,SK,Slovakia,EURO,2048,387523,205,12224
41464,2021-05-23,SK,Slovakia,EURO,1312,388835,68,12292
41465,2021-05-30,SK,Slovakia,EURO,855,389690,47,12339
41466,2021-06-06,SK,Slovakia,EURO,746,390436,65,12404
41467,2021-06-13,SK,Slovakia,EURO,590,391026,35,12439
41468,2021-06-20,SK,Slovakia,EURO,299,391325,53,12492
41469,2021-06-27,SK,Slovakia,EURO,226,391551,13,12505
41470,2021-07-04,SK,Slovakia,EURO,166,391717,8,12513
41471,2021-07-11,SK,Slovakia,EURO,201,391918,6,12519
41472,2021-07-18,SK,Slovakia,EURO,182,392100,5,12524
41473,2021-07-25,SK,Slovakia,EURO,248,392348,10,12534
41474,2021-08-01,SK,Slovakia,EURO,356,392704,6,12540
41475,2021-08-08,SK,Slovakia,EURO,336,393040,1,12541
41476,2021-08-15,SK,Slovakia,EURO,489,393529,3,12544
41477,2021-08-22,SK,Slovakia,EURO,553,394082,3,12547
41478,2021-08-29,SK,Slovakia,EURO,660,394742,1,12548
41479,2021-09-05,SK,Slovakia,EURO,1338,396080,1,12549
41480,2021-09-12,SK,Slovakia,EURO,2610,398690,9,12558
41481,2021-09-19,SK,Slovakia,EURO,4118,402808,11,12569
41482,2021-09-26,SK,Slovakia,EURO,5680,408488,27,12596
41483,2021-10-03,SK,Slovakia,EURO,7505,415993,72,12668
41484,2021-10-10,SK,Slovakia,EURO,9576,425569,63,12731
41485,2021-10-17,SK,Slovakia,EURO,11815,437384,115,12846
41486,2021-10-24,SK,Slovakia,EURO,19054,456438,57,12903
41487,2021-10-31,SK,Slovakia,EURO,27335,483773,131,13034
41488,2021-11-07,SK,Slovakia,EURO,34862,518635,195,13229
41489,2021-11-14,SK,Slovakia,EURO,41465,560100,308,13537
41490,2021-11-21,SK,Slovakia,EURO,50040,610140,324,13861
41491,2021-11-28,SK,Slovakia,EURO,57821,667961,413,14274
41492,2021-12-05,SK,Slovakia,EURO,61514,729475,552,14826
41493,2021-12-12,SK,Slovakia,EURO,45382,774857,528,15354
41494,2021-12-19,SK,Slovakia,EURO,31258,806115,660,16014
41495,2021-12-26,SK,Slovakia,EURO,19514,825629,384,16398
41496,2022-01-02,SK,Slovakia,EURO,18980,844609,303,16701
41497,2022-01-09,SK,Slovakia,EURO,18353,862962,261,16962
41498,2022-01-16,SK,Slovakia,EURO,16694,879656,338,17300
41499,2022-01-23,SK,Slovakia,EURO,38262,917918,343,17643
41500,2022-01-30,SK,Slovakia,EURO,82427,1000345,174,17817
41501,2022-02-06,SK,Slovakia,EURO,116710,1117055,141,17958
41502,2022-02-13,SK,Slovakia,EURO,124066,1241121,137,18095
41503,2022-02-20,SK,Slovakia,EURO,113227,1354348,145,18240
41504,2022-02-27,SK,Slovakia,EURO,87846,1442194,213,18453
41505,2022-03-06,SK,Slovakia,EURO,67300,1509494,234,18687
41506,2022-03-13,SK,Slovakia,EURO,63617,1573111,231,18918
41507,2022-03-20,SK,Slovakia,EURO,61558,1634669,192,19110
41508,2022-03-27,SK,Slovakia,EURO,52756,1687425,160,19270
41509,2022-04-03,SK,Slovakia,EURO,38062,1725487,147,19417
41510,2022-04-10,SK,Slovakia,EURO,25054,1750541,156,19573
41511,2022-04-17,SK,Slovakia,EURO,13454,1763995,168,19741
41512,2022-04-24,SK,Slovakia,EURO,10813,1774808,98,19839
41513,2022-05-01,SK,Slovakia,EURO,6884,1781692,78,19917
41514,2022-05-08,SK,Slovakia,EURO,3441,1785133,61,19978
41515,2022-05-15,SK,Slovakia,EURO,1960,1787093,63,20041
41516,2022-05-22,SK,Slovakia,EURO,1359,1788452,39,20080
41517,2022-05-29,SK,Slovakia,EURO,985,1789437,17,20097
41518,2022-06-05,SK,Slovakia,EURO,791,1790228,7,20104
41519,2022-06-12,SK,Slovakia,EURO,964,1791192,12,20116
41520,2022-06-19,SK,Slovakia,EURO,1125,1792317,17,20133
41521,2022-06-26,SK,Slovakia,EURO,1994,1794311,9,20142
41522,2022-07-03,SK,Slovakia,EURO,3094,1797405,9,20151
41523,2022-07-10,SK,Slovakia,EURO,3633,1801038,9,20160
41524,2022-07-17,SK,Slovakia,EURO,5052,1806090,12,20172
41525,2022-07-24,SK,Slovakia,EURO,5960,1812050,25,20197
41526,2022-07-31,SK,Slovakia,EURO,5729,1817779,26,20223
41527,2022-08-07,SK,Slovakia,EURO,5480,1823259,36,20259
41528,2022-08-14,SK,Slovakia,EURO,4452,1827711,44,20303
41529,2022-08-21,SK,Slovakia,EURO,3341,1831052,30,20333
41530,2022-08-28,SK,Slovakia,EURO,2639,1833691,15,20348
41531,2022-09-04,SK,Slovakia,EURO,1586,1835277,15,20363
41532,2022-09-11,SK,Slovakia,EURO,1946,1837223,39,20402
41533,2022-09-18,SK,Slovakia,EURO,1933,1839156,34,20436
41534,2022-09-25,SK,Slovakia,EURO,2346,1841502,12,20448
41535,2022-10-02,SK,Slovakia,EURO,2898,1844400,13,20461
41536,2022-10-09,SK,Slovakia,EURO,2846,1847246,17,20478
41537,2022-10-16,SK,Slovakia,EURO,2281,1849527,33,20511
41538,2022-10-23,SK,Slovakia,EURO,1756,1851283,46,20557
41539,2022-10-30,SK,Slovakia,EURO,1269,1852552,44,20601
41540,2022-11-06,SK,Slovakia,EURO,997,1853549,34,20635
41541,2022-11-13,SK,Slovakia,EURO,822,1854371,41,20676
41542,2022-11-20,SK,Slovakia,EURO,628,1854999,35,20711
41543,2022-11-27,SK,Slovakia,EURO,665,1855664,18,20729
41544,2022-12-04,SK,Slovakia,EURO,713,1856377,12,20741
41545,2022-12-11,SK,Slovakia,EURO,812,1857189,20,20761
41546,2022-12-18,SK,Slovakia,EURO,779,1857968,22,20783
41547,2022-12-25,SK,Slovakia,EURO,719,1858687,20,20803
41548,2023-01-01,SK,Slovakia,EURO,549,1859236,20,20823
41549,2023-01-08,SK,Slovakia,EURO,456,1859692,22,20845
41550,2023-01-15,SK,Slovakia,EURO,417,1860109,30,20875
41551,2023-01-22,SK,Slovakia,EURO,330,1860439,31,20906
41552,2023-01-29,SK,Slovakia,EURO,311,1860750,32,20938
41553,2023-02-05,SK,Slovakia,EURO,362,1861112,23,20961
41554,2023-02-12,SK,Slovakia,EURO,473,1861585,19,20980
41555,2023-02-19,SK,Slovakia,EURO,555,1862140,16,20996
41556,2023-02-26,SK,Slovakia,EURO,620,1862760,21,21017
41557,2023-03-05,SK,Slovakia,EURO,638,1863398,13,21030
41558,2023-03-12,SK,Slovakia,EURO,722,1864120,12,21042
41559,2023-03-19,SK,Slovakia,EURO,511,1864631,21,21063
41560,2023-03-26,SK,Slovakia,EURO,424,1865055,20,21083
41561,2023-04-02,SK,Slovakia,EURO,442,1865497,27,21110
41562,2023-04-09,SK,Slovakia,EURO,312,1865809,11,21121
41563,2023-04-16,SK,Slovakia,EURO,262,1866071,23,21144
41564,2023-04-23,SK,Slovakia,EURO,237,1866308,20,21164
41565,2023-04-30,SK,Slovakia,EURO,4,1866312,3,21167
41566,2023-05-07,SK,Slovakia,EURO,158,1866470,0,21167
41567,2023-05-14,SK,Slovakia,EURO,177,1866647,0,21167
41568,2023-05-21,SK,Slovakia,EURO,98,1866745,0,21167
41569,2023-05-28,SK,Slovakia,EURO,69,1866814,0,21167
41570,2023-06-04,SK,Slovakia,EURO,43,1866857,0,21167
41571,2023-06-11,SK,Slovakia,EURO,0,1866857,0,21167
41572,2023-06-18,SK,Slovakia,EURO,0,1866857,0,21167
41573,2023-06-25,SK,Slovakia,EURO,0,1866857,0,21167
41574,2023-07-02,SK,Slovakia,EURO,0,1866857,0,21167
41575,2023-07-09,SK,Slovakia,EURO,0,1866857,0,21167
41576,2023-07-16,SK,Slovakia,EURO,0,1866857,0,21167
41577,2023-07-23,SK,Slovakia,EURO,30,1866887,0,21167
41578,2023-07-30,SK,Slovakia,EURO,11,1866898,0,21167
41579,2023-08-06,SK,Slovakia,EURO,10,1866908,0,21167
41580,2023-08-13,SK,Slovakia,EURO,182,1867090,0,21167
41581,2023-08-20,SK,Slovakia,EURO,27,1867117,0,21167
41582,2023-08-27,SK,Slovakia,EURO,31,1867148,0,21167
41583,2023-09-03,SK,Slovakia,EURO,54,1867202,0,21167
41584,2023-09-10,SK,Slovakia,EURO,39,1867241,0,21167
41585,2023-09-17,SK,Slovakia,EURO,82,1867323,0,21167
41586,2023-09-24,SK,Slovakia,EURO,98,1867421,0,21167
41587,2023-10-01,SK,Slovakia,EURO,104,1867525,0,21167
41588,2023-10-08,SK,Slovakia,EURO,122,1867647,0,21167
41589,2023-10-15,SK,Slovakia,EURO,152,1867799,0,21167
41590,2023-10-22,SK,Slovakia,EURO,134,1867933,0,21167
41591,2023-10-29,SK,Slovakia,EURO,178,1868111,0,21167
41592,2023-11-05,SK,Slovakia,EURO,190,1868301,0,21167
41593,2023-11-12,SK,Slovakia,EURO,171,1868472,0,21167
41594,2023-11-19,SK,Slovakia,EURO,176,1868648,0,21167
41595,2023-11-26,SK,Slovakia,EURO,153,1868801,0,21167
41596,2023-12-03,SK,Slovakia,EURO,0,1868801,0,21167
41597,2023-12-10,SK,Slovakia,EURO,1341,1870142,2,21169
41598,2023-12-17,SK,Slovakia,EURO,1067,1871209,1,21170
41599,2023-12-24,SK,Slovakia,EURO,1182,1872391,5,21175
41600,2020-01-05,SI,Slovenia,EURO,0,0,0,0
41601,2020-01-12,SI,Slovenia,EURO,0,0,0,0
41602,2020-01-19,SI,Slovenia,EURO,0,0,0,0
41603,2020-01-26,SI,Slovenia,EURO,0,0,0,0
41604,2020-02-02,SI,Slovenia,EURO,0,0,0,0
41605,2020-02-09,SI,Slovenia,EURO,0,0,0,0
41606,2020-02-16,SI,Slovenia,EURO,0,0,0,0
41607,2020-02-23,SI,Slovenia,EURO,0,0,0,0
41608,2020-03-01,SI,Slovenia,EURO,0,0,0,0
41609,2020-03-08,SI,Slovenia,EURO,20,20,0,0
41610,2020-03-15,SI,Slovenia,EURO,230,250,1,1
41611,2020-03-22,SI,Slovenia,EURO,192,442,1,2
41612,2020-03-29,SI,Slovenia,EURO,315,757,11,13
41613,2020-04-05,SI,Slovenia,EURO,264,1021,20,33
41614,2020-04-12,SI,Slovenia,EURO,192,1213,28,61
41615,2020-04-19,SI,Slovenia,EURO,123,1336,22,83
41616,2020-04-26,SI,Slovenia,EURO,67,1403,7,90
41617,2020-05-03,SI,Slovenia,EURO,36,1439,15,105
41618,2020-05-10,SI,Slovenia,EURO,21,1460,5,110
41619,2020-05-17,SI,Slovenia,EURO,6,1466,1,111
41620,2020-05-24,SI,Slovenia,EURO,3,1469,2,113
41621,2020-05-31,SI,Slovenia,EURO,4,1473,0,113
41622,2020-06-07,SI,Slovenia,EURO,12,1485,1,114
41623,2020-06-14,SI,Slovenia,EURO,11,1496,0,114
41624,2020-06-21,SI,Slovenia,EURO,25,1521,0,114
41625,2020-06-28,SI,Slovenia,EURO,63,1584,0,114
41626,2020-07-05,SI,Slovenia,EURO,132,1716,0,114
41627,2020-07-12,SI,Slovenia,EURO,134,1850,0,114
41628,2020-07-19,SI,Slovenia,EURO,104,1954,1,115
41629,2020-07-26,SI,Slovenia,EURO,134,2088,4,119
41630,2020-08-02,SI,Slovenia,EURO,94,2182,5,124
41631,2020-08-09,SI,Slovenia,EURO,74,2256,6,130
41632,2020-08-16,SI,Slovenia,EURO,174,2430,1,131
41633,2020-08-23,SI,Slovenia,EURO,236,2666,2,133
41634,2020-08-30,SI,Slovenia,EURO,218,2884,0,133
41635,2020-09-06,SI,Slovenia,EURO,307,3191,1,134
41636,2020-09-13,SI,Slovenia,EURO,559,3750,3,137
41637,2020-09-20,SI,Slovenia,EURO,721,4471,8,145
41638,2020-09-27,SI,Slovenia,EURO,919,5390,10,155
41639,2020-10-04,SI,Slovenia,EURO,1186,6576,7,162
41640,2020-10-11,SI,Slovenia,EURO,2258,8834,17,179
41641,2020-10-18,SI,Slovenia,EURO,4852,13686,34,213
41642,2020-10-25,SI,Slovenia,EURO,10427,24113,76,289
41643,2020-11-01,SI,Slovenia,EURO,12106,36219,153,442
41644,2020-11-08,SI,Slovenia,EURO,9437,45656,204,646
41645,2020-11-15,SI,Slovenia,EURO,9927,55583,270,916
41646,2020-11-22,SI,Slovenia,EURO,10215,65798,291,1207
41647,2020-11-29,SI,Slovenia,EURO,10073,75871,362,1569
41648,2020-12-06,SI,Slovenia,EURO,10459,86330,404,1973
41649,2020-12-13,SI,Slovenia,EURO,10455,96785,353,2326
41650,2020-12-20,SI,Slovenia,EURO,9517,106302,298,2624
41651,2020-12-27,SI,Slovenia,EURO,9109,115411,257,2881
41652,2021-01-03,SI,Slovenia,EURO,10550,125961,248,3129
41653,2021-01-10,SI,Slovenia,EURO,13866,139827,201,3330
41654,2021-01-17,SI,Slovenia,EURO,9749,149576,191,3521
41655,2021-01-24,SI,Slovenia,EURO,8703,158279,187,3708
41656,2021-01-31,SI,Slovenia,EURO,8642,166921,149,3857
41657,2021-02-07,SI,Slovenia,EURO,7100,174021,119,3976
41658,2021-02-14,SI,Slovenia,EURO,5716,179737,91,4067
41659,2021-02-21,SI,Slovenia,EURO,5261,184998,41,4108
41660,2021-02-28,SI,Slovenia,EURO,5427,190425,66,4174
41661,2021-03-07,SI,Slovenia,EURO,5370,195795,38,4212
41662,2021-03-14,SI,Slovenia,EURO,4876,200671,46,4258
41663,2021-03-21,SI,Slovenia,EURO,5797,206468,49,4307
41664,2021-03-28,SI,Slovenia,EURO,6659,213127,53,4360
41665,2021-04-04,SI,Slovenia,EURO,7472,220599,61,4421
41666,2021-04-11,SI,Slovenia,EURO,6378,226977,44,4465
41667,2021-04-18,SI,Slovenia,EURO,5523,232500,46,4511
41668,2021-04-25,SI,Slovenia,EURO,4851,237351,55,4566
41669,2021-05-02,SI,Slovenia,EURO,4680,242031,52,4618
41670,2021-05-09,SI,Slovenia,EURO,4280,246311,31,4649
41671,2021-05-16,SI,Slovenia,EURO,3196,249507,29,4678
41672,2021-05-23,SI,Slovenia,EURO,2351,251858,19,4697
41673,2021-05-30,SI,Slovenia,EURO,1955,253813,19,4716
41674,2021-06-06,SI,Slovenia,EURO,1711,255524,14,4730
41675,2021-06-13,SI,Slovenia,EURO,1033,256557,20,4750
41676,2021-06-20,SI,Slovenia,EURO,532,257089,9,4759
41677,2021-06-27,SI,Slovenia,EURO,251,257340,6,4765
41678,2021-07-04,SI,Slovenia,EURO,177,257517,1,4766
41679,2021-07-11,SI,Slovenia,EURO,387,257904,8,4774
41680,2021-07-18,SI,Slovenia,EURO,377,258281,0,4774
41681,2021-07-25,SI,Slovenia,EURO,473,258754,1,4775
41682,2021-08-01,SI,Slovenia,EURO,631,259385,1,4776
41683,2021-08-08,SI,Slovenia,EURO,849,260234,1,4777
41684,2021-08-15,SI,Slovenia,EURO,1333,261567,0,4777
41685,2021-08-22,SI,Slovenia,EURO,2173,263740,9,4786
41686,2021-08-29,SI,Slovenia,EURO,3001,266741,10,4796
41687,2021-09-05,SI,Slovenia,EURO,3889,270630,8,4804
41688,2021-09-12,SI,Slovenia,EURO,5927,276557,21,4825
41689,2021-09-19,SI,Slovenia,EURO,7321,283878,36,4861
41690,2021-09-26,SI,Slovenia,EURO,6190,290068,45,4906
41691,2021-10-03,SI,Slovenia,EURO,6135,296203,54,4960
41692,2021-10-10,SI,Slovenia,EURO,5560,301763,50,5010
41693,2021-10-17,SI,Slovenia,EURO,6855,308618,35,5045
41694,2021-10-24,SI,Slovenia,EURO,12129,320747,52,5097
41695,2021-10-31,SI,Slovenia,EURO,16496,337243,75,5172
41696,2021-11-07,SI,Slovenia,EURO,20173,357416,104,5276
41697,2021-11-14,SI,Slovenia,EURO,22694,380110,128,5404
41698,2021-11-21,SI,Slovenia,EURO,22116,402226,142,5546
41699,2021-11-28,SI,Slovenia,EURO,16328,418554,148,5694
41700,2021-12-05,SI,Slovenia,EURO,12407,430961,135,5829
41701,2021-12-12,SI,Slovenia,EURO,9762,440723,114,5943
41702,2021-12-19,SI,Slovenia,EURO,8517,449240,85,6028
41703,2021-12-26,SI,Slovenia,EURO,7602,456842,61,6089
41704,2022-01-02,SI,Slovenia,EURO,10794,467636,64,6153
41705,2022-01-09,SI,Slovenia,EURO,25801,493437,57,6210
41706,2022-01-16,SI,Slovenia,EURO,45033,538470,51,6261
41707,2022-01-23,SI,Slovenia,EURO,73730,612200,84,6345
41708,2022-01-30,SI,Slovenia,EURO,98826,711026,119,6464
41709,2022-02-06,SI,Slovenia,EURO,89441,800467,173,6637
41710,2022-02-13,SI,Slovenia,EURO,51552,852019,167,6804
41711,2022-02-20,SI,Slovenia,EURO,28450,880469,185,6989
41712,2022-02-27,SI,Slovenia,EURO,12487,892956,151,7140
41713,2022-03-06,SI,Slovenia,EURO,11796,904752,101,7241
41714,2022-03-13,SI,Slovenia,EURO,14385,919137,80,7321
41715,2022-03-20,SI,Slovenia,EURO,19377,938514,64,7385
41716,2022-03-27,SI,Slovenia,EURO,19975,958489,50,7435
41717,2022-04-03,SI,Slovenia,EURO,17024,975513,60,7495
41718,2022-04-10,SI,Slovenia,EURO,12973,988486,56,7551
41719,2022-04-17,SI,Slovenia,EURO,9487,997973,51,7602
41720,2022-04-24,SI,Slovenia,EURO,6980,1004953,55,7657
41721,2022-05-01,SI,Slovenia,EURO,5976,1010929,40,7697
41722,2022-05-08,SI,Slovenia,EURO,5157,1016086,42,7739
41723,2022-05-15,SI,Slovenia,EURO,3804,1019890,31,7770
41724,2022-05-22,SI,Slovenia,EURO,2754,1022644,18,7788
41725,2022-05-29,SI,Slovenia,EURO,2024,1024668,11,7799
41726,2022-06-05,SI,Slovenia,EURO,1735,1026403,13,7812
41727,2022-06-12,SI,Slovenia,EURO,2006,1028409,9,7821
41728,2022-06-19,SI,Slovenia,EURO,2853,1031262,7,7828
41729,2022-06-26,SI,Slovenia,EURO,4205,1035467,4,7832
41730,2022-07-03,SI,Slovenia,EURO,6062,1041529,11,7843
41731,2022-07-10,SI,Slovenia,EURO,8766,1050295,20,7863
41732,2022-07-17,SI,Slovenia,EURO,10756,1061051,24,7887
41733,2022-07-24,SI,Slovenia,EURO,11499,1072550,53,7940
41734,2022-07-31,SI,Slovenia,EURO,11465,1084015,47,7987
41735,2022-08-07,SI,Slovenia,EURO,10282,1094297,50,8037
41736,2022-08-14,SI,Slovenia,EURO,9878,1104175,51,8088
41737,2022-08-21,SI,Slovenia,EURO,9473,1113648,34,8122
41738,2022-08-28,SI,Slovenia,EURO,9414,1123062,41,8163
41739,2022-09-04,SI,Slovenia,EURO,8906,1131968,28,8191
41740,2022-09-11,SI,Slovenia,EURO,11450,1143418,23,8214
41741,2022-09-18,SI,Slovenia,EURO,14454,1157872,33,8247
41742,2022-09-25,SI,Slovenia,EURO,14000,1171872,21,8268
41743,2022-10-02,SI,Slovenia,EURO,15885,1187757,37,8305
41744,2022-10-09,SI,Slovenia,EURO,15708,1203465,49,8354
41745,2022-10-16,SI,Slovenia,EURO,12986,1216451,49,8403
41746,2022-10-23,SI,Slovenia,EURO,9803,1226254,49,8452
41747,2022-10-30,SI,Slovenia,EURO,7447,1233701,34,8486
41748,2022-11-06,SI,Slovenia,EURO,4567,1238268,33,8519
41749,2022-11-13,SI,Slovenia,EURO,4362,1242630,22,8541
41750,2022-11-20,SI,Slovenia,EURO,5422,1248052,22,8563
41751,2022-11-27,SI,Slovenia,EURO,6877,1254929,27,8590
41752,2022-12-04,SI,Slovenia,EURO,9278,1264207,34,8624
41753,2022-12-11,SI,Slovenia,EURO,12161,1276368,41,8665
41754,2022-12-18,SI,Slovenia,EURO,12766,1289134,61,8726
41755,2022-12-25,SI,Slovenia,EURO,11669,1300803,75,8801
41756,2023-01-01,SI,Slovenia,EURO,7698,1308501,70,8871
41757,2023-01-08,SI,Slovenia,EURO,5940,1314441,71,8942
41758,2023-01-15,SI,Slovenia,EURO,3281,1317722,52,8994
41759,2023-01-22,SI,Slovenia,EURO,2025,1319747,50,9044
41760,2023-01-29,SI,Slovenia,EURO,1621,1321368,32,9076
41761,2023-02-05,SI,Slovenia,EURO,1384,1322752,11,9087
41762,2023-02-12,SI,Slovenia,EURO,1238,1323990,18,9105
41763,2023-02-19,SI,Slovenia,EURO,1653,1325643,18,9123
41764,2023-02-26,SI,Slovenia,EURO,2046,1327689,25,9148
41765,2023-03-05,SI,Slovenia,EURO,2355,1330044,13,9161
41766,2023-03-12,SI,Slovenia,EURO,2843,1332887,16,9177
41767,2023-03-19,SI,Slovenia,EURO,2888,1335775,23,9200
41768,2023-03-26,SI,Slovenia,EURO,3044,1338819,27,9227
41769,2023-04-02,SI,Slovenia,EURO,2432,1341251,17,9244
41770,2023-04-09,SI,Slovenia,EURO,939,1342190,32,9276
41771,2023-04-16,SI,Slovenia,EURO,559,1342749,20,9296
41772,2023-04-23,SI,Slovenia,EURO,456,1343205,23,9319
41773,2023-04-30,SI,Slovenia,EURO,309,1343514,20,9339
41774,2023-05-07,SI,Slovenia,EURO,201,1343715,20,9359
41775,2023-05-14,SI,Slovenia,EURO,182,1343897,18,9377
41776,2023-05-21,SI,Slovenia,EURO,182,1344079,7,9384
41777,2023-05-28,SI,Slovenia,EURO,191,1344270,9,9393
41778,2023-06-04,SI,Slovenia,EURO,110,1344380,6,9399
41779,2023-06-11,SI,Slovenia,EURO,85,1344465,7,9406
41780,2023-06-18,SI,Slovenia,EURO,61,1344526,6,9412
41781,2023-06-25,SI,Slovenia,EURO,36,1344562,10,9422
41782,2023-07-02,SI,Slovenia,EURO,20,1344582,2,9424
41783,2023-07-09,SI,Slovenia,EURO,27,1344609,2,9426
41784,2023-07-16,SI,Slovenia,EURO,6,1344615,3,9429
41785,2023-07-23,SI,Slovenia,EURO,24,1344639,1,9430
41786,2023-07-30,SI,Slovenia,EURO,16,1344655,1,9431
41787,2023-08-06,SI,Slovenia,EURO,24,1344679,2,9433
41788,2023-08-13,SI,Slovenia,EURO,29,1344708,1,9434
41789,2023-08-20,SI,Slovenia,EURO,61,1344769,3,9437
41790,2023-08-27,SI,Slovenia,EURO,74,1344843,0,9437
41791,2023-09-03,SI,Slovenia,EURO,92,1344935,3,9440
41792,2023-09-10,SI,Slovenia,EURO,118,1345053,2,9442
41793,2023-09-17,SI,Slovenia,EURO,152,1345205,7,9449
41794,2023-09-24,SI,Slovenia,EURO,223,1345428,4,9453
41795,2023-10-01,SI,Slovenia,EURO,348,1345776,7,9460
41796,2023-10-08,SI,Slovenia,EURO,399,1346175,9,9469
41797,2023-10-15,SI,Slovenia,EURO,487,1346662,14,9483
41798,2023-10-22,SI,Slovenia,EURO,402,1347064,4,9487
41799,2023-10-29,SI,Slovenia,EURO,0,1347064,0,9487
41800,2023-11-05,SI,Slovenia,EURO,0,1347064,0,9487
41801,2023-11-12,SI,Slovenia,EURO,0,1347064,0,9487
41802,2023-11-19,SI,Slovenia,EURO,0,1347064,0,9487
41803,2023-11-26,SI,Slovenia,EURO,0,1347064,0,9487
41804,2023-12-03,SI,Slovenia,EURO,0,1347064,0,9487
41805,2023-12-10,SI,Slovenia,EURO,1839,1348903,49,9536
41806,2023-12-17,SI,Slovenia,EURO,1119,1350022,45,9581
41807,2023-12-24,SI,Slovenia,EURO,1118,1351140,56,9637
41808,2020-01-05,SB,Solomon Islands,WPRO,0,0,0,0
41809,2020-01-12,SB,Solomon Islands,WPRO,0,0,0,0
41810,2020-01-19,SB,Solomon Islands,WPRO,0,0,0,0
41811,2020-01-26,SB,Solomon Islands,WPRO,0,0,0,0
41812,2020-02-02,SB,Solomon Islands,WPRO,0,0,0,0
41813,2020-02-09,SB,Solomon Islands,WPRO,0,0,0,0
41814,2020-02-16,SB,Solomon Islands,WPRO,0,0,0,0
41815,2020-02-23,SB,Solomon Islands,WPRO,0,0,0,0
41816,2020-03-01,SB,Solomon Islands,WPRO,0,0,0,0
41817,2020-03-08,SB,Solomon Islands,WPRO,0,0,0,0
41818,2020-03-15,SB,Solomon Islands,WPRO,0,0,0,0
41819,2020-03-22,SB,Solomon Islands,WPRO,0,0,0,0
41820,2020-03-29,SB,Solomon Islands,WPRO,0,0,0,0
41821,2020-04-05,SB,Solomon Islands,WPRO,0,0,0,0
41822,2020-04-12,SB,Solomon Islands,WPRO,0,0,0,0
41823,2020-04-19,SB,Solomon Islands,WPRO,0,0,0,0
41824,2020-04-26,SB,Solomon Islands,WPRO,0,0,0,0
41825,2020-05-03,SB,Solomon Islands,WPRO,0,0,0,0
41826,2020-05-10,SB,Solomon Islands,WPRO,0,0,0,0
41827,2020-05-17,SB,Solomon Islands,WPRO,0,0,0,0
41828,2020-05-24,SB,Solomon Islands,WPRO,0,0,0,0
41829,2020-05-31,SB,Solomon Islands,WPRO,0,0,0,0
41830,2020-06-07,SB,Solomon Islands,WPRO,0,0,0,0
41831,2020-06-14,SB,Solomon Islands,WPRO,0,0,0,0
41832,2020-06-21,SB,Solomon Islands,WPRO,0,0,0,0
41833,2020-06-28,SB,Solomon Islands,WPRO,0,0,0,0
41834,2020-07-05,SB,Solomon Islands,WPRO,0,0,0,0
41835,2020-07-12,SB,Solomon Islands,WPRO,0,0,0,0
41836,2020-07-19,SB,Solomon Islands,WPRO,0,0,0,0
41837,2020-07-26,SB,Solomon Islands,WPRO,0,0,0,0
41838,2020-08-02,SB,Solomon Islands,WPRO,0,0,0,0
41839,2020-08-09,SB,Solomon Islands,WPRO,0,0,0,0
41840,2020-08-16,SB,Solomon Islands,WPRO,0,0,0,0
41841,2020-08-23,SB,Solomon Islands,WPRO,0,0,0,0
41842,2020-08-30,SB,Solomon Islands,WPRO,0,0,0,0
41843,2020-09-06,SB,Solomon Islands,WPRO,0,0,0,0
41844,2020-09-13,SB,Solomon Islands,WPRO,0,0,0,0
41845,2020-09-20,SB,Solomon Islands,WPRO,0,0,0,0
41846,2020-09-27,SB,Solomon Islands,WPRO,0,0,0,0
41847,2020-10-04,SB,Solomon Islands,WPRO,1,1,0,0
41848,2020-10-11,SB,Solomon Islands,WPRO,0,1,0,0
41849,2020-10-18,SB,Solomon Islands,WPRO,2,3,0,0
41850,2020-10-25,SB,Solomon Islands,WPRO,1,4,0,0
41851,2020-11-01,SB,Solomon Islands,WPRO,4,8,0,0
41852,2020-11-08,SB,Solomon Islands,WPRO,5,13,0,0
41853,2020-11-15,SB,Solomon Islands,WPRO,3,16,0,0
41854,2020-11-22,SB,Solomon Islands,WPRO,0,16,0,0
41855,2020-11-29,SB,Solomon Islands,WPRO,1,17,0,0
41856,2020-12-06,SB,Solomon Islands,WPRO,0,17,0,0
41857,2020-12-13,SB,Solomon Islands,WPRO,0,17,0,0
41858,2020-12-20,SB,Solomon Islands,WPRO,0,17,0,0
41859,2020-12-27,SB,Solomon Islands,WPRO,0,17,0,0
41860,2021-01-03,SB,Solomon Islands,WPRO,0,17,0,0
41861,2021-01-10,SB,Solomon Islands,WPRO,0,17,0,0
41862,2021-01-17,SB,Solomon Islands,WPRO,0,17,0,0
41863,2021-01-24,SB,Solomon Islands,WPRO,0,17,0,0
41864,2021-01-31,SB,Solomon Islands,WPRO,0,17,0,0
41865,2021-02-07,SB,Solomon Islands,WPRO,0,17,0,0
41866,2021-02-14,SB,Solomon Islands,WPRO,1,18,0,0
41867,2021-02-21,SB,Solomon Islands,WPRO,0,18,0,0
41868,2021-02-28,SB,Solomon Islands,WPRO,0,18,0,0
41869,2021-03-07,SB,Solomon Islands,WPRO,0,18,0,0
41870,2021-03-14,SB,Solomon Islands,WPRO,0,18,0,0
41871,2021-03-21,SB,Solomon Islands,WPRO,0,18,0,0
41872,2021-03-28,SB,Solomon Islands,WPRO,1,19,0,0
41873,2021-04-04,SB,Solomon Islands,WPRO,0,19,0,0
41874,2021-04-11,SB,Solomon Islands,WPRO,1,20,0,0
41875,2021-04-18,SB,Solomon Islands,WPRO,0,20,0,0
41876,2021-04-25,SB,Solomon Islands,WPRO,0,20,0,0
41877,2021-05-02,SB,Solomon Islands,WPRO,0,20,0,0
41878,2021-05-09,SB,Solomon Islands,WPRO,0,20,0,0
41879,2021-05-16,SB,Solomon Islands,WPRO,0,20,0,0
41880,2021-05-23,SB,Solomon Islands,WPRO,0,20,0,0
41881,2021-05-30,SB,Solomon Islands,WPRO,0,20,0,0
41882,2021-06-06,SB,Solomon Islands,WPRO,0,20,0,0
41883,2021-06-13,SB,Solomon Islands,WPRO,0,20,0,0
41884,2021-06-20,SB,Solomon Islands,WPRO,0,20,0,0
41885,2021-06-27,SB,Solomon Islands,WPRO,0,20,0,0
41886,2021-07-04,SB,Solomon Islands,WPRO,0,20,0,0
41887,2021-07-11,SB,Solomon Islands,WPRO,0,20,0,0
41888,2021-07-18,SB,Solomon Islands,WPRO,0,20,0,0
41889,2021-07-25,SB,Solomon Islands,WPRO,0,20,0,0
41890,2021-08-01,SB,Solomon Islands,WPRO,0,20,0,0
41891,2021-08-08,SB,Solomon Islands,WPRO,0,20,0,0
41892,2021-08-15,SB,Solomon Islands,WPRO,0,20,0,0
41893,2021-08-22,SB,Solomon Islands,WPRO,0,20,0,0
41894,2021-08-29,SB,Solomon Islands,WPRO,0,20,0,0
41895,2021-09-05,SB,Solomon Islands,WPRO,0,20,0,0
41896,2021-09-12,SB,Solomon Islands,WPRO,0,20,0,0
41897,2021-09-19,SB,Solomon Islands,WPRO,0,20,0,0
41898,2021-09-26,SB,Solomon Islands,WPRO,0,20,0,0
41899,2021-10-03,SB,Solomon Islands,WPRO,0,20,0,0
41900,2021-10-10,SB,Solomon Islands,WPRO,0,20,0,0
41901,2021-10-17,SB,Solomon Islands,WPRO,0,20,0,0
41902,2021-10-24,SB,Solomon Islands,WPRO,0,20,0,0
41903,2021-10-31,SB,Solomon Islands,WPRO,0,20,0,0
41904,2021-11-07,SB,Solomon Islands,WPRO,0,20,0,0
41905,2021-11-14,SB,Solomon Islands,WPRO,0,20,0,0
41906,2021-11-21,SB,Solomon Islands,WPRO,0,20,0,0
41907,2021-11-28,SB,Solomon Islands,WPRO,0,20,0,0
41908,2021-12-05,SB,Solomon Islands,WPRO,0,20,0,0
41909,2021-12-12,SB,Solomon Islands,WPRO,0,20,0,0
41910,2021-12-19,SB,Solomon Islands,WPRO,0,20,0,0
41911,2021-12-26,SB,Solomon Islands,WPRO,2,22,0,0
41912,2022-01-02,SB,Solomon Islands,WPRO,2,24,0,0
41913,2022-01-09,SB,Solomon Islands,WPRO,1,25,0,0
41914,2022-01-16,SB,Solomon Islands,WPRO,0,25,0,0
41915,2022-01-23,SB,Solomon Islands,WPRO,264,289,0,0
41916,2022-01-30,SB,Solomon Islands,WPRO,894,1183,9,9
41917,2022-02-06,SB,Solomon Islands,WPRO,2012,3195,24,33
41918,2022-02-13,SB,Solomon Islands,WPRO,1430,4625,25,58
41919,2022-02-20,SB,Solomon Islands,WPRO,1188,5813,25,83
41920,2022-02-27,SB,Solomon Islands,WPRO,1124,6937,13,96
41921,2022-03-06,SB,Solomon Islands,WPRO,1089,8026,20,116
41922,2022-03-13,SB,Solomon Islands,WPRO,1098,9124,4,120
41923,2022-03-20,SB,Solomon Islands,WPRO,727,9851,7,127
41924,2022-03-27,SB,Solomon Islands,WPRO,927,10778,6,133
41925,2022-04-03,SB,Solomon Islands,WPRO,692,11470,0,133
41926,2022-04-10,SB,Solomon Islands,WPRO,535,12005,4,137
41927,2022-04-17,SB,Solomon Islands,WPRO,280,12285,2,139
41928,2022-04-24,SB,Solomon Islands,WPRO,1897,14182,1,140
41929,2022-05-01,SB,Solomon Islands,WPRO,1078,15260,1,141
41930,2022-05-08,SB,Solomon Islands,WPRO,1181,16441,2,143
41931,2022-05-15,SB,Solomon Islands,WPRO,1733,18174,3,146
41932,2022-05-22,SB,Solomon Islands,WPRO,0,18174,0,146
41933,2022-05-29,SB,Solomon Islands,WPRO,0,18174,0,146
41934,2022-06-05,SB,Solomon Islands,WPRO,3063,21237,3,149
41935,2022-06-12,SB,Solomon Islands,WPRO,307,21544,0,149
41936,2022-06-19,SB,Solomon Islands,WPRO,0,21544,4,153
41937,2022-06-26,SB,Solomon Islands,WPRO,0,21544,0,153
41938,2022-07-03,SB,Solomon Islands,WPRO,0,21544,0,153
41939,2022-07-10,SB,Solomon Islands,WPRO,0,21544,0,153
41940,2022-07-17,SB,Solomon Islands,WPRO,0,21544,0,153
41941,2022-07-24,SB,Solomon Islands,WPRO,0,21544,0,153
41942,2022-07-31,SB,Solomon Islands,WPRO,0,21544,0,153
41943,2022-08-07,SB,Solomon Islands,WPRO,0,21544,0,153
41944,2022-08-14,SB,Solomon Islands,WPRO,0,21544,0,153
41945,2022-08-21,SB,Solomon Islands,WPRO,0,21544,0,153
41946,2022-08-28,SB,Solomon Islands,WPRO,0,21544,0,153
41947,2022-09-04,SB,Solomon Islands,WPRO,0,21544,0,153
41948,2022-09-11,SB,Solomon Islands,WPRO,0,21544,0,153
41949,2022-09-18,SB,Solomon Islands,WPRO,0,21544,0,153
41950,2022-09-25,SB,Solomon Islands,WPRO,0,21544,0,153
41951,2022-10-02,SB,Solomon Islands,WPRO,0,21544,0,153
41952,2022-10-09,SB,Solomon Islands,WPRO,0,21544,0,153
41953,2022-10-16,SB,Solomon Islands,WPRO,0,21544,0,153
41954,2022-10-23,SB,Solomon Islands,WPRO,0,21544,0,153
41955,2022-10-30,SB,Solomon Islands,WPRO,0,21544,0,153
41956,2022-11-06,SB,Solomon Islands,WPRO,19,21563,0,153
41957,2022-11-13,SB,Solomon Islands,WPRO,0,21563,0,153
41958,2022-11-20,SB,Solomon Islands,WPRO,48,21611,0,153
41959,2022-11-27,SB,Solomon Islands,WPRO,0,21611,0,153
41960,2022-12-04,SB,Solomon Islands,WPRO,0,21611,0,153
41961,2022-12-11,SB,Solomon Islands,WPRO,0,21611,0,153
41962,2022-12-18,SB,Solomon Islands,WPRO,0,21611,0,153
41963,2022-12-25,SB,Solomon Islands,WPRO,0,21611,0,153
41964,2023-01-01,SB,Solomon Islands,WPRO,0,21611,0,153
41965,2023-01-08,SB,Solomon Islands,WPRO,0,21611,0,153
41966,2023-01-15,SB,Solomon Islands,WPRO,0,21611,0,153
41967,2023-01-22,SB,Solomon Islands,WPRO,0,21611,0,153
41968,2023-01-29,SB,Solomon Islands,WPRO,0,21611,0,153
41969,2023-02-05,SB,Solomon Islands,WPRO,0,21611,0,153
41970,2023-02-12,SB,Solomon Islands,WPRO,0,21611,0,153
41971,2023-02-19,SB,Solomon Islands,WPRO,0,21611,0,153
41972,2023-02-26,SB,Solomon Islands,WPRO,0,21611,0,153
41973,2023-03-05,SB,Solomon Islands,WPRO,0,21611,0,153
41974,2023-03-12,SB,Solomon Islands,WPRO,0,21611,0,153
41975,2023-03-19,SB,Solomon Islands,WPRO,0,21611,0,153
41976,2023-03-26,SB,Solomon Islands,WPRO,0,21611,0,153
41977,2023-04-02,SB,Solomon Islands,WPRO,0,21611,0,153
41978,2023-04-09,SB,Solomon Islands,WPRO,0,21611,0,153
41979,2023-04-16,SB,Solomon Islands,WPRO,0,21611,0,153
41980,2023-04-23,SB,Solomon Islands,WPRO,0,21611,0,153
41981,2023-04-30,SB,Solomon Islands,WPRO,0,21611,0,153
41982,2023-05-07,SB,Solomon Islands,WPRO,0,21611,0,153
41983,2023-05-14,SB,Solomon Islands,WPRO,0,21611,0,153
41984,2023-05-21,SB,Solomon Islands,WPRO,0,21611,0,153
41985,2023-05-28,SB,Solomon Islands,WPRO,0,21611,0,153
41986,2023-06-04,SB,Solomon Islands,WPRO,0,21611,0,153
41987,2023-06-11,SB,Solomon Islands,WPRO,0,21611,0,153
41988,2023-06-18,SB,Solomon Islands,WPRO,0,21611,0,153
41989,2023-06-25,SB,Solomon Islands,WPRO,0,21611,0,153
41990,2023-07-02,SB,Solomon Islands,WPRO,0,21611,0,153
41991,2023-07-09,SB,Solomon Islands,WPRO,0,21611,0,153
41992,2023-07-16,SB,Solomon Islands,WPRO,0,21611,0,153
41993,2023-07-23,SB,Solomon Islands,WPRO,0,21611,0,153
41994,2023-07-30,SB,Solomon Islands,WPRO,0,21611,0,153
41995,2023-08-06,SB,Solomon Islands,WPRO,0,21611,0,153
41996,2023-08-13,SB,Solomon Islands,WPRO,0,21611,0,153
41997,2023-08-20,SB,Solomon Islands,WPRO,0,21611,0,153
41998,2023-08-27,SB,Solomon Islands,WPRO,0,21611,0,153
41999,2023-09-03,SB,Solomon Islands,WPRO,0,21611,0,153
42000,2023-09-10,SB,Solomon Islands,WPRO,0,21611,0,153
42001,2023-09-17,SB,Solomon Islands,WPRO,0,21611,0,153
42002,2023-09-24,SB,Solomon Islands,WPRO,0,21611,0,153
42003,2023-10-01,SB,Solomon Islands,WPRO,0,21611,46,199
42004,2023-10-08,SB,Solomon Islands,WPRO,4343,25954,0,199
42005,2023-10-15,SB,Solomon Islands,WPRO,0,25954,0,199
42006,2023-10-22,SB,Solomon Islands,WPRO,0,25954,0,199
42007,2023-10-29,SB,Solomon Islands,WPRO,0,25954,0,199
42008,2023-11-05,SB,Solomon Islands,WPRO,0,25954,0,199
42009,2023-11-12,SB,Solomon Islands,WPRO,0,25954,0,199
42010,2023-11-19,SB,Solomon Islands,WPRO,0,25954,0,199
42011,2023-11-26,SB,Solomon Islands,WPRO,0,25954,0,199
42012,2023-12-03,SB,Solomon Islands,WPRO,0,25954,0,199
42013,2023-12-10,SB,Solomon Islands,WPRO,0,25954,0,199
42014,2023-12-17,SB,Solomon Islands,WPRO,0,25954,0,199
42015,2023-12-24,SB,Solomon Islands,WPRO,0,25954,0,199
42016,2020-01-05,SO,Somalia,EMRO,0,0,0,0
42017,2020-01-12,SO,Somalia,EMRO,0,0,0,0
42018,2020-01-19,SO,Somalia,EMRO,0,0,0,0
42019,2020-01-26,SO,Somalia,EMRO,0,0,0,0
42020,2020-02-02,SO,Somalia,EMRO,0,0,0,0
42021,2020-02-09,SO,Somalia,EMRO,0,0,0,0
42022,2020-02-16,SO,Somalia,EMRO,0,0,0,0
42023,2020-02-23,SO,Somalia,EMRO,0,0,0,0
42024,2020-03-01,SO,Somalia,EMRO,0,0,0,0
42025,2020-03-08,SO,Somalia,EMRO,0,0,0,0
42026,2020-03-15,SO,Somalia,EMRO,0,0,0,0
42027,2020-03-22,SO,Somalia,EMRO,1,1,0,0
42028,2020-03-29,SO,Somalia,EMRO,2,3,0,0
42029,2020-04-05,SO,Somalia,EMRO,4,7,0,0
42030,2020-04-12,SO,Somalia,EMRO,14,21,1,1
42031,2020-04-19,SO,Somalia,EMRO,114,135,6,7
42032,2020-04-26,SO,Somalia,EMRO,255,390,11,18
42033,2020-05-03,SO,Somalia,EMRO,281,671,13,31
42034,2020-05-10,SO,Somalia,EMRO,326,997,17,48
42035,2020-05-17,SO,Somalia,EMRO,360,1357,7,55
42036,2020-05-24,SO,Somalia,EMRO,237,1594,6,61
42037,2020-05-31,SO,Somalia,EMRO,322,1916,12,73
42038,2020-06-07,SO,Somalia,EMRO,373,2289,9,82
42039,2020-06-14,SO,Somalia,EMRO,290,2579,5,87
42040,2020-06-21,SO,Somalia,EMRO,176,2755,1,88
42041,2020-06-28,SO,Somalia,EMRO,123,2878,2,90
42042,2020-07-05,SO,Somalia,EMRO,83,2961,2,92
42043,2020-07-12,SO,Somalia,EMRO,90,3051,0,92
42044,2020-07-19,SO,Somalia,EMRO,60,3111,1,93
42045,2020-07-26,SO,Somalia,EMRO,67,3178,0,93
42046,2020-08-02,SO,Somalia,EMRO,34,3212,0,93
42047,2020-08-09,SO,Somalia,EMRO,15,3227,0,93
42048,2020-08-16,SO,Somalia,EMRO,29,3256,0,93
42049,2020-08-23,SO,Somalia,EMRO,13,3269,0,93
42050,2020-08-30,SO,Somalia,EMRO,41,3310,4,97
42051,2020-09-06,SO,Somalia,EMRO,52,3362,0,97
42052,2020-09-13,SO,Somalia,EMRO,14,3376,1,98
42053,2020-09-20,SO,Somalia,EMRO,25,3401,0,98
42054,2020-09-27,SO,Somalia,EMRO,187,3588,1,99
42055,2020-10-04,SO,Somalia,EMRO,5,3593,0,99
42056,2020-10-11,SO,Somalia,EMRO,254,3847,0,99
42057,2020-10-18,SO,Somalia,EMRO,17,3864,0,99
42058,2020-10-25,SO,Somalia,EMRO,33,3897,3,102
42059,2020-11-01,SO,Somalia,EMRO,44,3941,2,104
42060,2020-11-08,SO,Somalia,EMRO,288,4229,3,107
42061,2020-11-15,SO,Somalia,EMRO,72,4301,0,107
42062,2020-11-22,SO,Somalia,EMRO,81,4382,1,108
42063,2020-11-29,SO,Somalia,EMRO,69,4451,5,113
42064,2020-12-06,SO,Somalia,EMRO,74,4525,8,121
42065,2020-12-13,SO,Somalia,EMRO,54,4579,0,121
42066,2020-12-20,SO,Somalia,EMRO,83,4662,3,124
42067,2020-12-27,SO,Somalia,EMRO,28,4690,3,127
42068,2021-01-03,SO,Somalia,EMRO,24,4714,3,130
42069,2021-01-10,SO,Somalia,EMRO,12,4726,0,130
42070,2021-01-17,SO,Somalia,EMRO,18,4744,0,130
42071,2021-01-24,SO,Somalia,EMRO,10,4754,0,130
42072,2021-01-31,SO,Somalia,EMRO,30,4784,0,130
42073,2021-02-07,SO,Somalia,EMRO,70,4854,4,134
42074,2021-02-14,SO,Somalia,EMRO,238,5092,14,148
42075,2021-02-21,SO,Somalia,EMRO,797,5889,46,194
42076,2021-02-28,SO,Somalia,EMRO,1102,6991,37,231
42077,2021-03-07,SO,Somalia,EMRO,1050,8041,63,294
42078,2021-03-14,SO,Somalia,EMRO,905,8946,55,349
42079,2021-03-21,SO,Somalia,EMRO,1022,9968,70,419
42080,2021-03-28,SO,Somalia,EMRO,870,10838,69,488
42081,2021-04-04,SO,Somalia,EMRO,785,11623,58,546
42082,2021-04-11,SO,Somalia,EMRO,648,12271,59,605
42083,2021-04-18,SO,Somalia,EMRO,566,12837,51,656
42084,2021-04-25,SO,Somalia,EMRO,622,13459,33,689
42085,2021-05-02,SO,Somalia,EMRO,456,13915,24,713
42086,2021-05-09,SO,Somalia,EMRO,500,14415,34,747
42087,2021-05-16,SO,Somalia,EMRO,71,14486,6,753
42088,2021-05-23,SO,Somalia,EMRO,137,14623,14,767
42089,2021-05-30,SO,Somalia,EMRO,30,14653,1,768
42090,2021-06-06,SO,Somalia,EMRO,76,14729,5,773
42091,2021-06-13,SO,Somalia,EMRO,50,14779,1,774
42092,2021-06-20,SO,Somalia,EMRO,73,14852,1,775
42093,2021-06-27,SO,Somalia,EMRO,40,14892,0,775
42094,2021-07-04,SO,Somalia,EMRO,54,14946,0,775
42095,2021-07-11,SO,Somalia,EMRO,49,14995,0,775
42096,2021-07-18,SO,Somalia,EMRO,90,15085,6,781
42097,2021-07-25,SO,Somalia,EMRO,118,15203,8,789
42098,2021-08-01,SO,Somalia,EMRO,200,15403,22,811
42099,2021-08-08,SO,Somalia,EMRO,395,15798,36,847
42100,2021-08-15,SO,Somalia,EMRO,467,16265,31,878
42101,2021-08-22,SO,Somalia,EMRO,270,16535,19,897
42102,2021-08-29,SO,Somalia,EMRO,675,17210,56,953
42103,2021-09-05,SO,Somalia,EMRO,516,17726,44,997
42104,2021-09-12,SO,Somalia,EMRO,647,18373,26,1023
42105,2021-09-19,SO,Somalia,EMRO,631,19004,40,1063
42106,2021-09-26,SO,Somalia,EMRO,719,19723,40,1103
42107,2021-10-03,SO,Somalia,EMRO,257,19980,8,1111
42108,2021-10-10,SO,Somalia,EMRO,920,20900,41,1152
42109,2021-10-17,SO,Somalia,EMRO,369,21269,28,1180
42110,2021-10-24,SO,Somalia,EMRO,729,21998,28,1208
42111,2021-10-31,SO,Somalia,EMRO,0,21998,0,1208
42112,2021-11-07,SO,Somalia,EMRO,695,22693,86,1294
42113,2021-11-14,SO,Somalia,EMRO,144,22837,19,1313
42114,2021-11-21,SO,Somalia,EMRO,132,22969,11,1324
42115,2021-11-28,SO,Somalia,EMRO,47,23016,3,1327
42116,2021-12-05,SO,Somalia,EMRO,35,23051,4,1331
42117,2021-12-12,SO,Somalia,EMRO,23,23074,2,1333
42118,2021-12-19,SO,Somalia,EMRO,95,23169,0,1333
42119,2021-12-26,SO,Somalia,EMRO,363,23532,0,1333
42120,2022-01-02,SO,Somalia,EMRO,729,24261,2,1335
42121,2022-01-09,SO,Somalia,EMRO,0,24261,0,1335
42122,2022-01-16,SO,Somalia,EMRO,0,24261,0,1335
42123,2022-01-23,SO,Somalia,EMRO,61,24322,0,1335
42124,2022-01-30,SO,Somalia,EMRO,1066,25388,0,1335
42125,2022-02-06,SO,Somalia,EMRO,679,26067,0,1335
42126,2022-02-13,SO,Somalia,EMRO,136,26203,5,1340
42127,2022-02-20,SO,Somalia,EMRO,57,26260,5,1345
42128,2022-02-27,SO,Somalia,EMRO,53,26313,3,1348
42129,2022-03-06,SO,Somalia,EMRO,87,26400,11,1359
42130,2022-03-13,SO,Somalia,EMRO,0,26400,0,1359
42131,2022-03-20,SO,Somalia,EMRO,10,26410,2,1361
42132,2022-03-27,SO,Somalia,EMRO,0,26410,0,1361
42133,2022-04-03,SO,Somalia,EMRO,0,26410,0,1361
42134,2022-04-10,SO,Somalia,EMRO,61,26471,0,1361
42135,2022-04-17,SO,Somalia,EMRO,0,26471,0,1361
42136,2022-04-24,SO,Somalia,EMRO,14,26485,0,1361
42137,2022-05-01,SO,Somalia,EMRO,0,26485,0,1361
42138,2022-05-08,SO,Somalia,EMRO,0,26485,0,1361
42139,2022-05-15,SO,Somalia,EMRO,33,26518,0,1361
42140,2022-05-22,SO,Somalia,EMRO,4,26522,0,1361
42141,2022-05-29,SO,Somalia,EMRO,13,26535,0,1361
42142,2022-06-05,SO,Somalia,EMRO,30,26565,0,1361
42143,2022-06-12,SO,Somalia,EMRO,0,26565,0,1361
42144,2022-06-19,SO,Somalia,EMRO,110,26675,0,1361
42145,2022-06-26,SO,Somalia,EMRO,128,26803,0,1361
42146,2022-07-03,SO,Somalia,EMRO,0,26803,0,1361
42147,2022-07-10,SO,Somalia,EMRO,97,26900,0,1361
42148,2022-07-17,SO,Somalia,EMRO,0,26900,0,1361
42149,2022-07-24,SO,Somalia,EMRO,12,26912,0,1361
42150,2022-07-31,SO,Somalia,EMRO,45,26957,0,1361
42151,2022-08-07,SO,Somalia,EMRO,63,27020,0,1361
42152,2022-08-14,SO,Somalia,EMRO,0,27020,0,1361
42153,2022-08-21,SO,Somalia,EMRO,0,27020,0,1361
42154,2022-08-28,SO,Somalia,EMRO,161,27181,0,1361
42155,2022-09-04,SO,Somalia,EMRO,16,27197,0,1361
42156,2022-09-11,SO,Somalia,EMRO,10,27207,0,1361
42157,2022-09-18,SO,Somalia,EMRO,0,27207,0,1361
42158,2022-09-25,SO,Somalia,EMRO,9,27216,0,1361
42159,2022-10-02,SO,Somalia,EMRO,7,27223,0,1361
42160,2022-10-09,SO,Somalia,EMRO,2,27225,0,1361
42161,2022-10-16,SO,Somalia,EMRO,12,27237,0,1361
42162,2022-10-23,SO,Somalia,EMRO,0,27237,0,1361
42163,2022-10-30,SO,Somalia,EMRO,0,27237,0,1361
42164,2022-11-06,SO,Somalia,EMRO,30,27267,0,1361
42165,2022-11-13,SO,Somalia,EMRO,19,27286,0,1361
42166,2022-11-20,SO,Somalia,EMRO,0,27286,0,1361
42167,2022-11-27,SO,Somalia,EMRO,0,27286,0,1361
42168,2022-12-04,SO,Somalia,EMRO,0,27286,0,1361
42169,2022-12-11,SO,Somalia,EMRO,0,27286,0,1361
42170,2022-12-18,SO,Somalia,EMRO,0,27286,0,1361
42171,2022-12-25,SO,Somalia,EMRO,14,27300,0,1361
42172,2023-01-01,SO,Somalia,EMRO,10,27310,0,1361
42173,2023-01-08,SO,Somalia,EMRO,0,27310,0,1361
42174,2023-01-15,SO,Somalia,EMRO,0,27310,0,1361
42175,2023-01-22,SO,Somalia,EMRO,8,27318,0,1361
42176,2023-01-29,SO,Somalia,EMRO,0,27318,0,1361
42177,2023-02-05,SO,Somalia,EMRO,4,27322,0,1361
42178,2023-02-12,SO,Somalia,EMRO,0,27322,0,1361
42179,2023-02-19,SO,Somalia,EMRO,2,27324,0,1361
42180,2023-02-26,SO,Somalia,EMRO,0,27324,0,1361
42181,2023-03-05,SO,Somalia,EMRO,10,27334,0,1361
42182,2023-03-12,SO,Somalia,EMRO,0,27334,0,1361
42183,2023-03-19,SO,Somalia,EMRO,0,27334,0,1361
42184,2023-03-26,SO,Somalia,EMRO,0,27334,0,1361
42185,2023-04-02,SO,Somalia,EMRO,0,27334,0,1361
42186,2023-04-09,SO,Somalia,EMRO,0,27334,0,1361
42187,2023-04-16,SO,Somalia,EMRO,0,27334,0,1361
42188,2023-04-23,SO,Somalia,EMRO,0,27334,0,1361
42189,2023-04-30,SO,Somalia,EMRO,0,27334,0,1361
42190,2023-05-07,SO,Somalia,EMRO,0,27334,0,1361
42191,2023-05-14,SO,Somalia,EMRO,0,27334,0,1361
42192,2023-05-21,SO,Somalia,EMRO,0,27334,0,1361
42193,2023-05-28,SO,Somalia,EMRO,0,27334,0,1361
42194,2023-06-04,SO,Somalia,EMRO,0,27334,0,1361
42195,2023-06-11,SO,Somalia,EMRO,0,27334,0,1361
42196,2023-06-18,SO,Somalia,EMRO,0,27334,0,1361
42197,2023-06-25,SO,Somalia,EMRO,0,27334,0,1361
42198,2023-07-02,SO,Somalia,EMRO,0,27334,0,1361
42199,2023-07-09,SO,Somalia,EMRO,0,27334,0,1361
42200,2023-07-16,SO,Somalia,EMRO,0,27334,0,1361
42201,2023-07-23,SO,Somalia,EMRO,0,27334,0,1361
42202,2023-07-30,SO,Somalia,EMRO,0,27334,0,1361
42203,2023-08-06,SO,Somalia,EMRO,0,27334,0,1361
42204,2023-08-13,SO,Somalia,EMRO,0,27334,0,1361
42205,2023-08-20,SO,Somalia,EMRO,0,27334,0,1361
42206,2023-08-27,SO,Somalia,EMRO,0,27334,0,1361
42207,2023-09-03,SO,Somalia,EMRO,0,27334,0,1361
42208,2023-09-10,SO,Somalia,EMRO,0,27334,0,1361
42209,2023-09-17,SO,Somalia,EMRO,0,27334,0,1361
42210,2023-09-24,SO,Somalia,EMRO,0,27334,0,1361
42211,2023-10-01,SO,Somalia,EMRO,0,27334,0,1361
42212,2023-10-08,SO,Somalia,EMRO,0,27334,0,1361
42213,2023-10-15,SO,Somalia,EMRO,0,27334,0,1361
42214,2023-10-22,SO,Somalia,EMRO,0,27334,0,1361
42215,2023-10-29,SO,Somalia,EMRO,0,27334,0,1361
42216,2023-11-05,SO,Somalia,EMRO,0,27334,0,1361
42217,2023-11-12,SO,Somalia,EMRO,0,27334,0,1361
42218,2023-11-19,SO,Somalia,EMRO,0,27334,0,1361
42219,2023-11-26,SO,Somalia,EMRO,0,27334,0,1361
42220,2023-12-03,SO,Somalia,EMRO,0,27334,0,1361
42221,2023-12-10,SO,Somalia,EMRO,0,27334,0,1361
42222,2023-12-17,SO,Somalia,EMRO,0,27334,0,1361
42223,2023-12-24,SO,Somalia,EMRO,0,27334,0,1361
42224,2020-01-05,ZA,South Africa,AFRO,0,0,0,0
42225,2020-01-12,ZA,South Africa,AFRO,0,0,0,0
42226,2020-01-19,ZA,South Africa,AFRO,0,0,0,0
42227,2020-01-26,ZA,South Africa,AFRO,0,0,0,0
42228,2020-02-02,ZA,South Africa,AFRO,0,0,0,0
42229,2020-02-09,ZA,South Africa,AFRO,0,0,0,0
42230,2020-02-16,ZA,South Africa,AFRO,0,0,0,0
42231,2020-02-23,ZA,South Africa,AFRO,0,0,0,0
42232,2020-03-01,ZA,South Africa,AFRO,0,0,0,0
42233,2020-03-08,ZA,South Africa,AFRO,2,2,0,0
42234,2020-03-15,ZA,South Africa,AFRO,36,38,0,0
42235,2020-03-22,ZA,South Africa,AFRO,202,240,0,0
42236,2020-03-29,ZA,South Africa,AFRO,947,1187,1,1
42237,2020-04-05,ZA,South Africa,AFRO,398,1585,8,9
42238,2020-04-12,ZA,South Africa,AFRO,443,2028,19,28
42239,2020-04-19,ZA,South Africa,AFRO,1006,3034,24,52
42240,2020-04-26,ZA,South Africa,AFRO,1327,4361,34,86
42241,2020-05-03,ZA,South Africa,AFRO,1975,6336,37,123
42242,2020-05-10,ZA,South Africa,AFRO,3084,9420,63,186
42243,2020-05-17,ZA,South Africa,AFRO,4935,14355,75,261
42244,2020-05-24,ZA,South Africa,AFRO,6988,21343,146,407
42245,2020-05-31,ZA,South Africa,AFRO,9624,30967,236,643
42246,2020-06-07,ZA,South Africa,AFRO,15006,45973,1012,1655
42247,2020-06-14,ZA,South Africa,AFRO,19763,65736,792,2447
42248,2020-06-21,ZA,South Africa,AFRO,26945,92681,1007,3454
42249,2020-06-28,ZA,South Africa,AFRO,39119,131800,1184,4638
42250,2020-07-05,ZA,South Africa,AFRO,56177,187977,874,5512
42251,2020-07-12,ZA,South Africa,AFRO,76207,264184,945,6457
42252,2020-07-19,ZA,South Africa,AFRO,86695,350879,977,7434
42253,2020-07-26,ZA,South Africa,AFRO,83321,434200,1707,9141
42254,2020-08-02,ZA,South Africa,AFRO,69090,503290,1498,10639
42255,2020-08-09,ZA,South Africa,AFRO,49898,553188,2057,12696
42256,2020-08-16,ZA,South Africa,AFRO,30465,583653,1467,14163
42257,2020-08-23,ZA,South Africa,AFRO,23392,607045,1310,15473
42258,2020-08-30,ZA,South Africa,AFRO,15506,622551,994,16467
42259,2020-09-06,ZA,South Africa,AFRO,14333,636884,798,17265
42260,2020-09-13,ZA,South Africa,AFRO,11330,648214,648,17913
42261,2020-09-20,ZA,South Africa,AFRO,11442,659656,513,18426
42262,2020-09-27,ZA,South Africa,AFRO,9842,669498,436,18862
42263,2020-10-04,ZA,South Africa,AFRO,10218,679716,562,19424
42264,2020-10-11,ZA,South Africa,AFRO,11180,690896,620,20044
42265,2020-10-18,ZA,South Africa,AFRO,11235,702131,77,20121
42266,2020-10-25,ZA,South Africa,AFRO,12115,714246,220,20341
42267,2020-11-01,ZA,South Africa,AFRO,11206,725452,85,20426
42268,2020-11-08,ZA,South Africa,AFRO,10454,735906,72,20498
42269,2020-11-15,ZA,South Africa,AFRO,13276,749182,140,20638
42270,2020-11-22,ZA,South Africa,AFRO,16227,765409,207,20845
42271,2020-11-29,ZA,South Africa,AFRO,19730,785139,594,21439
42272,2020-12-06,ZA,South Africa,AFRO,25310,810449,628,22067
42273,2020-12-13,ZA,South Africa,AFRO,42516,852965,1039,23106
42274,2020-12-20,ZA,South Africa,AFRO,59512,912477,1433,24539
42275,2020-12-27,ZA,South Africa,AFRO,82434,994911,1982,26521
42276,2021-01-03,ZA,South Africa,AFRO,93978,1088889,2654,29175
42277,2021-01-10,ZA,South Africa,AFRO,125287,1214176,3649,32824
42278,2021-01-17,ZA,South Africa,AFRO,111483,1325659,4027,36851
42279,2021-01-24,ZA,South Africa,AFRO,79180,1404839,3723,40574
42280,2021-01-31,ZA,South Africa,AFRO,44397,1449236,3377,43951
42281,2021-02-07,ZA,South Africa,AFRO,24464,1473700,2229,46180
42282,2021-02-14,ZA,South Africa,AFRO,16363,1490063,1641,47821
42283,2021-02-21,ZA,South Africa,AFRO,12304,1502367,1119,48940
42284,2021-02-28,ZA,South Africa,AFRO,9858,1512225,1001,49941
42285,2021-03-07,ZA,South Africa,AFRO,7981,1520206,706,50647
42286,2021-03-14,ZA,South Africa,AFRO,8208,1528414,614,51261
42287,2021-03-21,ZA,South Africa,AFRO,8387,1536801,821,52082
42288,2021-03-28,ZA,South Africa,AFRO,7665,1544466,566,52648
42289,2021-04-04,ZA,South Africa,AFRO,7035,1551501,306,52954
42290,2021-04-11,ZA,South Africa,AFRO,6026,1557527,302,53256
42291,2021-04-18,ZA,South Africa,AFRO,8153,1565680,455,53711
42292,2021-04-25,ZA,South Africa,AFRO,8690,1574370,414,54125
42293,2021-05-02,ZA,South Africa,AFRO,8472,1582842,281,54406
42294,2021-05-09,ZA,South Africa,AFRO,11975,1594817,318,54724
42295,2021-05-16,ZA,South Africa,AFRO,16326,1611143,459,55183
42296,2021-05-23,ZA,South Africa,AFRO,21428,1632571,589,55772
42297,2021-05-30,ZA,South Africa,AFRO,26499,1659070,591,56363
42298,2021-06-06,ZA,South Africa,AFRO,32421,1691491,566,56929
42299,2021-06-13,ZA,South Africa,AFRO,47934,1739425,724,57653
42300,2021-06-20,ZA,South Africa,AFRO,70739,1810164,937,58590
42301,2021-06-27,ZA,South Africa,AFRO,103697,1913861,1188,59778
42302,2021-07-04,ZA,South Africa,AFRO,132450,2046311,1729,61507
42303,2021-07-11,ZA,South Africa,AFRO,132986,2179297,2631,64138
42304,2021-07-18,ZA,South Africa,AFRO,104583,2283880,2538,66676
42305,2021-07-25,ZA,South Africa,AFRO,84225,2368105,2812,69488
42306,2021-08-01,ZA,South Africa,AFRO,79349,2447454,2525,72013
42307,2021-08-08,ZA,South Africa,AFRO,76034,2523488,2610,74623
42308,2021-08-15,ZA,South Africa,AFRO,71959,2595447,2246,76869
42309,2021-08-22,ZA,South Africa,AFRO,84778,2680225,2382,79251
42310,2021-08-29,ZA,South Africa,AFRO,76966,2757191,2210,81461
42311,2021-09-05,ZA,South Africa,AFRO,56823,2814014,1882,83343
42312,2021-09-12,ZA,South Africa,AFRO,40220,2854234,1408,84751
42313,2021-09-19,ZA,South Africa,AFRO,26115,2880349,1365,86116
42314,2021-09-26,ZA,South Africa,AFRO,15627,2895976,885,87001
42315,2021-10-03,ZA,South Africa,AFRO,9637,2905613,752,87753
42316,2021-10-10,ZA,South Africa,AFRO,5884,2911497,539,88292
42317,2021-10-17,ZA,South Africa,AFRO,4682,2916179,295,88587
42318,2021-10-24,ZA,South Africa,AFRO,3153,2919332,327,88914
42319,2021-10-31,ZA,South Africa,AFRO,2554,2921886,249,89163
42320,2021-11-07,ZA,South Africa,AFRO,1865,2923751,156,89319
42321,2021-11-14,ZA,South Africa,AFRO,1926,2925677,157,89476
42322,2021-11-21,ZA,South Africa,AFRO,3498,2929175,96,89572
42323,2021-11-28,ZA,South Africa,AFRO,29373,2958548,219,89791
42324,2021-12-05,ZA,South Africa,AFRO,62021,3020569,174,89965
42325,2021-12-12,ZA,South Africa,AFRO,109053,3129622,151,90116
42326,2021-12-19,ZA,South Africa,AFRO,162987,3292609,229,90345
42327,2021-12-26,ZA,South Africa,AFRO,115328,3407937,428,90773
42328,2022-01-02,ZA,South Africa,AFRO,60142,3468079,425,91198
42329,2022-01-09,ZA,South Africa,AFRO,53433,3521512,1173,92371
42330,2022-01-16,ZA,South Africa,AFRO,35121,3556633,907,93278
42331,2022-01-23,ZA,South Africa,AFRO,22795,3579428,785,94063
42332,2022-01-30,ZA,South Africa,AFRO,22202,3601630,842,94905
42333,2022-02-06,ZA,South Africa,AFRO,20580,3622210,912,95817
42334,2022-02-13,ZA,South Africa,AFRO,17952,3640162,1168,96985
42335,2022-02-20,ZA,South Africa,AFRO,16929,3657091,1632,98617
42336,2022-02-27,ZA,South Africa,AFRO,14900,3671991,574,99191
42337,2022-03-06,ZA,South Africa,AFRO,11181,3683172,352,99543
42338,2022-03-13,ZA,South Africa,AFRO,10360,3693532,169,99712
42339,2022-03-20,ZA,South Africa,AFRO,9797,3703329,167,99879
42340,2022-03-27,ZA,South Africa,AFRO,8934,3712263,86,99965
42341,2022-04-03,ZA,South Africa,AFRO,9802,3722065,81,100046
42342,2022-04-10,ZA,South Africa,AFRO,9182,3731247,50,100096
42343,2022-04-17,ZA,South Africa,AFRO,9151,3740398,48,100144
42344,2022-04-24,ZA,South Africa,AFRO,19291,3759689,154,100298
42345,2022-05-01,ZA,South Africa,AFRO,32236,3791925,65,100363
42346,2022-05-08,ZA,South Africa,AFRO,43977,3835902,153,100516
42347,2022-05-15,ZA,South Africa,AFRO,51547,3887449,237,100753
42348,2022-05-22,ZA,South Africa,AFRO,39203,3926652,178,100931
42349,2022-05-29,ZA,South Africa,AFRO,25541,3952193,211,101142
42350,2022-06-05,ZA,South Africa,AFRO,14885,3967078,171,101313
42351,2022-06-12,ZA,South Africa,AFRO,10550,3977628,164,101477
42352,2022-06-19,ZA,South Africa,AFRO,7978,3985606,121,101598
42353,2022-06-26,ZA,South Africa,AFRO,6843,3992449,133,101731
42354,2022-07-03,ZA,South Africa,AFRO,2842,3995291,81,101812
42355,2022-07-10,ZA,South Africa,AFRO,1978,3997269,64,101876
42356,2022-07-17,ZA,South Africa,AFRO,2482,3999751,42,101918
42357,2022-07-24,ZA,South Africa,AFRO,2382,4002133,25,101943
42358,2022-07-31,ZA,South Africa,AFRO,2991,4005124,39,101982
42359,2022-08-07,ZA,South Africa,AFRO,1747,4006871,0,101982
42360,2022-08-14,ZA,South Africa,AFRO,1293,4008164,0,101982
42361,2022-08-21,ZA,South Africa,AFRO,1566,4009730,84,102066
42362,2022-08-28,ZA,South Africa,AFRO,1480,4011210,18,102084
42363,2022-09-04,ZA,South Africa,AFRO,1275,4012485,24,102108
42364,2022-09-11,ZA,South Africa,AFRO,1792,4014277,21,102129
42365,2022-09-18,ZA,South Africa,AFRO,1603,4015880,17,102146
42366,2022-09-25,ZA,South Africa,AFRO,1283,4017163,23,102169
42367,2022-10-02,ZA,South Africa,AFRO,1605,4018768,16,102185
42368,2022-10-09,ZA,South Africa,AFRO,2020,4020788,9,102194
42369,2022-10-16,ZA,South Africa,AFRO,2570,4023358,52,102246
42370,2022-10-23,ZA,South Africa,AFRO,2017,4025375,11,102257
42371,2022-10-30,ZA,South Africa,AFRO,2369,4027744,54,102311
42372,2022-11-06,ZA,South Africa,AFRO,1993,4029737,52,102363
42373,2022-11-13,ZA,South Africa,AFRO,3445,4033182,8,102371
42374,2022-11-20,ZA,South Africa,AFRO,4039,4037221,24,102395
42375,2022-11-27,ZA,South Africa,AFRO,3718,4040939,33,102428
42376,2022-12-04,ZA,South Africa,AFRO,1973,4042912,36,102464
42377,2022-12-11,ZA,South Africa,AFRO,0,4042912,86,102550
42378,2022-12-18,ZA,South Africa,AFRO,2350,4045262,18,102568
42379,2022-12-25,ZA,South Africa,AFRO,2970,4048232,0,102568
42380,2023-01-01,ZA,South Africa,AFRO,348,4048580,0,102568
42381,2023-01-08,ZA,South Africa,AFRO,1708,4050288,0,102568
42382,2023-01-15,ZA,South Africa,AFRO,1499,4051787,0,102568
42383,2023-01-22,ZA,South Africa,AFRO,2419,4054206,27,102595
42384,2023-01-29,ZA,South Africa,AFRO,1450,4055656,0,102595
42385,2023-02-05,ZA,South Africa,AFRO,1478,4057134,0,102595
42386,2023-02-12,ZA,South Africa,AFRO,1781,4058915,0,102595
42387,2023-02-19,ZA,South Africa,AFRO,1470,4060385,0,102595
42388,2023-02-26,ZA,South Africa,AFRO,1193,4061578,0,102595
42389,2023-03-05,ZA,South Africa,AFRO,4165,4065743,0,102595
42390,2023-03-12,ZA,South Africa,AFRO,2481,4068224,0,102595
42391,2023-03-19,ZA,South Africa,AFRO,2210,4070434,0,102595
42392,2023-03-26,ZA,South Africa,AFRO,2099,4072533,0,102595
42393,2023-04-02,ZA,South Africa,AFRO,0,4072533,0,102595
42394,2023-04-09,ZA,South Africa,AFRO,0,4072533,0,102595
42395,2023-04-16,ZA,South Africa,AFRO,0,4072533,0,102595
42396,2023-04-23,ZA,South Africa,AFRO,0,4072533,0,102595
42397,2023-04-30,ZA,South Africa,AFRO,0,4072533,0,102595
42398,2023-05-07,ZA,South Africa,AFRO,0,4072533,0,102595
42399,2023-05-14,ZA,South Africa,AFRO,0,4072533,0,102595
42400,2023-05-21,ZA,South Africa,AFRO,0,4072533,0,102595
42401,2023-05-28,ZA,South Africa,AFRO,0,4072533,0,102595
42402,2023-06-04,ZA,South Africa,AFRO,0,4072533,0,102595
42403,2023-06-11,ZA,South Africa,AFRO,0,4072533,0,102595
42404,2023-06-18,ZA,South Africa,AFRO,0,4072533,0,102595
42405,2023-06-25,ZA,South Africa,AFRO,0,4072533,0,102595
42406,2023-07-02,ZA,South Africa,AFRO,0,4072533,0,102595
42407,2023-07-09,ZA,South Africa,AFRO,0,4072533,0,102595
42408,2023-07-16,ZA,South Africa,AFRO,0,4072533,0,102595
42409,2023-07-23,ZA,South Africa,AFRO,0,4072533,0,102595
42410,2023-07-30,ZA,South Africa,AFRO,0,4072533,0,102595
42411,2023-08-06,ZA,South Africa,AFRO,0,4072533,0,102595
42412,2023-08-13,ZA,South Africa,AFRO,0,4072533,0,102595
42413,2023-08-20,ZA,South Africa,AFRO,0,4072533,0,102595
42414,2023-08-27,ZA,South Africa,AFRO,0,4072533,0,102595
42415,2023-09-03,ZA,South Africa,AFRO,0,4072533,0,102595
42416,2023-09-10,ZA,South Africa,AFRO,0,4072533,0,102595
42417,2023-09-17,ZA,South Africa,AFRO,0,4072533,0,102595
42418,2023-09-24,ZA,South Africa,AFRO,0,4072533,0,102595
42419,2023-10-01,ZA,South Africa,AFRO,0,4072533,0,102595
42420,2023-10-08,ZA,South Africa,AFRO,8,4072541,0,102595
42421,2023-10-15,ZA,South Africa,AFRO,20,4072561,0,102595
42422,2023-10-22,ZA,South Africa,AFRO,15,4072576,0,102595
42423,2023-10-29,ZA,South Africa,AFRO,5,4072581,0,102595
42424,2023-11-05,ZA,South Africa,AFRO,10,4072591,0,102595
42425,2023-11-12,ZA,South Africa,AFRO,12,4072603,0,102595
42426,2023-11-19,ZA,South Africa,AFRO,14,4072617,0,102595
42427,2023-11-26,ZA,South Africa,AFRO,12,4072629,0,102595
42428,2023-12-03,ZA,South Africa,AFRO,7,4072636,0,102595
42429,2023-12-10,ZA,South Africa,AFRO,0,4072636,0,102595
42430,2023-12-17,ZA,South Africa,AFRO,0,4072636,0,102595
42431,2023-12-24,ZA,South Africa,AFRO,0,4072636,0,102595
42432,2020-01-05,SS,South Sudan,AFRO,0,0,0,0
42433,2020-01-12,SS,South Sudan,AFRO,0,0,0,0
42434,2020-01-19,SS,South Sudan,AFRO,0,0,0,0
42435,2020-01-26,SS,South Sudan,AFRO,0,0,0,0
42436,2020-02-02,SS,South Sudan,AFRO,0,0,0,0
42437,2020-02-09,SS,South Sudan,AFRO,0,0,0,0
42438,2020-02-16,SS,South Sudan,AFRO,0,0,0,0
42439,2020-02-23,SS,South Sudan,AFRO,0,0,0,0
42440,2020-03-01,SS,South Sudan,AFRO,0,0,0,0
42441,2020-03-08,SS,South Sudan,AFRO,0,0,0,0
42442,2020-03-15,SS,South Sudan,AFRO,0,0,0,0
42443,2020-03-22,SS,South Sudan,AFRO,0,0,0,0
42444,2020-03-29,SS,South Sudan,AFRO,0,0,0,0
42445,2020-04-05,SS,South Sudan,AFRO,0,0,0,0
42446,2020-04-12,SS,South Sudan,AFRO,4,4,0,0
42447,2020-04-19,SS,South Sudan,AFRO,0,4,0,0
42448,2020-04-26,SS,South Sudan,AFRO,2,6,0,0
42449,2020-05-03,SS,South Sudan,AFRO,40,46,0,0
42450,2020-05-10,SS,South Sudan,AFRO,74,120,0,0
42451,2020-05-17,SS,South Sudan,AFRO,165,285,6,6
42452,2020-05-24,SS,South Sudan,AFRO,370,655,4,10
42453,2020-05-31,SS,South Sudan,AFRO,492,1147,4,14
42454,2020-06-07,SS,South Sudan,AFRO,326,1473,8,22
42455,2020-06-14,SS,South Sudan,AFRO,220,1693,7,29
42456,2020-06-21,SS,South Sudan,AFRO,189,1882,7,36
42457,2020-06-28,SS,South Sudan,AFRO,84,1966,2,38
42458,2020-07-05,SS,South Sudan,AFRO,99,2065,4,42
42459,2020-07-12,SS,South Sudan,AFRO,80,2145,1,43
42460,2020-07-19,SS,South Sudan,AFRO,55,2200,2,45
42461,2020-07-26,SS,South Sudan,AFRO,86,2286,2,47
42462,2020-08-02,SS,South Sudan,AFRO,143,2429,1,48
42463,2020-08-09,SS,South Sudan,AFRO,42,2471,1,49
42464,2020-08-16,SS,South Sudan,AFRO,18,2489,0,49
42465,2020-08-23,SS,South Sudan,AFRO,15,2504,0,49
42466,2020-08-30,SS,South Sudan,AFRO,21,2525,0,49
42467,2020-09-06,SS,South Sudan,AFRO,19,2544,1,50
42468,2020-09-13,SS,South Sudan,AFRO,40,2584,1,51
42469,2020-09-20,SS,South Sudan,AFRO,60,2644,0,51
42470,2020-09-27,SS,South Sudan,AFRO,48,2692,0,51
42471,2020-10-04,SS,South Sudan,AFRO,34,2726,1,52
42472,2020-10-11,SS,South Sudan,AFRO,61,2787,5,57
42473,2020-10-18,SS,South Sudan,AFRO,55,2842,0,57
42474,2020-10-25,SS,South Sudan,AFRO,41,2883,1,58
42475,2020-11-01,SS,South Sudan,AFRO,43,2926,3,61
42476,2020-11-08,SS,South Sudan,AFRO,34,2960,0,61
42477,2020-11-15,SS,South Sudan,AFRO,54,3014,0,61
42478,2020-11-22,SS,South Sudan,AFRO,70,3084,1,62
42479,2020-11-29,SS,South Sudan,AFRO,23,3107,0,62
42480,2020-12-06,SS,South Sudan,AFRO,67,3174,1,63
42481,2020-12-13,SS,South Sudan,AFRO,32,3206,0,63
42482,2020-12-20,SS,South Sudan,AFRO,25,3231,0,63
42483,2020-12-27,SS,South Sudan,AFRO,274,3505,0,63
42484,2021-01-03,SS,South Sudan,AFRO,71,3576,1,64
42485,2021-01-10,SS,South Sudan,AFRO,73,3649,0,64
42486,2021-01-17,SS,South Sudan,AFRO,93,3742,0,64
42487,2021-01-24,SS,South Sudan,AFRO,101,3843,1,65
42488,2021-01-31,SS,South Sudan,AFRO,194,4037,0,65
42489,2021-02-07,SS,South Sudan,AFRO,455,4492,2,67
42490,2021-02-14,SS,South Sudan,AFRO,921,5413,7,74
42491,2021-02-21,SS,South Sudan,AFRO,1171,6584,12,86
42492,2021-02-28,SS,South Sudan,AFRO,1353,7937,7,93
42493,2021-03-07,SS,South Sudan,AFRO,840,8777,9,102
42494,2021-03-14,SS,South Sudan,AFRO,724,9501,2,104
42495,2021-03-21,SS,South Sudan,AFRO,389,9890,2,106
42496,2021-03-28,SS,South Sudan,AFRO,208,10098,2,108
42497,2021-04-04,SS,South Sudan,AFRO,169,10267,5,113
42498,2021-04-11,SS,South Sudan,AFRO,105,10372,1,114
42499,2021-04-18,SS,South Sudan,AFRO,101,10473,0,114
42500,2021-04-25,SS,South Sudan,AFRO,60,10533,0,114
42501,2021-05-02,SS,South Sudan,AFRO,65,10598,1,115
42502,2021-05-09,SS,South Sudan,AFRO,39,10637,0,115
42503,2021-05-16,SS,South Sudan,AFRO,16,10653,0,115
42504,2021-05-23,SS,South Sudan,AFRO,17,10670,0,115
42505,2021-05-30,SS,South Sudan,AFRO,18,10688,0,115
42506,2021-06-06,SS,South Sudan,AFRO,0,10688,0,115
42507,2021-06-13,SS,South Sudan,AFRO,0,10688,0,115
42508,2021-06-20,SS,South Sudan,AFRO,98,10786,0,115
42509,2021-06-27,SS,South Sudan,AFRO,38,10824,1,116
42510,2021-07-04,SS,South Sudan,AFRO,52,10876,1,117
42511,2021-07-11,SS,South Sudan,AFRO,15,10891,0,117
42512,2021-07-18,SS,South Sudan,AFRO,26,10917,0,117
42513,2021-07-25,SS,South Sudan,AFRO,0,10917,0,117
42514,2021-08-01,SS,South Sudan,AFRO,146,11063,2,119
42515,2021-08-08,SS,South Sudan,AFRO,56,11119,1,120
42516,2021-08-15,SS,South Sudan,AFRO,61,11180,0,120
42517,2021-08-22,SS,South Sudan,AFRO,121,11301,0,120
42518,2021-08-29,SS,South Sudan,AFRO,116,11417,0,120
42519,2021-09-05,SS,South Sudan,AFRO,100,11517,0,120
42520,2021-09-12,SS,South Sudan,AFRO,93,11610,0,120
42521,2021-09-19,SS,South Sudan,AFRO,195,11805,1,121
42522,2021-09-26,SS,South Sudan,AFRO,131,11936,7,128
42523,2021-10-03,SS,South Sudan,AFRO,99,12035,2,130
42524,2021-10-10,SS,South Sudan,AFRO,79,12114,0,130
42525,2021-10-17,SS,South Sudan,AFRO,109,12223,0,130
42526,2021-10-24,SS,South Sudan,AFRO,70,12293,3,133
42527,2021-10-31,SS,South Sudan,AFRO,109,12402,0,133
42528,2021-11-07,SS,South Sudan,AFRO,88,12490,0,133
42529,2021-11-14,SS,South Sudan,AFRO,95,12585,0,133
42530,2021-11-21,SS,South Sudan,AFRO,90,12675,0,133
42531,2021-11-28,SS,South Sudan,AFRO,76,12751,0,133
42532,2021-12-05,SS,South Sudan,AFRO,68,12819,0,133
42533,2021-12-12,SS,South Sudan,AFRO,72,12891,0,133
42534,2021-12-19,SS,South Sudan,AFRO,568,13459,0,133
42535,2021-12-26,SS,South Sudan,AFRO,1351,14810,2,135
42536,2022-01-02,SS,South Sudan,AFRO,828,15638,1,136
42537,2022-01-09,SS,South Sudan,AFRO,572,16210,0,136
42538,2022-01-16,SS,South Sudan,AFRO,312,16522,0,136
42539,2022-01-23,SS,South Sudan,AFRO,171,16693,1,137
42540,2022-01-30,SS,South Sudan,AFRO,95,16788,0,137
42541,2022-02-06,SS,South Sudan,AFRO,61,16849,0,137
42542,2022-02-13,SS,South Sudan,AFRO,47,16896,0,137
42543,2022-02-20,SS,South Sudan,AFRO,34,16930,0,137
42544,2022-02-27,SS,South Sudan,AFRO,36,16966,0,137
42545,2022-03-06,SS,South Sudan,AFRO,45,17011,0,137
42546,2022-03-13,SS,South Sudan,AFRO,50,17061,1,138
42547,2022-03-20,SS,South Sudan,AFRO,68,17129,0,138
42548,2022-03-27,SS,South Sudan,AFRO,84,17213,0,138
42549,2022-04-03,SS,South Sudan,AFRO,73,17286,0,138
42550,2022-04-10,SS,South Sudan,AFRO,64,17350,0,138
42551,2022-04-17,SS,South Sudan,AFRO,52,17402,0,138
42552,2022-04-24,SS,South Sudan,AFRO,36,17438,0,138
42553,2022-05-01,SS,South Sudan,AFRO,41,17479,0,138
42554,2022-05-08,SS,South Sudan,AFRO,29,17508,0,138
42555,2022-05-15,SS,South Sudan,AFRO,39,17547,0,138
42556,2022-05-22,SS,South Sudan,AFRO,27,17574,0,138
42557,2022-05-29,SS,South Sudan,AFRO,16,17590,0,138
42558,2022-06-05,SS,South Sudan,AFRO,40,17630,0,138
42559,2022-06-12,SS,South Sudan,AFRO,18,17648,0,138
42560,2022-06-19,SS,South Sudan,AFRO,36,17684,0,138
42561,2022-06-26,SS,South Sudan,AFRO,25,17709,0,138
42562,2022-07-03,SS,South Sudan,AFRO,27,17736,0,138
42563,2022-07-10,SS,South Sudan,AFRO,18,17754,0,138
42564,2022-07-17,SS,South Sudan,AFRO,12,17766,0,138
42565,2022-07-24,SS,South Sudan,AFRO,13,17779,0,138
42566,2022-07-31,SS,South Sudan,AFRO,1,17780,0,138
42567,2022-08-07,SS,South Sudan,AFRO,0,17780,0,138
42568,2022-08-14,SS,South Sudan,AFRO,0,17780,0,138
42569,2022-08-21,SS,South Sudan,AFRO,0,17780,0,138
42570,2022-08-28,SS,South Sudan,AFRO,0,17780,0,138
42571,2022-09-04,SS,South Sudan,AFRO,0,17780,0,138
42572,2022-09-11,SS,South Sudan,AFRO,0,17780,0,138
42573,2022-09-18,SS,South Sudan,AFRO,280,18060,0,138
42574,2022-09-25,SS,South Sudan,AFRO,55,18115,0,138
42575,2022-10-02,SS,South Sudan,AFRO,0,18115,0,138
42576,2022-10-09,SS,South Sudan,AFRO,132,18247,0,138
42577,2022-10-16,SS,South Sudan,AFRO,14,18261,0,138
42578,2022-10-23,SS,South Sudan,AFRO,31,18292,0,138
42579,2022-10-30,SS,South Sudan,AFRO,21,18313,0,138
42580,2022-11-06,SS,South Sudan,AFRO,16,18329,0,138
42581,2022-11-13,SS,South Sudan,AFRO,12,18341,0,138
42582,2022-11-20,SS,South Sudan,AFRO,7,18348,0,138
42583,2022-11-27,SS,South Sudan,AFRO,2,18350,0,138
42584,2022-12-04,SS,South Sudan,AFRO,2,18352,0,138
42585,2022-12-11,SS,South Sudan,AFRO,16,18368,0,138
42586,2022-12-18,SS,South Sudan,AFRO,0,18368,0,138
42587,2022-12-25,SS,South Sudan,AFRO,0,18368,0,138
42588,2023-01-01,SS,South Sudan,AFRO,0,18368,0,138
42589,2023-01-08,SS,South Sudan,AFRO,0,18368,0,138
42590,2023-01-15,SS,South Sudan,AFRO,0,18368,0,138
42591,2023-01-22,SS,South Sudan,AFRO,0,18368,0,138
42592,2023-01-29,SS,South Sudan,AFRO,0,18368,0,138
42593,2023-02-05,SS,South Sudan,AFRO,0,18368,0,138
42594,2023-02-12,SS,South Sudan,AFRO,0,18368,0,138
42595,2023-02-19,SS,South Sudan,AFRO,0,18368,0,138
42596,2023-02-26,SS,South Sudan,AFRO,0,18368,0,138
42597,2023-03-05,SS,South Sudan,AFRO,0,18368,0,138
42598,2023-03-12,SS,South Sudan,AFRO,0,18368,0,138
42599,2023-03-19,SS,South Sudan,AFRO,0,18368,0,138
42600,2023-03-26,SS,South Sudan,AFRO,0,18368,0,138
42601,2023-04-02,SS,South Sudan,AFRO,0,18368,0,138
42602,2023-04-09,SS,South Sudan,AFRO,0,18368,0,138
42603,2023-04-16,SS,South Sudan,AFRO,0,18368,0,138
42604,2023-04-23,SS,South Sudan,AFRO,0,18368,0,138
42605,2023-04-30,SS,South Sudan,AFRO,0,18368,0,138
42606,2023-05-07,SS,South Sudan,AFRO,0,18368,0,138
42607,2023-05-14,SS,South Sudan,AFRO,0,18368,0,138
42608,2023-05-21,SS,South Sudan,AFRO,0,18368,0,138
42609,2023-05-28,SS,South Sudan,AFRO,0,18368,0,138
42610,2023-06-04,SS,South Sudan,AFRO,0,18368,0,138
42611,2023-06-11,SS,South Sudan,AFRO,0,18368,0,138
42612,2023-06-18,SS,South Sudan,AFRO,0,18368,0,138
42613,2023-06-25,SS,South Sudan,AFRO,0,18368,0,138
42614,2023-07-02,SS,South Sudan,AFRO,0,18368,0,138
42615,2023-07-09,SS,South Sudan,AFRO,0,18368,0,138
42616,2023-07-16,SS,South Sudan,AFRO,0,18368,0,138
42617,2023-07-23,SS,South Sudan,AFRO,0,18368,0,138
42618,2023-07-30,SS,South Sudan,AFRO,0,18368,0,138
42619,2023-08-06,SS,South Sudan,AFRO,0,18368,0,138
42620,2023-08-13,SS,South Sudan,AFRO,0,18368,0,138
42621,2023-08-20,SS,South Sudan,AFRO,0,18368,0,138
42622,2023-08-27,SS,South Sudan,AFRO,0,18368,0,138
42623,2023-09-03,SS,South Sudan,AFRO,0,18368,0,138
42624,2023-09-10,SS,South Sudan,AFRO,0,18368,0,138
42625,2023-09-17,SS,South Sudan,AFRO,0,18368,0,138
42626,2023-09-24,SS,South Sudan,AFRO,0,18368,0,138
42627,2023-10-01,SS,South Sudan,AFRO,0,18368,0,138
42628,2023-10-08,SS,South Sudan,AFRO,31,18399,9,147
42629,2023-10-15,SS,South Sudan,AFRO,137,18536,0,147
42630,2023-10-22,SS,South Sudan,AFRO,59,18595,0,147
42631,2023-10-29,SS,South Sudan,AFRO,101,18696,0,147
42632,2023-11-05,SS,South Sudan,AFRO,26,18722,0,147
42633,2023-11-12,SS,South Sudan,AFRO,36,18758,0,147
42634,2023-11-19,SS,South Sudan,AFRO,5,18763,0,147
42635,2023-11-26,SS,South Sudan,AFRO,2,18765,0,147
42636,2023-12-03,SS,South Sudan,AFRO,54,18819,0,147
42637,2023-12-10,SS,South Sudan,AFRO,0,18819,0,147
42638,2023-12-17,SS,South Sudan,AFRO,0,18819,0,147
42639,2023-12-24,SS,South Sudan,AFRO,0,18819,0,147
42640,2020-01-05,ES,Spain,EURO,0,0,0,0
42641,2020-01-12,ES,Spain,EURO,0,0,0,0
42642,2020-01-19,ES,Spain,EURO,2,2,0,0
42643,2020-01-26,ES,Spain,EURO,1,3,0,0
42644,2020-02-02,ES,Spain,EURO,2,5,0,0
42645,2020-02-09,ES,Spain,EURO,2,7,0,0
42646,2020-02-16,ES,Spain,EURO,4,11,1,1
42647,2020-02-23,ES,Spain,EURO,8,19,0,1
42648,2020-03-01,ES,Spain,EURO,129,148,0,1
42649,2020-03-08,ES,Spain,EURO,1423,1571,24,25
42650,2020-03-15,ES,Spain,EURO,11603,13174,457,482
42651,2020-03-22,ES,Spain,EURO,36346,49520,2432,2914
42652,2020-03-29,ES,Spain,EURO,59344,108864,5663,8577
42653,2020-04-05,ES,Spain,EURO,44403,153267,5841,14418
42654,2020-04-12,ES,Spain,EURO,30585,183852,4766,19184
42655,2020-04-19,ES,Spain,EURO,21250,205102,3576,22760
42656,2020-04-26,ES,Spain,EURO,14574,219676,2386,25146
42657,2020-05-03,ES,Spain,EURO,8099,227775,1551,26697
42658,2020-05-10,ES,Spain,EURO,5624,233399,1069,27766
42659,2020-05-17,ES,Spain,EURO,5398,238797,612,28378
42660,2020-05-24,ES,Spain,EURO,4394,243191,452,28830
42661,2020-05-31,ES,Spain,EURO,3818,247009,338,29168
42662,2020-06-07,ES,Spain,EURO,3029,250038,240,29408
42663,2020-06-14,ES,Spain,EURO,2360,252398,160,29568
42664,2020-06-21,ES,Spain,EURO,2209,254607,113,29681
42665,2020-06-28,ES,Spain,EURO,2353,256960,57,29738
42666,2020-07-05,ES,Spain,EURO,2806,259766,48,29786
42667,2020-07-12,ES,Spain,EURO,4866,264632,29,29815
42668,2020-07-19,ES,Spain,EURO,10235,274867,21,29836
42669,2020-07-26,ES,Spain,EURO,14507,289374,51,29887
42670,2020-08-02,ES,Spain,EURO,20321,309695,90,29977
42671,2020-08-09,ES,Spain,EURO,28301,337996,147,30124
42672,2020-08-16,ES,Spain,EURO,40123,378119,204,30328
42673,2020-08-23,ES,Spain,EURO,52062,430181,308,30636
42674,2020-08-30,ES,Spain,EURO,61080,491261,394,31030
42675,2020-09-06,ES,Spain,EURO,65500,556761,510,31540
42676,2020-09-13,ES,Spain,EURO,74073,630834,680,32220
42677,2020-09-20,ES,Spain,EURO,80808,711642,827,33047
42678,2020-09-27,ES,Spain,EURO,72474,784116,880,33927
42679,2020-10-04,ES,Spain,EURO,65133,849249,947,34874
42680,2020-10-11,ES,Spain,EURO,77797,927046,944,35818
42681,2020-10-18,ES,Spain,EURO,91151,1018197,1053,36871
42682,2020-10-25,ES,Spain,EURO,135288,1153485,1387,38258
42683,2020-11-01,ES,Spain,EURO,144877,1298362,1798,40056
42684,2020-11-08,ES,Spain,EURO,133375,1431737,2304,42360
42685,2020-11-15,ES,Spain,EURO,112091,1543828,2344,44704
42686,2020-11-22,ES,Spain,EURO,81232,1625060,2183,46887
42687,2020-11-29,ES,Spain,EURO,58537,1683597,1873,48760
42688,2020-12-06,ES,Spain,EURO,50703,1734300,1526,50286
42689,2020-12-13,ES,Spain,EURO,50685,1784985,1360,51646
42690,2020-12-20,ES,Spain,EURO,68392,1853377,1146,52792
42691,2020-12-27,ES,Spain,EURO,66172,1919549,1172,53964
42692,2021-01-03,ES,Spain,EURO,98951,2018500,1287,55251
42693,2021-01-10,ES,Spain,EURO,160591,2179091,1577,56828
42694,2021-01-17,ES,Spain,EURO,234083,2413174,2325,59153
42695,2021-01-24,ES,Spain,EURO,244667,2657841,3407,62560
42696,2021-01-31,ES,Spain,EURO,202047,2859888,3819,66379
42697,2021-02-07,ES,Spain,EURO,130543,2990431,3315,69694
42698,2021-02-14,ES,Spain,EURO,75699,3066130,2459,72153
42699,2021-02-21,ES,Spain,EURO,50400,3116530,1692,73845
42700,2021-02-28,ES,Spain,EURO,38936,3155466,1315,75160
42701,2021-03-07,ES,Spain,EURO,33692,3189158,927,76087
42702,2021-03-14,ES,Spain,EURO,32524,3221682,717,76804
42703,2021-03-21,ES,Spain,EURO,34096,3255778,592,77396
42704,2021-03-28,ES,Spain,EURO,42834,3298612,533,77929
42705,2021-04-04,ES,Spain,EURO,43342,3341954,538,78467
42706,2021-04-11,ES,Spain,EURO,60150,3402104,563,79030
42707,2021-04-18,ES,Spain,EURO,58926,3461030,570,79600
42708,2021-04-25,ES,Spain,EURO,57972,3519002,528,80128
42709,2021-05-02,ES,Spain,EURO,52880,3571882,453,80581
42710,2021-05-09,ES,Spain,EURO,41911,3613793,458,81039
42711,2021-05-16,ES,Spain,EURO,34703,3648496,363,81402
42712,2021-05-23,ES,Spain,EURO,32321,3680817,253,81655
42713,2021-05-30,ES,Spain,EURO,30781,3711598,191,81846
42714,2021-06-06,ES,Spain,EURO,28289,3739887,209,82055
42715,2021-06-13,ES,Spain,EURO,24345,3764232,145,82200
42716,2021-06-20,ES,Spain,EURO,23600,3787832,130,82330
42717,2021-06-27,ES,Spain,EURO,29773,3817605,113,82443
42718,2021-07-04,ES,Spain,EURO,78950,3896555,89,82532
42719,2021-07-11,ES,Spain,EURO,135337,4031892,89,82621
42720,2021-07-18,ES,Spain,EURO,176564,4208456,162,82783
42721,2021-07-25,ES,Spain,EURO,185713,4394169,397,83180
42722,2021-08-01,ES,Spain,EURO,157658,4551827,556,83736
42723,2021-08-08,ES,Spain,EURO,119244,4671071,710,84446
42724,2021-08-15,ES,Spain,EURO,90657,4761728,803,85249
42725,2021-08-22,ES,Spain,EURO,68431,4830159,713,85962
42726,2021-08-29,ES,Spain,EURO,51814,4881973,641,86603
42727,2021-09-05,ES,Spain,EURO,34174,4916147,562,87165
42728,2021-09-12,ES,Spain,EURO,23147,4939294,442,87607
42729,2021-09-19,ES,Spain,EURO,17787,4957081,373,87980
42730,2021-09-26,ES,Spain,EURO,14420,4971501,253,88233
42731,2021-10-03,ES,Spain,EURO,12085,4983586,192,88425
42732,2021-10-10,ES,Spain,EURO,10316,4993902,151,88576
42733,2021-10-17,ES,Spain,EURO,10582,5004484,129,88705
42734,2021-10-24,ES,Spain,EURO,12402,5016886,123,88828
42735,2021-10-31,ES,Spain,EURO,13400,5030286,106,88934
42736,2021-11-07,ES,Spain,EURO,16049,5046335,96,89030
42737,2021-11-14,ES,Spain,EURO,25438,5071773,161,89191
42738,2021-11-21,ES,Spain,EURO,40613,5112386,155,89346
42739,2021-11-28,ES,Spain,EURO,59198,5171584,194,89540
42740,2021-12-05,ES,Spain,EURO,89893,5261477,295,89835
42741,2021-12-12,ES,Spain,EURO,116016,5377493,355,90190
42742,2021-12-19,ES,Spain,EURO,231599,5609092,501,90691
42743,2021-12-26,ES,Spain,EURO,491046,6100138,584,91275
42744,2022-01-02,ES,Spain,EURO,793378,6893516,731,92006
42745,2022-01-09,ES,Spain,EURO,892500,7786016,1047,93053
42746,2022-01-16,ES,Spain,EURO,956506,8742522,1387,94440
42747,2022-01-23,ES,Spain,EURO,847389,9589911,1568,96008
42748,2022-01-30,ES,Spain,EURO,625727,10215638,1769,97777
42749,2022-02-06,ES,Spain,EURO,383768,10599406,1706,99483
42750,2022-02-13,ES,Spain,EURO,244929,10844335,1400,100883
42751,2022-02-20,ES,Spain,EURO,158925,11003260,943,101826
42752,2022-02-27,ES,Spain,EURO,117945,11121205,662,102488
42753,2022-03-06,ES,Spain,EURO,111287,11232492,528,103016
42754,2022-03-13,ES,Spain,EURO,110619,11343111,444,103460
42755,2022-03-20,ES,Spain,EURO,118670,11461781,373,103833
42756,2022-03-27,ES,Spain,EURO,123403,11585184,311,104144
42757,2022-04-03,ES,Spain,EURO,67059,11652243,313,104457
42758,2022-04-10,ES,Spain,EURO,72198,11724441,336,104793
42759,2022-04-17,ES,Spain,EURO,74154,11798595,385,105178
42760,2022-04-24,ES,Spain,EURO,102380,11900975,419,105597
42761,2022-05-01,ES,Spain,EURO,119043,12020018,417,106014
42762,2022-05-08,ES,Spain,EURO,120608,12140626,494,106508
42763,2022-05-15,ES,Spain,EURO,123129,12263755,552,107060
42764,2022-05-22,ES,Spain,EURO,100265,12364020,532,107592
42765,2022-05-29,ES,Spain,EURO,78838,12442858,454,108046
42766,2022-06-05,ES,Spain,EURO,77617,12520475,442,108488
42767,2022-06-12,ES,Spain,EURO,79575,12600050,427,108915
42768,2022-06-19,ES,Spain,EURO,95721,12695771,497,109412
42769,2022-06-26,ES,Spain,EURO,129495,12825266,525,109937
42770,2022-07-03,ES,Spain,EURO,159628,12984894,643,110580
42771,2022-07-10,ES,Spain,EURO,146154,13131048,853,111433
42772,2022-07-17,ES,Spain,EURO,101461,13232509,1104,112537
42773,2022-07-24,ES,Spain,EURO,68057,13300566,958,113495
42774,2022-07-31,ES,Spain,EURO,45541,13346107,788,114283
42775,2022-08-07,ES,Spain,EURO,32376,13378483,597,114880
42776,2022-08-14,ES,Spain,EURO,23157,13401640,498,115378
42777,2022-08-21,ES,Spain,EURO,17529,13419169,339,115717
42778,2022-08-28,ES,Spain,EURO,17231,13436400,305,116022
42779,2022-09-04,ES,Spain,EURO,15221,13451621,252,116274
42780,2022-09-11,ES,Spain,EURO,13517,13465138,171,116445
42781,2022-09-18,ES,Spain,EURO,15587,13480725,165,116610
42782,2022-09-25,ES,Spain,EURO,16469,13497194,107,116717
42783,2022-10-02,ES,Spain,EURO,17740,13514934,126,116843
42784,2022-10-09,ES,Spain,EURO,22273,13537207,150,116993
42785,2022-10-16,ES,Spain,EURO,21512,13558719,147,117140
42786,2022-10-23,ES,Spain,EURO,22259,13580978,179,117319
42787,2022-10-30,ES,Spain,EURO,20302,13601280,166,117485
42788,2022-11-06,ES,Spain,EURO,18527,13619807,142,117627
42789,2022-11-13,ES,Spain,EURO,20387,13640194,147,117774
42790,2022-11-20,ES,Spain,EURO,21950,13662144,163,117937
42791,2022-11-27,ES,Spain,EURO,19892,13682036,175,118112
42792,2022-12-04,ES,Spain,EURO,19294,13701330,183,118295
42793,2022-12-11,ES,Spain,EURO,16989,13718319,190,118485
42794,2022-12-18,ES,Spain,EURO,19638,13737957,241,118726
42795,2022-12-25,ES,Spain,EURO,17005,13754962,217,118943
42796,2023-01-01,ES,Spain,EURO,14823,13769785,210,119153
42797,2023-01-08,ES,Spain,EURO,12663,13782448,202,119355
42798,2023-01-15,ES,Spain,EURO,11960,13794408,178,119533
42799,2023-01-22,ES,Spain,EURO,7480,13801888,197,119730
42800,2023-01-29,ES,Spain,EURO,5787,13807675,136,119866
42801,2023-02-05,ES,Spain,EURO,5699,13813374,116,119982
42802,2023-02-12,ES,Spain,EURO,6074,13819448,103,120085
42803,2023-02-19,ES,Spain,EURO,6051,13825499,85,120170
42804,2023-02-26,ES,Spain,EURO,6455,13831954,91,120261
42805,2023-03-05,ES,Spain,EURO,6566,13838520,82,120343
42806,2023-03-12,ES,Spain,EURO,8286,13846806,97,120440
42807,2023-03-19,ES,Spain,EURO,7421,13854227,123,120563
42808,2023-03-26,ES,Spain,EURO,7577,13861804,95,120658
42809,2023-04-02,ES,Spain,EURO,7962,13869766,84,120742
42810,2023-04-09,ES,Spain,EURO,6617,13876383,86,120828
42811,2023-04-16,ES,Spain,EURO,10278,13886661,80,120908
42812,2023-04-23,ES,Spain,EURO,10867,13897528,112,121020
42813,2023-04-30,ES,Spain,EURO,11183,13908711,128,121148
42814,2023-05-07,ES,Spain,EURO,10603,13919314,98,121246
42815,2023-05-14,ES,Spain,EURO,11262,13930576,102,121348
42816,2023-05-21,ES,Spain,EURO,11023,13941599,100,121448
42817,2023-05-28,ES,Spain,EURO,11262,13952861,99,121547
42818,2023-06-04,ES,Spain,EURO,8917,13961778,98,121645
42819,2023-06-11,ES,Spain,EURO,6866,13968644,89,121734
42820,2023-06-18,ES,Spain,EURO,5430,13974074,65,121799
42821,2023-06-25,ES,Spain,EURO,4502,13978576,42,121841
42822,2023-07-02,ES,Spain,EURO,1764,13980340,11,121852
42823,2023-07-09,ES,Spain,EURO,0,13980340,0,121852
42824,2023-07-16,ES,Spain,EURO,0,13980340,0,121852
42825,2023-07-23,ES,Spain,EURO,0,13980340,0,121852
42826,2023-07-30,ES,Spain,EURO,0,13980340,0,121852
42827,2023-08-06,ES,Spain,EURO,0,13980340,0,121852
42828,2023-08-13,ES,Spain,EURO,0,13980340,0,121852
42829,2023-08-20,ES,Spain,EURO,0,13980340,0,121852
42830,2023-08-27,ES,Spain,EURO,0,13980340,0,121852
42831,2023-09-03,ES,Spain,EURO,0,13980340,0,121852
42832,2023-09-10,ES,Spain,EURO,0,13980340,0,121852
42833,2023-09-17,ES,Spain,EURO,0,13980340,0,121852
42834,2023-09-24,ES,Spain,EURO,0,13980340,0,121852
42835,2023-10-01,ES,Spain,EURO,0,13980340,0,121852
42836,2023-10-08,ES,Spain,EURO,0,13980340,0,121852
42837,2023-10-15,ES,Spain,EURO,0,13980340,0,121852
42838,2023-10-22,ES,Spain,EURO,0,13980340,0,121852
42839,2023-10-29,ES,Spain,EURO,0,13980340,0,121852
42840,2023-11-05,ES,Spain,EURO,0,13980340,0,121852
42841,2023-11-12,ES,Spain,EURO,0,13980340,0,121852
42842,2023-11-19,ES,Spain,EURO,0,13980340,0,121852
42843,2023-11-26,ES,Spain,EURO,0,13980340,0,121852
42844,2023-12-03,ES,Spain,EURO,0,13980340,0,121852
42845,2023-12-10,ES,Spain,EURO,0,13980340,0,121852
42846,2023-12-17,ES,Spain,EURO,0,13980340,0,121852
42847,2023-12-24,ES,Spain,EURO,0,13980340,0,121852
42848,2020-01-05,LK,Sri Lanka,SEARO,0,0,0,0
42849,2020-01-12,LK,Sri Lanka,SEARO,0,0,0,0
42850,2020-01-19,LK,Sri Lanka,SEARO,0,0,0,0
42851,2020-01-26,LK,Sri Lanka,SEARO,0,0,0,0
42852,2020-02-02,LK,Sri Lanka,SEARO,5,5,0,0
42853,2020-02-09,LK,Sri Lanka,SEARO,0,5,0,0
42854,2020-02-16,LK,Sri Lanka,SEARO,0,5,0,0
42855,2020-02-23,LK,Sri Lanka,SEARO,0,5,0,0
42856,2020-03-01,LK,Sri Lanka,SEARO,0,5,0,0
42857,2020-03-08,LK,Sri Lanka,SEARO,0,5,0,0
42858,2020-03-15,LK,Sri Lanka,SEARO,6,11,0,0
42859,2020-03-22,LK,Sri Lanka,SEARO,71,82,0,0
42860,2020-03-29,LK,Sri Lanka,SEARO,33,115,1,1
42861,2020-04-05,LK,Sri Lanka,SEARO,51,166,4,5
42862,2020-04-12,LK,Sri Lanka,SEARO,33,199,2,7
42863,2020-04-19,LK,Sri Lanka,SEARO,55,254,0,7
42864,2020-04-26,LK,Sri Lanka,SEARO,206,460,0,7
42865,2020-05-03,LK,Sri Lanka,SEARO,245,705,0,7
42866,2020-05-10,LK,Sri Lanka,SEARO,142,847,2,9
42867,2020-05-17,LK,Sri Lanka,SEARO,134,981,0,9
42868,2020-05-24,LK,Sri Lanka,SEARO,160,1141,0,9
42869,2020-05-31,LK,Sri Lanka,SEARO,492,1633,1,10
42870,2020-06-07,LK,Sri Lanka,SEARO,202,1835,1,11
42871,2020-06-14,LK,Sri Lanka,SEARO,54,1889,0,11
42872,2020-06-21,LK,Sri Lanka,SEARO,61,1950,0,11
42873,2020-06-28,LK,Sri Lanka,SEARO,87,2037,0,11
42874,2020-07-05,LK,Sri Lanka,SEARO,39,2076,0,11
42875,2020-07-12,LK,Sri Lanka,SEARO,541,2617,0,11
42876,2020-07-19,LK,Sri Lanka,SEARO,107,2724,0,11
42877,2020-07-26,LK,Sri Lanka,SEARO,58,2782,0,11
42878,2020-08-02,LK,Sri Lanka,SEARO,41,2823,0,11
42879,2020-08-09,LK,Sri Lanka,SEARO,21,2844,0,11
42880,2020-08-16,LK,Sri Lanka,SEARO,46,2890,0,11
42881,2020-08-23,LK,Sri Lanka,SEARO,57,2947,1,12
42882,2020-08-30,LK,Sri Lanka,SEARO,65,3012,0,12
42883,2020-09-06,LK,Sri Lanka,SEARO,111,3123,0,12
42884,2020-09-13,LK,Sri Lanka,SEARO,111,3234,0,12
42885,2020-09-20,LK,Sri Lanka,SEARO,53,3287,1,13
42886,2020-09-27,LK,Sri Lanka,SEARO,73,3360,0,13
42887,2020-10-04,LK,Sri Lanka,SEARO,42,3402,0,13
42888,2020-10-11,LK,Sri Lanka,SEARO,1350,4752,0,13
42889,2020-10-18,LK,Sri Lanka,SEARO,786,5538,0,13
42890,2020-10-25,LK,Sri Lanka,SEARO,2334,7872,2,15
42891,2020-11-01,LK,Sri Lanka,SEARO,3188,11060,6,21
42892,2020-11-08,LK,Sri Lanka,SEARO,2869,13929,14,35
42893,2020-11-15,LK,Sri Lanka,SEARO,3358,17287,23,58
42894,2020-11-22,LK,Sri Lanka,SEARO,2884,20171,29,87
42895,2020-11-29,LK,Sri Lanka,SEARO,3313,23484,29,116
42896,2020-12-06,LK,Sri Lanka,SEARO,4393,27877,24,140
42897,2020-12-13,LK,Sri Lanka,SEARO,4913,32790,12,152
42898,2020-12-20,LK,Sri Lanka,SEARO,4471,37261,24,176
42899,2020-12-27,LK,Sri Lanka,SEARO,3793,41054,15,191
42900,2021-01-03,LK,Sri Lanka,SEARO,3720,44774,22,213
42901,2021-01-10,LK,Sri Lanka,SEARO,3606,48380,19,232
42902,2021-01-17,LK,Sri Lanka,SEARO,4682,53062,32,264
42903,2021-01-24,LK,Sri Lanka,SEARO,5368,58430,19,283
42904,2021-01-31,LK,Sri Lanka,SEARO,5727,64157,33,316
42905,2021-02-07,LK,Sri Lanka,SEARO,5191,69348,40,356
42906,2021-02-14,LK,Sri Lanka,SEARO,6306,75654,41,397
42907,2021-02-21,LK,Sri Lanka,SEARO,4345,79999,48,445
42908,2021-02-28,LK,Sri Lanka,SEARO,3243,83242,26,471
42909,2021-03-07,LK,Sri Lanka,SEARO,2453,85695,31,502
42910,2021-03-14,LK,Sri Lanka,SEARO,2212,87907,25,527
42911,2021-03-21,LK,Sri Lanka,SEARO,2293,90200,19,546
42912,2021-03-28,LK,Sri Lanka,SEARO,1888,92088,15,561
42913,2021-04-04,LK,Sri Lanka,SEARO,1348,93436,20,581
42914,2021-04-11,LK,Sri Lanka,SEARO,1695,95131,17,598
42915,2021-04-18,LK,Sri Lanka,SEARO,1665,96796,20,618
42916,2021-04-25,LK,Sri Lanka,SEARO,4583,101379,24,642
42917,2021-05-02,LK,Sri Lanka,SEARO,10374,111753,45,687
42918,2021-05-09,LK,Sri Lanka,SEARO,14153,125906,114,801
42919,2021-05-16,LK,Sri Lanka,SEARO,16840,142746,161,962
42920,2021-05-23,LK,Sri Lanka,SEARO,21455,164201,248,1210
42921,2021-05-30,LK,Sri Lanka,SEARO,19251,183452,231,1441
42922,2021-06-06,LK,Sri Lanka,SEARO,21881,205333,301,1742
42923,2021-06-13,LK,Sri Lanka,SEARO,18305,223638,394,2136
42924,2021-06-20,LK,Sri Lanka,SEARO,16051,239689,388,2524
42925,2021-06-27,LK,Sri Lanka,SEARO,13929,253618,363,2887
42926,2021-07-04,LK,Sri Lanka,SEARO,12012,265630,292,3179
42927,2021-07-11,LK,Sri Lanka,SEARO,8908,274538,266,3445
42928,2021-07-18,LK,Sri Lanka,SEARO,10394,284932,277,3722
42929,2021-07-25,LK,Sri Lanka,SEARO,11584,296516,320,4042
42930,2021-08-01,LK,Sri Lanka,SEARO,14833,311349,409,4451
42931,2021-08-08,LK,Sri Lanka,SEARO,18645,329994,603,5054
42932,2021-08-15,LK,Sri Lanka,SEARO,24974,354968,985,6039
42933,2021-08-22,LK,Sri Lanka,SEARO,35032,390000,1327,7366
42934,2021-08-29,LK,Sri Lanka,SEARO,41519,431519,1409,8775
42935,2021-09-05,LK,Sri Lanka,SEARO,31248,462767,1365,10140
42936,2021-09-12,LK,Sri Lanka,SEARO,23155,485922,1156,11296
42937,2021-09-19,LK,Sri Lanka,SEARO,18569,504491,829,12125
42938,2021-09-26,LK,Sri Lanka,SEARO,9118,513609,555,12680
42939,2021-10-03,LK,Sri Lanka,SEARO,6823,520432,379,13059
42940,2021-10-10,LK,Sri Lanka,SEARO,5951,526383,272,13331
42941,2021-10-17,LK,Sri Lanka,SEARO,5265,531648,153,13484
42942,2021-10-24,LK,Sri Lanka,SEARO,4436,536084,127,13611
42943,2021-10-31,LK,Sri Lanka,SEARO,4989,541073,132,13743
42944,2021-11-07,LK,Sri Lanka,SEARO,4183,545256,113,13856
42945,2021-11-14,LK,Sri Lanka,SEARO,6286,551542,139,13995
42946,2021-11-21,LK,Sri Lanka,SEARO,5084,556626,132,14127
42947,2021-11-28,LK,Sri Lanka,SEARO,5894,562520,178,14305
42948,2021-12-05,LK,Sri Lanka,SEARO,5162,567682,156,14461
42949,2021-12-12,LK,Sri Lanka,SEARO,5220,572902,153,14614
42950,2021-12-19,LK,Sri Lanka,SEARO,6783,579685,138,14752
42951,2021-12-26,LK,Sri Lanka,SEARO,3964,583649,132,14884
42952,2022-01-02,LK,Sri Lanka,SEARO,4286,587935,135,15019
42953,2022-01-09,LK,Sri Lanka,SEARO,3732,591667,100,15119
42954,2022-01-16,LK,Sri Lanka,SEARO,4680,596347,92,15211
42955,2022-01-23,LK,Sri Lanka,SEARO,5539,601886,88,15299
42956,2022-01-30,LK,Sri Lanka,SEARO,8217,610103,121,15420
42957,2022-02-06,LK,Sri Lanka,SEARO,8417,618520,175,15595
42958,2022-02-13,LK,Sri Lanka,SEARO,9596,628116,213,15808
42959,2022-02-20,LK,Sri Lanka,SEARO,8721,636837,186,15994
42960,2022-02-27,LK,Sri Lanka,SEARO,8200,645037,196,16190
42961,2022-03-06,LK,Sri Lanka,SEARO,5103,650140,141,16331
42962,2022-03-13,LK,Sri Lanka,SEARO,5901,656041,66,16397
42963,2022-03-20,LK,Sri Lanka,SEARO,2156,658197,34,16431
42964,2022-03-27,LK,Sri Lanka,SEARO,2693,660890,28,16459
42965,2022-04-03,LK,Sri Lanka,SEARO,1101,661991,22,16481
42966,2022-04-10,LK,Sri Lanka,SEARO,601,662592,8,16489
42967,2022-04-17,LK,Sri Lanka,SEARO,272,662864,7,16496
42968,2022-04-24,LK,Sri Lanka,SEARO,296,663160,6,16502
42969,2022-05-01,LK,Sri Lanka,SEARO,213,663373,3,16505
42970,2022-05-08,LK,Sri Lanka,SEARO,188,663561,4,16509
42971,2022-05-15,LK,Sri Lanka,SEARO,110,663671,2,16511
42972,2022-05-22,LK,Sri Lanka,SEARO,87,663758,1,16512
42973,2022-05-29,LK,Sri Lanka,SEARO,58,663816,4,16516
42974,2022-06-05,LK,Sri Lanka,SEARO,53,663869,2,16518
42975,2022-06-12,LK,Sri Lanka,SEARO,81,663950,1,16519
42976,2022-06-19,LK,Sri Lanka,SEARO,47,663997,1,16520
42977,2022-06-26,LK,Sri Lanka,SEARO,83,664080,1,16521
42978,2022-07-03,LK,Sri Lanka,SEARO,87,664167,1,16522
42979,2022-07-10,LK,Sri Lanka,SEARO,106,664273,3,16525
42980,2022-07-17,LK,Sri Lanka,SEARO,175,664448,3,16528
42981,2022-07-24,LK,Sri Lanka,SEARO,452,664900,9,16537
42982,2022-07-31,LK,Sri Lanka,SEARO,839,665739,19,16556
42983,2022-08-07,LK,Sri Lanka,SEARO,1025,666764,30,16586
42984,2022-08-14,LK,Sri Lanka,SEARO,1248,668012,35,16621
42985,2022-08-21,LK,Sri Lanka,SEARO,1021,669033,33,16654
42986,2022-08-28,LK,Sri Lanka,SEARO,716,669749,33,16687
42987,2022-09-04,LK,Sri Lanka,SEARO,427,670176,24,16711
42988,2022-09-11,LK,Sri Lanka,SEARO,268,670444,17,16728
42989,2022-09-18,LK,Sri Lanka,SEARO,152,670596,19,16747
42990,2022-09-25,LK,Sri Lanka,SEARO,113,670709,8,16755
42991,2022-10-02,LK,Sri Lanka,SEARO,81,670790,7,16762
42992,2022-10-09,LK,Sri Lanka,SEARO,79,670869,6,16768
42993,2022-10-16,LK,Sri Lanka,SEARO,52,670921,1,16769
42994,2022-10-23,LK,Sri Lanka,SEARO,73,670994,5,16774
42995,2022-10-30,LK,Sri Lanka,SEARO,76,671070,5,16779
42996,2022-11-06,LK,Sri Lanka,SEARO,258,671328,3,16782
42997,2022-11-13,LK,Sri Lanka,SEARO,89,671417,2,16784
42998,2022-11-20,LK,Sri Lanka,SEARO,88,671505,7,16791
42999,2022-11-27,LK,Sri Lanka,SEARO,133,671638,9,16800
43000,2022-12-04,LK,Sri Lanka,SEARO,65,671703,5,16805
43001,2022-12-11,LK,Sri Lanka,SEARO,49,671752,3,16808
43002,2022-12-18,LK,Sri Lanka,SEARO,56,671808,6,16814
43003,2022-12-25,LK,Sri Lanka,SEARO,43,671851,1,16815
43004,2023-01-01,LK,Sri Lanka,SEARO,40,671891,2,16817
43005,2023-01-08,LK,Sri Lanka,SEARO,36,671927,1,16818
43006,2023-01-15,LK,Sri Lanka,SEARO,36,671963,5,16823
43007,2023-01-22,LK,Sri Lanka,SEARO,13,671976,2,16825
43008,2023-01-29,LK,Sri Lanka,SEARO,11,671987,2,16827
43009,2023-02-05,LK,Sri Lanka,SEARO,13,672000,1,16828
43010,2023-02-12,LK,Sri Lanka,SEARO,7,672007,0,16828
43011,2023-02-19,LK,Sri Lanka,SEARO,13,672020,1,16829
43012,2023-02-26,LK,Sri Lanka,SEARO,6,672026,1,16830
43013,2023-03-05,LK,Sri Lanka,SEARO,6,672032,0,16830
43014,2023-03-12,LK,Sri Lanka,SEARO,8,672040,0,16830
43015,2023-03-19,LK,Sri Lanka,SEARO,12,672052,1,16831
43016,2023-03-26,LK,Sri Lanka,SEARO,11,672063,2,16833
43017,2023-04-02,LK,Sri Lanka,SEARO,13,672076,1,16834
43018,2023-04-09,LK,Sri Lanka,SEARO,13,672089,0,16834
43019,2023-04-16,LK,Sri Lanka,SEARO,15,672104,1,16835
43020,2023-04-23,LK,Sri Lanka,SEARO,28,672132,3,16838
43021,2023-04-30,LK,Sri Lanka,SEARO,32,672164,4,16842
43022,2023-05-07,LK,Sri Lanka,SEARO,51,672215,5,16847
43023,2023-05-14,LK,Sri Lanka,SEARO,68,672283,8,16855
43024,2023-05-21,LK,Sri Lanka,SEARO,83,672366,10,16865
43025,2023-05-28,LK,Sri Lanka,SEARO,73,672439,5,16870
43026,2023-06-04,LK,Sri Lanka,SEARO,46,672485,5,16875
43027,2023-06-11,LK,Sri Lanka,SEARO,29,672514,1,16876
43028,2023-06-18,LK,Sri Lanka,SEARO,13,672527,1,16877
43029,2023-06-25,LK,Sri Lanka,SEARO,7,672534,0,16877
43030,2023-07-02,LK,Sri Lanka,SEARO,8,672542,2,16879
43031,2023-07-09,LK,Sri Lanka,SEARO,10,672552,1,16880
43032,2023-07-16,LK,Sri Lanka,SEARO,8,672560,0,16880
43033,2023-07-23,LK,Sri Lanka,SEARO,3,672563,0,16880
43034,2023-07-30,LK,Sri Lanka,SEARO,5,672568,0,16880
43035,2023-08-06,LK,Sri Lanka,SEARO,1,672569,2,16882
43036,2023-08-13,LK,Sri Lanka,SEARO,4,672573,0,16882
43037,2023-08-20,LK,Sri Lanka,SEARO,2,672575,0,16882
43038,2023-08-27,LK,Sri Lanka,SEARO,2,672577,0,16882
43039,2023-09-03,LK,Sri Lanka,SEARO,2,672579,0,16882
43040,2023-09-10,LK,Sri Lanka,SEARO,0,672579,0,16882
43041,2023-09-17,LK,Sri Lanka,SEARO,4,672583,0,16882
43042,2023-09-24,LK,Sri Lanka,SEARO,4,672587,0,16882
43043,2023-10-01,LK,Sri Lanka,SEARO,2,672589,0,16882
43044,2023-10-08,LK,Sri Lanka,SEARO,1,672590,0,16882
43045,2023-10-15,LK,Sri Lanka,SEARO,3,672593,0,16882
43046,2023-10-22,LK,Sri Lanka,SEARO,4,672597,0,16882
43047,2023-10-29,LK,Sri Lanka,SEARO,1,672598,1,16883
43048,2023-11-05,LK,Sri Lanka,SEARO,8,672606,0,16883
43049,2023-11-12,LK,Sri Lanka,SEARO,6,672612,2,16885
43050,2023-11-19,LK,Sri Lanka,SEARO,6,672618,0,16885
43051,2023-11-26,LK,Sri Lanka,SEARO,11,672629,1,16886
43052,2023-12-03,LK,Sri Lanka,SEARO,10,672639,0,16886
43053,2023-12-10,LK,Sri Lanka,SEARO,15,672654,0,16886
43054,2023-12-17,LK,Sri Lanka,SEARO,7,672661,0,16886
43055,2023-12-24,LK,Sri Lanka,SEARO,18,672679,2,16888
43056,2020-01-05,SD,Sudan,EMRO,0,0,0,0
43057,2020-01-12,SD,Sudan,EMRO,0,0,0,0
43058,2020-01-19,SD,Sudan,EMRO,0,0,0,0
43059,2020-01-26,SD,Sudan,EMRO,0,0,0,0
43060,2020-02-02,SD,Sudan,EMRO,0,0,0,0
43061,2020-02-09,SD,Sudan,EMRO,0,0,0,0
43062,2020-02-16,SD,Sudan,EMRO,0,0,0,0
43063,2020-02-23,SD,Sudan,EMRO,0,0,0,0
43064,2020-03-01,SD,Sudan,EMRO,0,0,0,0
43065,2020-03-08,SD,Sudan,EMRO,0,0,0,0
43066,2020-03-15,SD,Sudan,EMRO,1,1,1,1
43067,2020-03-22,SD,Sudan,EMRO,1,2,0,1
43068,2020-03-29,SD,Sudan,EMRO,3,5,0,1
43069,2020-04-05,SD,Sudan,EMRO,5,10,1,2
43070,2020-04-12,SD,Sudan,EMRO,9,19,0,2
43071,2020-04-19,SD,Sudan,EMRO,47,66,8,10
43072,2020-04-26,SD,Sudan,EMRO,147,213,7,17
43073,2020-05-03,SD,Sudan,EMRO,379,592,24,41
43074,2020-05-10,SD,Sudan,EMRO,572,1164,27,68
43075,2020-05-17,SD,Sudan,EMRO,1125,2289,33,101
43076,2020-05-24,SD,Sudan,EMRO,1345,3634,45,146
43077,2020-05-31,SD,Sudan,EMRO,1166,4800,116,262
43078,2020-06-07,SD,Sudan,EMRO,1281,6081,97,359
43079,2020-06-14,SD,Sudan,EMRO,926,7007,88,447
43080,2020-06-21,SD,Sudan,EMRO,1573,8580,74,521
43081,2020-06-28,SD,Sudan,EMRO,734,9314,55,576
43082,2020-07-05,SD,Sudan,EMRO,453,9767,32,608
43083,2020-07-12,SD,Sudan,EMRO,483,10250,42,650
43084,2020-07-19,SD,Sudan,EMRO,512,10762,30,680
43085,2020-07-26,SD,Sudan,EMRO,623,11385,37,717
43086,2020-08-02,SD,Sudan,EMRO,353,11738,35,752
43087,2020-08-09,SD,Sudan,EMRO,218,11956,29,781
43088,2020-08-16,SD,Sudan,EMRO,454,12410,22,803
43089,2020-08-23,SD,Sudan,EMRO,493,12903,15,818
43090,2020-08-30,SD,Sudan,EMRO,286,13189,5,823
43091,2020-09-06,SD,Sudan,EMRO,248,13437,10,833
43092,2020-09-13,SD,Sudan,EMRO,95,13532,3,836
43093,2020-09-20,SD,Sudan,EMRO,23,13555,0,836
43094,2020-09-27,SD,Sudan,EMRO,55,13610,0,836
43095,2020-10-04,SD,Sudan,EMRO,50,13660,0,836
43096,2020-10-11,SD,Sudan,EMRO,25,13685,0,836
43097,2020-10-18,SD,Sudan,EMRO,26,13711,0,836
43098,2020-10-25,SD,Sudan,EMRO,33,13744,1,837
43099,2020-11-01,SD,Sudan,EMRO,75,13819,0,837
43100,2020-11-08,SD,Sudan,EMRO,336,14155,279,1116
43101,2020-11-15,SD,Sudan,EMRO,573,14728,3,1119
43102,2020-11-22,SD,Sudan,EMRO,1459,16187,80,1199
43103,2020-11-29,SD,Sudan,EMRO,1623,17810,50,1249
43104,2020-12-06,SD,Sudan,EMRO,1937,19747,54,1303
43105,2020-12-13,SD,Sudan,EMRO,1844,21591,54,1357
43106,2020-12-20,SD,Sudan,EMRO,1509,23100,104,1461
43107,2020-12-27,SD,Sudan,EMRO,1594,24694,59,1520
43108,2021-01-03,SD,Sudan,EMRO,1345,26039,77,1597
43109,2021-01-10,SD,Sudan,EMRO,1455,27494,60,1657
43110,2021-01-17,SD,Sudan,EMRO,739,28233,50,1707
43111,2021-01-24,SD,Sudan,EMRO,637,28870,31,1738
43112,2021-01-31,SD,Sudan,EMRO,579,29449,69,1807
43113,2021-02-07,SD,Sudan,EMRO,316,29765,28,1835
43114,2021-02-14,SD,Sudan,EMRO,241,30006,18,1853
43115,2021-02-21,SD,Sudan,EMRO,199,30205,18,1871
43116,2021-02-28,SD,Sudan,EMRO,212,30417,19,1890
43117,2021-03-07,SD,Sudan,EMRO,220,30637,22,1912
43118,2021-03-14,SD,Sudan,EMRO,309,30946,41,1953
43119,2021-03-21,SD,Sudan,EMRO,336,31282,50,2003
43120,2021-03-28,SD,Sudan,EMRO,430,31712,57,2060
43121,2021-04-04,SD,Sudan,EMRO,619,32331,65,2125
43122,2021-04-11,SD,Sudan,EMRO,526,32857,60,2185
43123,2021-04-18,SD,Sudan,EMRO,558,33415,88,2273
43124,2021-04-25,SD,Sudan,EMRO,382,33797,60,2333
43125,2021-05-02,SD,Sudan,EMRO,664,34461,32,2365
43126,2021-05-09,SD,Sudan,EMRO,428,34889,81,2446
43127,2021-05-16,SD,Sudan,EMRO,0,34889,0,2446
43128,2021-05-23,SD,Sudan,EMRO,304,35193,148,2594
43129,2021-05-30,SD,Sudan,EMRO,302,35495,36,2630
43130,2021-06-06,SD,Sudan,EMRO,509,36004,67,2697
43131,2021-06-13,SD,Sudan,EMRO,300,36304,35,2732
43132,2021-06-20,SD,Sudan,EMRO,126,36430,8,2740
43133,2021-06-27,SD,Sudan,EMRO,190,36620,14,2754
43134,2021-07-04,SD,Sudan,EMRO,179,36799,6,2760
43135,2021-07-11,SD,Sudan,EMRO,160,36959,14,2774
43136,2021-07-18,SD,Sudan,EMRO,218,37177,3,2777
43137,2021-07-25,SD,Sudan,EMRO,122,37299,1,2778
43138,2021-08-01,SD,Sudan,EMRO,141,37440,2,2780
43139,2021-08-08,SD,Sudan,EMRO,75,37515,0,2780
43140,2021-08-15,SD,Sudan,EMRO,41,37556,0,2780
43141,2021-08-22,SD,Sudan,EMRO,84,37640,4,2784
43142,2021-08-29,SD,Sudan,EMRO,68,37708,7,2791
43143,2021-09-05,SD,Sudan,EMRO,165,37873,0,2791
43144,2021-09-12,SD,Sudan,EMRO,78,37951,38,2829
43145,2021-09-19,SD,Sudan,EMRO,90,38041,6,2835
43146,2021-09-26,SD,Sudan,EMRO,160,38201,6,2841
43147,2021-10-03,SD,Sudan,EMRO,144,38345,35,2876
43148,2021-10-10,SD,Sudan,EMRO,482,38827,77,2953
43149,2021-10-17,SD,Sudan,EMRO,1012,39839,26,2979
43150,2021-10-24,SD,Sudan,EMRO,594,40433,16,2995
43151,2021-10-31,SD,Sudan,EMRO,349,40782,48,3043
43152,2021-11-07,SD,Sudan,EMRO,219,41001,20,3063
43153,2021-11-14,SD,Sudan,EMRO,327,41328,24,3087
43154,2021-11-21,SD,Sudan,EMRO,466,41794,16,3103
43155,2021-11-28,SD,Sudan,EMRO,1032,42826,38,3141
43156,2021-12-05,SD,Sudan,EMRO,1249,44075,59,3200
43157,2021-12-12,SD,Sudan,EMRO,916,44991,52,3252
43158,2021-12-19,SD,Sudan,EMRO,910,45901,43,3295
43159,2021-12-26,SD,Sudan,EMRO,384,46285,3,3298
43160,2022-01-02,SD,Sudan,EMRO,905,47190,42,3340
43161,2022-01-09,SD,Sudan,EMRO,1416,48606,7,3347
43162,2022-01-16,SD,Sudan,EMRO,3724,52330,43,3390
43163,2022-01-23,SD,Sudan,EMRO,3499,55829,21,3411
43164,2022-01-30,SD,Sudan,EMRO,1803,57632,30,3441
43165,2022-02-06,SD,Sudan,EMRO,1660,59292,191,3632
43166,2022-02-13,SD,Sudan,EMRO,608,59900,187,3819
43167,2022-02-20,SD,Sudan,EMRO,1323,61223,73,3892
43168,2022-02-27,SD,Sudan,EMRO,235,61458,16,3908
43169,2022-03-06,SD,Sudan,EMRO,167,61625,957,4865
43170,2022-03-13,SD,Sudan,EMRO,88,61713,7,4872
43171,2022-03-20,SD,Sudan,EMRO,140,61853,26,4898
43172,2022-03-27,SD,Sudan,EMRO,76,61929,7,4905
43173,2022-04-03,SD,Sudan,EMRO,56,61985,2,4907
43174,2022-04-10,SD,Sudan,EMRO,67,62052,21,4928
43175,2022-04-17,SD,Sudan,EMRO,27,62079,1,4929
43176,2022-04-24,SD,Sudan,EMRO,36,62115,2,4931
43177,2022-05-01,SD,Sudan,EMRO,20,62135,2,4933
43178,2022-05-08,SD,Sudan,EMRO,26,62161,3,4936
43179,2022-05-15,SD,Sudan,EMRO,34,62195,0,4936
43180,2022-05-22,SD,Sudan,EMRO,45,62240,5,4941
43181,2022-05-29,SD,Sudan,EMRO,81,62321,0,4941
43182,2022-06-05,SD,Sudan,EMRO,106,62427,9,4950
43183,2022-06-12,SD,Sudan,EMRO,48,62475,0,4950
43184,2022-06-19,SD,Sudan,EMRO,58,62533,0,4950
43185,2022-06-26,SD,Sudan,EMRO,90,62623,1,4951
43186,2022-07-03,SD,Sudan,EMRO,81,62704,1,4952
43187,2022-07-10,SD,Sudan,EMRO,109,62813,3,4955
43188,2022-07-17,SD,Sudan,EMRO,61,62874,0,4955
43189,2022-07-24,SD,Sudan,EMRO,115,62989,2,4957
43190,2022-07-31,SD,Sudan,EMRO,85,63074,1,4958
43191,2022-08-07,SD,Sudan,EMRO,62,63136,3,4961
43192,2022-08-14,SD,Sudan,EMRO,30,63166,0,4961
43193,2022-08-21,SD,Sudan,EMRO,51,63217,0,4961
43194,2022-08-28,SD,Sudan,EMRO,21,63238,0,4961
43195,2022-09-04,SD,Sudan,EMRO,28,63266,0,4961
43196,2022-09-11,SD,Sudan,EMRO,13,63279,0,4961
43197,2022-09-18,SD,Sudan,EMRO,29,63308,1,4962
43198,2022-09-25,SD,Sudan,EMRO,11,63319,0,4962
43199,2022-10-02,SD,Sudan,EMRO,20,63339,0,4962
43200,2022-10-09,SD,Sudan,EMRO,5,63344,0,4962
43201,2022-10-16,SD,Sudan,EMRO,65,63409,1,4963
43202,2022-10-23,SD,Sudan,EMRO,37,63446,3,4966
43203,2022-10-30,SD,Sudan,EMRO,35,63481,6,4972
43204,2022-11-06,SD,Sudan,EMRO,77,63558,6,4978
43205,2022-11-13,SD,Sudan,EMRO,37,63595,3,4981
43206,2022-11-20,SD,Sudan,EMRO,30,63625,5,4986
43207,2022-11-27,SD,Sudan,EMRO,14,63639,5,4991
43208,2022-12-04,SD,Sudan,EMRO,16,63655,0,4991
43209,2022-12-11,SD,Sudan,EMRO,10,63665,1,4992
43210,2022-12-18,SD,Sudan,EMRO,12,63677,0,4992
43211,2022-12-25,SD,Sudan,EMRO,13,63690,2,4994
43212,2023-01-01,SD,Sudan,EMRO,12,63702,1,4995
43213,2023-01-08,SD,Sudan,EMRO,0,63702,0,4995
43214,2023-01-15,SD,Sudan,EMRO,15,63717,3,4998
43215,2023-01-22,SD,Sudan,EMRO,12,63729,3,5001
43216,2023-01-29,SD,Sudan,EMRO,13,63742,0,5001
43217,2023-02-05,SD,Sudan,EMRO,17,63759,7,5008
43218,2023-02-12,SD,Sudan,EMRO,16,63775,3,5011
43219,2023-02-19,SD,Sudan,EMRO,12,63787,0,5011
43220,2023-02-26,SD,Sudan,EMRO,22,63809,2,5013
43221,2023-03-05,SD,Sudan,EMRO,20,63829,4,5017
43222,2023-03-12,SD,Sudan,EMRO,24,63853,6,5023
43223,2023-03-19,SD,Sudan,EMRO,46,63899,3,5026
43224,2023-03-26,SD,Sudan,EMRO,23,63922,8,5034
43225,2023-04-02,SD,Sudan,EMRO,0,63922,0,5034
43226,2023-04-09,SD,Sudan,EMRO,0,63922,0,5034
43227,2023-04-16,SD,Sudan,EMRO,71,63993,12,5046
43228,2023-04-23,SD,Sudan,EMRO,0,63993,0,5046
43229,2023-04-30,SD,Sudan,EMRO,0,63993,0,5046
43230,2023-05-07,SD,Sudan,EMRO,0,63993,0,5046
43231,2023-05-14,SD,Sudan,EMRO,0,63993,0,5046
43232,2023-05-21,SD,Sudan,EMRO,0,63993,0,5046
43233,2023-05-28,SD,Sudan,EMRO,0,63993,0,5046
43234,2023-06-04,SD,Sudan,EMRO,0,63993,0,5046
43235,2023-06-11,SD,Sudan,EMRO,0,63993,0,5046
43236,2023-06-18,SD,Sudan,EMRO,0,63993,0,5046
43237,2023-06-25,SD,Sudan,EMRO,0,63993,0,5046
43238,2023-07-02,SD,Sudan,EMRO,0,63993,0,5046
43239,2023-07-09,SD,Sudan,EMRO,0,63993,0,5046
43240,2023-07-16,SD,Sudan,EMRO,0,63993,0,5046
43241,2023-07-23,SD,Sudan,EMRO,0,63993,0,5046
43242,2023-07-30,SD,Sudan,EMRO,0,63993,0,5046
43243,2023-08-06,SD,Sudan,EMRO,0,63993,0,5046
43244,2023-08-13,SD,Sudan,EMRO,0,63993,0,5046
43245,2023-08-20,SD,Sudan,EMRO,0,63993,0,5046
43246,2023-08-27,SD,Sudan,EMRO,0,63993,0,5046
43247,2023-09-03,SD,Sudan,EMRO,0,63993,0,5046
43248,2023-09-10,SD,Sudan,EMRO,0,63993,0,5046
43249,2023-09-17,SD,Sudan,EMRO,0,63993,0,5046
43250,2023-09-24,SD,Sudan,EMRO,0,63993,0,5046
43251,2023-10-01,SD,Sudan,EMRO,0,63993,0,5046
43252,2023-10-08,SD,Sudan,EMRO,0,63993,0,5046
43253,2023-10-15,SD,Sudan,EMRO,0,63993,0,5046
43254,2023-10-22,SD,Sudan,EMRO,0,63993,0,5046
43255,2023-10-29,SD,Sudan,EMRO,0,63993,0,5046
43256,2023-11-05,SD,Sudan,EMRO,0,63993,0,5046
43257,2023-11-12,SD,Sudan,EMRO,0,63993,0,5046
43258,2023-11-19,SD,Sudan,EMRO,0,63993,0,5046
43259,2023-11-26,SD,Sudan,EMRO,0,63993,0,5046
43260,2023-12-03,SD,Sudan,EMRO,0,63993,0,5046
43261,2023-12-10,SD,Sudan,EMRO,0,63993,0,5046
43262,2023-12-17,SD,Sudan,EMRO,0,63993,0,5046
43263,2023-12-24,SD,Sudan,EMRO,0,63993,0,5046
43264,2020-01-05,SR,Suriname,AMRO,0,0,0,0
43265,2020-01-12,SR,Suriname,AMRO,0,0,0,0
43266,2020-01-19,SR,Suriname,AMRO,0,0,0,0
43267,2020-01-26,SR,Suriname,AMRO,0,0,0,0
43268,2020-02-02,SR,Suriname,AMRO,0,0,0,0
43269,2020-02-09,SR,Suriname,AMRO,0,0,0,0
43270,2020-02-16,SR,Suriname,AMRO,0,0,0,0
43271,2020-02-23,SR,Suriname,AMRO,0,0,0,0
43272,2020-03-01,SR,Suriname,AMRO,0,0,0,0
43273,2020-03-08,SR,Suriname,AMRO,0,0,0,0
43274,2020-03-15,SR,Suriname,AMRO,1,1,0,0
43275,2020-03-22,SR,Suriname,AMRO,1,2,0,0
43276,2020-03-29,SR,Suriname,AMRO,6,8,0,0
43277,2020-04-05,SR,Suriname,AMRO,2,10,0,0
43278,2020-04-12,SR,Suriname,AMRO,0,10,1,1
43279,2020-04-19,SR,Suriname,AMRO,0,10,0,1
43280,2020-04-26,SR,Suriname,AMRO,0,10,0,1
43281,2020-05-03,SR,Suriname,AMRO,0,10,0,1
43282,2020-05-10,SR,Suriname,AMRO,0,10,0,1
43283,2020-05-17,SR,Suriname,AMRO,0,10,0,1
43284,2020-05-24,SR,Suriname,AMRO,1,11,0,1
43285,2020-05-31,SR,Suriname,AMRO,1,12,0,1
43286,2020-06-07,SR,Suriname,AMRO,78,90,0,1
43287,2020-06-14,SR,Suriname,AMRO,97,187,2,3
43288,2020-06-21,SR,Suriname,AMRO,106,293,5,8
43289,2020-06-28,SR,Suriname,AMRO,98,391,2,10
43290,2020-07-05,SR,Suriname,AMRO,174,565,4,14
43291,2020-07-12,SR,Suriname,AMRO,164,729,4,18
43292,2020-07-19,SR,Suriname,AMRO,214,943,1,19
43293,2020-07-26,SR,Suriname,AMRO,362,1305,4,23
43294,2020-08-02,SR,Suriname,AMRO,401,1706,3,26
43295,2020-08-09,SR,Suriname,AMRO,497,2203,3,29
43296,2020-08-16,SR,Suriname,AMRO,635,2838,12,41
43297,2020-08-23,SR,Suriname,AMRO,622,3460,15,56
43298,2020-08-30,SR,Suriname,AMRO,388,3848,10,66
43299,2020-09-06,SR,Suriname,AMRO,404,4252,9,75
43300,2020-09-13,SR,Suriname,AMRO,277,4529,18,93
43301,2020-09-20,SR,Suriname,AMRO,162,4691,3,96
43302,2020-09-27,SR,Suriname,AMRO,126,4817,6,102
43303,2020-10-04,SR,Suriname,AMRO,82,4899,3,105
43304,2020-10-11,SR,Suriname,AMRO,119,5018,1,106
43305,2020-10-18,SR,Suriname,AMRO,95,5113,3,109
43306,2020-10-25,SR,Suriname,AMRO,42,5155,0,109
43307,2020-11-01,SR,Suriname,AMRO,46,5201,2,111
43308,2020-11-08,SR,Suriname,AMRO,26,5227,1,112
43309,2020-11-15,SR,Suriname,AMRO,41,5268,2,114
43310,2020-11-22,SR,Suriname,AMRO,21,5289,2,116
43311,2020-11-29,SR,Suriname,AMRO,22,5311,1,117
43312,2020-12-06,SR,Suriname,AMRO,11,5322,0,117
43313,2020-12-13,SR,Suriname,AMRO,17,5339,0,117
43314,2020-12-20,SR,Suriname,AMRO,120,5459,0,117
43315,2020-12-27,SR,Suriname,AMRO,421,5880,2,119
43316,2021-01-03,SR,Suriname,AMRO,397,6277,4,123
43317,2021-01-10,SR,Suriname,AMRO,577,6854,8,131
43318,2021-01-17,SR,Suriname,AMRO,555,7409,8,139
43319,2021-01-24,SR,Suriname,AMRO,536,7945,9,148
43320,2021-01-31,SR,Suriname,AMRO,419,8364,6,154
43321,2021-02-07,SR,Suriname,AMRO,255,8619,4,158
43322,2021-02-14,SR,Suriname,AMRO,159,8778,8,166
43323,2021-02-21,SR,Suriname,AMRO,76,8854,2,168
43324,2021-02-28,SR,Suriname,AMRO,59,8913,2,170
43325,2021-03-07,SR,Suriname,AMRO,53,8966,5,175
43326,2021-03-14,SR,Suriname,AMRO,46,9012,1,176
43327,2021-03-21,SR,Suriname,AMRO,43,9055,0,176
43328,2021-03-28,SR,Suriname,AMRO,33,9088,1,177
43329,2021-04-04,SR,Suriname,AMRO,49,9137,0,177
43330,2021-04-11,SR,Suriname,AMRO,128,9265,1,178
43331,2021-04-18,SR,Suriname,AMRO,231,9496,9,187
43332,2021-04-25,SR,Suriname,AMRO,436,9932,6,193
43333,2021-05-02,SR,Suriname,AMRO,431,10363,11,204
43334,2021-05-09,SR,Suriname,AMRO,570,10933,10,214
43335,2021-05-16,SR,Suriname,AMRO,774,11707,9,223
43336,2021-05-23,SR,Suriname,AMRO,1035,12742,20,243
43337,2021-05-30,SR,Suriname,AMRO,1563,14305,39,282
43338,2021-06-06,SR,Suriname,AMRO,1704,16009,50,332
43339,2021-06-13,SR,Suriname,AMRO,1790,17799,58,390
43340,2021-06-20,SR,Suriname,AMRO,1777,19576,53,443
43341,2021-06-27,SR,Suriname,AMRO,1335,20911,51,494
43342,2021-07-04,SR,Suriname,AMRO,1152,22063,45,539
43343,2021-07-11,SR,Suriname,AMRO,1106,23169,29,568
43344,2021-07-18,SR,Suriname,AMRO,886,24055,39,607
43345,2021-07-25,SR,Suriname,AMRO,634,24689,20,627
43346,2021-08-01,SR,Suriname,AMRO,598,25287,18,645
43347,2021-08-08,SR,Suriname,AMRO,566,25853,14,659
43348,2021-08-15,SR,Suriname,AMRO,580,26433,17,676
43349,2021-08-22,SR,Suriname,AMRO,777,27210,20,696
43350,2021-08-29,SR,Suriname,AMRO,1252,28462,13,709
43351,2021-09-05,SR,Suriname,AMRO,1658,30120,24,733
43352,2021-09-12,SR,Suriname,AMRO,2644,32764,23,756
43353,2021-09-19,SR,Suriname,AMRO,3664,36428,40,796
43354,2021-09-26,SR,Suriname,AMRO,3181,39609,45,841
43355,2021-10-03,SR,Suriname,AMRO,2258,41867,52,893
43356,2021-10-10,SR,Suriname,AMRO,2169,44036,60,953
43357,2021-10-17,SR,Suriname,AMRO,2096,46132,54,1007
43358,2021-10-24,SR,Suriname,AMRO,1743,47875,47,1054
43359,2021-10-31,SR,Suriname,AMRO,1024,48899,28,1082
43360,2021-11-07,SR,Suriname,AMRO,605,49504,30,1112
43361,2021-11-14,SR,Suriname,AMRO,509,50013,21,1133
43362,2021-11-21,SR,Suriname,AMRO,397,50410,13,1146
43363,2021-11-28,SR,Suriname,AMRO,300,50710,16,1162
43364,2021-12-05,SR,Suriname,AMRO,250,50960,8,1170
43365,2021-12-12,SR,Suriname,AMRO,207,51167,6,1176
43366,2021-12-19,SR,Suriname,AMRO,217,51384,4,1180
43367,2021-12-26,SR,Suriname,AMRO,179,51563,6,1186
43368,2022-01-02,SR,Suriname,AMRO,883,52446,3,1189
43369,2022-01-09,SR,Suriname,AMRO,4346,56792,7,1196
43370,2022-01-16,SR,Suriname,AMRO,5942,62734,12,1208
43371,2022-01-23,SR,Suriname,AMRO,6541,69275,23,1231
43372,2022-01-30,SR,Suriname,AMRO,3668,72943,26,1257
43373,2022-02-06,SR,Suriname,AMRO,2309,75252,17,1274
43374,2022-02-13,SR,Suriname,AMRO,1624,76876,24,1298
43375,2022-02-20,SR,Suriname,AMRO,758,77634,11,1309
43376,2022-02-27,SR,Suriname,AMRO,436,78070,6,1315
43377,2022-03-06,SR,Suriname,AMRO,384,78454,2,1317
43378,2022-03-13,SR,Suriname,AMRO,286,78740,3,1320
43379,2022-03-20,SR,Suriname,AMRO,176,78916,3,1323
43380,2022-03-27,SR,Suriname,AMRO,217,79133,1,1324
43381,2022-04-03,SR,Suriname,AMRO,96,79229,1,1325
43382,2022-04-10,SR,Suriname,AMRO,12,79241,0,1325
43383,2022-04-17,SR,Suriname,AMRO,35,79276,0,1325
43384,2022-04-24,SR,Suriname,AMRO,26,79302,2,1327
43385,2022-05-01,SR,Suriname,AMRO,34,79336,1,1328
43386,2022-05-08,SR,Suriname,AMRO,57,79393,0,1328
43387,2022-05-15,SR,Suriname,AMRO,615,80008,9,1337
43388,2022-05-22,SR,Suriname,AMRO,232,80240,2,1339
43389,2022-05-29,SR,Suriname,AMRO,176,80416,2,1341
43390,2022-06-05,SR,Suriname,AMRO,131,80547,9,1350
43391,2022-06-12,SR,Suriname,AMRO,126,80673,2,1352
43392,2022-06-19,SR,Suriname,AMRO,93,80766,3,1355
43393,2022-06-26,SR,Suriname,AMRO,51,80817,4,1359
43394,2022-07-03,SR,Suriname,AMRO,47,80864,10,1369
43395,2022-07-10,SR,Suriname,AMRO,26,80890,7,1376
43396,2022-07-17,SR,Suriname,AMRO,29,80919,1,1377
43397,2022-07-24,SR,Suriname,AMRO,30,80949,2,1379
43398,2022-07-31,SR,Suriname,AMRO,17,80966,1,1380
43399,2022-08-07,SR,Suriname,AMRO,16,80982,0,1380
43400,2022-08-14,SR,Suriname,AMRO,6,80988,0,1380
43401,2022-08-21,SR,Suriname,AMRO,19,81007,2,1382
43402,2022-08-28,SR,Suriname,AMRO,15,81022,1,1383
43403,2022-09-04,SR,Suriname,AMRO,17,81039,0,1383
43404,2022-09-11,SR,Suriname,AMRO,18,81057,1,1384
43405,2022-09-18,SR,Suriname,AMRO,21,81078,0,1384
43406,2022-09-25,SR,Suriname,AMRO,21,81099,1,1385
43407,2022-10-02,SR,Suriname,AMRO,7,81106,0,1385
43408,2022-10-09,SR,Suriname,AMRO,8,81114,0,1385
43409,2022-10-16,SR,Suriname,AMRO,17,81131,0,1385
43410,2022-10-23,SR,Suriname,AMRO,27,81158,1,1386
43411,2022-10-30,SR,Suriname,AMRO,27,81185,4,1390
43412,2022-11-06,SR,Suriname,AMRO,43,81228,2,1392
43413,2022-11-13,SR,Suriname,AMRO,0,81228,0,1392
43414,2022-11-20,SR,Suriname,AMRO,0,81228,0,1392
43415,2022-11-27,SR,Suriname,AMRO,0,81228,0,1392
43416,2022-12-04,SR,Suriname,AMRO,353,81581,1,1393
43417,2022-12-11,SR,Suriname,AMRO,0,81581,0,1393
43418,2022-12-18,SR,Suriname,AMRO,0,81581,0,1393
43419,2022-12-25,SR,Suriname,AMRO,0,81581,0,1393
43420,2023-01-01,SR,Suriname,AMRO,0,81581,0,1393
43421,2023-01-08,SR,Suriname,AMRO,439,82020,5,1398
43422,2023-01-15,SR,Suriname,AMRO,0,82020,0,1398
43423,2023-01-22,SR,Suriname,AMRO,0,82020,0,1398
43424,2023-01-29,SR,Suriname,AMRO,0,82020,0,1398
43425,2023-02-05,SR,Suriname,AMRO,207,82227,2,1400
43426,2023-02-12,SR,Suriname,AMRO,0,82227,0,1400
43427,2023-02-19,SR,Suriname,AMRO,0,82227,0,1400
43428,2023-02-26,SR,Suriname,AMRO,0,82227,0,1400
43429,2023-03-05,SR,Suriname,AMRO,240,82467,4,1404
43430,2023-03-12,SR,Suriname,AMRO,0,82467,0,1404
43431,2023-03-19,SR,Suriname,AMRO,0,82467,0,1404
43432,2023-03-26,SR,Suriname,AMRO,0,82467,0,1404
43433,2023-04-02,SR,Suriname,AMRO,0,82467,0,1404
43434,2023-04-09,SR,Suriname,AMRO,28,82495,0,1404
43435,2023-04-16,SR,Suriname,AMRO,0,82495,0,1404
43436,2023-04-23,SR,Suriname,AMRO,0,82495,0,1404
43437,2023-04-30,SR,Suriname,AMRO,0,82495,0,1404
43438,2023-05-07,SR,Suriname,AMRO,0,82495,0,1404
43439,2023-05-14,SR,Suriname,AMRO,0,82495,0,1404
43440,2023-05-21,SR,Suriname,AMRO,0,82495,0,1404
43441,2023-05-28,SR,Suriname,AMRO,2,82497,0,1404
43442,2023-06-04,SR,Suriname,AMRO,1,82498,0,1404
43443,2023-06-11,SR,Suriname,AMRO,3,82501,0,1404
43444,2023-06-18,SR,Suriname,AMRO,1,82502,0,1404
43445,2023-06-25,SR,Suriname,AMRO,2,82504,0,1404
43446,2023-07-02,SR,Suriname,AMRO,0,82504,0,1404
43447,2023-07-09,SR,Suriname,AMRO,2,82506,0,1404
43448,2023-07-16,SR,Suriname,AMRO,0,82506,0,1404
43449,2023-07-23,SR,Suriname,AMRO,0,82506,0,1404
43450,2023-07-30,SR,Suriname,AMRO,0,82506,0,1404
43451,2023-08-06,SR,Suriname,AMRO,0,82506,0,1404
43452,2023-08-13,SR,Suriname,AMRO,0,82506,0,1404
43453,2023-08-20,SR,Suriname,AMRO,0,82506,0,1404
43454,2023-08-27,SR,Suriname,AMRO,0,82506,0,1404
43455,2023-09-03,SR,Suriname,AMRO,0,82506,0,1404
43456,2023-09-10,SR,Suriname,AMRO,0,82506,0,1404
43457,2023-09-17,SR,Suriname,AMRO,0,82506,0,1404
43458,2023-09-24,SR,Suriname,AMRO,0,82506,0,1404
43459,2023-10-01,SR,Suriname,AMRO,0,82506,0,1404
43460,2023-10-08,SR,Suriname,AMRO,0,82506,0,1404
43461,2023-10-15,SR,Suriname,AMRO,0,82506,0,1404
43462,2023-10-22,SR,Suriname,AMRO,0,82506,0,1404
43463,2023-10-29,SR,Suriname,AMRO,0,82506,0,1404
43464,2023-11-05,SR,Suriname,AMRO,0,82506,0,1404
43465,2023-11-12,SR,Suriname,AMRO,0,82506,0,1404
43466,2023-11-19,SR,Suriname,AMRO,0,82506,0,1404
43467,2023-11-26,SR,Suriname,AMRO,0,82506,0,1404
43468,2023-12-03,SR,Suriname,AMRO,0,82506,0,1404
43469,2023-12-10,SR,Suriname,AMRO,0,82506,0,1404
43470,2023-12-17,SR,Suriname,AMRO,0,82506,0,1404
43471,2023-12-24,SR,Suriname,AMRO,0,82506,0,1404
43472,2020-01-05,SE,Sweden,EURO,0,0,0,0
43473,2020-01-12,SE,Sweden,EURO,0,0,0,0
43474,2020-01-19,SE,Sweden,EURO,0,0,0,0
43475,2020-01-26,SE,Sweden,EURO,0,0,0,0
43476,2020-02-02,SE,Sweden,EURO,0,0,0,0
43477,2020-02-09,SE,Sweden,EURO,1,1,0,0
43478,2020-02-16,SE,Sweden,EURO,0,1,0,0
43479,2020-02-23,SE,Sweden,EURO,0,1,0,0
43480,2020-03-01,SE,Sweden,EURO,13,14,0,0
43481,2020-03-08,SE,Sweden,EURO,165,179,0,0
43482,2020-03-15,SE,Sweden,EURO,815,994,3,3
43483,2020-03-22,SE,Sweden,EURO,875,1869,35,38
43484,2020-03-29,SE,Sweden,EURO,1795,3664,163,201
43485,2020-04-05,SE,Sweden,EURO,3169,6833,404,605
43486,2020-04-12,SE,Sweden,EURO,3616,10449,652,1257
43487,2020-04-19,SE,Sweden,EURO,3828,14277,667,1924
43488,2020-04-26,SE,Sweden,EURO,4291,18568,559,2483
43489,2020-05-03,SE,Sweden,EURO,3871,22439,542,3025
43490,2020-05-10,SE,Sweden,EURO,4135,26574,511,3536
43491,2020-05-17,SE,Sweden,EURO,3889,30463,401,3937
43492,2020-05-24,SE,Sweden,EURO,3708,34171,368,4305
43493,2020-05-31,SE,Sweden,EURO,4225,38396,270,4575
43494,2020-06-07,SE,Sweden,EURO,5824,44220,259,4834
43495,2020-06-14,SE,Sweden,EURO,7167,51387,240,5074
43496,2020-06-21,SE,Sweden,EURO,7170,58557,205,5279
43497,2020-06-28,SE,Sweden,EURO,7361,65918,137,5416
43498,2020-07-05,SE,Sweden,EURO,4379,70297,112,5528
43499,2020-07-12,SE,Sweden,EURO,2388,72685,85,5613
43500,2020-07-19,SE,Sweden,EURO,1618,74303,58,5671
43501,2020-07-26,SE,Sweden,EURO,1384,75687,35,5706
43502,2020-08-02,SE,Sweden,EURO,1560,77247,17,5723
43503,2020-08-09,SE,Sweden,EURO,1979,79226,17,5740
43504,2020-08-16,SE,Sweden,EURO,2062,81288,20,5760
43505,2020-08-23,SE,Sweden,EURO,1693,82981,16,5776
43506,2020-08-30,SE,Sweden,EURO,1209,84190,10,5786
43507,2020-09-06,SE,Sweden,EURO,1313,85503,12,5798
43508,2020-09-13,SE,Sweden,EURO,1553,87056,14,5812
43509,2020-09-20,SE,Sweden,EURO,2053,89109,10,5822
43510,2020-09-27,SE,Sweden,EURO,2885,91994,14,5836
43511,2020-10-04,SE,Sweden,EURO,3653,95647,15,5851
43512,2020-10-11,SE,Sweden,EURO,4273,99920,23,5874
43513,2020-10-18,SE,Sweden,EURO,5460,105380,17,5891
43514,2020-10-25,SE,Sweden,EURO,8962,114342,36,5927
43515,2020-11-01,SE,Sweden,EURO,17691,132033,68,5995
43516,2020-11-08,SE,Sweden,EURO,24605,156638,157,6152
43517,2020-11-15,SE,Sweden,EURO,31835,188473,218,6370
43518,2020-11-22,SE,Sweden,EURO,31103,219576,312,6682
43519,2020-11-29,SE,Sweden,EURO,35229,254805,426,7108
43520,2020-12-06,SE,Sweden,EURO,37787,292592,445,7553
43521,2020-12-13,SE,Sweden,EURO,42377,334969,510,8063
43522,2020-12-20,SE,Sweden,EURO,45482,380451,622,8685
43523,2020-12-27,SE,Sweden,EURO,37678,418129,638,9323
43524,2021-01-03,SE,Sweden,EURO,41777,459906,679,10002
43525,2021-01-10,SE,Sweden,EURO,39883,499789,635,10637
43526,2021-01-17,SE,Sweden,EURO,30002,529791,629,11266
43527,2021-01-24,SE,Sweden,EURO,23325,553116,523,11789
43528,2021-01-31,SE,Sweden,EURO,20638,573754,401,12190
43529,2021-02-07,SE,Sweden,EURO,19755,593509,279,12469
43530,2021-02-14,SE,Sweden,EURO,21083,614592,206,12675
43531,2021-02-21,SE,Sweden,EURO,23225,637817,179,12854
43532,2021-02-28,SE,Sweden,EURO,27037,664854,142,12996
43533,2021-03-07,SE,Sweden,EURO,27531,692385,137,13133
43534,2021-03-14,SE,Sweden,EURO,28966,721351,136,13269
43535,2021-03-21,SE,Sweden,EURO,32493,753844,131,13400
43536,2021-03-28,SE,Sweden,EURO,37479,791323,127,13527
43537,2021-04-04,SE,Sweden,EURO,38914,830237,145,13672
43538,2021-04-11,SE,Sweden,EURO,40200,870437,130,13802
43539,2021-04-18,SE,Sweden,EURO,40911,911348,142,13944
43540,2021-04-25,SE,Sweden,EURO,36788,948136,127,14071
43541,2021-05-02,SE,Sweden,EURO,35344,983480,123,14194
43542,2021-05-09,SE,Sweden,EURO,33738,1017218,103,14297
43543,2021-05-16,SE,Sweden,EURO,26165,1043383,114,14411
43544,2021-05-23,SE,Sweden,EURO,18960,1062343,72,14483
43545,2021-05-30,SE,Sweden,EURO,6645,1068988,50,14533
43546,2021-06-06,SE,Sweden,EURO,10821,1079809,44,14577
43547,2021-06-13,SE,Sweden,EURO,4459,1084268,25,14602
43548,2021-06-20,SE,Sweden,EURO,3006,1087274,14,14616
43549,2021-06-27,SE,Sweden,EURO,1976,1089250,12,14628
43550,2021-07-04,SE,Sweden,EURO,1877,1091127,8,14636
43551,2021-07-11,SE,Sweden,EURO,1516,1092643,2,14638
43552,2021-07-18,SE,Sweden,EURO,1877,1094520,3,14641
43553,2021-07-25,SE,Sweden,EURO,2665,1097185,3,14644
43554,2021-08-01,SE,Sweden,EURO,3462,1100647,4,14648
43555,2021-08-08,SE,Sweden,EURO,4609,1105256,5,14653
43556,2021-08-15,SE,Sweden,EURO,5812,1111068,8,14661
43557,2021-08-22,SE,Sweden,EURO,6471,1117539,10,14671
43558,2021-08-29,SE,Sweden,EURO,6686,1124225,17,14688
43559,2021-09-05,SE,Sweden,EURO,7235,1131460,24,14712
43560,2021-09-12,SE,Sweden,EURO,7984,1139444,47,14759
43561,2021-09-19,SE,Sweden,EURO,6268,1145712,54,14813
43562,2021-09-26,SE,Sweden,EURO,4304,1150016,44,14857
43563,2021-10-03,SE,Sweden,EURO,4244,1154260,36,14893
43564,2021-10-10,SE,Sweden,EURO,4132,1158392,53,14946
43565,2021-10-17,SE,Sweden,EURO,4083,1162475,32,14978
43566,2021-10-24,SE,Sweden,EURO,4884,1167359,27,15005
43567,2021-10-31,SE,Sweden,EURO,5933,1173292,27,15032
43568,2021-11-07,SE,Sweden,EURO,5088,1178380,34,15066
43569,2021-11-14,SE,Sweden,EURO,5792,1184172,31,15097
43570,2021-11-21,SE,Sweden,EURO,6931,1191103,30,15127
43571,2021-11-28,SE,Sweden,EURO,11523,1202626,16,15143
43572,2021-12-05,SE,Sweden,EURO,13760,1216386,25,15168
43573,2021-12-12,SE,Sweden,EURO,18112,1234498,41,15209
43574,2021-12-19,SE,Sweden,EURO,23958,1258456,46,15255
43575,2021-12-26,SE,Sweden,EURO,28152,1286608,47,15302
43576,2022-01-02,SE,Sweden,EURO,55443,1342051,63,15365
43577,2022-01-09,SE,Sweden,EURO,114584,1456635,126,15491
43578,2022-01-16,SE,Sweden,EURO,159272,1615907,153,15644
43579,2022-01-23,SE,Sweden,EURO,247473,1863380,247,15891
43580,2022-01-30,SE,Sweden,EURO,281038,2144418,296,16187
43581,2022-02-06,SE,Sweden,EURO,190729,2335147,351,16538
43582,2022-02-13,SE,Sweden,EURO,71262,2406409,331,16869
43583,2022-02-20,SE,Sweden,EURO,22263,2428672,373,17242
43584,2022-02-27,SE,Sweden,EURO,17695,2446367,322,17564
43585,2022-03-06,SE,Sweden,EURO,13503,2459870,271,17835
43586,2022-03-13,SE,Sweden,EURO,10035,2469905,207,18042
43587,2022-03-20,SE,Sweden,EURO,8568,2478473,208,18250
43588,2022-03-27,SE,Sweden,EURO,7138,2485611,164,18414
43589,2022-04-03,SE,Sweden,EURO,5017,2490628,118,18532
43590,2022-04-10,SE,Sweden,EURO,4089,2494717,121,18653
43591,2022-04-17,SE,Sweden,EURO,3147,2497864,77,18730
43592,2022-04-24,SE,Sweden,EURO,2568,2500432,75,18805
43593,2022-05-01,SE,Sweden,EURO,2302,2502734,51,18856
43594,2022-05-08,SE,Sweden,EURO,1972,2504706,50,18906
43595,2022-05-15,SE,Sweden,EURO,1643,2506349,42,18948
43596,2022-05-22,SE,Sweden,EURO,1830,2508179,46,18994
43597,2022-05-29,SE,Sweden,EURO,1324,2509503,27,19021
43598,2022-06-05,SE,Sweden,EURO,1256,2510759,26,19047
43599,2022-06-12,SE,Sweden,EURO,1865,2512624,21,19068
43600,2022-06-19,SE,Sweden,EURO,2103,2514727,29,19097
43601,2022-06-26,SE,Sweden,EURO,3091,2517818,32,19129
43602,2022-07-03,SE,Sweden,EURO,4074,2521892,38,19167
43603,2022-07-10,SE,Sweden,EURO,4171,2526063,61,19228
43604,2022-07-17,SE,Sweden,EURO,5417,2531480,59,19287
43605,2022-07-24,SE,Sweden,EURO,5974,2537454,110,19397
43606,2022-07-31,SE,Sweden,EURO,5709,2543163,96,19493
43607,2022-08-07,SE,Sweden,EURO,6223,2549386,113,19606
43608,2022-08-14,SE,Sweden,EURO,6644,2556030,115,19721
43609,2022-08-21,SE,Sweden,EURO,6640,2562670,135,19856
43610,2022-08-28,SE,Sweden,EURO,5067,2567737,93,19949
43611,2022-09-04,SE,Sweden,EURO,4770,2572507,98,20047
43612,2022-09-11,SE,Sweden,EURO,5077,2577584,82,20129
43613,2022-09-18,SE,Sweden,EURO,5055,2582639,95,20224
43614,2022-09-25,SE,Sweden,EURO,4963,2587602,96,20320
43615,2022-10-02,SE,Sweden,EURO,13579,2601181,97,20417
43616,2022-10-09,SE,Sweden,EURO,3965,2605146,98,20515
43617,2022-10-16,SE,Sweden,EURO,3427,2608573,91,20606
43618,2022-10-23,SE,Sweden,EURO,3297,2611870,91,20697
43619,2022-10-30,SE,Sweden,EURO,3482,2615352,89,20786
43620,2022-11-06,SE,Sweden,EURO,3412,2618764,69,20855
43621,2022-11-13,SE,Sweden,EURO,3759,2622523,94,20949
43622,2022-11-20,SE,Sweden,EURO,3632,2626155,87,21036
43623,2022-11-27,SE,Sweden,EURO,4231,2630386,93,21129
43624,2022-12-04,SE,Sweden,EURO,6562,2636948,108,21237
43625,2022-12-11,SE,Sweden,EURO,9637,2646585,158,21395
43626,2022-12-18,SE,Sweden,EURO,12616,2659201,247,21642
43627,2022-12-25,SE,Sweden,EURO,12680,2671881,361,22003
43628,2023-01-01,SE,Sweden,EURO,9197,2681078,370,22373
43629,2023-01-08,SE,Sweden,EURO,5953,2687031,403,22776
43630,2023-01-15,SE,Sweden,EURO,3815,2690846,302,23078
43631,2023-01-22,SE,Sweden,EURO,2002,2692848,230,23308
43632,2023-01-29,SE,Sweden,EURO,1411,2694259,145,23453
43633,2023-02-05,SE,Sweden,EURO,1339,2695598,97,23550
43634,2023-02-12,SE,Sweden,EURO,1066,2696664,70,23620
43635,2023-02-19,SE,Sweden,EURO,823,2697487,50,23670
43636,2023-02-26,SE,Sweden,EURO,642,2698129,38,23708
43637,2023-03-05,SE,Sweden,EURO,710,2698839,51,23759
43638,2023-03-12,SE,Sweden,EURO,858,2699697,29,23788
43639,2023-03-19,SE,Sweden,EURO,878,2700575,33,23821
43640,2023-03-26,SE,Sweden,EURO,64,2700639,4,23825
43641,2023-04-02,SE,Sweden,EURO,1048,2701687,54,23879
43642,2023-04-09,SE,Sweden,EURO,1016,2702703,47,23926
43643,2023-04-16,SE,Sweden,EURO,1048,2703751,51,23977
43644,2023-04-23,SE,Sweden,EURO,1197,2704948,55,24032
43645,2023-04-30,SE,Sweden,EURO,1171,2706119,70,24102
43646,2023-05-07,SE,Sweden,EURO,1050,2707169,79,24181
43647,2023-05-14,SE,Sweden,EURO,948,2708117,74,24255
43648,2023-05-21,SE,Sweden,EURO,922,2709039,66,24321
43649,2023-05-28,SE,Sweden,EURO,776,2709815,62,24383
43650,2023-06-04,SE,Sweden,EURO,613,2710428,48,24431
43651,2023-06-11,SE,Sweden,EURO,518,2710946,37,24468
43652,2023-06-18,SE,Sweden,EURO,480,2711426,44,24512
43653,2023-06-25,SE,Sweden,EURO,437,2711863,29,24541
43654,2023-07-02,SE,Sweden,EURO,290,2712153,24,24565
43655,2023-07-09,SE,Sweden,EURO,266,2712419,23,24588
43656,2023-07-16,SE,Sweden,EURO,211,2712630,28,24616
43657,2023-07-23,SE,Sweden,EURO,156,2712786,12,24628
43658,2023-07-30,SE,Sweden,EURO,173,2712959,21,24649
43659,2023-08-06,SE,Sweden,EURO,225,2713184,14,24663
43660,2023-08-13,SE,Sweden,EURO,233,2713417,7,24670
43661,2023-08-20,SE,Sweden,EURO,257,2713674,12,24682
43662,2023-08-27,SE,Sweden,EURO,408,2714082,22,24704
43663,2023-09-03,SE,Sweden,EURO,496,2714578,19,24723
43664,2023-09-10,SE,Sweden,EURO,569,2715147,20,24743
43665,2023-09-17,SE,Sweden,EURO,664,2715811,28,24771
43666,2023-09-24,SE,Sweden,EURO,656,2716467,41,24812
43667,2023-10-01,SE,Sweden,EURO,676,2717143,25,24837
43668,2023-10-08,SE,Sweden,EURO,595,2717738,38,24875
43669,2023-10-15,SE,Sweden,EURO,698,2718436,34,24909
43670,2023-10-22,SE,Sweden,EURO,964,2719400,51,24960
43671,2023-10-29,SE,Sweden,EURO,1286,2720686,52,25012
43672,2023-11-05,SE,Sweden,EURO,1992,2722678,87,25099
43673,2023-11-12,SE,Sweden,EURO,2730,2725408,98,25197
43674,2023-11-19,SE,Sweden,EURO,3523,2728931,135,25332
43675,2023-11-26,SE,Sweden,EURO,0,2728931,0,25332
43676,2023-12-03,SE,Sweden,EURO,0,2728931,0,25332
43677,2023-12-10,SE,Sweden,EURO,5874,2734805,181,25513
43678,2023-12-17,SE,Sweden,EURO,3292,2738097,215,25728
43679,2023-12-24,SE,Sweden,EURO,2937,2741034,223,25951
43680,2020-01-05,CH,Switzerland,EURO,0,0,0,0
43681,2020-01-12,CH,Switzerland,EURO,0,0,0,0
43682,2020-01-19,CH,Switzerland,EURO,0,0,0,0
43683,2020-01-26,CH,Switzerland,EURO,0,0,0,0
43684,2020-02-02,CH,Switzerland,EURO,0,0,0,0
43685,2020-02-09,CH,Switzerland,EURO,0,0,0,0
43686,2020-02-16,CH,Switzerland,EURO,0,0,0,0
43687,2020-02-23,CH,Switzerland,EURO,0,0,0,0
43688,2020-03-01,CH,Switzerland,EURO,45,45,0,0
43689,2020-03-08,CH,Switzerland,EURO,320,365,2,2
43690,2020-03-15,CH,Switzerland,EURO,2008,2373,18,20
43691,2020-03-22,CH,Switzerland,EURO,6337,8710,89,109
43692,2020-03-29,CH,Switzerland,EURO,7460,16170,226,335
43693,2020-04-05,CH,Switzerland,EURO,6175,22345,379,714
43694,2020-04-12,CH,Switzerland,EURO,3662,26007,358,1072
43695,2020-04-19,CH,Switzerland,EURO,1970,27977,256,1328
43696,2020-04-26,CH,Switzerland,EURO,1192,29169,203,1531
43697,2020-05-03,CH,Switzerland,EURO,739,29908,95,1626
43698,2020-05-10,CH,Switzerland,EURO,407,30315,55,1681
43699,2020-05-17,CH,Switzerland,EURO,234,30549,20,1701
43700,2020-05-24,CH,Switzerland,EURO,155,30704,19,1720
43701,2020-05-31,CH,Switzerland,EURO,129,30833,4,1724
43702,2020-06-07,CH,Switzerland,EURO,97,30930,1,1725
43703,2020-06-14,CH,Switzerland,EURO,136,31066,4,1729
43704,2020-06-21,CH,Switzerland,EURO,170,31236,1,1730
43705,2020-06-28,CH,Switzerland,EURO,348,31584,2,1732
43706,2020-07-05,CH,Switzerland,EURO,670,32254,2,1734
43707,2020-07-12,CH,Switzerland,EURO,625,32879,3,1737
43708,2020-07-19,CH,Switzerland,EURO,720,33599,4,1741
43709,2020-07-26,CH,Switzerland,EURO,809,34408,5,1746
43710,2020-08-02,CH,Switzerland,EURO,1132,35540,5,1751
43711,2020-08-09,CH,Switzerland,EURO,1080,36620,5,1756
43712,2020-08-16,CH,Switzerland,EURO,1537,38157,5,1761
43713,2020-08-23,CH,Switzerland,EURO,1856,40013,3,1764
43714,2020-08-30,CH,Switzerland,EURO,2084,42097,5,1769
43715,2020-09-06,CH,Switzerland,EURO,2432,44529,11,1780
43716,2020-09-13,CH,Switzerland,EURO,2792,47321,20,1800
43717,2020-09-20,CH,Switzerland,EURO,2943,50264,16,1816
43718,2020-09-27,CH,Switzerland,EURO,2301,52565,12,1828
43719,2020-10-04,CH,Switzerland,EURO,3269,55834,11,1839
43720,2020-10-11,CH,Switzerland,EURO,8254,64088,16,1855
43721,2020-10-18,CH,Switzerland,EURO,18508,82596,45,1900
43722,2020-10-25,CH,Switzerland,EURO,38252,120848,131,2031
43723,2020-11-01,CH,Switzerland,EURO,55405,176253,288,2319
43724,2020-11-08,CH,Switzerland,EURO,51842,228095,531,2850
43725,2020-11-15,CH,Switzerland,EURO,40254,268349,635,3485
43726,2020-11-22,CH,Switzerland,EURO,30555,298904,635,4120
43727,2020-11-29,CH,Switzerland,EURO,26358,325262,621,4741
43728,2020-12-06,CH,Switzerland,EURO,27029,352291,619,5360
43729,2020-12-13,CH,Switzerland,EURO,29853,382144,592,5952
43730,2020-12-20,CH,Switzerland,EURO,29390,411534,630,6582
43731,2020-12-27,CH,Switzerland,EURO,23785,435319,600,7182
43732,2021-01-03,CH,Switzerland,EURO,23289,458608,574,7756
43733,2021-01-10,CH,Switzerland,EURO,22962,481570,428,8184
43734,2021-01-17,CH,Switzerland,EURO,15599,497169,397,8581
43735,2021-01-24,CH,Switzerland,EURO,13648,510817,320,8901
43736,2021-01-31,CH,Switzerland,EURO,11504,522321,264,9165
43737,2021-02-07,CH,Switzerland,EURO,10127,532448,173,9338
43738,2021-02-14,CH,Switzerland,EURO,8052,540500,126,9464
43739,2021-02-21,CH,Switzerland,EURO,6936,547436,97,9561
43740,2021-02-28,CH,Switzerland,EURO,7191,554627,67,9628
43741,2021-03-07,CH,Switzerland,EURO,7546,562173,62,9690
43742,2021-03-14,CH,Switzerland,EURO,8662,570835,75,9765
43743,2021-03-21,CH,Switzerland,EURO,10409,581244,64,9829
43744,2021-03-28,CH,Switzerland,EURO,12324,593568,58,9887
43745,2021-04-04,CH,Switzerland,EURO,12258,605826,70,9957
43746,2021-04-11,CH,Switzerland,EURO,13977,619803,66,10023
43747,2021-04-18,CH,Switzerland,EURO,14210,634013,46,10069
43748,2021-04-25,CH,Switzerland,EURO,14377,648390,52,10121
43749,2021-05-02,CH,Switzerland,EURO,12223,660613,70,10191
43750,2021-05-09,CH,Switzerland,EURO,10350,670963,44,10235
43751,2021-05-16,CH,Switzerland,EURO,7965,678928,26,10261
43752,2021-05-23,CH,Switzerland,EURO,7527,686455,37,10298
43753,2021-05-30,CH,Switzerland,EURO,5222,691677,24,10322
43754,2021-06-06,CH,Switzerland,EURO,3686,695363,18,10340
43755,2021-06-13,CH,Switzerland,EURO,2379,697742,20,10360
43756,2021-06-20,CH,Switzerland,EURO,1281,699023,13,10373
43757,2021-06-27,CH,Switzerland,EURO,763,699786,6,10379
43758,2021-07-04,CH,Switzerland,EURO,946,700732,5,10384
43759,2021-07-11,CH,Switzerland,EURO,1956,702688,2,10386
43760,2021-07-18,CH,Switzerland,EURO,3633,706321,3,10389
43761,2021-07-25,CH,Switzerland,EURO,4868,711189,4,10393
43762,2021-08-01,CH,Switzerland,EURO,5197,716386,11,10404
43763,2021-08-08,CH,Switzerland,EURO,7148,723534,3,10407
43764,2021-08-15,CH,Switzerland,EURO,13498,737032,14,10421
43765,2021-08-22,CH,Switzerland,EURO,17970,755002,24,10445
43766,2021-08-29,CH,Switzerland,EURO,18132,773134,40,10485
43767,2021-09-05,CH,Switzerland,EURO,18749,791883,49,10534
43768,2021-09-12,CH,Switzerland,EURO,18440,810323,54,10588
43769,2021-09-19,CH,Switzerland,EURO,13124,823447,46,10634
43770,2021-09-26,CH,Switzerland,EURO,9423,832870,41,10675
43771,2021-10-03,CH,Switzerland,EURO,7781,840651,39,10714
43772,2021-10-10,CH,Switzerland,EURO,6363,847014,30,10744
43773,2021-10-17,CH,Switzerland,EURO,6222,853236,32,10776
43774,2021-10-24,CH,Switzerland,EURO,8649,861885,33,10809
43775,2021-10-31,CH,Switzerland,EURO,11183,873068,44,10853
43776,2021-11-07,CH,Switzerland,EURO,16769,889837,29,10882
43777,2021-11-14,CH,Switzerland,EURO,24253,914090,63,10945
43778,2021-11-21,CH,Switzerland,EURO,36490,950580,75,11020
43779,2021-11-28,CH,Switzerland,EURO,50255,1000835,108,11128
43780,2021-12-05,CH,Switzerland,EURO,62367,1063202,168,11296
43781,2021-12-12,CH,Switzerland,EURO,64851,1128053,185,11481
43782,2021-12-19,CH,Switzerland,EURO,60637,1188690,195,11676
43783,2021-12-26,CH,Switzerland,EURO,64940,1253630,152,11828
43784,2022-01-02,CH,Switzerland,EURO,106733,1360363,135,11963
43785,2022-01-09,CH,Switzerland,EURO,180267,1540630,104,12067
43786,2022-01-16,CH,Switzerland,EURO,183977,1724607,96,12163
43787,2022-01-23,CH,Switzerland,EURO,233883,1958490,115,12278
43788,2022-01-30,CH,Switzerland,EURO,248789,2207279,93,12371
43789,2022-02-06,CH,Switzerland,EURO,205272,2412551,105,12476
43790,2022-02-13,CH,Switzerland,EURO,154937,2567488,106,12582
43791,2022-02-20,CH,Switzerland,EURO,112509,2679997,72,12654
43792,2022-02-27,CH,Switzerland,EURO,103924,2783921,83,12737
43793,2022-03-06,CH,Switzerland,EURO,146239,2930160,58,12795
43794,2022-03-13,CH,Switzerland,EURO,188362,3118522,64,12859
43795,2022-03-20,CH,Switzerland,EURO,186746,3305268,96,12955
43796,2022-03-27,CH,Switzerland,EURO,126868,3432136,89,13044
43797,2022-04-03,CH,Switzerland,EURO,70767,3502903,59,13103
43798,2022-04-10,CH,Switzerland,EURO,41402,3544305,54,13157
43799,2022-04-17,CH,Switzerland,EURO,31721,3576026,37,13194
43800,2022-04-24,CH,Switzerland,EURO,22683,3598709,32,13226
43801,2022-05-01,CH,Switzerland,EURO,17277,3615986,14,13240
43802,2022-05-08,CH,Switzerland,EURO,13324,3629310,20,13260
43803,2022-05-15,CH,Switzerland,EURO,11335,3640645,12,13272
43804,2022-05-22,CH,Switzerland,EURO,8659,3649304,12,13284
43805,2022-05-29,CH,Switzerland,EURO,6620,3655924,5,13289
43806,2022-06-05,CH,Switzerland,EURO,9943,3665867,8,13297
43807,2022-06-12,CH,Switzerland,EURO,14545,3680412,5,13302
43808,2022-06-19,CH,Switzerland,EURO,23006,3703418,8,13310
43809,2022-06-26,CH,Switzerland,EURO,30968,3734386,16,13326
43810,2022-07-03,CH,Switzerland,EURO,43611,3777997,17,13343
43811,2022-07-10,CH,Switzerland,EURO,55105,3833102,36,13379
43812,2022-07-17,CH,Switzerland,EURO,51484,3884586,32,13411
43813,2022-07-24,CH,Switzerland,EURO,40113,3924699,33,13444
43814,2022-07-31,CH,Switzerland,EURO,27191,3951890,41,13485
43815,2022-08-07,CH,Switzerland,EURO,20033,3971923,26,13511
43816,2022-08-14,CH,Switzerland,EURO,19141,3991064,19,13530
43817,2022-08-21,CH,Switzerland,EURO,16800,4007864,16,13546
43818,2022-08-28,CH,Switzerland,EURO,15322,4023186,12,13558
43819,2022-09-04,CH,Switzerland,EURO,14883,4038069,9,13567
43820,2022-09-11,CH,Switzerland,EURO,13697,4051766,9,13576
43821,2022-09-18,CH,Switzerland,EURO,13919,4065685,7,13583
43822,2022-09-25,CH,Switzerland,EURO,15166,4080851,12,13595
43823,2022-10-02,CH,Switzerland,EURO,23043,4103894,15,13610
43824,2022-10-09,CH,Switzerland,EURO,33930,4137824,15,13625
43825,2022-10-16,CH,Switzerland,EURO,37233,4175057,23,13648
43826,2022-10-23,CH,Switzerland,EURO,31654,4206711,31,13679
43827,2022-10-30,CH,Switzerland,EURO,24730,4231441,27,13706
43828,2022-11-06,CH,Switzerland,EURO,21366,4252807,22,13728
43829,2022-11-13,CH,Switzerland,EURO,20553,4273360,12,13740
43830,2022-11-20,CH,Switzerland,EURO,21343,4294703,21,13761
43831,2022-11-27,CH,Switzerland,EURO,19531,4314234,20,13781
43832,2022-12-04,CH,Switzerland,EURO,18634,4332868,19,13800
43833,2022-12-11,CH,Switzerland,EURO,16715,4349583,24,13824
43834,2022-12-18,CH,Switzerland,EURO,13777,4363360,26,13850
43835,2022-12-25,CH,Switzerland,EURO,11725,4375085,15,13865
43836,2023-01-01,CH,Switzerland,EURO,5948,4381033,19,13884
43837,2023-01-08,CH,Switzerland,EURO,2275,4383308,23,13907
43838,2023-01-15,CH,Switzerland,EURO,1366,4384674,14,13921
43839,2023-01-22,CH,Switzerland,EURO,117,4384791,2,13923
43840,2023-01-29,CH,Switzerland,EURO,926,4385717,8,13931
43841,2023-02-05,CH,Switzerland,EURO,847,4386564,7,13938
43842,2023-02-12,CH,Switzerland,EURO,912,4387476,5,13943
43843,2023-02-19,CH,Switzerland,EURO,971,4388447,4,13947
43844,2023-02-26,CH,Switzerland,EURO,1218,4389665,6,13953
43845,2023-03-05,CH,Switzerland,EURO,1361,4391026,3,13956
43846,2023-03-12,CH,Switzerland,EURO,1491,4392517,6,13962
43847,2023-03-19,CH,Switzerland,EURO,1797,4394314,6,13968
43848,2023-03-26,CH,Switzerland,EURO,1785,4396099,10,13978
43849,2023-04-02,CH,Switzerland,EURO,1585,4397684,9,13987
43850,2023-04-09,CH,Switzerland,EURO,1435,4399119,8,13995
43851,2023-04-16,CH,Switzerland,EURO,1180,4400299,3,13998
43852,2023-04-23,CH,Switzerland,EURO,1114,4401413,6,14004
43853,2023-04-30,CH,Switzerland,EURO,1062,4402475,6,14010
43854,2023-05-07,CH,Switzerland,EURO,1016,4403491,5,14015
43855,2023-05-14,CH,Switzerland,EURO,851,4404342,12,14027
43856,2023-05-21,CH,Switzerland,EURO,584,4404926,4,14031
43857,2023-05-28,CH,Switzerland,EURO,512,4405438,2,14033
43858,2023-06-04,CH,Switzerland,EURO,511,4405949,2,14035
43859,2023-06-11,CH,Switzerland,EURO,379,4406328,2,14037
43860,2023-06-18,CH,Switzerland,EURO,282,4406610,1,14038
43861,2023-06-25,CH,Switzerland,EURO,204,4406814,1,14039
43862,2023-07-02,CH,Switzerland,EURO,181,4406995,0,14039
43863,2023-07-09,CH,Switzerland,EURO,118,4407113,1,14040
43864,2023-07-16,CH,Switzerland,EURO,134,4407247,0,14040
43865,2023-07-23,CH,Switzerland,EURO,150,4407397,1,14041
43866,2023-07-30,CH,Switzerland,EURO,175,4407572,1,14042
43867,2023-08-06,CH,Switzerland,EURO,213,4407785,2,14044
43868,2023-08-13,CH,Switzerland,EURO,261,4408046,3,14047
43869,2023-08-20,CH,Switzerland,EURO,446,4408492,0,14047
43870,2023-08-27,CH,Switzerland,EURO,625,4409117,2,14049
43871,2023-09-03,CH,Switzerland,EURO,660,4409777,3,14052
43872,2023-09-10,CH,Switzerland,EURO,724,4410501,1,14053
43873,2023-09-17,CH,Switzerland,EURO,1133,4411634,4,14057
43874,2023-09-24,CH,Switzerland,EURO,942,4412576,2,14059
43875,2023-10-01,CH,Switzerland,EURO,888,4413464,4,14063
43876,2023-10-08,CH,Switzerland,EURO,1007,4414471,4,14067
43877,2023-10-15,CH,Switzerland,EURO,1214,4415685,5,14072
43878,2023-10-22,CH,Switzerland,EURO,1457,4417142,6,14078
43879,2023-10-29,CH,Switzerland,EURO,1612,4418754,4,14082
43880,2023-11-05,CH,Switzerland,EURO,1812,4420566,2,14084
43881,2023-11-12,CH,Switzerland,EURO,2170,4422736,2,14086
43882,2023-11-19,CH,Switzerland,EURO,2860,4425596,0,14086
43883,2023-11-26,CH,Switzerland,EURO,0,4425596,0,14086
43884,2023-12-03,CH,Switzerland,EURO,0,4425596,0,14086
43885,2023-12-10,CH,Switzerland,EURO,7006,4432602,20,14106
43886,2023-12-17,CH,Switzerland,EURO,3757,4436359,19,14125
43887,2023-12-24,CH,Switzerland,EURO,3633,4439992,17,14142
43888,2020-01-05,SY,Syrian Arab Republic,EMRO,0,0,0,0
43889,2020-01-12,SY,Syrian Arab Republic,EMRO,0,0,0,0
43890,2020-01-19,SY,Syrian Arab Republic,EMRO,0,0,0,0
43891,2020-01-26,SY,Syrian Arab Republic,EMRO,0,0,0,0
43892,2020-02-02,SY,Syrian Arab Republic,EMRO,0,0,0,0
43893,2020-02-09,SY,Syrian Arab Republic,EMRO,0,0,0,0
43894,2020-02-16,SY,Syrian Arab Republic,EMRO,0,0,0,0
43895,2020-02-23,SY,Syrian Arab Republic,EMRO,0,0,0,0
43896,2020-03-01,SY,Syrian Arab Republic,EMRO,0,0,0,0
43897,2020-03-08,SY,Syrian Arab Republic,EMRO,0,0,0,0
43898,2020-03-15,SY,Syrian Arab Republic,EMRO,0,0,0,0
43899,2020-03-22,SY,Syrian Arab Republic,EMRO,0,0,0,0
43900,2020-03-29,SY,Syrian Arab Republic,EMRO,5,5,0,0
43901,2020-04-05,SY,Syrian Arab Republic,EMRO,11,16,2,2
43902,2020-04-12,SY,Syrian Arab Republic,EMRO,9,25,0,2
43903,2020-04-19,SY,Syrian Arab Republic,EMRO,13,38,0,2
43904,2020-04-26,SY,Syrian Arab Republic,EMRO,4,42,1,3
43905,2020-05-03,SY,Syrian Arab Republic,EMRO,2,44,0,3
43906,2020-05-10,SY,Syrian Arab Republic,EMRO,3,47,0,3
43907,2020-05-17,SY,Syrian Arab Republic,EMRO,4,51,0,3
43908,2020-05-24,SY,Syrian Arab Republic,EMRO,19,70,1,4
43909,2020-05-31,SY,Syrian Arab Republic,EMRO,52,122,0,4
43910,2020-06-07,SY,Syrian Arab Republic,EMRO,3,125,2,6
43911,2020-06-14,SY,Syrian Arab Republic,EMRO,45,170,0,6
43912,2020-06-21,SY,Syrian Arab Republic,EMRO,28,198,1,7
43913,2020-06-28,SY,Syrian Arab Republic,EMRO,58,256,2,9
43914,2020-07-05,SY,Syrian Arab Republic,EMRO,82,338,1,10
43915,2020-07-12,SY,Syrian Arab Republic,EMRO,56,394,6,16
43916,2020-07-19,SY,Syrian Arab Republic,EMRO,102,496,9,25
43917,2020-07-26,SY,Syrian Arab Republic,EMRO,131,627,11,36
43918,2020-08-02,SY,Syrian Arab Republic,EMRO,153,780,7,43
43919,2020-08-09,SY,Syrian Arab Republic,EMRO,345,1125,7,50
43920,2020-08-16,SY,Syrian Arab Republic,EMRO,468,1593,10,60
43921,2020-08-23,SY,Syrian Arab Republic,EMRO,550,2143,25,85
43922,2020-08-30,SY,Syrian Arab Republic,EMRO,485,2628,21,106
43923,2020-09-06,SY,Syrian Arab Republic,EMRO,476,3104,24,130
43924,2020-09-13,SY,Syrian Arab Republic,EMRO,402,3506,22,152
43925,2020-09-20,SY,Syrian Arab Republic,EMRO,259,3765,18,170
43926,2020-09-27,SY,Syrian Arab Republic,EMRO,273,4038,18,188
43927,2020-10-04,SY,Syrian Arab Republic,EMRO,291,4329,16,204
43928,2020-10-11,SY,Syrian Arab Republic,EMRO,344,4673,17,221
43929,2020-10-18,SY,Syrian Arab Republic,EMRO,360,5033,24,245
43930,2020-10-25,SY,Syrian Arab Republic,EMRO,326,5359,22,267
43931,2020-11-01,SY,Syrian Arab Republic,EMRO,369,5728,21,288
43932,2020-11-08,SY,Syrian Arab Republic,EMRO,419,6147,25,313
43933,2020-11-15,SY,Syrian Arab Republic,EMRO,466,6613,28,341
43934,2020-11-22,SY,Syrian Arab Republic,EMRO,541,7154,31,372
43935,2020-11-29,SY,Syrian Arab Republic,EMRO,561,7715,37,409
43936,2020-12-06,SY,Syrian Arab Republic,EMRO,605,8320,33,442
43937,2020-12-13,SY,Syrian Arab Republic,EMRO,721,9041,64,506
43938,2020-12-20,SY,Syrian Arab Republic,EMRO,1009,10050,95,601
43939,2020-12-27,SY,Syrian Arab Republic,EMRO,882,10932,68,669
43940,2021-01-03,SY,Syrian Arab Republic,EMRO,684,11616,54,723
43941,2021-01-10,SY,Syrian Arab Republic,EMRO,658,12274,45,768
43942,2021-01-17,SY,Syrian Arab Republic,EMRO,668,12942,56,824
43943,2021-01-24,SY,Syrian Arab Republic,EMRO,615,13557,55,879
43944,2021-01-31,SY,Syrian Arab Republic,EMRO,441,13998,37,916
43945,2021-02-07,SY,Syrian Arab Republic,EMRO,410,14408,31,947
43946,2021-02-14,SY,Syrian Arab Republic,EMRO,412,14820,28,975
43947,2021-02-21,SY,Syrian Arab Republic,EMRO,323,15143,21,996
43948,2021-02-28,SY,Syrian Arab Republic,EMRO,390,15533,27,1023
43949,2021-03-07,SY,Syrian Arab Republic,EMRO,392,15925,35,1058
43950,2021-03-14,SY,Syrian Arab Republic,EMRO,476,16401,36,1094
43951,2021-03-21,SY,Syrian Arab Republic,EMRO,839,17240,59,1153
43952,2021-03-28,SY,Syrian Arab Republic,EMRO,1116,18356,74,1227
43953,2021-04-04,SY,Syrian Arab Republic,EMRO,928,19284,72,1299
43954,2021-04-11,SY,Syrian Arab Republic,EMRO,834,20118,69,1368
43955,2021-04-18,SY,Syrian Arab Republic,EMRO,886,21004,69,1437
43956,2021-04-25,SY,Syrian Arab Republic,EMRO,995,21999,89,1526
43957,2021-05-02,SY,Syrian Arab Republic,EMRO,819,22818,72,1598
43958,2021-05-09,SY,Syrian Arab Republic,EMRO,501,23319,50,1648
43959,2021-05-16,SY,Syrian Arab Republic,EMRO,374,23693,45,1693
43960,2021-05-23,SY,Syrian Arab Republic,EMRO,359,24052,36,1729
43961,2021-05-30,SY,Syrian Arab Republic,EMRO,388,24440,34,1763
43962,2021-06-06,SY,Syrian Arab Republic,EMRO,199,24639,27,1790
43963,2021-06-13,SY,Syrian Arab Republic,EMRO,150,24789,18,1808
43964,2021-06-20,SY,Syrian Arab Republic,EMRO,287,25076,33,1841
43965,2021-06-27,SY,Syrian Arab Republic,EMRO,289,25365,23,1864
43966,2021-07-04,SY,Syrian Arab Republic,EMRO,254,25619,21,1885
43967,2021-07-11,SY,Syrian Arab Republic,EMRO,157,25776,12,1897
43968,2021-07-18,SY,Syrian Arab Republic,EMRO,51,25827,7,1904
43969,2021-07-25,SY,Syrian Arab Republic,EMRO,38,25865,1,1905
43970,2021-08-01,SY,Syrian Arab Republic,EMRO,98,25963,9,1914
43971,2021-08-08,SY,Syrian Arab Republic,EMRO,118,26081,5,1919
43972,2021-08-15,SY,Syrian Arab Republic,EMRO,211,26292,16,1935
43973,2021-08-22,SY,Syrian Arab Republic,EMRO,507,26799,29,1964
43974,2021-08-29,SY,Syrian Arab Republic,EMRO,740,27539,34,1998
43975,2021-09-05,SY,Syrian Arab Republic,EMRO,884,28423,35,2033
43976,2021-09-12,SY,Syrian Arab Republic,EMRO,935,29358,38,2071
43977,2021-09-19,SY,Syrian Arab Republic,EMRO,1161,30519,49,2120
43978,2021-09-26,SY,Syrian Arab Republic,EMRO,2061,32580,78,2198
43979,2021-10-03,SY,Syrian Arab Republic,EMRO,2116,34696,67,2265
43980,2021-10-10,SY,Syrian Arab Republic,EMRO,2017,36713,67,2332
43981,2021-10-17,SY,Syrian Arab Republic,EMRO,1992,38705,59,2391
43982,2021-10-24,SY,Syrian Arab Republic,EMRO,2517,41222,101,2492
43983,2021-10-31,SY,Syrian Arab Republic,EMRO,1924,43146,68,2560
43984,2021-11-07,SY,Syrian Arab Republic,EMRO,1753,44899,53,2613
43985,2021-11-14,SY,Syrian Arab Republic,EMRO,1231,46130,48,2661
43986,2021-11-21,SY,Syrian Arab Republic,EMRO,961,47091,38,2699
43987,2021-11-28,SY,Syrian Arab Republic,EMRO,772,47863,34,2733
43988,2021-12-05,SY,Syrian Arab Republic,EMRO,675,48538,39,2772
43989,2021-12-12,SY,Syrian Arab Republic,EMRO,651,49189,37,2809
43990,2021-12-19,SY,Syrian Arab Republic,EMRO,504,49693,32,2841
43991,2021-12-26,SY,Syrian Arab Republic,EMRO,358,50051,30,2871
43992,2022-01-02,SY,Syrian Arab Republic,EMRO,259,50310,30,2901
43993,2022-01-09,SY,Syrian Arab Republic,EMRO,172,50482,23,2924
43994,2022-01-16,SY,Syrian Arab Republic,EMRO,192,50674,20,2944
43995,2022-01-23,SY,Syrian Arab Republic,EMRO,269,50943,21,2965
43996,2022-01-30,SY,Syrian Arab Republic,EMRO,341,51284,19,2984
43997,2022-02-06,SY,Syrian Arab Republic,EMRO,542,51826,20,3004
43998,2022-02-13,SY,Syrian Arab Republic,EMRO,800,52626,22,3026
43999,2022-02-20,SY,Syrian Arab Republic,EMRO,901,53527,21,3047
44000,2022-02-27,SY,Syrian Arab Republic,EMRO,853,54380,21,3068
44001,2022-03-06,SY,Syrian Arab Republic,EMRO,583,54963,24,3092
44002,2022-03-13,SY,Syrian Arab Republic,EMRO,366,55329,22,3114
44003,2022-03-20,SY,Syrian Arab Republic,EMRO,209,55538,11,3125
44004,2022-03-27,SY,Syrian Arab Republic,EMRO,112,55650,8,3133
44005,2022-04-03,SY,Syrian Arab Republic,EMRO,56,55706,11,3144
44006,2022-04-10,SY,Syrian Arab Republic,EMRO,33,55739,2,3146
44007,2022-04-17,SY,Syrian Arab Republic,EMRO,30,55769,3,3149
44008,2022-04-24,SY,Syrian Arab Republic,EMRO,26,55795,1,3150
44009,2022-05-01,SY,Syrian Arab Republic,EMRO,21,55816,0,3150
44010,2022-05-08,SY,Syrian Arab Republic,EMRO,31,55847,0,3150
44011,2022-05-15,SY,Syrian Arab Republic,EMRO,22,55869,0,3150
44012,2022-05-22,SY,Syrian Arab Republic,EMRO,9,55878,0,3150
44013,2022-05-29,SY,Syrian Arab Republic,EMRO,12,55890,0,3150
44014,2022-06-05,SY,Syrian Arab Republic,EMRO,7,55897,0,3150
44015,2022-06-12,SY,Syrian Arab Republic,EMRO,8,55905,0,3150
44016,2022-06-19,SY,Syrian Arab Republic,EMRO,9,55914,0,3150
44017,2022-06-26,SY,Syrian Arab Republic,EMRO,7,55921,0,3150
44018,2022-07-03,SY,Syrian Arab Republic,EMRO,9,55930,0,3150
44019,2022-07-10,SY,Syrian Arab Republic,EMRO,22,55952,0,3150
44020,2022-07-17,SY,Syrian Arab Republic,EMRO,27,55979,0,3150
44021,2022-07-24,SY,Syrian Arab Republic,EMRO,106,56085,0,3150
44022,2022-07-31,SY,Syrian Arab Republic,EMRO,194,56279,0,3150
44023,2022-08-07,SY,Syrian Arab Republic,EMRO,195,56474,3,3153
44024,2022-08-14,SY,Syrian Arab Republic,EMRO,226,56700,4,3157
44025,2022-08-21,SY,Syrian Arab Republic,EMRO,138,56838,3,3160
44026,2022-08-28,SY,Syrian Arab Republic,EMRO,135,56973,3,3163
44027,2022-09-04,SY,Syrian Arab Republic,EMRO,99,57072,0,3163
44028,2022-09-11,SY,Syrian Arab Republic,EMRO,80,57152,0,3163
44029,2022-09-18,SY,Syrian Arab Republic,EMRO,64,57216,0,3163
44030,2022-09-25,SY,Syrian Arab Republic,EMRO,51,57267,0,3163
44031,2022-10-02,SY,Syrian Arab Republic,EMRO,40,57307,0,3163
44032,2022-10-09,SY,Syrian Arab Republic,EMRO,15,57322,0,3163
44033,2022-10-16,SY,Syrian Arab Republic,EMRO,11,57333,0,3163
44034,2022-10-23,SY,Syrian Arab Republic,EMRO,14,57347,0,3163
44035,2022-10-30,SY,Syrian Arab Republic,EMRO,11,57358,0,3163
44036,2022-11-06,SY,Syrian Arab Republic,EMRO,10,57368,0,3163
44037,2022-11-13,SY,Syrian Arab Republic,EMRO,11,57379,0,3163
44038,2022-11-20,SY,Syrian Arab Republic,EMRO,8,57387,0,3163
44039,2022-11-27,SY,Syrian Arab Republic,EMRO,7,57394,0,3163
44040,2022-12-04,SY,Syrian Arab Republic,EMRO,11,57405,0,3163
44041,2022-12-11,SY,Syrian Arab Republic,EMRO,8,57413,0,3163
44042,2022-12-18,SY,Syrian Arab Republic,EMRO,10,57423,0,3163
44043,2022-12-25,SY,Syrian Arab Republic,EMRO,0,57423,0,3163
44044,2023-01-01,SY,Syrian Arab Republic,EMRO,0,57423,0,3163
44045,2023-01-08,SY,Syrian Arab Republic,EMRO,0,57423,0,3163
44046,2023-01-15,SY,Syrian Arab Republic,EMRO,0,57423,0,3163
44047,2023-01-22,SY,Syrian Arab Republic,EMRO,0,57423,0,3163
44048,2023-01-29,SY,Syrian Arab Republic,EMRO,0,57423,0,3163
44049,2023-02-05,SY,Syrian Arab Republic,EMRO,0,57423,0,3163
44050,2023-02-12,SY,Syrian Arab Republic,EMRO,0,57423,0,3163
44051,2023-02-19,SY,Syrian Arab Republic,EMRO,0,57423,0,3163
44052,2023-02-26,SY,Syrian Arab Republic,EMRO,0,57423,0,3163
44053,2023-03-05,SY,Syrian Arab Republic,EMRO,0,57423,0,3163
44054,2023-03-12,SY,Syrian Arab Republic,EMRO,0,57423,0,3163
44055,2023-03-19,SY,Syrian Arab Republic,EMRO,0,57423,0,3163
44056,2023-03-26,SY,Syrian Arab Republic,EMRO,0,57423,0,3163
44057,2023-04-02,SY,Syrian Arab Republic,EMRO,0,57423,0,3163
44058,2023-04-09,SY,Syrian Arab Republic,EMRO,0,57423,0,3163
44059,2023-04-16,SY,Syrian Arab Republic,EMRO,0,57423,0,3163
44060,2023-04-23,SY,Syrian Arab Republic,EMRO,0,57423,0,3163
44061,2023-04-30,SY,Syrian Arab Republic,EMRO,0,57423,0,3163
44062,2023-05-07,SY,Syrian Arab Republic,EMRO,0,57423,0,3163
44063,2023-05-14,SY,Syrian Arab Republic,EMRO,0,57423,0,3163
44064,2023-05-21,SY,Syrian Arab Republic,EMRO,0,57423,0,3163
44065,2023-05-28,SY,Syrian Arab Republic,EMRO,0,57423,0,3163
44066,2023-06-04,SY,Syrian Arab Republic,EMRO,0,57423,0,3163
44067,2023-06-11,SY,Syrian Arab Republic,EMRO,0,57423,0,3163
44068,2023-06-18,SY,Syrian Arab Republic,EMRO,0,57423,0,3163
44069,2023-06-25,SY,Syrian Arab Republic,EMRO,0,57423,0,3163
44070,2023-07-02,SY,Syrian Arab Republic,EMRO,0,57423,0,3163
44071,2023-07-09,SY,Syrian Arab Republic,EMRO,0,57423,0,3163
44072,2023-07-16,SY,Syrian Arab Republic,EMRO,0,57423,0,3163
44073,2023-07-23,SY,Syrian Arab Republic,EMRO,0,57423,0,3163
44074,2023-07-30,SY,Syrian Arab Republic,EMRO,0,57423,0,3163
44075,2023-08-06,SY,Syrian Arab Republic,EMRO,0,57423,0,3163
44076,2023-08-13,SY,Syrian Arab Republic,EMRO,0,57423,0,3163
44077,2023-08-20,SY,Syrian Arab Republic,EMRO,0,57423,0,3163
44078,2023-08-27,SY,Syrian Arab Republic,EMRO,0,57423,0,3163
44079,2023-09-03,SY,Syrian Arab Republic,EMRO,0,57423,0,3163
44080,2023-09-10,SY,Syrian Arab Republic,EMRO,0,57423,0,3163
44081,2023-09-17,SY,Syrian Arab Republic,EMRO,0,57423,0,3163
44082,2023-09-24,SY,Syrian Arab Republic,EMRO,0,57423,0,3163
44083,2023-10-01,SY,Syrian Arab Republic,EMRO,0,57423,0,3163
44084,2023-10-08,SY,Syrian Arab Republic,EMRO,0,57423,0,3163
44085,2023-10-15,SY,Syrian Arab Republic,EMRO,0,57423,0,3163
44086,2023-10-22,SY,Syrian Arab Republic,EMRO,0,57423,0,3163
44087,2023-10-29,SY,Syrian Arab Republic,EMRO,0,57423,0,3163
44088,2023-11-05,SY,Syrian Arab Republic,EMRO,0,57423,0,3163
44089,2023-11-12,SY,Syrian Arab Republic,EMRO,0,57423,0,3163
44090,2023-11-19,SY,Syrian Arab Republic,EMRO,0,57423,0,3163
44091,2023-11-26,SY,Syrian Arab Republic,EMRO,0,57423,0,3163
44092,2023-12-03,SY,Syrian Arab Republic,EMRO,0,57423,0,3163
44093,2023-12-10,SY,Syrian Arab Republic,EMRO,0,57423,0,3163
44094,2023-12-17,SY,Syrian Arab Republic,EMRO,0,57423,0,3163
44095,2023-12-24,SY,Syrian Arab Republic,EMRO,0,57423,0,3163
44096,2020-01-05,TJ,Tajikistan,EURO,0,0,0,0
44097,2020-01-12,TJ,Tajikistan,EURO,0,0,0,0
44098,2020-01-19,TJ,Tajikistan,EURO,0,0,0,0
44099,2020-01-26,TJ,Tajikistan,EURO,0,0,0,0
44100,2020-02-02,TJ,Tajikistan,EURO,0,0,0,0
44101,2020-02-09,TJ,Tajikistan,EURO,0,0,0,0
44102,2020-02-16,TJ,Tajikistan,EURO,0,0,0,0
44103,2020-02-23,TJ,Tajikistan,EURO,0,0,0,0
44104,2020-03-01,TJ,Tajikistan,EURO,0,0,0,0
44105,2020-03-08,TJ,Tajikistan,EURO,0,0,0,0
44106,2020-03-15,TJ,Tajikistan,EURO,0,0,0,0
44107,2020-03-22,TJ,Tajikistan,EURO,0,0,0,0
44108,2020-03-29,TJ,Tajikistan,EURO,0,0,0,0
44109,2020-04-05,TJ,Tajikistan,EURO,0,0,0,0
44110,2020-04-12,TJ,Tajikistan,EURO,0,0,0,0
44111,2020-04-19,TJ,Tajikistan,EURO,0,0,0,0
44112,2020-04-26,TJ,Tajikistan,EURO,0,0,0,0
44113,2020-05-03,TJ,Tajikistan,EURO,76,76,2,2
44114,2020-05-10,TJ,Tajikistan,EURO,485,561,17,19
44115,2020-05-17,TJ,Tajikistan,EURO,761,1322,20,39
44116,2020-05-24,TJ,Tajikistan,EURO,1416,2738,5,44
44117,2020-05-31,TJ,Tajikistan,EURO,1069,3807,3,47
44118,2020-06-07,TJ,Tajikistan,EURO,646,4453,1,48
44119,2020-06-14,TJ,Tajikistan,EURO,518,4971,2,50
44120,2020-06-21,TJ,Tajikistan,EURO,428,5399,2,52
44121,2020-06-28,TJ,Tajikistan,EURO,400,5799,0,52
44122,2020-07-05,TJ,Tajikistan,EURO,360,6159,0,52
44123,2020-07-12,TJ,Tajikistan,EURO,346,6505,3,55
44124,2020-07-19,TJ,Tajikistan,EURO,329,6834,2,57
44125,2020-07-26,TJ,Tajikistan,EURO,316,7150,2,59
44126,2020-08-02,TJ,Tajikistan,EURO,301,7451,1,60
44127,2020-08-09,TJ,Tajikistan,EURO,294,7745,2,62
44128,2020-08-16,TJ,Tajikistan,EURO,284,8029,2,64
44129,2020-08-23,TJ,Tajikistan,EURO,248,8277,2,66
44130,2020-08-30,TJ,Tajikistan,EURO,239,8516,2,68
44131,2020-09-06,TJ,Tajikistan,EURO,241,8757,2,70
44132,2020-09-13,TJ,Tajikistan,EURO,257,9014,2,72
44133,2020-09-20,TJ,Tajikistan,EURO,289,9303,1,73
44134,2020-09-27,TJ,Tajikistan,EURO,302,9605,2,75
44135,2020-10-04,TJ,Tajikistan,EURO,290,9895,2,77
44136,2020-10-11,TJ,Tajikistan,EURO,285,10180,2,79
44137,2020-10-18,TJ,Tajikistan,EURO,275,10455,1,80
44138,2020-10-25,TJ,Tajikistan,EURO,281,10736,1,81
44139,2020-11-01,TJ,Tajikistan,EURO,281,11017,1,82
44140,2020-11-08,TJ,Tajikistan,EURO,277,11294,1,83
44141,2020-11-15,TJ,Tajikistan,EURO,279,11573,2,85
44142,2020-11-22,TJ,Tajikistan,EURO,281,11854,1,86
44143,2020-11-29,TJ,Tajikistan,EURO,264,12118,0,86
44144,2020-12-06,TJ,Tajikistan,EURO,271,12389,1,87
44145,2020-12-13,TJ,Tajikistan,EURO,468,12857,0,87
44146,2020-12-20,TJ,Tajikistan,EURO,382,13239,2,89
44147,2020-12-27,TJ,Tajikistan,EURO,316,13555,1,90
44148,2021-01-03,TJ,Tajikistan,EURO,119,13674,1,91
44149,2021-01-10,TJ,Tajikistan,EURO,33,13707,0,91
44150,2021-01-17,TJ,Tajikistan,EURO,7,13714,0,91
44151,2021-01-24,TJ,Tajikistan,EURO,0,13714,0,91
44152,2021-01-31,TJ,Tajikistan,EURO,0,13714,0,91
44153,2021-02-07,TJ,Tajikistan,EURO,0,13714,0,91
44154,2021-02-14,TJ,Tajikistan,EURO,0,13714,0,91
44155,2021-02-21,TJ,Tajikistan,EURO,0,13714,0,91
44156,2021-02-28,TJ,Tajikistan,EURO,0,13714,0,91
44157,2021-03-07,TJ,Tajikistan,EURO,0,13714,0,91
44158,2021-03-14,TJ,Tajikistan,EURO,0,13714,0,91
44159,2021-03-21,TJ,Tajikistan,EURO,0,13714,0,91
44160,2021-03-28,TJ,Tajikistan,EURO,0,13714,0,91
44161,2021-04-04,TJ,Tajikistan,EURO,0,13714,0,91
44162,2021-04-11,TJ,Tajikistan,EURO,0,13714,0,91
44163,2021-04-18,TJ,Tajikistan,EURO,0,13714,0,91
44164,2021-04-25,TJ,Tajikistan,EURO,0,13714,0,91
44165,2021-05-02,TJ,Tajikistan,EURO,0,13714,0,91
44166,2021-05-09,TJ,Tajikistan,EURO,0,13714,0,91
44167,2021-05-16,TJ,Tajikistan,EURO,0,13714,0,91
44168,2021-05-23,TJ,Tajikistan,EURO,0,13714,0,91
44169,2021-05-30,TJ,Tajikistan,EURO,0,13714,0,91
44170,2021-06-06,TJ,Tajikistan,EURO,0,13714,0,91
44171,2021-06-13,TJ,Tajikistan,EURO,0,13714,0,91
44172,2021-06-20,TJ,Tajikistan,EURO,0,13714,0,91
44173,2021-06-27,TJ,Tajikistan,EURO,131,13845,0,91
44174,2021-07-04,TJ,Tajikistan,EURO,158,14003,3,94
44175,2021-07-11,TJ,Tajikistan,EURO,237,14240,10,104
44176,2021-07-18,TJ,Tajikistan,EURO,287,14527,8,112
44177,2021-07-25,TJ,Tajikistan,EURO,477,15004,6,118
44178,2021-08-01,TJ,Tajikistan,EURO,546,15550,4,122
44179,2021-08-08,TJ,Tajikistan,EURO,501,16051,1,123
44180,2021-08-15,TJ,Tajikistan,EURO,470,16521,2,125
44181,2021-08-22,TJ,Tajikistan,EURO,347,16868,0,125
44182,2021-08-29,TJ,Tajikistan,EURO,310,17178,0,125
44183,2021-09-05,TJ,Tajikistan,EURO,135,17313,0,125
44184,2021-09-12,TJ,Tajikistan,EURO,129,17442,0,125
44185,2021-09-19,TJ,Tajikistan,EURO,42,17484,0,125
44186,2021-09-26,TJ,Tajikistan,EURO,0,17484,0,125
44187,2021-10-03,TJ,Tajikistan,EURO,0,17484,0,125
44188,2021-10-10,TJ,Tajikistan,EURO,0,17484,0,125
44189,2021-10-17,TJ,Tajikistan,EURO,0,17484,0,125
44190,2021-10-24,TJ,Tajikistan,EURO,2,17486,0,125
44191,2021-10-31,TJ,Tajikistan,EURO,0,17486,0,125
44192,2021-11-07,TJ,Tajikistan,EURO,0,17486,0,125
44193,2021-11-14,TJ,Tajikistan,EURO,2,17488,0,125
44194,2021-11-21,TJ,Tajikistan,EURO,1,17489,0,125
44195,2021-11-28,TJ,Tajikistan,EURO,4,17493,0,125
44196,2021-12-05,TJ,Tajikistan,EURO,0,17493,0,125
44197,2021-12-12,TJ,Tajikistan,EURO,0,17493,0,125
44198,2021-12-19,TJ,Tajikistan,EURO,0,17493,0,125
44199,2021-12-26,TJ,Tajikistan,EURO,0,17493,0,125
44200,2022-01-02,TJ,Tajikistan,EURO,0,17493,0,125
44201,2022-01-09,TJ,Tajikistan,EURO,0,17493,0,125
44202,2022-01-16,TJ,Tajikistan,EURO,0,17493,0,125
44203,2022-01-23,TJ,Tajikistan,EURO,59,17552,0,125
44204,2022-01-30,TJ,Tajikistan,EURO,143,17695,0,125
44205,2022-02-06,TJ,Tajikistan,EURO,47,17742,0,125
44206,2022-02-13,TJ,Tajikistan,EURO,31,17773,0,125
44207,2022-02-20,TJ,Tajikistan,EURO,13,17786,0,125
44208,2022-02-27,TJ,Tajikistan,EURO,0,17786,0,125
44209,2022-03-06,TJ,Tajikistan,EURO,0,17786,0,125
44210,2022-03-13,TJ,Tajikistan,EURO,0,17786,0,125
44211,2022-03-20,TJ,Tajikistan,EURO,0,17786,0,125
44212,2022-03-27,TJ,Tajikistan,EURO,0,17786,0,125
44213,2022-04-03,TJ,Tajikistan,EURO,0,17786,0,125
44214,2022-04-10,TJ,Tajikistan,EURO,0,17786,0,125
44215,2022-04-17,TJ,Tajikistan,EURO,0,17786,0,125
44216,2022-04-24,TJ,Tajikistan,EURO,0,17786,0,125
44217,2022-05-01,TJ,Tajikistan,EURO,0,17786,0,125
44218,2022-05-08,TJ,Tajikistan,EURO,0,17786,0,125
44219,2022-05-15,TJ,Tajikistan,EURO,0,17786,0,125
44220,2022-05-22,TJ,Tajikistan,EURO,0,17786,0,125
44221,2022-05-29,TJ,Tajikistan,EURO,0,17786,0,125
44222,2022-06-05,TJ,Tajikistan,EURO,0,17786,0,125
44223,2022-06-12,TJ,Tajikistan,EURO,0,17786,0,125
44224,2022-06-19,TJ,Tajikistan,EURO,0,17786,0,125
44225,2022-06-26,TJ,Tajikistan,EURO,0,17786,0,125
44226,2022-07-03,TJ,Tajikistan,EURO,0,17786,0,125
44227,2022-07-10,TJ,Tajikistan,EURO,0,17786,0,125
44228,2022-07-17,TJ,Tajikistan,EURO,0,17786,0,125
44229,2022-07-24,TJ,Tajikistan,EURO,0,17786,0,125
44230,2022-07-31,TJ,Tajikistan,EURO,0,17786,0,125
44231,2022-08-07,TJ,Tajikistan,EURO,0,17786,0,125
44232,2022-08-14,TJ,Tajikistan,EURO,0,17786,0,125
44233,2022-08-21,TJ,Tajikistan,EURO,0,17786,0,125
44234,2022-08-28,TJ,Tajikistan,EURO,0,17786,0,125
44235,2022-09-04,TJ,Tajikistan,EURO,0,17786,0,125
44236,2022-09-11,TJ,Tajikistan,EURO,0,17786,0,125
44237,2022-09-18,TJ,Tajikistan,EURO,0,17786,0,125
44238,2022-09-25,TJ,Tajikistan,EURO,0,17786,0,125
44239,2022-10-02,TJ,Tajikistan,EURO,0,17786,0,125
44240,2022-10-09,TJ,Tajikistan,EURO,0,17786,0,125
44241,2022-10-16,TJ,Tajikistan,EURO,0,17786,0,125
44242,2022-10-23,TJ,Tajikistan,EURO,0,17786,0,125
44243,2022-10-30,TJ,Tajikistan,EURO,0,17786,0,125
44244,2022-11-06,TJ,Tajikistan,EURO,0,17786,0,125
44245,2022-11-13,TJ,Tajikistan,EURO,0,17786,0,125
44246,2022-11-20,TJ,Tajikistan,EURO,0,17786,0,125
44247,2022-11-27,TJ,Tajikistan,EURO,0,17786,0,125
44248,2022-12-04,TJ,Tajikistan,EURO,0,17786,0,125
44249,2022-12-11,TJ,Tajikistan,EURO,0,17786,0,125
44250,2022-12-18,TJ,Tajikistan,EURO,0,17786,0,125
44251,2022-12-25,TJ,Tajikistan,EURO,0,17786,0,125
44252,2023-01-01,TJ,Tajikistan,EURO,0,17786,0,125
44253,2023-01-08,TJ,Tajikistan,EURO,0,17786,0,125
44254,2023-01-15,TJ,Tajikistan,EURO,0,17786,0,125
44255,2023-01-22,TJ,Tajikistan,EURO,0,17786,0,125
44256,2023-01-29,TJ,Tajikistan,EURO,0,17786,0,125
44257,2023-02-05,TJ,Tajikistan,EURO,0,17786,0,125
44258,2023-02-12,TJ,Tajikistan,EURO,0,17786,0,125
44259,2023-02-19,TJ,Tajikistan,EURO,0,17786,0,125
44260,2023-02-26,TJ,Tajikistan,EURO,0,17786,0,125
44261,2023-03-05,TJ,Tajikistan,EURO,0,17786,0,125
44262,2023-03-12,TJ,Tajikistan,EURO,0,17786,0,125
44263,2023-03-19,TJ,Tajikistan,EURO,0,17786,0,125
44264,2023-03-26,TJ,Tajikistan,EURO,0,17786,0,125
44265,2023-04-02,TJ,Tajikistan,EURO,0,17786,0,125
44266,2023-04-09,TJ,Tajikistan,EURO,0,17786,0,125
44267,2023-04-16,TJ,Tajikistan,EURO,0,17786,0,125
44268,2023-04-23,TJ,Tajikistan,EURO,0,17786,0,125
44269,2023-04-30,TJ,Tajikistan,EURO,0,17786,0,125
44270,2023-05-07,TJ,Tajikistan,EURO,0,17786,0,125
44271,2023-05-14,TJ,Tajikistan,EURO,0,17786,0,125
44272,2023-05-21,TJ,Tajikistan,EURO,0,17786,0,125
44273,2023-05-28,TJ,Tajikistan,EURO,0,17786,0,125
44274,2023-06-04,TJ,Tajikistan,EURO,0,17786,0,125
44275,2023-06-11,TJ,Tajikistan,EURO,0,17786,0,125
44276,2023-06-18,TJ,Tajikistan,EURO,0,17786,0,125
44277,2023-06-25,TJ,Tajikistan,EURO,0,17786,0,125
44278,2023-07-02,TJ,Tajikistan,EURO,0,17786,0,125
44279,2023-07-09,TJ,Tajikistan,EURO,0,17786,0,125
44280,2023-07-16,TJ,Tajikistan,EURO,0,17786,0,125
44281,2023-07-23,TJ,Tajikistan,EURO,0,17786,0,125
44282,2023-07-30,TJ,Tajikistan,EURO,0,17786,0,125
44283,2023-08-06,TJ,Tajikistan,EURO,0,17786,0,125
44284,2023-08-13,TJ,Tajikistan,EURO,0,17786,0,125
44285,2023-08-20,TJ,Tajikistan,EURO,0,17786,0,125
44286,2023-08-27,TJ,Tajikistan,EURO,0,17786,0,125
44287,2023-09-03,TJ,Tajikistan,EURO,0,17786,0,125
44288,2023-09-10,TJ,Tajikistan,EURO,0,17786,0,125
44289,2023-09-17,TJ,Tajikistan,EURO,0,17786,0,125
44290,2023-09-24,TJ,Tajikistan,EURO,0,17786,0,125
44291,2023-10-01,TJ,Tajikistan,EURO,0,17786,0,125
44292,2023-10-08,TJ,Tajikistan,EURO,0,17786,0,125
44293,2023-10-15,TJ,Tajikistan,EURO,0,17786,0,125
44294,2023-10-22,TJ,Tajikistan,EURO,0,17786,0,125
44295,2023-10-29,TJ,Tajikistan,EURO,0,17786,0,125
44296,2023-11-05,TJ,Tajikistan,EURO,0,17786,0,125
44297,2023-11-12,TJ,Tajikistan,EURO,0,17786,0,125
44298,2023-11-19,TJ,Tajikistan,EURO,0,17786,0,125
44299,2023-11-26,TJ,Tajikistan,EURO,0,17786,0,125
44300,2023-12-03,TJ,Tajikistan,EURO,0,17786,0,125
44301,2023-12-10,TJ,Tajikistan,EURO,0,17786,0,125
44302,2023-12-17,TJ,Tajikistan,EURO,0,17786,0,125
44303,2023-12-24,TJ,Tajikistan,EURO,0,17786,0,125
44304,2020-01-05,TH,Thailand,SEARO,0,0,0,0
44305,2020-01-12,TH,Thailand,SEARO,0,0,0,0
44306,2020-01-19,TH,Thailand,SEARO,6,6,0,0
44307,2020-01-26,TH,Thailand,SEARO,-1,5,0,0
44308,2020-02-02,TH,Thailand,SEARO,18,23,0,0
44309,2020-02-09,TH,Thailand,SEARO,6,29,0,0
44310,2020-02-16,TH,Thailand,SEARO,9,38,0,0
44311,2020-02-23,TH,Thailand,SEARO,1,39,0,0
44312,2020-03-01,TH,Thailand,SEARO,7,46,1,1
44313,2020-03-08,TH,Thailand,SEARO,8,54,0,1
44314,2020-03-15,TH,Thailand,SEARO,60,114,0,1
44315,2020-03-22,TH,Thailand,SEARO,485,599,0,1
44316,2020-03-29,TH,Thailand,SEARO,789,1388,6,7
44317,2020-04-05,TH,Thailand,SEARO,781,2169,16,23
44318,2020-04-12,TH,Thailand,SEARO,382,2551,15,38
44319,2020-04-19,TH,Thailand,SEARO,214,2765,9,47
44320,2020-04-26,TH,Thailand,SEARO,157,2922,4,51
44321,2020-05-03,TH,Thailand,SEARO,47,2969,3,54
44322,2020-05-10,TH,Thailand,SEARO,40,3009,2,56
44323,2020-05-17,TH,Thailand,SEARO,19,3028,0,56
44324,2020-05-24,TH,Thailand,SEARO,12,3040,0,56
44325,2020-05-31,TH,Thailand,SEARO,41,3081,1,57
44326,2020-06-07,TH,Thailand,SEARO,31,3112,1,58
44327,2020-06-14,TH,Thailand,SEARO,23,3135,0,58
44328,2020-06-21,TH,Thailand,SEARO,13,3148,0,58
44329,2020-06-28,TH,Thailand,SEARO,14,3162,0,58
44330,2020-07-05,TH,Thailand,SEARO,28,3190,0,58
44331,2020-07-12,TH,Thailand,SEARO,27,3217,0,58
44332,2020-07-19,TH,Thailand,SEARO,32,3249,0,58
44333,2020-07-26,TH,Thailand,SEARO,42,3291,0,58
44334,2020-08-02,TH,Thailand,SEARO,26,3317,0,58
44335,2020-08-09,TH,Thailand,SEARO,34,3351,0,58
44336,2020-08-16,TH,Thailand,SEARO,26,3377,0,58
44337,2020-08-23,TH,Thailand,SEARO,18,3395,0,58
44338,2020-08-30,TH,Thailand,SEARO,16,3411,0,58
44339,2020-09-06,TH,Thailand,SEARO,33,3444,0,58
44340,2020-09-13,TH,Thailand,SEARO,29,3473,0,58
44341,2020-09-20,TH,Thailand,SEARO,33,3506,1,59
44342,2020-09-27,TH,Thailand,SEARO,17,3523,0,59
44343,2020-10-04,TH,Thailand,SEARO,62,3585,0,59
44344,2020-10-11,TH,Thailand,SEARO,51,3636,0,59
44345,2020-10-18,TH,Thailand,SEARO,50,3686,0,59
44346,2020-10-25,TH,Thailand,SEARO,50,3736,0,59
44347,2020-11-01,TH,Thailand,SEARO,48,3784,0,59
44348,2020-11-08,TH,Thailand,SEARO,53,3837,1,60
44349,2020-11-15,TH,Thailand,SEARO,37,3874,0,60
44350,2020-11-22,TH,Thailand,SEARO,39,3913,-60,0
44351,2020-11-29,TH,Thailand,SEARO,64,3977,60,60
44352,2020-12-06,TH,Thailand,SEARO,109,4086,0,60
44353,2020-12-13,TH,Thailand,SEARO,123,4209,0,60
44354,2020-12-20,TH,Thailand,SEARO,698,4907,0,60
44355,2020-12-27,TH,Thailand,SEARO,1234,6141,0,60
44356,2021-01-03,TH,Thailand,SEARO,1553,7694,4,64
44357,2021-01-10,TH,Thailand,SEARO,2604,10298,3,67
44358,2021-01-17,TH,Thailand,SEARO,1756,12054,3,70
44359,2021-01-24,TH,Thailand,SEARO,1446,13500,3,73
44360,2021-01-31,TH,Thailand,SEARO,5282,18782,4,77
44361,2021-02-07,TH,Thailand,SEARO,4589,23371,2,79
44362,2021-02-14,TH,Thailand,SEARO,1200,24571,1,80
44363,2021-02-21,TH,Thailand,SEARO,844,25415,3,83
44364,2021-02-28,TH,Thailand,SEARO,536,25951,0,83
44365,2021-03-07,TH,Thailand,SEARO,419,26370,2,85
44366,2021-03-14,TH,Thailand,SEARO,557,26927,1,86
44367,2021-03-21,TH,Thailand,SEARO,876,27803,4,90
44368,2021-03-28,TH,Thailand,SEARO,931,28734,4,94
44369,2021-04-04,TH,Thailand,SEARO,393,29127,1,95
44370,2021-04-11,TH,Thailand,SEARO,3498,32625,2,97
44371,2021-04-18,TH,Thailand,SEARO,9727,42352,4,101
44372,2021-04-25,TH,Thailand,SEARO,13108,55460,39,140
44373,2021-05-02,TH,Thailand,SEARO,13524,68984,105,245
44374,2021-05-09,TH,Thailand,SEARO,14391,83375,154,399
44375,2021-05-16,TH,Thailand,SEARO,18072,101447,190,589
44376,2021-05-23,TH,Thailand,SEARO,28053,129500,187,776
44377,2021-05-30,TH,Thailand,SEARO,24807,154307,236,1012
44378,2021-06-06,TH,Thailand,SEARO,23160,177467,224,1236
44379,2021-06-13,TH,Thailand,SEARO,18442,195909,213,1449
44380,2021-06-20,TH,Thailand,SEARO,22222,218131,180,1629
44381,2021-06-27,TH,Thailand,SEARO,26316,244447,283,1912
44382,2021-07-04,TH,Thailand,SEARO,38620,283067,314,2226
44383,2021-07-11,TH,Thailand,SEARO,53304,336371,485,2711
44384,2021-07-18,TH,Thailand,SEARO,67015,403386,630,3341
44385,2021-07-25,TH,Thailand,SEARO,93916,497302,718,4059
44386,2021-08-01,TH,Thailand,SEARO,118012,615314,931,4990
44387,2021-08-08,TH,Thailand,SEARO,141191,756505,1214,6204
44388,2021-08-15,TH,Thailand,SEARO,150652,907157,1348,7552
44389,2021-08-22,TH,Thailand,SEARO,142138,1049295,1768,9320
44390,2021-08-29,TH,Thailand,SEARO,124796,1174091,1823,11143
44391,2021-09-05,TH,Thailand,SEARO,106443,1280534,1712,12855
44392,2021-09-12,TH,Thailand,SEARO,101639,1382173,1498,14353
44393,2021-09-19,TH,Thailand,SEARO,94304,1476477,1010,15363
44394,2021-09-26,TH,Thailand,SEARO,85161,1561638,905,16268
44395,2021-10-03,TH,Thailand,SEARO,75794,1637432,746,17014
44396,2021-10-10,TH,Thailand,SEARO,73452,1710884,677,17691
44397,2021-10-17,TH,Thailand,SEARO,72817,1783701,582,18273
44398,2021-10-24,TH,Thailand,SEARO,66781,1850482,482,18755
44399,2021-10-31,TH,Thailand,SEARO,61542,1912024,450,19205
44400,2021-11-07,TH,Thailand,SEARO,55975,1967999,459,19664
44401,2021-11-14,TH,Thailand,SEARO,50411,2018410,372,20036
44402,2021-11-21,TH,Thailand,SEARO,46171,2064581,351,20387
44403,2021-11-28,TH,Thailand,SEARO,42232,2106813,320,20707
44404,2021-12-05,TH,Thailand,SEARO,34428,2141241,237,20944
44405,2021-12-12,TH,Thailand,SEARO,27405,2168646,227,21171
44406,2021-12-19,TH,Thailand,SEARO,22882,2191528,206,21377
44407,2021-12-26,TH,Thailand,SEARO,18442,2209970,203,21580
44408,2022-01-02,TH,Thailand,SEARO,19588,2229558,140,21720
44409,2022-01-09,TH,Thailand,SEARO,39992,2269550,105,21825
44410,2022-01-16,TH,Thailand,SEARO,54935,2324485,100,21925
44411,2022-01-23,TH,Thailand,SEARO,53015,2377500,107,22032
44412,2022-01-30,TH,Thailand,SEARO,55034,2432534,125,22157
44413,2022-02-06,TH,Thailand,SEARO,64467,2497001,134,22291
44414,2022-02-13,TH,Thailand,SEARO,96326,2593327,145,22436
44415,2022-02-20,TH,Thailand,SEARO,118988,2712315,188,22624
44416,2022-02-27,TH,Thailand,SEARO,157301,2869616,267,22891
44417,2022-03-06,TH,Thailand,SEARO,157079,3026695,344,23235
44418,2022-03-13,TH,Thailand,SEARO,158130,3184825,474,23709
44419,2022-03-20,TH,Thailand,SEARO,169144,3353969,537,24246
44420,2022-03-27,TH,Thailand,SEARO,175116,3529085,553,24799
44421,2022-04-03,TH,Thailand,SEARO,182510,3711595,616,25415
44422,2022-04-10,TH,Thailand,SEARO,171890,3883485,668,26083
44423,2022-04-17,TH,Thailand,SEARO,146474,4029959,799,26882
44424,2022-04-24,TH,Thailand,SEARO,135915,4165874,893,27775
44425,2022-05-01,TH,Thailand,SEARO,96610,4262484,842,28617
44426,2022-05-08,TH,Thailand,SEARO,62366,4324850,471,29088
44427,2022-05-15,TH,Thailand,SEARO,48996,4373846,384,29472
44428,2022-05-22,TH,Thailand,SEARO,37648,4411494,274,29746
44429,2022-05-29,TH,Thailand,SEARO,31154,4442648,226,29972
44430,2022-06-05,TH,Thailand,SEARO,24145,4466793,199,30171
44431,2022-06-12,TH,Thailand,SEARO,18070,4484863,163,30334
44432,2022-06-19,TH,Thailand,SEARO,14181,4499044,133,30467
44433,2022-06-26,TH,Thailand,SEARO,15111,4514155,125,30592
44434,2022-07-03,TH,Thailand,SEARO,15950,4530105,108,30700
44435,2022-07-10,TH,Thailand,SEARO,14938,4545043,135,30835
44436,2022-07-17,TH,Thailand,SEARO,13986,4559029,161,30996
44437,2022-07-24,TH,Thailand,SEARO,16824,4575853,161,31157
44438,2022-07-31,TH,Thailand,SEARO,14323,4590176,228,31385
44439,2022-08-07,TH,Thailand,SEARO,15433,4605609,211,31596
44440,2022-08-14,TH,Thailand,SEARO,14816,4620425,232,31828
44441,2022-08-21,TH,Thailand,SEARO,13755,4634180,199,32027
44442,2022-08-28,TH,Thailand,SEARO,12232,4646412,195,32222
44443,2022-09-04,TH,Thailand,SEARO,12130,4658542,178,32400
44444,2022-09-11,TH,Thailand,SEARO,9004,4667546,139,32539
44445,2022-09-18,TH,Thailand,SEARO,5841,4673387,90,32629
44446,2022-09-25,TH,Thailand,SEARO,4965,4678352,89,32718
44447,2022-10-02,TH,Thailand,SEARO,3780,4682132,53,32771
44448,2022-10-09,TH,Thailand,SEARO,2915,4685047,58,32829
44449,2022-10-16,TH,Thailand,SEARO,2234,4687281,53,32882
44450,2022-10-23,TH,Thailand,SEARO,2616,4689897,40,32922
44451,2022-10-30,TH,Thailand,SEARO,2551,4692448,33,32955
44452,2022-11-06,TH,Thailand,SEARO,2759,4695207,40,32995
44453,2022-11-13,TH,Thailand,SEARO,3166,4698373,42,33037
44454,2022-11-20,TH,Thailand,SEARO,3957,4702330,69,33106
44455,2022-11-27,TH,Thailand,SEARO,4914,4707244,74,33180
44456,2022-12-04,TH,Thailand,SEARO,4284,4711528,105,33285
44457,2022-12-11,TH,Thailand,SEARO,3961,4715489,107,33392
44458,2022-12-18,TH,Thailand,SEARO,3419,4718908,113,33505
44459,2022-12-25,TH,Thailand,SEARO,2900,4721808,89,33594
44460,2023-01-01,TH,Thailand,SEARO,2111,4723919,75,33669
44461,2023-01-08,TH,Thailand,SEARO,997,4724916,58,33727
44462,2023-01-15,TH,Thailand,SEARO,969,4725885,65,33792
44463,2023-01-22,TH,Thailand,SEARO,627,4726512,44,33836
44464,2023-01-29,TH,Thailand,SEARO,472,4726984,29,33865
44465,2023-02-05,TH,Thailand,SEARO,252,4727236,17,33882
44466,2023-02-12,TH,Thailand,SEARO,392,4727628,12,33894
44467,2023-02-19,TH,Thailand,SEARO,203,4727831,8,33902
44468,2023-02-26,TH,Thailand,SEARO,204,4728035,9,33911
44469,2023-03-05,TH,Thailand,SEARO,147,4728182,7,33918
44470,2023-03-12,TH,Thailand,SEARO,122,4728304,6,33924
44471,2023-03-19,TH,Thailand,SEARO,178,4728482,5,33929
44472,2023-03-26,TH,Thailand,SEARO,150,4728632,6,33935
44473,2023-04-02,TH,Thailand,SEARO,167,4728799,3,33938
44474,2023-04-09,TH,Thailand,SEARO,168,4728967,2,33940
44475,2023-04-16,TH,Thailand,SEARO,435,4729402,2,33942
44476,2023-04-23,TH,Thailand,SEARO,1088,4730490,5,33947
44477,2023-04-30,TH,Thailand,SEARO,1811,4732301,10,33957
44478,2023-05-07,TH,Thailand,SEARO,1699,4734000,10,33967
44479,2023-05-14,TH,Thailand,SEARO,2356,4736356,22,33989
44480,2023-05-21,TH,Thailand,SEARO,2632,4738988,64,34053
44481,2023-05-28,TH,Thailand,SEARO,2970,4741958,42,34095
44482,2023-06-04,TH,Thailand,SEARO,3085,4745043,68,34163
44483,2023-06-11,TH,Thailand,SEARO,2709,4747752,69,34232
44484,2023-06-18,TH,Thailand,SEARO,2158,4749910,60,34292
44485,2023-06-25,TH,Thailand,SEARO,1653,4751563,36,34328
44486,2023-07-02,TH,Thailand,SEARO,859,4752422,43,34371
44487,2023-07-09,TH,Thailand,SEARO,1193,4753615,25,34396
44488,2023-07-16,TH,Thailand,SEARO,613,4754228,14,34410
44489,2023-07-23,TH,Thailand,SEARO,556,4754784,8,34418
44490,2023-07-30,TH,Thailand,SEARO,391,4755175,7,34425
44491,2023-08-06,TH,Thailand,SEARO,268,4755443,12,34437
44492,2023-08-13,TH,Thailand,SEARO,318,4755761,7,34444
44493,2023-08-20,TH,Thailand,SEARO,389,4756150,9,34453
44494,2023-08-27,TH,Thailand,SEARO,256,4756406,6,34459
44495,2023-09-03,TH,Thailand,SEARO,187,4756593,6,34465
44496,2023-09-10,TH,Thailand,SEARO,244,4756837,3,34468
44497,2023-09-17,TH,Thailand,SEARO,212,4757049,3,34471
44498,2023-09-24,TH,Thailand,SEARO,234,4757283,2,34473
44499,2023-10-01,TH,Thailand,SEARO,190,4757473,1,34474
44500,2023-10-08,TH,Thailand,SEARO,131,4757604,5,34479
44501,2023-10-15,TH,Thailand,SEARO,124,4757728,3,34482
44502,2023-10-22,TH,Thailand,SEARO,191,4757919,3,34485
44503,2023-10-29,TH,Thailand,SEARO,206,4758125,2,34487
44504,2023-11-05,TH,Thailand,SEARO,304,4758429,1,34488
44505,2023-11-12,TH,Thailand,SEARO,287,4758716,1,34489
44506,2023-11-19,TH,Thailand,SEARO,390,4759106,1,34490
44507,2023-11-26,TH,Thailand,SEARO,480,4759586,2,34492
44508,2023-12-03,TH,Thailand,SEARO,536,4760122,3,34495
44509,2023-12-10,TH,Thailand,SEARO,590,4760712,5,34500
44510,2023-12-17,TH,Thailand,SEARO,514,4761226,6,34506
44511,2023-12-24,TH,Thailand,SEARO,555,4761781,8,34514
44512,2020-01-05,GB,United Kingdom of Great Britain and Northern Ireland,EURO,0,0,0,0
44513,2020-01-12,GB,United Kingdom of Great Britain and Northern Ireland,EURO,0,0,0,0
44514,2020-01-19,GB,United Kingdom of Great Britain and Northern Ireland,EURO,0,0,0,0
44515,2020-01-26,GB,United Kingdom of Great Britain and Northern Ireland,EURO,0,0,0,0
44516,2020-02-02,GB,United Kingdom of Great Britain and Northern Ireland,EURO,1,1,1,1
44517,2020-02-09,GB,United Kingdom of Great Britain and Northern Ireland,EURO,20,21,1,2
44518,2020-02-16,GB,United Kingdom of Great Britain and Northern Ireland,EURO,11,32,0,2
44519,2020-02-23,GB,United Kingdom of Great Britain and Northern Ireland,EURO,3,35,0,2
44520,2020-03-01,GB,United Kingdom of Great Britain and Northern Ireland,EURO,33,68,1,3
44521,2020-03-08,GB,United Kingdom of Great Britain and Northern Ireland,EURO,311,379,6,9
44522,2020-03-15,GB,United Kingdom of Great Britain and Northern Ireland,EURO,1901,2280,46,55
44523,2020-03-22,GB,United Kingdom of Great Britain and Northern Ireland,EURO,5455,7735,429,484
44524,2020-03-29,GB,United Kingdom of Great Britain and Northern Ireland,EURO,16046,23781,2005,2489
44525,2020-04-05,GB,United Kingdom of Great Britain and Northern Ireland,EURO,28818,52599,5622,8111
44526,2020-04-12,GB,United Kingdom of Great Britain and Northern Ireland,EURO,32630,85229,8974,17085
44527,2020-04-19,GB,United Kingdom of Great Britain and Northern Ireland,EURO,30969,116198,9082,26167
44528,2020-04-26,GB,United Kingdom of Great Britain and Northern Ireland,EURO,33506,149704,7693,33860
44529,2020-05-03,GB,United Kingdom of Great Britain and Northern Ireland,EURO,31851,181555,5860,39720
44530,2020-05-10,GB,United Kingdom of Great Britain and Northern Ireland,EURO,24027,205582,4508,44228
44531,2020-05-17,GB,United Kingdom of Great Britain and Northern Ireland,EURO,20019,225601,3240,47468
44532,2020-05-24,GB,United Kingdom of Great Britain and Northern Ireland,EURO,16906,242507,2569,50037
44533,2020-05-31,GB,United Kingdom of Great Britain and Northern Ireland,EURO,11713,254220,1966,52003
44534,2020-06-07,GB,United Kingdom of Great Britain and Northern Ireland,EURO,8884,263104,1416,53419
44535,2020-06-14,GB,United Kingdom of Great Britain and Northern Ireland,EURO,7052,270156,1034,54453
44536,2020-06-21,GB,United Kingdom of Great Britain and Northern Ireland,EURO,6892,277048,746,55199
44537,2020-06-28,GB,United Kingdom of Great Britain and Northern Ireland,EURO,5270,282318,635,55834
44538,2020-07-05,GB,United Kingdom of Great Britain and Northern Ireland,EURO,4275,286593,456,56290
44539,2020-07-12,GB,United Kingdom of Great Britain and Northern Ireland,EURO,4283,290876,353,56643
44540,2020-07-19,GB,United Kingdom of Great Britain and Northern Ireland,EURO,4340,295216,253,56896
44541,2020-07-26,GB,United Kingdom of Great Britain and Northern Ireland,EURO,4969,300185,206,57102
44542,2020-08-02,GB,United Kingdom of Great Britain and Northern Ireland,EURO,5524,305709,175,57277
44543,2020-08-09,GB,United Kingdom of Great Britain and Northern Ireland,EURO,6418,312127,145,57422
44544,2020-08-16,GB,United Kingdom of Great Britain and Northern Ireland,EURO,7797,319924,151,57573
44545,2020-08-23,GB,United Kingdom of Great Britain and Northern Ireland,EURO,7728,327652,113,57686
44546,2020-08-30,GB,United Kingdom of Great Britain and Northern Ireland,EURO,8854,336506,100,57786
44547,2020-09-06,GB,United Kingdom of Great Britain and Northern Ireland,EURO,15523,352029,87,57873
44548,2020-09-13,GB,United Kingdom of Great Britain and Northern Ireland,EURO,22634,374663,116,57989
44549,2020-09-20,GB,United Kingdom of Great Britain and Northern Ireland,EURO,25850,400513,189,58178
44550,2020-09-27,GB,United Kingdom of Great Britain and Northern Ireland,EURO,44393,444906,266,58444
44551,2020-10-04,GB,United Kingdom of Great Britain and Northern Ireland,EURO,74110,519016,412,58856
44552,2020-10-11,GB,United Kingdom of Great Britain and Northern Ireland,EURO,110514,629530,588,59444
44553,2020-10-18,GB,United Kingdom of Great Britain and Northern Ireland,EURO,120078,749608,910,60354
44554,2020-10-25,GB,United Kingdom of Great Britain and Northern Ireland,EURO,151561,901169,1455,61809
44555,2020-11-01,GB,United Kingdom of Great Britain and Northern Ireland,EURO,153892,1055061,1994,63803
44556,2020-11-08,GB,United Kingdom of Great Britain and Northern Ireland,EURO,162260,1217321,2558,66361
44557,2020-11-15,GB,United Kingdom of Great Britain and Northern Ireland,EURO,175280,1392601,3039,69400
44558,2020-11-22,GB,United Kingdom of Great Britain and Northern Ireland,EURO,141113,1533714,3296,72696
44559,2020-11-29,GB,United Kingdom of Great Britain and Northern Ireland,EURO,106260,1639974,3432,76128
44560,2020-12-06,GB,United Kingdom of Great Britain and Northern Ireland,EURO,105190,1745164,3287,79415
44561,2020-12-13,GB,United Kingdom of Great Britain and Northern Ireland,EURO,138488,1883652,3216,82631
44562,2020-12-20,GB,United Kingdom of Great Britain and Northern Ireland,EURO,217712,2101364,3617,86248
44563,2020-12-27,GB,United Kingdom of Great Britain and Northern Ireland,EURO,243069,2344433,4227,90475
44564,2021-01-03,GB,United Kingdom of Great Britain and Northern Ireland,EURO,377718,2722151,5231,95706
44565,2021-01-10,GB,United Kingdom of Great Britain and Northern Ireland,EURO,422675,3144826,6625,102331
44566,2021-01-17,GB,United Kingdom of Great Britain and Northern Ireland,EURO,317881,3462707,8794,111125
44567,2021-01-24,GB,United Kingdom of Great Britain and Northern Ireland,EURO,246142,3708849,9723,120848
44568,2021-01-31,GB,United Kingdom of Great Britain and Northern Ireland,EURO,171875,3880724,8572,129420
44569,2021-02-07,GB,United Kingdom of Great Britain and Northern Ireland,EURO,130901,4011625,6655,136075
44570,2021-02-14,GB,United Kingdom of Great Britain and Northern Ireland,EURO,94014,4105639,5060,141135
44571,2021-02-21,GB,United Kingdom of Great Britain and Northern Ireland,EURO,80167,4185806,3864,144999
44572,2021-02-28,GB,United Kingdom of Great Britain and Northern Ireland,EURO,61484,4247290,2644,147643
44573,2021-03-07,GB,United Kingdom of Great Britain and Northern Ireland,EURO,41508,4288798,1801,149444
44574,2021-03-14,GB,United Kingdom of Great Britain and Northern Ireland,EURO,40316,4329114,1256,150700
44575,2021-03-21,GB,United Kingdom of Great Britain and Northern Ireland,EURO,38162,4367276,857,151557
44576,2021-03-28,GB,United Kingdom of Great Britain and Northern Ireland,EURO,37987,4405263,654,152211
44577,2021-04-04,GB,United Kingdom of Great Britain and Northern Ireland,EURO,27123,4432386,428,152639
44578,2021-04-11,GB,United Kingdom of Great Britain and Northern Ireland,EURO,20330,4452716,330,152969
44579,2021-04-18,GB,United Kingdom of Great Britain and Northern Ireland,EURO,17336,4470052,279,153248
44580,2021-04-25,GB,United Kingdom of Great Britain and Northern Ireland,EURO,16722,4486774,228,153476
44581,2021-05-02,GB,United Kingdom of Great Britain and Northern Ireland,EURO,15041,4501815,151,153627
44582,2021-05-09,GB,United Kingdom of Great Britain and Northern Ireland,EURO,14468,4516283,124,153751
44583,2021-05-16,GB,United Kingdom of Great Britain and Northern Ireland,EURO,15509,4531792,104,153855
44584,2021-05-23,GB,United Kingdom of Great Britain and Northern Ireland,EURO,16918,4548710,82,153937
44585,2021-05-30,GB,United Kingdom of Great Britain and Northern Ireland,EURO,22380,4571090,83,154020
44586,2021-06-06,GB,United Kingdom of Great Britain and Northern Ireland,EURO,33779,4604869,84,154104
44587,2021-06-13,GB,United Kingdom of Great Britain and Northern Ireland,EURO,49979,4654848,87,154191
44588,2021-06-20,GB,United Kingdom of Great Britain and Northern Ireland,EURO,67059,4721907,100,154291
44589,2021-06-27,GB,United Kingdom of Great Britain and Northern Ireland,EURO,107478,4829385,133,154424
44590,2021-07-04,GB,United Kingdom of Great Britain and Northern Ireland,EURO,175476,5004861,168,154592
44591,2021-07-11,GB,United Kingdom of Great Britain and Northern Ireland,EURO,225580,5230441,253,154845
44592,2021-07-18,GB,United Kingdom of Great Britain and Northern Ireland,EURO,323274,5553715,328,155173
44593,2021-07-25,GB,United Kingdom of Great Britain and Northern Ireland,EURO,257101,5810816,515,155688
44594,2021-08-01,GB,United Kingdom of Great Britain and Northern Ireland,EURO,188020,5998836,573,156261
44595,2021-08-08,GB,United Kingdom of Great Britain and Northern Ireland,EURO,193901,6192737,651,156912
44596,2021-08-15,GB,United Kingdom of Great Britain and Northern Ireland,EURO,203157,6395894,650,157562
44597,2021-08-22,GB,United Kingdom of Great Britain and Northern Ireland,EURO,232682,6628576,738,158300
44598,2021-08-29,GB,United Kingdom of Great Britain and Northern Ireland,EURO,244811,6873387,852,159152
44599,2021-09-05,GB,United Kingdom of Great Britain and Northern Ireland,EURO,258216,7131603,921,160073
44600,2021-09-12,GB,United Kingdom of Great Britain and Northern Ireland,EURO,246171,7377774,1103,161176
44601,2021-09-19,GB,United Kingdom of Great Britain and Northern Ireland,EURO,203289,7581063,1088,162264
44602,2021-09-26,GB,United Kingdom of Great Britain and Northern Ireland,EURO,242060,7823123,1018,163282
44603,2021-10-03,GB,United Kingdom of Great Britain and Northern Ireland,EURO,235286,8058409,895,164177
44604,2021-10-10,GB,United Kingdom of Great Britain and Northern Ireland,EURO,254728,8313137,840,165017
44605,2021-10-17,GB,United Kingdom of Great Britain and Northern Ireland,EURO,305103,8618240,947,165964
44606,2021-10-24,GB,United Kingdom of Great Britain and Northern Ireland,EURO,329421,8947661,1040,167004
44607,2021-10-31,GB,United Kingdom of Great Britain and Northern Ireland,EURO,285143,9232804,1227,168231
44608,2021-11-07,GB,United Kingdom of Great Britain and Northern Ireland,EURO,251477,9484281,1234,169465
44609,2021-11-14,GB,United Kingdom of Great Britain and Northern Ireland,EURO,266098,9750379,1119,170584
44610,2021-11-21,GB,United Kingdom of Great Britain and Northern Ireland,EURO,295358,10045737,1023,171607
44611,2021-11-28,GB,United Kingdom of Great Britain and Northern Ireland,EURO,301042,10346779,940,172547
44612,2021-12-05,GB,United Kingdom of Great Britain and Northern Ireland,EURO,335799,10682578,941,173488
44613,2021-12-12,GB,United Kingdom of Great Britain and Northern Ireland,EURO,364101,11046679,940,174428
44614,2021-12-19,GB,United Kingdom of Great Britain and Northern Ireland,EURO,606364,11653043,876,175304
44615,2021-12-26,GB,United Kingdom of Great Britain and Northern Ireland,EURO,921736,12574779,855,176159
44616,2022-01-02,GB,United Kingdom of Great Britain and Northern Ireland,EURO,1292071,13866850,985,177144
44617,2022-01-09,GB,United Kingdom of Great Britain and Northern Ireland,EURO,1320332,15187182,1360,178504
44618,2022-01-16,GB,United Kingdom of Great Britain and Northern Ireland,EURO,723565,15910747,1648,180152
44619,2022-01-23,GB,United Kingdom of Great Britain and Northern Ireland,EURO,730232,16640979,1650,181802
44620,2022-01-30,GB,United Kingdom of Great Britain and Northern Ireland,EURO,713559,17354538,1482,183284
44621,2022-02-06,GB,United Kingdom of Great Britain and Northern Ireland,EURO,588540,17943078,1324,184608
44622,2022-02-13,GB,United Kingdom of Great Britain and Northern Ireland,EURO,420192,18363270,1037,185645
44623,2022-02-20,GB,United Kingdom of Great Britain and Northern Ireland,EURO,316060,18679330,947,186592
44624,2022-02-27,GB,United Kingdom of Great Britain and Northern Ireland,EURO,251631,18930961,845,187437
44625,2022-03-06,GB,United Kingdom of Great Britain and Northern Ireland,EURO,277241,19208202,796,188233
44626,2022-03-13,GB,United Kingdom of Great Britain and Northern Ireland,EURO,437488,19645690,778,189011
44627,2022-03-20,GB,United Kingdom of Great Britain and Northern Ireland,EURO,581248,20226938,951,189962
44628,2022-03-27,GB,United Kingdom of Great Britain and Northern Ireland,EURO,606372,20833310,1176,191138
44629,2022-04-03,GB,United Kingdom of Great Britain and Northern Ireland,EURO,478671,21311981,1272,192410
44630,2022-04-10,GB,United Kingdom of Great Britain and Northern Ireland,EURO,299046,21611027,1426,193836
44631,2022-04-17,GB,United Kingdom of Great Britain and Northern Ireland,EURO,209920,21820947,1340,195176
44632,2022-04-24,GB,United Kingdom of Great Britain and Northern Ireland,EURO,146688,21967635,1137,196313
44633,2022-05-01,GB,United Kingdom of Great Britain and Northern Ireland,EURO,94269,22061904,904,197217
44634,2022-05-08,GB,United Kingdom of Great Britain and Northern Ireland,EURO,73460,22135364,712,197929
44635,2022-05-15,GB,United Kingdom of Great Britain and Northern Ireland,EURO,60338,22195702,592,198521
44636,2022-05-22,GB,United Kingdom of Great Britain and Northern Ireland,EURO,52075,22247777,441,198962
44637,2022-05-29,GB,United Kingdom of Great Britain and Northern Ireland,EURO,42463,22290240,346,199308
44638,2022-06-05,GB,United Kingdom of Great Britain and Northern Ireland,EURO,44731,22334971,266,199574
44639,2022-06-12,GB,United Kingdom of Great Britain and Northern Ireland,EURO,74352,22409323,258,199832
44640,2022-06-19,GB,United Kingdom of Great Britain and Northern Ireland,EURO,96164,22505487,299,200131
44641,2022-06-26,GB,United Kingdom of Great Britain and Northern Ireland,EURO,130271,22635758,380,200511
44642,2022-07-03,GB,United Kingdom of Great Britain and Northern Ireland,EURO,160214,22795972,513,201024
44643,2022-07-10,GB,United Kingdom of Great Britain and Northern Ireland,EURO,195623,22991595,679,201703
44644,2022-07-17,GB,United Kingdom of Great Britain and Northern Ireland,EURO,166429,23158024,873,202576
44645,2022-07-24,GB,United Kingdom of Great Britain and Northern Ireland,EURO,110346,23268370,1067,203643
44646,2022-07-31,GB,United Kingdom of Great Britain and Northern Ireland,EURO,74614,23342984,852,204495
44647,2022-08-07,GB,United Kingdom of Great Britain and Northern Ireland,EURO,56953,23399937,649,205144
44648,2022-08-14,GB,United Kingdom of Great Britain and Northern Ireland,EURO,45624,23445561,636,205780
44649,2022-08-21,GB,United Kingdom of Great Britain and Northern Ireland,EURO,35449,23481010,530,206310
44650,2022-08-28,GB,United Kingdom of Great Britain and Northern Ireland,EURO,29390,23510400,425,206735
44651,2022-09-04,GB,United Kingdom of Great Britain and Northern Ireland,EURO,29213,23539613,383,207118
44652,2022-09-11,GB,United Kingdom of Great Britain and Northern Ireland,EURO,28943,23568556,324,207442
44653,2022-09-18,GB,United Kingdom of Great Britain and Northern Ireland,EURO,31812,23600368,305,207747
44654,2022-09-25,GB,United Kingdom of Great Britain and Northern Ireland,EURO,42707,23643075,320,208067
44655,2022-10-02,GB,United Kingdom of Great Britain and Northern Ireland,EURO,53755,23696830,417,208484
44656,2022-10-09,GB,United Kingdom of Great Britain and Northern Ireland,EURO,67496,23764326,617,209101
44657,2022-10-16,GB,United Kingdom of Great Britain and Northern Ireland,EURO,60442,23824768,751,209852
44658,2022-10-23,GB,United Kingdom of Great Britain and Northern Ireland,EURO,52930,23877698,778,210630
44659,2022-10-30,GB,United Kingdom of Great Britain and Northern Ireland,EURO,37668,23915366,725,211355
44660,2022-11-06,GB,United Kingdom of Great Britain and Northern Ireland,EURO,28331,23943697,625,211980
44661,2022-11-13,GB,United Kingdom of Great Britain and Northern Ireland,EURO,23756,23967453,471,212451
44662,2022-11-20,GB,United Kingdom of Great Britain and Northern Ireland,EURO,21872,23989325,398,212849
44663,2022-11-27,GB,United Kingdom of Great Britain and Northern Ireland,EURO,22911,24012236,387,213236
44664,2022-12-04,GB,United Kingdom of Great Britain and Northern Ireland,EURO,26105,24038341,374,213610
44665,2022-12-11,GB,United Kingdom of Great Britain and Northern Ireland,EURO,31048,24069389,450,214060
44666,2022-12-18,GB,United Kingdom of Great Britain and Northern Ireland,EURO,41009,24110398,522,214582
44667,2022-12-25,GB,United Kingdom of Great Britain and Northern Ireland,EURO,48639,24159037,763,215345
44668,2023-01-01,GB,United Kingdom of Great Britain and Northern Ireland,EURO,41644,24200681,971,216316
44669,2023-01-08,GB,United Kingdom of Great Britain and Northern Ireland,EURO,33390,24234071,951,217267
44670,2023-01-15,GB,United Kingdom of Great Britain and Northern Ireland,EURO,19533,24253604,817,218084
44671,2023-01-22,GB,United Kingdom of Great Britain and Northern Ireland,EURO,14136,24267740,679,218763
44672,2023-01-29,GB,United Kingdom of Great Britain and Northern Ireland,EURO,16501,24284241,529,219292
44673,2023-02-05,GB,United Kingdom of Great Britain and Northern Ireland,EURO,21190,24305431,493,219785
44674,2023-02-12,GB,United Kingdom of Great Britain and Northern Ireland,EURO,23225,24328656,475,220260
44675,2023-02-19,GB,United Kingdom of Great Britain and Northern Ireland,EURO,27956,24356612,495,220755
44676,2023-02-26,GB,United Kingdom of Great Britain and Northern Ireland,EURO,27843,24384455,519,221274
44677,2023-03-05,GB,United Kingdom of Great Britain and Northern Ireland,EURO,27238,24411693,582,221856
44678,2023-03-12,GB,United Kingdom of Great Britain and Northern Ireland,EURO,29418,24441111,665,222521
44679,2023-03-19,GB,United Kingdom of Great Britain and Northern Ireland,EURO,33341,24474452,713,223234
44680,2023-03-26,GB,United Kingdom of Great Britain and Northern Ireland,EURO,31649,24506101,739,223973
44681,2023-04-02,GB,United Kingdom of Great Britain and Northern Ireland,EURO,25172,24531273,691,224664
44682,2023-04-09,GB,United Kingdom of Great Britain and Northern Ireland,EURO,16894,24548167,605,225269
44683,2023-04-16,GB,United Kingdom of Great Britain and Northern Ireland,EURO,14917,24563084,550,225819
44684,2023-04-23,GB,United Kingdom of Great Britain and Northern Ireland,EURO,12823,24575907,520,226339
44685,2023-04-30,GB,United Kingdom of Great Britain and Northern Ireland,EURO,11492,24587399,406,226745
44686,2023-05-07,GB,United Kingdom of Great Britain and Northern Ireland,EURO,11103,24598502,354,227099
44687,2023-05-14,GB,United Kingdom of Great Britain and Northern Ireland,EURO,8978,24607480,320,227419
44688,2023-05-21,GB,United Kingdom of Great Britain and Northern Ireland,EURO,7493,24614973,277,227696
44689,2023-05-28,GB,United Kingdom of Great Britain and Northern Ireland,EURO,6759,24621732,236,227932
44690,2023-06-04,GB,United Kingdom of Great Britain and Northern Ireland,EURO,5261,24626993,199,228131
44691,2023-06-11,GB,United Kingdom of Great Britain and Northern Ireland,EURO,4895,24631888,171,228302
44692,2023-06-18,GB,United Kingdom of Great Britain and Northern Ireland,EURO,3620,24635508,187,228489
44693,2023-06-25,GB,United Kingdom of Great Britain and Northern Ireland,EURO,2804,24638312,115,228604
44694,2023-07-02,GB,United Kingdom of Great Britain and Northern Ireland,EURO,2194,24640506,103,228707
44695,2023-07-09,GB,United Kingdom of Great Britain and Northern Ireland,EURO,2455,24642961,75,228782
44696,2023-07-16,GB,United Kingdom of Great Britain and Northern Ireland,EURO,3114,24646075,65,228847
44697,2023-07-23,GB,United Kingdom of Great Britain and Northern Ireland,EURO,3618,24649693,65,228912
44698,2023-07-30,GB,United Kingdom of Great Britain and Northern Ireland,EURO,4677,24654370,84,228996
44699,2023-08-06,GB,United Kingdom of Great Britain and Northern Ireland,EURO,6313,24660683,103,229099
44700,2023-08-13,GB,United Kingdom of Great Britain and Northern Ireland,EURO,7777,24668460,141,229240
44701,2023-08-20,GB,United Kingdom of Great Britain and Northern Ireland,EURO,8546,24677006,206,229446
44702,2023-08-27,GB,United Kingdom of Great Britain and Northern Ireland,EURO,8988,24685994,228,229674
44703,2023-09-03,GB,United Kingdom of Great Britain and Northern Ireland,EURO,10471,24696465,197,229871
44704,2023-09-10,GB,United Kingdom of Great Britain and Northern Ireland,EURO,13933,24710398,287,230158
44705,2023-09-17,GB,United Kingdom of Great Britain and Northern Ireland,EURO,12273,24722671,303,230461
44706,2023-09-24,GB,United Kingdom of Great Britain and Northern Ireland,EURO,13562,24736233,266,230727
44707,2023-10-01,GB,United Kingdom of Great Britain and Northern Ireland,EURO,17422,24753655,289,231016
44708,2023-10-08,GB,United Kingdom of Great Britain and Northern Ireland,EURO,17083,24770738,344,231360
44709,2023-10-15,GB,United Kingdom of Great Britain and Northern Ireland,EURO,13260,24783998,364,231724
44710,2023-10-22,GB,United Kingdom of Great Britain and Northern Ireland,EURO,9271,24793269,388,232112
44711,2023-10-29,GB,United Kingdom of Great Britain and Northern Ireland,EURO,7325,24800594,0,232112
44712,2023-11-05,GB,United Kingdom of Great Britain and Northern Ireland,EURO,6088,24806682,0,232112
44713,2023-11-12,GB,United Kingdom of Great Britain and Northern Ireland,EURO,4139,24810821,0,232112
44714,2023-11-19,GB,United Kingdom of Great Britain and Northern Ireland,EURO,1761,24812582,0,232112
44715,2023-11-26,GB,United Kingdom of Great Britain and Northern Ireland,EURO,0,24812582,0,232112
44716,2023-12-03,GB,United Kingdom of Great Britain and Northern Ireland,EURO,0,24812582,0,232112
44717,2023-12-10,GB,United Kingdom of Great Britain and Northern Ireland,EURO,0,24812582,0,232112
44718,2023-12-17,GB,United Kingdom of Great Britain and Northern Ireland,EURO,0,24812582,0,232112
44719,2023-12-24,GB,United Kingdom of Great Britain and Northern Ireland,EURO,0,24812582,0,232112
44720,2020-01-05,TL,Timor-Leste,SEARO,0,0,0,0
44721,2020-01-12,TL,Timor-Leste,SEARO,0,0,0,0
44722,2020-01-19,TL,Timor-Leste,SEARO,0,0,0,0
44723,2020-01-26,TL,Timor-Leste,SEARO,0,0,0,0
44724,2020-02-02,TL,Timor-Leste,SEARO,0,0,0,0
44725,2020-02-09,TL,Timor-Leste,SEARO,0,0,0,0
44726,2020-02-16,TL,Timor-Leste,SEARO,0,0,0,0
44727,2020-02-23,TL,Timor-Leste,SEARO,0,0,0,0
44728,2020-03-01,TL,Timor-Leste,SEARO,0,0,0,0
44729,2020-03-08,TL,Timor-Leste,SEARO,0,0,0,0
44730,2020-03-15,TL,Timor-Leste,SEARO,0,0,0,0
44731,2020-03-22,TL,Timor-Leste,SEARO,1,1,0,0
44732,2020-03-29,TL,Timor-Leste,SEARO,0,1,0,0
44733,2020-04-05,TL,Timor-Leste,SEARO,0,1,0,0
44734,2020-04-12,TL,Timor-Leste,SEARO,1,2,0,0
44735,2020-04-19,TL,Timor-Leste,SEARO,17,19,0,0
44736,2020-04-26,TL,Timor-Leste,SEARO,5,24,0,0
44737,2020-05-03,TL,Timor-Leste,SEARO,0,24,0,0
44738,2020-05-10,TL,Timor-Leste,SEARO,0,24,0,0
44739,2020-05-17,TL,Timor-Leste,SEARO,0,24,0,0
44740,2020-05-24,TL,Timor-Leste,SEARO,0,24,0,0
44741,2020-05-31,TL,Timor-Leste,SEARO,0,24,0,0
44742,2020-06-07,TL,Timor-Leste,SEARO,0,24,0,0
44743,2020-06-14,TL,Timor-Leste,SEARO,0,24,0,0
44744,2020-06-21,TL,Timor-Leste,SEARO,0,24,0,0
44745,2020-06-28,TL,Timor-Leste,SEARO,0,24,0,0
44746,2020-07-05,TL,Timor-Leste,SEARO,0,24,0,0
44747,2020-07-12,TL,Timor-Leste,SEARO,0,24,0,0
44748,2020-07-19,TL,Timor-Leste,SEARO,0,24,0,0
44749,2020-07-26,TL,Timor-Leste,SEARO,0,24,0,0
44750,2020-08-02,TL,Timor-Leste,SEARO,0,24,0,0
44751,2020-08-09,TL,Timor-Leste,SEARO,1,25,0,0
44752,2020-08-16,TL,Timor-Leste,SEARO,0,25,0,0
44753,2020-08-23,TL,Timor-Leste,SEARO,1,26,0,0
44754,2020-08-30,TL,Timor-Leste,SEARO,1,27,0,0
44755,2020-09-06,TL,Timor-Leste,SEARO,0,27,0,0
44756,2020-09-13,TL,Timor-Leste,SEARO,0,27,0,0
44757,2020-09-20,TL,Timor-Leste,SEARO,0,27,0,0
44758,2020-09-27,TL,Timor-Leste,SEARO,0,27,0,0
44759,2020-10-04,TL,Timor-Leste,SEARO,1,28,0,0
44760,2020-10-11,TL,Timor-Leste,SEARO,1,29,0,0
44761,2020-10-18,TL,Timor-Leste,SEARO,0,29,0,0
44762,2020-10-25,TL,Timor-Leste,SEARO,0,29,0,0
44763,2020-11-01,TL,Timor-Leste,SEARO,1,30,0,0
44764,2020-11-08,TL,Timor-Leste,SEARO,0,30,0,0
44765,2020-11-15,TL,Timor-Leste,SEARO,0,30,0,0
44766,2020-11-22,TL,Timor-Leste,SEARO,0,30,0,0
44767,2020-11-29,TL,Timor-Leste,SEARO,0,30,0,0
44768,2020-12-06,TL,Timor-Leste,SEARO,1,31,0,0
44769,2020-12-13,TL,Timor-Leste,SEARO,0,31,0,0
44770,2020-12-20,TL,Timor-Leste,SEARO,0,31,0,0
44771,2020-12-27,TL,Timor-Leste,SEARO,10,41,0,0
44772,2021-01-03,TL,Timor-Leste,SEARO,3,44,0,0
44773,2021-01-10,TL,Timor-Leste,SEARO,5,49,0,0
44774,2021-01-17,TL,Timor-Leste,SEARO,3,52,0,0
44775,2021-01-24,TL,Timor-Leste,SEARO,15,67,0,0
44776,2021-01-31,TL,Timor-Leste,SEARO,3,70,0,0
44777,2021-02-07,TL,Timor-Leste,SEARO,10,80,0,0
44778,2021-02-14,TL,Timor-Leste,SEARO,22,102,0,0
44779,2021-02-21,TL,Timor-Leste,SEARO,1,103,0,0
44780,2021-02-28,TL,Timor-Leste,SEARO,10,113,0,0
44781,2021-03-07,TL,Timor-Leste,SEARO,9,122,0,0
44782,2021-03-14,TL,Timor-Leste,SEARO,74,196,0,0
44783,2021-03-21,TL,Timor-Leste,SEARO,130,326,0,0
44784,2021-03-28,TL,Timor-Leste,SEARO,165,491,0,0
44785,2021-04-04,TL,Timor-Leste,SEARO,223,714,0,0
44786,2021-04-11,TL,Timor-Leste,SEARO,332,1046,1,1
44787,2021-04-18,TL,Timor-Leste,SEARO,260,1306,1,2
44788,2021-04-25,TL,Timor-Leste,SEARO,591,1897,1,3
44789,2021-05-02,TL,Timor-Leste,SEARO,547,2444,1,4
44790,2021-05-09,TL,Timor-Leste,SEARO,783,3227,1,5
44791,2021-05-16,TL,Timor-Leste,SEARO,1231,4458,5,10
44792,2021-05-23,TL,Timor-Leste,SEARO,1179,5637,3,13
44793,2021-05-30,TL,Timor-Leste,SEARO,1260,6897,3,16
44794,2021-06-06,TL,Timor-Leste,SEARO,843,7740,1,17
44795,2021-06-13,TL,Timor-Leste,SEARO,545,8285,1,18
44796,2021-06-20,TL,Timor-Leste,SEARO,422,8707,1,19
44797,2021-06-27,TL,Timor-Leste,SEARO,328,9035,2,21
44798,2021-07-04,TL,Timor-Leste,SEARO,441,9476,3,24
44799,2021-07-11,TL,Timor-Leste,SEARO,347,9823,1,25
44800,2021-07-18,TL,Timor-Leste,SEARO,305,10128,1,26
44801,2021-07-25,TL,Timor-Leste,SEARO,220,10348,0,26
44802,2021-08-01,TL,Timor-Leste,SEARO,618,10966,0,26
44803,2021-08-08,TL,Timor-Leste,SEARO,563,11529,1,27
44804,2021-08-15,TL,Timor-Leste,SEARO,1036,12565,3,30
44805,2021-08-22,TL,Timor-Leste,SEARO,1651,14216,18,48
44806,2021-08-29,TL,Timor-Leste,SEARO,2186,16402,14,62
44807,2021-09-05,TL,Timor-Leste,SEARO,1216,17618,18,80
44808,2021-09-12,TL,Timor-Leste,SEARO,897,18515,15,95
44809,2021-09-19,TL,Timor-Leste,SEARO,518,19033,9,104
44810,2021-09-26,TL,Timor-Leste,SEARO,349,19382,9,113
44811,2021-10-03,TL,Timor-Leste,SEARO,200,19582,5,118
44812,2021-10-10,TL,Timor-Leste,SEARO,91,19673,1,119
44813,2021-10-17,TL,Timor-Leste,SEARO,41,19714,0,119
44814,2021-10-24,TL,Timor-Leste,SEARO,56,19770,2,121
44815,2021-10-31,TL,Timor-Leste,SEARO,20,19790,1,122
44816,2021-11-07,TL,Timor-Leste,SEARO,9,19799,0,122
44817,2021-11-14,TL,Timor-Leste,SEARO,10,19809,0,122
44818,2021-11-21,TL,Timor-Leste,SEARO,10,19819,0,122
44819,2021-11-28,TL,Timor-Leste,SEARO,3,19822,0,122
44820,2021-12-05,TL,Timor-Leste,SEARO,6,19828,0,122
44821,2021-12-12,TL,Timor-Leste,SEARO,1,19829,0,122
44822,2021-12-19,TL,Timor-Leste,SEARO,4,19833,0,122
44823,2021-12-26,TL,Timor-Leste,SEARO,0,19833,0,122
44824,2022-01-02,TL,Timor-Leste,SEARO,6,19839,0,122
44825,2022-01-09,TL,Timor-Leste,SEARO,17,19856,0,122
44826,2022-01-16,TL,Timor-Leste,SEARO,7,19863,0,122
44827,2022-01-23,TL,Timor-Leste,SEARO,5,19868,0,122
44828,2022-01-30,TL,Timor-Leste,SEARO,69,19937,0,122
44829,2022-02-06,TL,Timor-Leste,SEARO,466,20403,0,122
44830,2022-02-13,TL,Timor-Leste,SEARO,1228,21631,2,124
44831,2022-02-20,TL,Timor-Leste,SEARO,727,22358,1,125
44832,2022-02-27,TL,Timor-Leste,SEARO,310,22668,3,128
44833,2022-03-06,TL,Timor-Leste,SEARO,91,22759,1,129
44834,2022-03-13,TL,Timor-Leste,SEARO,32,22791,0,129
44835,2022-03-20,TL,Timor-Leste,SEARO,14,22805,1,130
44836,2022-03-27,TL,Timor-Leste,SEARO,16,22821,0,130
44837,2022-04-03,TL,Timor-Leste,SEARO,11,22832,0,130
44838,2022-04-10,TL,Timor-Leste,SEARO,10,22842,0,130
44839,2022-04-17,TL,Timor-Leste,SEARO,11,22853,0,130
44840,2022-04-24,TL,Timor-Leste,SEARO,7,22860,0,130
44841,2022-05-01,TL,Timor-Leste,SEARO,11,22871,0,130
44842,2022-05-08,TL,Timor-Leste,SEARO,14,22885,0,130
44843,2022-05-15,TL,Timor-Leste,SEARO,4,22889,1,131
44844,2022-05-22,TL,Timor-Leste,SEARO,6,22895,0,131
44845,2022-05-29,TL,Timor-Leste,SEARO,17,22912,0,131
44846,2022-06-05,TL,Timor-Leste,SEARO,13,22925,0,131
44847,2022-06-12,TL,Timor-Leste,SEARO,8,22933,2,133
44848,2022-06-19,TL,Timor-Leste,SEARO,11,22944,0,133
44849,2022-06-26,TL,Timor-Leste,SEARO,7,22951,0,133
44850,2022-07-03,TL,Timor-Leste,SEARO,8,22959,0,133
44851,2022-07-10,TL,Timor-Leste,SEARO,12,22971,0,133
44852,2022-07-17,TL,Timor-Leste,SEARO,7,22978,0,133
44853,2022-07-24,TL,Timor-Leste,SEARO,8,22986,0,133
44854,2022-07-31,TL,Timor-Leste,SEARO,18,23004,0,133
44855,2022-08-07,TL,Timor-Leste,SEARO,35,23039,1,134
44856,2022-08-14,TL,Timor-Leste,SEARO,44,23083,1,135
44857,2022-08-21,TL,Timor-Leste,SEARO,33,23116,0,135
44858,2022-08-28,TL,Timor-Leste,SEARO,44,23160,2,137
44859,2022-09-04,TL,Timor-Leste,SEARO,25,23185,1,138
44860,2022-09-11,TL,Timor-Leste,SEARO,33,23218,0,138
44861,2022-09-18,TL,Timor-Leste,SEARO,21,23239,0,138
44862,2022-09-25,TL,Timor-Leste,SEARO,14,23253,0,138
44863,2022-10-02,TL,Timor-Leste,SEARO,4,23257,0,138
44864,2022-10-09,TL,Timor-Leste,SEARO,14,23271,0,138
44865,2022-10-16,TL,Timor-Leste,SEARO,16,23287,0,138
44866,2022-10-23,TL,Timor-Leste,SEARO,12,23299,0,138
44867,2022-10-30,TL,Timor-Leste,SEARO,2,23301,0,138
44868,2022-11-06,TL,Timor-Leste,SEARO,4,23305,0,138
44869,2022-11-13,TL,Timor-Leste,SEARO,9,23314,0,138
44870,2022-11-20,TL,Timor-Leste,SEARO,13,23327,0,138
44871,2022-11-27,TL,Timor-Leste,SEARO,11,23338,0,138
44872,2022-12-04,TL,Timor-Leste,SEARO,17,23355,0,138
44873,2022-12-11,TL,Timor-Leste,SEARO,14,23369,0,138
44874,2022-12-18,TL,Timor-Leste,SEARO,16,23385,0,138
44875,2022-12-25,TL,Timor-Leste,SEARO,3,23388,0,138
44876,2023-01-01,TL,Timor-Leste,SEARO,9,23397,0,138
44877,2023-01-08,TL,Timor-Leste,SEARO,6,23403,0,138
44878,2023-01-15,TL,Timor-Leste,SEARO,2,23405,0,138
44879,2023-01-22,TL,Timor-Leste,SEARO,5,23410,0,138
44880,2023-01-29,TL,Timor-Leste,SEARO,4,23414,0,138
44881,2023-02-05,TL,Timor-Leste,SEARO,2,23416,0,138
44882,2023-02-12,TL,Timor-Leste,SEARO,1,23417,0,138
44883,2023-02-19,TL,Timor-Leste,SEARO,1,23418,0,138
44884,2023-02-26,TL,Timor-Leste,SEARO,0,23418,0,138
44885,2023-03-05,TL,Timor-Leste,SEARO,1,23419,0,138
44886,2023-03-12,TL,Timor-Leste,SEARO,0,23419,0,138
44887,2023-03-19,TL,Timor-Leste,SEARO,2,23421,0,138
44888,2023-03-26,TL,Timor-Leste,SEARO,2,23423,0,138
44889,2023-04-02,TL,Timor-Leste,SEARO,0,23423,0,138
44890,2023-04-09,TL,Timor-Leste,SEARO,0,23423,0,138
44891,2023-04-16,TL,Timor-Leste,SEARO,2,23425,0,138
44892,2023-04-23,TL,Timor-Leste,SEARO,2,23427,0,138
44893,2023-04-30,TL,Timor-Leste,SEARO,1,23428,0,138
44894,2023-05-07,TL,Timor-Leste,SEARO,3,23431,0,138
44895,2023-05-14,TL,Timor-Leste,SEARO,11,23442,0,138
44896,2023-05-21,TL,Timor-Leste,SEARO,1,23443,0,138
44897,2023-05-28,TL,Timor-Leste,SEARO,5,23448,0,138
44898,2023-06-04,TL,Timor-Leste,SEARO,2,23450,0,138
44899,2023-06-11,TL,Timor-Leste,SEARO,6,23456,0,138
44900,2023-06-18,TL,Timor-Leste,SEARO,0,23456,0,138
44901,2023-06-25,TL,Timor-Leste,SEARO,1,23457,0,138
44902,2023-07-02,TL,Timor-Leste,SEARO,0,23457,0,138
44903,2023-07-09,TL,Timor-Leste,SEARO,1,23458,0,138
44904,2023-07-16,TL,Timor-Leste,SEARO,2,23460,0,138
44905,2023-07-23,TL,Timor-Leste,SEARO,0,23460,0,138
44906,2023-07-30,TL,Timor-Leste,SEARO,0,23460,0,138
44907,2023-08-06,TL,Timor-Leste,SEARO,0,23460,0,138
44908,2023-08-13,TL,Timor-Leste,SEARO,0,23460,0,138
44909,2023-08-20,TL,Timor-Leste,SEARO,0,23460,0,138
44910,2023-08-27,TL,Timor-Leste,SEARO,0,23460,0,138
44911,2023-09-03,TL,Timor-Leste,SEARO,0,23460,0,138
44912,2023-09-10,TL,Timor-Leste,SEARO,0,23460,0,138
44913,2023-09-17,TL,Timor-Leste,SEARO,0,23460,0,138
44914,2023-09-24,TL,Timor-Leste,SEARO,0,23460,0,138
44915,2023-10-01,TL,Timor-Leste,SEARO,0,23460,0,138
44916,2023-10-08,TL,Timor-Leste,SEARO,0,23460,0,138
44917,2023-10-15,TL,Timor-Leste,SEARO,0,23460,0,138
44918,2023-10-22,TL,Timor-Leste,SEARO,0,23460,0,138
44919,2023-10-29,TL,Timor-Leste,SEARO,0,23460,0,138
44920,2023-11-05,TL,Timor-Leste,SEARO,0,23460,0,138
44921,2023-11-12,TL,Timor-Leste,SEARO,0,23460,0,138
44922,2023-11-19,TL,Timor-Leste,SEARO,0,23460,0,138
44923,2023-11-26,TL,Timor-Leste,SEARO,0,23460,0,138
44924,2023-12-03,TL,Timor-Leste,SEARO,0,23460,0,138
44925,2023-12-10,TL,Timor-Leste,SEARO,0,23460,0,138
44926,2023-12-17,TL,Timor-Leste,SEARO,0,23460,0,138
44927,2023-12-24,TL,Timor-Leste,SEARO,0,23460,0,138
44928,2020-01-05,TG,Togo,AFRO,0,0,0,0
44929,2020-01-12,TG,Togo,AFRO,0,0,0,0
44930,2020-01-19,TG,Togo,AFRO,0,0,0,0
44931,2020-01-26,TG,Togo,AFRO,0,0,0,0
44932,2020-02-02,TG,Togo,AFRO,0,0,0,0
44933,2020-02-09,TG,Togo,AFRO,0,0,0,0
44934,2020-02-16,TG,Togo,AFRO,0,0,0,0
44935,2020-02-23,TG,Togo,AFRO,0,0,0,0
44936,2020-03-01,TG,Togo,AFRO,0,0,0,0
44937,2020-03-08,TG,Togo,AFRO,1,1,0,0
44938,2020-03-15,TG,Togo,AFRO,0,1,0,0
44939,2020-03-22,TG,Togo,AFRO,14,15,0,0
44940,2020-03-29,TG,Togo,AFRO,13,28,1,1
44941,2020-04-05,TG,Togo,AFRO,13,41,2,3
44942,2020-04-12,TG,Togo,AFRO,35,76,0,3
44943,2020-04-19,TG,Togo,AFRO,8,84,2,5
44944,2020-04-26,TG,Togo,AFRO,12,96,1,6
44945,2020-05-03,TG,Togo,AFRO,27,123,3,9
44946,2020-05-10,TG,Togo,AFRO,50,173,2,11
44947,2020-05-17,TG,Togo,AFRO,125,298,0,11
44948,2020-05-24,TG,Togo,AFRO,75,373,1,12
44949,2020-05-31,TG,Togo,AFRO,60,433,1,13
44950,2020-06-07,TG,Togo,AFRO,54,487,0,13
44951,2020-06-14,TG,Togo,AFRO,38,525,0,13
44952,2020-06-21,TG,Togo,AFRO,36,561,0,13
44953,2020-06-28,TG,Togo,AFRO,54,615,1,14
44954,2020-07-05,TG,Togo,AFRO,61,676,0,14
44955,2020-07-12,TG,Togo,AFRO,42,718,1,15
44956,2020-07-19,TG,Togo,AFRO,56,774,0,15
44957,2020-07-26,TG,Togo,AFRO,79,853,2,17
44958,2020-08-02,TG,Togo,AFRO,105,958,2,19
44959,2020-08-09,TG,Togo,AFRO,88,1046,3,22
44960,2020-08-16,TG,Togo,AFRO,85,1131,5,27
44961,2020-08-23,TG,Togo,AFRO,144,1275,0,27
44962,2020-08-30,TG,Togo,AFRO,115,1390,0,27
44963,2020-09-06,TG,Togo,AFRO,84,1474,5,32
44964,2020-09-13,TG,Togo,AFRO,81,1555,5,37
44965,2020-09-20,TG,Togo,AFRO,104,1659,4,41
44966,2020-09-27,TG,Togo,AFRO,77,1736,5,46
44967,2020-10-04,TG,Togo,AFRO,104,1840,2,48
44968,2020-10-11,TG,Togo,AFRO,95,1935,1,49
44969,2020-10-18,TG,Togo,AFRO,114,2049,2,51
44970,2020-10-25,TG,Togo,AFRO,138,2187,1,52
44971,2020-11-01,TG,Togo,AFRO,144,2331,5,57
44972,2020-11-08,TG,Togo,AFRO,152,2483,0,57
44973,2020-11-15,TG,Togo,AFRO,168,2651,3,60
44974,2020-11-22,TG,Togo,AFRO,178,2829,4,64
44975,2020-11-29,TG,Togo,AFRO,117,2946,0,64
44976,2020-12-06,TG,Togo,AFRO,139,3085,1,65
44977,2020-12-13,TG,Togo,AFRO,136,3221,1,66
44978,2020-12-20,TG,Togo,AFRO,175,3396,0,66
44979,2020-12-27,TG,Togo,AFRO,159,3555,2,68
44980,2021-01-03,TG,Togo,AFRO,128,3683,0,68
44981,2021-01-10,TG,Togo,AFRO,249,3932,4,72
44982,2021-01-17,TG,Togo,AFRO,340,4272,1,73
44983,2021-01-24,TG,Togo,AFRO,364,4636,1,74
44984,2021-01-31,TG,Togo,AFRO,405,5041,3,77
44985,2021-02-07,TG,Togo,AFRO,395,5436,2,79
44986,2021-02-14,TG,Togo,AFRO,387,5823,1,80
44987,2021-02-21,TG,Togo,AFRO,445,6268,1,81
44988,2021-02-28,TG,Togo,AFRO,583,6851,2,83
44989,2021-03-07,TG,Togo,AFRO,670,7521,7,90
44990,2021-03-14,TG,Togo,AFRO,549,8070,5,95
44991,2021-03-21,TG,Togo,AFRO,769,8839,7,102
44992,2021-03-28,TG,Togo,AFRO,988,9827,5,107
44993,2021-04-04,TG,Togo,AFRO,1237,11064,3,110
44994,2021-04-11,TG,Togo,AFRO,883,11947,6,116
44995,2021-04-18,TG,Togo,AFRO,549,12496,3,119
44996,2021-04-25,TG,Togo,AFRO,291,12787,2,121
44997,2021-05-02,TG,Togo,AFRO,205,12992,2,123
44998,2021-05-09,TG,Togo,AFRO,149,13141,1,124
44999,2021-05-16,TG,Togo,AFRO,103,13244,1,125
45000,2021-05-23,TG,Togo,AFRO,119,13363,0,125
45001,2021-05-30,TG,Togo,AFRO,84,13447,0,125
45002,2021-06-06,TG,Togo,AFRO,86,13533,0,125
45003,2021-06-13,TG,Togo,AFRO,87,13620,1,126
45004,2021-06-20,TG,Togo,AFRO,95,13715,1,127
45005,2021-06-27,TG,Togo,AFRO,101,13816,1,128
45006,2021-07-04,TG,Togo,AFRO,223,14039,2,130
45007,2021-07-11,TG,Togo,AFRO,193,14232,3,133
45008,2021-07-18,TG,Togo,AFRO,370,14602,4,137
45009,2021-07-25,TG,Togo,AFRO,470,15072,6,143
45010,2021-08-01,TG,Togo,AFRO,726,15798,9,152
45011,2021-08-08,TG,Togo,AFRO,930,16728,5,157
45012,2021-08-15,TG,Togo,AFRO,1118,17846,8,165
45013,2021-08-22,TG,Togo,AFRO,1645,19491,7,172
45014,2021-08-29,TG,Togo,AFRO,1546,21037,8,180
45015,2021-09-05,TG,Togo,AFRO,1407,22444,14,194
45016,2021-09-12,TG,Togo,AFRO,1174,23618,11,205
45017,2021-09-19,TG,Togo,AFRO,901,24519,8,213
45018,2021-09-26,TG,Togo,AFRO,644,25163,9,222
45019,2021-10-03,TG,Togo,AFRO,372,25535,11,233
45020,2021-10-10,TG,Togo,AFRO,225,25760,2,235
45021,2021-10-17,TG,Togo,AFRO,126,25886,3,238
45022,2021-10-24,TG,Togo,AFRO,103,25989,4,242
45023,2021-10-31,TG,Togo,AFRO,79,26068,0,242
45024,2021-11-07,TG,Togo,AFRO,46,26114,1,243
45025,2021-11-14,TG,Togo,AFRO,38,26152,0,243
45026,2021-11-21,TG,Togo,AFRO,53,26205,0,243
45027,2021-11-28,TG,Togo,AFRO,38,26243,0,243
45028,2021-12-05,TG,Togo,AFRO,48,26291,0,243
45029,2021-12-12,TG,Togo,AFRO,98,26389,0,243
45030,2021-12-19,TG,Togo,AFRO,213,26602,1,244
45031,2021-12-26,TG,Togo,AFRO,1390,27992,2,246
45032,2022-01-02,TG,Togo,AFRO,3173,31165,2,248
45033,2022-01-09,TG,Togo,AFRO,2750,33915,5,253
45034,2022-01-16,TG,Togo,AFRO,1936,35851,8,261
45035,2022-01-23,TG,Togo,AFRO,429,36280,5,266
45036,2022-01-30,TG,Togo,AFRO,207,36487,2,268
45037,2022-02-06,TG,Togo,AFRO,70,36557,0,268
45038,2022-02-13,TG,Togo,AFRO,77,36634,2,270
45039,2022-02-20,TG,Togo,AFRO,90,36724,1,271
45040,2022-02-27,TG,Togo,AFRO,74,36798,1,272
45041,2022-03-06,TG,Togo,AFRO,23,36821,0,272
45042,2022-03-13,TG,Togo,AFRO,29,36850,0,272
45043,2022-03-20,TG,Togo,AFRO,28,36878,0,272
45044,2022-03-27,TG,Togo,AFRO,33,36911,0,272
45045,2022-04-03,TG,Togo,AFRO,32,36943,0,272
45046,2022-04-10,TG,Togo,AFRO,14,36957,0,272
45047,2022-04-17,TG,Togo,AFRO,6,36963,1,273
45048,2022-04-24,TG,Togo,AFRO,14,36977,0,273
45049,2022-05-01,TG,Togo,AFRO,12,36989,0,273
45050,2022-05-08,TG,Togo,AFRO,11,37000,0,273
45051,2022-05-15,TG,Togo,AFRO,23,37023,0,273
45052,2022-05-22,TG,Togo,AFRO,21,37044,0,273
45053,2022-05-29,TG,Togo,AFRO,35,37079,0,273
45054,2022-06-05,TG,Togo,AFRO,47,37126,0,273
45055,2022-06-12,TG,Togo,AFRO,63,37189,0,273
45056,2022-06-19,TG,Togo,AFRO,58,37247,0,273
45057,2022-06-26,TG,Togo,AFRO,81,37328,2,275
45058,2022-07-03,TG,Togo,AFRO,140,37468,0,275
45059,2022-07-10,TG,Togo,AFRO,140,37608,0,275
45060,2022-07-17,TG,Togo,AFRO,190,37798,0,275
45061,2022-07-24,TG,Togo,AFRO,158,37956,1,276
45062,2022-07-31,TG,Togo,AFRO,128,38084,4,280
45063,2022-08-07,TG,Togo,AFRO,108,38192,1,281
45064,2022-08-14,TG,Togo,AFRO,93,38285,0,281
45065,2022-08-21,TG,Togo,AFRO,70,38355,1,282
45066,2022-08-28,TG,Togo,AFRO,82,38437,0,282
45067,2022-09-04,TG,Togo,AFRO,102,38539,1,283
45068,2022-09-11,TG,Togo,AFRO,100,38639,1,284
45069,2022-09-18,TG,Togo,AFRO,128,38767,0,284
45070,2022-09-25,TG,Togo,AFRO,196,38963,0,284
45071,2022-10-02,TG,Togo,AFRO,123,39086,1,285
45072,2022-10-09,TG,Togo,AFRO,103,39189,1,286
45073,2022-10-16,TG,Togo,AFRO,63,39252,1,287
45074,2022-10-23,TG,Togo,AFRO,32,39284,2,289
45075,2022-10-30,TG,Togo,AFRO,14,39298,1,290
45076,2022-11-06,TG,Togo,AFRO,13,39311,0,290
45077,2022-11-13,TG,Togo,AFRO,8,39319,0,290
45078,2022-11-20,TG,Togo,AFRO,4,39323,0,290
45079,2022-11-27,TG,Togo,AFRO,3,39326,0,290
45080,2022-12-04,TG,Togo,AFRO,6,39332,0,290
45081,2022-12-11,TG,Togo,AFRO,5,39337,0,290
45082,2022-12-18,TG,Togo,AFRO,2,39339,0,290
45083,2022-12-25,TG,Togo,AFRO,2,39341,0,290
45084,2023-01-01,TG,Togo,AFRO,3,39344,0,290
45085,2023-01-08,TG,Togo,AFRO,5,39349,0,290
45086,2023-01-15,TG,Togo,AFRO,2,39351,0,290
45087,2023-01-22,TG,Togo,AFRO,2,39353,0,290
45088,2023-01-29,TG,Togo,AFRO,1,39354,0,290
45089,2023-02-05,TG,Togo,AFRO,2,39356,0,290
45090,2023-02-12,TG,Togo,AFRO,6,39362,0,290
45091,2023-02-19,TG,Togo,AFRO,5,39367,0,290
45092,2023-02-26,TG,Togo,AFRO,8,39375,0,290
45093,2023-03-05,TG,Togo,AFRO,17,39392,0,290
45094,2023-03-12,TG,Togo,AFRO,15,39407,0,290
45095,2023-03-19,TG,Togo,AFRO,14,39421,0,290
45096,2023-03-26,TG,Togo,AFRO,20,39441,0,290
45097,2023-04-02,TG,Togo,AFRO,17,39458,0,290
45098,2023-04-09,TG,Togo,AFRO,10,39468,0,290
45099,2023-04-16,TG,Togo,AFRO,3,39471,0,290
45100,2023-04-23,TG,Togo,AFRO,5,39476,0,290
45101,2023-04-30,TG,Togo,AFRO,10,39486,0,290
45102,2023-05-07,TG,Togo,AFRO,4,39490,0,290
45103,2023-05-14,TG,Togo,AFRO,1,39491,0,290
45104,2023-05-21,TG,Togo,AFRO,5,39496,0,290
45105,2023-05-28,TG,Togo,AFRO,3,39499,0,290
45106,2023-06-04,TG,Togo,AFRO,0,39499,0,290
45107,2023-06-11,TG,Togo,AFRO,1,39500,0,290
45108,2023-06-18,TG,Togo,AFRO,3,39503,0,290
45109,2023-06-25,TG,Togo,AFRO,1,39504,0,290
45110,2023-07-02,TG,Togo,AFRO,2,39506,0,290
45111,2023-07-09,TG,Togo,AFRO,0,39506,0,290
45112,2023-07-16,TG,Togo,AFRO,1,39507,0,290
45113,2023-07-23,TG,Togo,AFRO,3,39510,0,290
45114,2023-07-30,TG,Togo,AFRO,0,39510,0,290
45115,2023-08-06,TG,Togo,AFRO,1,39511,0,290
45116,2023-08-13,TG,Togo,AFRO,2,39513,0,290
45117,2023-08-20,TG,Togo,AFRO,0,39513,0,290
45118,2023-08-27,TG,Togo,AFRO,1,39514,0,290
45119,2023-09-03,TG,Togo,AFRO,0,39514,0,290
45120,2023-09-10,TG,Togo,AFRO,0,39514,0,290
45121,2023-09-17,TG,Togo,AFRO,2,39516,0,290
45122,2023-09-24,TG,Togo,AFRO,2,39518,0,290
45123,2023-10-01,TG,Togo,AFRO,4,39522,0,290
45124,2023-10-08,TG,Togo,AFRO,2,39524,0,290
45125,2023-10-15,TG,Togo,AFRO,1,39525,0,290
45126,2023-10-22,TG,Togo,AFRO,2,39527,0,290
45127,2023-10-29,TG,Togo,AFRO,0,39527,0,290
45128,2023-11-05,TG,Togo,AFRO,0,39527,0,290
45129,2023-11-12,TG,Togo,AFRO,0,39527,0,290
45130,2023-11-19,TG,Togo,AFRO,0,39527,0,290
45131,2023-11-26,TG,Togo,AFRO,0,39527,0,290
45132,2023-12-03,TG,Togo,AFRO,0,39527,0,290
45133,2023-12-10,TG,Togo,AFRO,0,39527,0,290
45134,2023-12-17,TG,Togo,AFRO,0,39527,0,290
45135,2023-12-24,TG,Togo,AFRO,0,39527,0,290
45136,2020-01-05,TK,Tokelau,WPRO,0,0,0,0
45137,2020-01-12,TK,Tokelau,WPRO,0,0,0,0
45138,2020-01-19,TK,Tokelau,WPRO,0,0,0,0
45139,2020-01-26,TK,Tokelau,WPRO,0,0,0,0
45140,2020-02-02,TK,Tokelau,WPRO,0,0,0,0
45141,2020-02-09,TK,Tokelau,WPRO,0,0,0,0
45142,2020-02-16,TK,Tokelau,WPRO,0,0,0,0
45143,2020-02-23,TK,Tokelau,WPRO,0,0,0,0
45144,2020-03-01,TK,Tokelau,WPRO,0,0,0,0
45145,2020-03-08,TK,Tokelau,WPRO,0,0,0,0
45146,2020-03-15,TK,Tokelau,WPRO,0,0,0,0
45147,2020-03-22,TK,Tokelau,WPRO,0,0,0,0
45148,2020-03-29,TK,Tokelau,WPRO,0,0,0,0
45149,2020-04-05,TK,Tokelau,WPRO,0,0,0,0
45150,2020-04-12,TK,Tokelau,WPRO,0,0,0,0
45151,2020-04-19,TK,Tokelau,WPRO,0,0,0,0
45152,2020-04-26,TK,Tokelau,WPRO,0,0,0,0
45153,2020-05-03,TK,Tokelau,WPRO,0,0,0,0
45154,2020-05-10,TK,Tokelau,WPRO,0,0,0,0
45155,2020-05-17,TK,Tokelau,WPRO,0,0,0,0
45156,2020-05-24,TK,Tokelau,WPRO,0,0,0,0
45157,2020-05-31,TK,Tokelau,WPRO,0,0,0,0
45158,2020-06-07,TK,Tokelau,WPRO,0,0,0,0
45159,2020-06-14,TK,Tokelau,WPRO,0,0,0,0
45160,2020-06-21,TK,Tokelau,WPRO,0,0,0,0
45161,2020-06-28,TK,Tokelau,WPRO,0,0,0,0
45162,2020-07-05,TK,Tokelau,WPRO,0,0,0,0
45163,2020-07-12,TK,Tokelau,WPRO,0,0,0,0
45164,2020-07-19,TK,Tokelau,WPRO,0,0,0,0
45165,2020-07-26,TK,Tokelau,WPRO,0,0,0,0
45166,2020-08-02,TK,Tokelau,WPRO,0,0,0,0
45167,2020-08-09,TK,Tokelau,WPRO,0,0,0,0
45168,2020-08-16,TK,Tokelau,WPRO,0,0,0,0
45169,2020-08-23,TK,Tokelau,WPRO,0,0,0,0
45170,2020-08-30,TK,Tokelau,WPRO,0,0,0,0
45171,2020-09-06,TK,Tokelau,WPRO,0,0,0,0
45172,2020-09-13,TK,Tokelau,WPRO,0,0,0,0
45173,2020-09-20,TK,Tokelau,WPRO,0,0,0,0
45174,2020-09-27,TK,Tokelau,WPRO,0,0,0,0
45175,2020-10-04,TK,Tokelau,WPRO,0,0,0,0
45176,2020-10-11,TK,Tokelau,WPRO,0,0,0,0
45177,2020-10-18,TK,Tokelau,WPRO,0,0,0,0
45178,2020-10-25,TK,Tokelau,WPRO,0,0,0,0
45179,2020-11-01,TK,Tokelau,WPRO,0,0,0,0
45180,2020-11-08,TK,Tokelau,WPRO,0,0,0,0
45181,2020-11-15,TK,Tokelau,WPRO,0,0,0,0
45182,2020-11-22,TK,Tokelau,WPRO,0,0,0,0
45183,2020-11-29,TK,Tokelau,WPRO,0,0,0,0
45184,2020-12-06,TK,Tokelau,WPRO,0,0,0,0
45185,2020-12-13,TK,Tokelau,WPRO,0,0,0,0
45186,2020-12-20,TK,Tokelau,WPRO,0,0,0,0
45187,2020-12-27,TK,Tokelau,WPRO,0,0,0,0
45188,2021-01-03,TK,Tokelau,WPRO,0,0,0,0
45189,2021-01-10,TK,Tokelau,WPRO,0,0,0,0
45190,2021-01-17,TK,Tokelau,WPRO,0,0,0,0
45191,2021-01-24,TK,Tokelau,WPRO,0,0,0,0
45192,2021-01-31,TK,Tokelau,WPRO,0,0,0,0
45193,2021-02-07,TK,Tokelau,WPRO,0,0,0,0
45194,2021-02-14,TK,Tokelau,WPRO,0,0,0,0
45195,2021-02-21,TK,Tokelau,WPRO,0,0,0,0
45196,2021-02-28,TK,Tokelau,WPRO,0,0,0,0
45197,2021-03-07,TK,Tokelau,WPRO,0,0,0,0
45198,2021-03-14,TK,Tokelau,WPRO,0,0,0,0
45199,2021-03-21,TK,Tokelau,WPRO,0,0,0,0
45200,2021-03-28,TK,Tokelau,WPRO,0,0,0,0
45201,2021-04-04,TK,Tokelau,WPRO,0,0,0,0
45202,2021-04-11,TK,Tokelau,WPRO,0,0,0,0
45203,2021-04-18,TK,Tokelau,WPRO,0,0,0,0
45204,2021-04-25,TK,Tokelau,WPRO,0,0,0,0
45205,2021-05-02,TK,Tokelau,WPRO,0,0,0,0
45206,2021-05-09,TK,Tokelau,WPRO,0,0,0,0
45207,2021-05-16,TK,Tokelau,WPRO,0,0,0,0
45208,2021-05-23,TK,Tokelau,WPRO,0,0,0,0
45209,2021-05-30,TK,Tokelau,WPRO,0,0,0,0
45210,2021-06-06,TK,Tokelau,WPRO,0,0,0,0
45211,2021-06-13,TK,Tokelau,WPRO,0,0,0,0
45212,2021-06-20,TK,Tokelau,WPRO,0,0,0,0
45213,2021-06-27,TK,Tokelau,WPRO,0,0,0,0
45214,2021-07-04,TK,Tokelau,WPRO,0,0,0,0
45215,2021-07-11,TK,Tokelau,WPRO,0,0,0,0
45216,2021-07-18,TK,Tokelau,WPRO,0,0,0,0
45217,2021-07-25,TK,Tokelau,WPRO,0,0,0,0
45218,2021-08-01,TK,Tokelau,WPRO,0,0,0,0
45219,2021-08-08,TK,Tokelau,WPRO,0,0,0,0
45220,2021-08-15,TK,Tokelau,WPRO,0,0,0,0
45221,2021-08-22,TK,Tokelau,WPRO,0,0,0,0
45222,2021-08-29,TK,Tokelau,WPRO,0,0,0,0
45223,2021-09-05,TK,Tokelau,WPRO,0,0,0,0
45224,2021-09-12,TK,Tokelau,WPRO,0,0,0,0
45225,2021-09-19,TK,Tokelau,WPRO,0,0,0,0
45226,2021-09-26,TK,Tokelau,WPRO,0,0,0,0
45227,2021-10-03,TK,Tokelau,WPRO,0,0,0,0
45228,2021-10-10,TK,Tokelau,WPRO,0,0,0,0
45229,2021-10-17,TK,Tokelau,WPRO,0,0,0,0
45230,2021-10-24,TK,Tokelau,WPRO,0,0,0,0
45231,2021-10-31,TK,Tokelau,WPRO,0,0,0,0
45232,2021-11-07,TK,Tokelau,WPRO,0,0,0,0
45233,2021-11-14,TK,Tokelau,WPRO,0,0,0,0
45234,2021-11-21,TK,Tokelau,WPRO,0,0,0,0
45235,2021-11-28,TK,Tokelau,WPRO,0,0,0,0
45236,2021-12-05,TK,Tokelau,WPRO,0,0,0,0
45237,2021-12-12,TK,Tokelau,WPRO,0,0,0,0
45238,2021-12-19,TK,Tokelau,WPRO,0,0,0,0
45239,2021-12-26,TK,Tokelau,WPRO,0,0,0,0
45240,2022-01-02,TK,Tokelau,WPRO,0,0,0,0
45241,2022-01-09,TK,Tokelau,WPRO,0,0,0,0
45242,2022-01-16,TK,Tokelau,WPRO,0,0,0,0
45243,2022-01-23,TK,Tokelau,WPRO,0,0,0,0
45244,2022-01-30,TK,Tokelau,WPRO,0,0,0,0
45245,2022-02-06,TK,Tokelau,WPRO,0,0,0,0
45246,2022-02-13,TK,Tokelau,WPRO,0,0,0,0
45247,2022-02-20,TK,Tokelau,WPRO,0,0,0,0
45248,2022-02-27,TK,Tokelau,WPRO,0,0,0,0
45249,2022-03-06,TK,Tokelau,WPRO,0,0,0,0
45250,2022-03-13,TK,Tokelau,WPRO,0,0,0,0
45251,2022-03-20,TK,Tokelau,WPRO,0,0,0,0
45252,2022-03-27,TK,Tokelau,WPRO,0,0,0,0
45253,2022-04-03,TK,Tokelau,WPRO,0,0,0,0
45254,2022-04-10,TK,Tokelau,WPRO,0,0,0,0
45255,2022-04-17,TK,Tokelau,WPRO,0,0,0,0
45256,2022-04-24,TK,Tokelau,WPRO,0,0,0,0
45257,2022-05-01,TK,Tokelau,WPRO,0,0,0,0
45258,2022-05-08,TK,Tokelau,WPRO,0,0,0,0
45259,2022-05-15,TK,Tokelau,WPRO,0,0,0,0
45260,2022-05-22,TK,Tokelau,WPRO,0,0,0,0
45261,2022-05-29,TK,Tokelau,WPRO,0,0,0,0
45262,2022-06-05,TK,Tokelau,WPRO,0,0,0,0
45263,2022-06-12,TK,Tokelau,WPRO,0,0,0,0
45264,2022-06-19,TK,Tokelau,WPRO,0,0,0,0
45265,2022-06-26,TK,Tokelau,WPRO,0,0,0,0
45266,2022-07-03,TK,Tokelau,WPRO,0,0,0,0
45267,2022-07-10,TK,Tokelau,WPRO,0,0,0,0
45268,2022-07-17,TK,Tokelau,WPRO,0,0,0,0
45269,2022-07-24,TK,Tokelau,WPRO,0,0,0,0
45270,2022-07-31,TK,Tokelau,WPRO,0,0,0,0
45271,2022-08-07,TK,Tokelau,WPRO,0,0,0,0
45272,2022-08-14,TK,Tokelau,WPRO,0,0,0,0
45273,2022-08-21,TK,Tokelau,WPRO,0,0,0,0
45274,2022-08-28,TK,Tokelau,WPRO,0,0,0,0
45275,2022-09-04,TK,Tokelau,WPRO,0,0,0,0
45276,2022-09-11,TK,Tokelau,WPRO,0,0,0,0
45277,2022-09-18,TK,Tokelau,WPRO,0,0,0,0
45278,2022-09-25,TK,Tokelau,WPRO,0,0,0,0
45279,2022-10-02,TK,Tokelau,WPRO,0,0,0,0
45280,2022-10-09,TK,Tokelau,WPRO,0,0,0,0
45281,2022-10-16,TK,Tokelau,WPRO,0,0,0,0
45282,2022-10-23,TK,Tokelau,WPRO,0,0,0,0
45283,2022-10-30,TK,Tokelau,WPRO,0,0,0,0
45284,2022-11-06,TK,Tokelau,WPRO,0,0,0,0
45285,2022-11-13,TK,Tokelau,WPRO,0,0,0,0
45286,2022-11-20,TK,Tokelau,WPRO,0,0,0,0
45287,2022-11-27,TK,Tokelau,WPRO,0,0,0,0
45288,2022-12-04,TK,Tokelau,WPRO,0,0,0,0
45289,2022-12-11,TK,Tokelau,WPRO,0,0,0,0
45290,2022-12-18,TK,Tokelau,WPRO,5,5,0,0
45291,2022-12-25,TK,Tokelau,WPRO,0,5,0,0
45292,2023-01-01,TK,Tokelau,WPRO,0,5,0,0
45293,2023-01-08,TK,Tokelau,WPRO,0,5,0,0
45294,2023-01-15,TK,Tokelau,WPRO,0,5,0,0
45295,2023-01-22,TK,Tokelau,WPRO,0,5,0,0
45296,2023-01-29,TK,Tokelau,WPRO,0,5,0,0
45297,2023-02-05,TK,Tokelau,WPRO,0,5,0,0
45298,2023-02-12,TK,Tokelau,WPRO,0,5,0,0
45299,2023-02-19,TK,Tokelau,WPRO,0,5,0,0
45300,2023-02-26,TK,Tokelau,WPRO,0,5,0,0
45301,2023-03-05,TK,Tokelau,WPRO,0,5,0,0
45302,2023-03-12,TK,Tokelau,WPRO,0,5,0,0
45303,2023-03-19,TK,Tokelau,WPRO,0,5,0,0
45304,2023-03-26,TK,Tokelau,WPRO,0,5,0,0
45305,2023-04-02,TK,Tokelau,WPRO,0,5,0,0
45306,2023-04-09,TK,Tokelau,WPRO,0,5,0,0
45307,2023-04-16,TK,Tokelau,WPRO,0,5,0,0
45308,2023-04-23,TK,Tokelau,WPRO,0,5,0,0
45309,2023-04-30,TK,Tokelau,WPRO,0,5,0,0
45310,2023-05-07,TK,Tokelau,WPRO,0,5,0,0
45311,2023-05-14,TK,Tokelau,WPRO,0,5,0,0
45312,2023-05-21,TK,Tokelau,WPRO,0,5,0,0
45313,2023-05-28,TK,Tokelau,WPRO,0,5,0,0
45314,2023-06-04,TK,Tokelau,WPRO,0,5,0,0
45315,2023-06-11,TK,Tokelau,WPRO,0,5,0,0
45316,2023-06-18,TK,Tokelau,WPRO,0,5,0,0
45317,2023-06-25,TK,Tokelau,WPRO,14,19,0,0
45318,2023-07-02,TK,Tokelau,WPRO,4,23,0,0
45319,2023-07-09,TK,Tokelau,WPRO,18,41,0,0
45320,2023-07-16,TK,Tokelau,WPRO,39,80,0,0
45321,2023-07-23,TK,Tokelau,WPRO,0,80,0,0
45322,2023-07-30,TK,Tokelau,WPRO,0,80,0,0
45323,2023-08-06,TK,Tokelau,WPRO,0,80,0,0
45324,2023-08-13,TK,Tokelau,WPRO,0,80,0,0
45325,2023-08-20,TK,Tokelau,WPRO,0,80,0,0
45326,2023-08-27,TK,Tokelau,WPRO,0,80,0,0
45327,2023-09-03,TK,Tokelau,WPRO,0,80,0,0
45328,2023-09-10,TK,Tokelau,WPRO,0,80,0,0
45329,2023-09-17,TK,Tokelau,WPRO,0,80,0,0
45330,2023-09-24,TK,Tokelau,WPRO,0,80,0,0
45331,2023-10-01,TK,Tokelau,WPRO,0,80,0,0
45332,2023-10-08,TK,Tokelau,WPRO,0,80,0,0
45333,2023-10-15,TK,Tokelau,WPRO,0,80,0,0
45334,2023-10-22,TK,Tokelau,WPRO,0,80,0,0
45335,2023-10-29,TK,Tokelau,WPRO,0,80,0,0
45336,2023-11-05,TK,Tokelau,WPRO,0,80,0,0
45337,2023-11-12,TK,Tokelau,WPRO,0,80,0,0
45338,2023-11-19,TK,Tokelau,WPRO,0,80,0,0
45339,2023-11-26,TK,Tokelau,WPRO,0,80,0,0
45340,2023-12-03,TK,Tokelau,WPRO,0,80,0,0
45341,2023-12-10,TK,Tokelau,WPRO,0,80,0,0
45342,2023-12-17,TK,Tokelau,WPRO,0,80,0,0
45343,2023-12-24,TK,Tokelau,WPRO,0,80,0,0
45344,2020-01-05,TO,Tonga,WPRO,0,0,0,0
45345,2020-01-12,TO,Tonga,WPRO,0,0,0,0
45346,2020-01-19,TO,Tonga,WPRO,0,0,0,0
45347,2020-01-26,TO,Tonga,WPRO,0,0,0,0
45348,2020-02-02,TO,Tonga,WPRO,0,0,0,0
45349,2020-02-09,TO,Tonga,WPRO,0,0,0,0
45350,2020-02-16,TO,Tonga,WPRO,0,0,0,0
45351,2020-02-23,TO,Tonga,WPRO,0,0,0,0
45352,2020-03-01,TO,Tonga,WPRO,0,0,0,0
45353,2020-03-08,TO,Tonga,WPRO,0,0,0,0
45354,2020-03-15,TO,Tonga,WPRO,0,0,0,0
45355,2020-03-22,TO,Tonga,WPRO,0,0,0,0
45356,2020-03-29,TO,Tonga,WPRO,0,0,0,0
45357,2020-04-05,TO,Tonga,WPRO,0,0,0,0
45358,2020-04-12,TO,Tonga,WPRO,0,0,0,0
45359,2020-04-19,TO,Tonga,WPRO,0,0,0,0
45360,2020-04-26,TO,Tonga,WPRO,0,0,0,0
45361,2020-05-03,TO,Tonga,WPRO,0,0,0,0
45362,2020-05-10,TO,Tonga,WPRO,0,0,0,0
45363,2020-05-17,TO,Tonga,WPRO,0,0,0,0
45364,2020-05-24,TO,Tonga,WPRO,0,0,0,0
45365,2020-05-31,TO,Tonga,WPRO,0,0,0,0
45366,2020-06-07,TO,Tonga,WPRO,0,0,0,0
45367,2020-06-14,TO,Tonga,WPRO,0,0,0,0
45368,2020-06-21,TO,Tonga,WPRO,0,0,0,0
45369,2020-06-28,TO,Tonga,WPRO,0,0,0,0
45370,2020-07-05,TO,Tonga,WPRO,0,0,0,0
45371,2020-07-12,TO,Tonga,WPRO,0,0,0,0
45372,2020-07-19,TO,Tonga,WPRO,0,0,0,0
45373,2020-07-26,TO,Tonga,WPRO,0,0,0,0
45374,2020-08-02,TO,Tonga,WPRO,0,0,0,0
45375,2020-08-09,TO,Tonga,WPRO,0,0,0,0
45376,2020-08-16,TO,Tonga,WPRO,0,0,0,0
45377,2020-08-23,TO,Tonga,WPRO,0,0,0,0
45378,2020-08-30,TO,Tonga,WPRO,0,0,0,0
45379,2020-09-06,TO,Tonga,WPRO,0,0,0,0
45380,2020-09-13,TO,Tonga,WPRO,0,0,0,0
45381,2020-09-20,TO,Tonga,WPRO,0,0,0,0
45382,2020-09-27,TO,Tonga,WPRO,0,0,0,0
45383,2020-10-04,TO,Tonga,WPRO,0,0,0,0
45384,2020-10-11,TO,Tonga,WPRO,0,0,0,0
45385,2020-10-18,TO,Tonga,WPRO,0,0,0,0
45386,2020-10-25,TO,Tonga,WPRO,0,0,0,0
45387,2020-11-01,TO,Tonga,WPRO,0,0,0,0
45388,2020-11-08,TO,Tonga,WPRO,0,0,0,0
45389,2020-11-15,TO,Tonga,WPRO,0,0,0,0
45390,2020-11-22,TO,Tonga,WPRO,0,0,0,0
45391,2020-11-29,TO,Tonga,WPRO,0,0,0,0
45392,2020-12-06,TO,Tonga,WPRO,0,0,0,0
45393,2020-12-13,TO,Tonga,WPRO,0,0,0,0
45394,2020-12-20,TO,Tonga,WPRO,0,0,0,0
45395,2020-12-27,TO,Tonga,WPRO,0,0,0,0
45396,2021-01-03,TO,Tonga,WPRO,0,0,0,0
45397,2021-01-10,TO,Tonga,WPRO,0,0,0,0
45398,2021-01-17,TO,Tonga,WPRO,0,0,0,0
45399,2021-01-24,TO,Tonga,WPRO,0,0,0,0
45400,2021-01-31,TO,Tonga,WPRO,0,0,0,0
45401,2021-02-07,TO,Tonga,WPRO,0,0,0,0
45402,2021-02-14,TO,Tonga,WPRO,0,0,0,0
45403,2021-02-21,TO,Tonga,WPRO,0,0,0,0
45404,2021-02-28,TO,Tonga,WPRO,0,0,0,0
45405,2021-03-07,TO,Tonga,WPRO,0,0,0,0
45406,2021-03-14,TO,Tonga,WPRO,0,0,0,0
45407,2021-03-21,TO,Tonga,WPRO,0,0,0,0
45408,2021-03-28,TO,Tonga,WPRO,0,0,0,0
45409,2021-04-04,TO,Tonga,WPRO,0,0,0,0
45410,2021-04-11,TO,Tonga,WPRO,0,0,0,0
45411,2021-04-18,TO,Tonga,WPRO,0,0,0,0
45412,2021-04-25,TO,Tonga,WPRO,0,0,0,0
45413,2021-05-02,TO,Tonga,WPRO,0,0,0,0
45414,2021-05-09,TO,Tonga,WPRO,0,0,0,0
45415,2021-05-16,TO,Tonga,WPRO,0,0,0,0
45416,2021-05-23,TO,Tonga,WPRO,0,0,0,0
45417,2021-05-30,TO,Tonga,WPRO,0,0,0,0
45418,2021-06-06,TO,Tonga,WPRO,0,0,0,0
45419,2021-06-13,TO,Tonga,WPRO,0,0,0,0
45420,2021-06-20,TO,Tonga,WPRO,0,0,0,0
45421,2021-06-27,TO,Tonga,WPRO,0,0,0,0
45422,2021-07-04,TO,Tonga,WPRO,0,0,0,0
45423,2021-07-11,TO,Tonga,WPRO,0,0,0,0
45424,2021-07-18,TO,Tonga,WPRO,0,0,0,0
45425,2021-07-25,TO,Tonga,WPRO,0,0,0,0
45426,2021-08-01,TO,Tonga,WPRO,0,0,0,0
45427,2021-08-08,TO,Tonga,WPRO,0,0,0,0
45428,2021-08-15,TO,Tonga,WPRO,0,0,0,0
45429,2021-08-22,TO,Tonga,WPRO,0,0,0,0
45430,2021-08-29,TO,Tonga,WPRO,0,0,0,0
45431,2021-09-05,TO,Tonga,WPRO,0,0,0,0
45432,2021-09-12,TO,Tonga,WPRO,0,0,0,0
45433,2021-09-19,TO,Tonga,WPRO,0,0,0,0
45434,2021-09-26,TO,Tonga,WPRO,0,0,0,0
45435,2021-10-03,TO,Tonga,WPRO,0,0,0,0
45436,2021-10-10,TO,Tonga,WPRO,0,0,0,0
45437,2021-10-17,TO,Tonga,WPRO,0,0,0,0
45438,2021-10-24,TO,Tonga,WPRO,0,0,0,0
45439,2021-10-31,TO,Tonga,WPRO,1,1,0,0
45440,2021-11-07,TO,Tonga,WPRO,0,1,0,0
45441,2021-11-14,TO,Tonga,WPRO,0,1,0,0
45442,2021-11-21,TO,Tonga,WPRO,0,1,0,0
45443,2021-11-28,TO,Tonga,WPRO,0,1,0,0
45444,2021-12-05,TO,Tonga,WPRO,0,1,0,0
45445,2021-12-12,TO,Tonga,WPRO,0,1,0,0
45446,2021-12-19,TO,Tonga,WPRO,0,1,0,0
45447,2021-12-26,TO,Tonga,WPRO,0,1,0,0
45448,2022-01-02,TO,Tonga,WPRO,0,1,0,0
45449,2022-01-09,TO,Tonga,WPRO,0,1,0,0
45450,2022-01-16,TO,Tonga,WPRO,0,1,0,0
45451,2022-01-23,TO,Tonga,WPRO,0,1,0,0
45452,2022-01-30,TO,Tonga,WPRO,0,1,0,0
45453,2022-02-06,TO,Tonga,WPRO,20,21,0,0
45454,2022-02-13,TO,Tonga,WPRO,120,141,0,0
45455,2022-02-20,TO,Tonga,WPRO,90,231,0,0
45456,2022-02-27,TO,Tonga,WPRO,124,355,0,0
45457,2022-03-06,TO,Tonga,WPRO,647,1002,0,0
45458,2022-03-13,TO,Tonga,WPRO,861,1863,2,2
45459,2022-03-20,TO,Tonga,WPRO,1555,3418,0,2
45460,2022-03-27,TO,Tonga,WPRO,2173,5591,0,2
45461,2022-04-03,TO,Tonga,WPRO,1536,7127,7,9
45462,2022-04-10,TO,Tonga,WPRO,804,7931,0,9
45463,2022-04-17,TO,Tonga,WPRO,1094,9025,2,11
45464,2022-04-24,TO,Tonga,WPRO,528,9553,0,11
45465,2022-05-01,TO,Tonga,WPRO,643,10196,0,11
45466,2022-05-08,TO,Tonga,WPRO,569,10765,0,11
45467,2022-05-15,TO,Tonga,WPRO,352,11117,0,11
45468,2022-05-22,TO,Tonga,WPRO,371,11488,0,11
45469,2022-05-29,TO,Tonga,WPRO,156,11644,1,12
45470,2022-06-05,TO,Tonga,WPRO,125,11769,0,12
45471,2022-06-12,TO,Tonga,WPRO,140,11909,0,12
45472,2022-06-19,TO,Tonga,WPRO,170,12079,0,12
45473,2022-06-26,TO,Tonga,WPRO,222,12301,0,12
45474,2022-07-03,TO,Tonga,WPRO,0,12301,0,12
45475,2022-07-10,TO,Tonga,WPRO,81,12382,0,12
45476,2022-07-17,TO,Tonga,WPRO,57,12439,0,12
45477,2022-07-24,TO,Tonga,WPRO,76,12515,0,12
45478,2022-07-31,TO,Tonga,WPRO,39,12554,0,12
45479,2022-08-07,TO,Tonga,WPRO,0,12554,0,12
45480,2022-08-14,TO,Tonga,WPRO,851,13405,0,12
45481,2022-08-21,TO,Tonga,WPRO,730,14135,0,12
45482,2022-08-28,TO,Tonga,WPRO,1100,15235,0,12
45483,2022-09-04,TO,Tonga,WPRO,947,16182,0,12
45484,2022-09-11,TO,Tonga,WPRO,0,16182,0,12
45485,2022-09-18,TO,Tonga,WPRO,0,16182,0,12
45486,2022-09-25,TO,Tonga,WPRO,0,16182,0,12
45487,2022-10-02,TO,Tonga,WPRO,0,16182,0,12
45488,2022-10-09,TO,Tonga,WPRO,0,16182,0,12
45489,2022-10-16,TO,Tonga,WPRO,0,16182,0,12
45490,2022-10-23,TO,Tonga,WPRO,0,16182,0,12
45491,2022-10-30,TO,Tonga,WPRO,0,16182,0,12
45492,2022-11-06,TO,Tonga,WPRO,0,16182,0,12
45493,2022-11-13,TO,Tonga,WPRO,0,16182,0,12
45494,2022-11-20,TO,Tonga,WPRO,0,16182,0,12
45495,2022-11-27,TO,Tonga,WPRO,29,16211,0,12
45496,2022-12-04,TO,Tonga,WPRO,0,16211,0,12
45497,2022-12-11,TO,Tonga,WPRO,0,16211,0,12
45498,2022-12-18,TO,Tonga,WPRO,0,16211,0,12
45499,2022-12-25,TO,Tonga,WPRO,201,16412,0,12
45500,2023-01-01,TO,Tonga,WPRO,75,16487,0,12
45501,2023-01-08,TO,Tonga,WPRO,103,16590,0,12
45502,2023-01-15,TO,Tonga,WPRO,0,16590,0,12
45503,2023-01-22,TO,Tonga,WPRO,82,16672,0,12
45504,2023-01-29,TO,Tonga,WPRO,62,16734,0,12
45505,2023-02-05,TO,Tonga,WPRO,45,16779,0,12
45506,2023-02-12,TO,Tonga,WPRO,16,16795,0,12
45507,2023-02-19,TO,Tonga,WPRO,6,16801,0,12
45508,2023-02-26,TO,Tonga,WPRO,6,16807,0,12
45509,2023-03-05,TO,Tonga,WPRO,3,16810,0,12
45510,2023-03-12,TO,Tonga,WPRO,2,16812,0,12
45511,2023-03-19,TO,Tonga,WPRO,1,16813,0,12
45512,2023-03-26,TO,Tonga,WPRO,1,16814,0,12
45513,2023-04-02,TO,Tonga,WPRO,0,16814,0,12
45514,2023-04-09,TO,Tonga,WPRO,0,16814,0,12
45515,2023-04-16,TO,Tonga,WPRO,0,16814,0,12
45516,2023-04-23,TO,Tonga,WPRO,0,16814,0,12
45517,2023-04-30,TO,Tonga,WPRO,0,16814,0,12
45518,2023-05-07,TO,Tonga,WPRO,2,16816,0,12
45519,2023-05-14,TO,Tonga,WPRO,1,16817,0,12
45520,2023-05-21,TO,Tonga,WPRO,0,16817,0,12
45521,2023-05-28,TO,Tonga,WPRO,0,16817,0,12
45522,2023-06-04,TO,Tonga,WPRO,0,16817,0,12
45523,2023-06-11,TO,Tonga,WPRO,0,16817,0,12
45524,2023-06-18,TO,Tonga,WPRO,1,16818,0,12
45525,2023-06-25,TO,Tonga,WPRO,1,16819,0,12
45526,2023-07-02,TO,Tonga,WPRO,0,16819,0,12
45527,2023-07-09,TO,Tonga,WPRO,0,16819,0,12
45528,2023-07-16,TO,Tonga,WPRO,0,16819,0,12
45529,2023-07-23,TO,Tonga,WPRO,0,16819,0,12
45530,2023-07-30,TO,Tonga,WPRO,0,16819,0,12
45531,2023-08-06,TO,Tonga,WPRO,0,16819,0,12
45532,2023-08-13,TO,Tonga,WPRO,2,16821,0,12
45533,2023-08-20,TO,Tonga,WPRO,0,16821,0,12
45534,2023-08-27,TO,Tonga,WPRO,0,16821,0,12
45535,2023-09-03,TO,Tonga,WPRO,0,16821,0,12
45536,2023-09-10,TO,Tonga,WPRO,0,16821,0,12
45537,2023-09-17,TO,Tonga,WPRO,4,16825,0,12
45538,2023-09-24,TO,Tonga,WPRO,0,16825,0,12
45539,2023-10-01,TO,Tonga,WPRO,0,16825,0,12
45540,2023-10-08,TO,Tonga,WPRO,2,16827,0,12
45541,2023-10-15,TO,Tonga,WPRO,12,16839,0,12
45542,2023-10-22,TO,Tonga,WPRO,7,16846,0,12
45543,2023-10-29,TO,Tonga,WPRO,14,16860,0,12
45544,2023-11-05,TO,Tonga,WPRO,5,16865,0,12
45545,2023-11-12,TO,Tonga,WPRO,11,16876,0,12
45546,2023-11-19,TO,Tonga,WPRO,12,16888,0,12
45547,2023-11-26,TO,Tonga,WPRO,0,16888,0,12
45548,2023-12-03,TO,Tonga,WPRO,0,16888,0,12
45549,2023-12-10,TO,Tonga,WPRO,0,16888,0,12
45550,2023-12-17,TO,Tonga,WPRO,0,16888,0,12
45551,2023-12-24,TO,Tonga,WPRO,0,16888,0,12
45552,2020-01-05,TT,Trinidad and Tobago,AMRO,0,0,0,0
45553,2020-01-12,TT,Trinidad and Tobago,AMRO,0,0,0,0
45554,2020-01-19,TT,Trinidad and Tobago,AMRO,0,0,0,0
45555,2020-01-26,TT,Trinidad and Tobago,AMRO,0,0,0,0
45556,2020-02-02,TT,Trinidad and Tobago,AMRO,0,0,0,0
45557,2020-02-09,TT,Trinidad and Tobago,AMRO,0,0,0,0
45558,2020-02-16,TT,Trinidad and Tobago,AMRO,0,0,0,0
45559,2020-02-23,TT,Trinidad and Tobago,AMRO,0,0,0,0
45560,2020-03-01,TT,Trinidad and Tobago,AMRO,0,0,0,0
45561,2020-03-08,TT,Trinidad and Tobago,AMRO,0,0,0,0
45562,2020-03-15,TT,Trinidad and Tobago,AMRO,1,1,0,0
45563,2020-03-22,TT,Trinidad and Tobago,AMRO,8,9,0,0
45564,2020-03-29,TT,Trinidad and Tobago,AMRO,65,74,2,2
45565,2020-04-05,TT,Trinidad and Tobago,AMRO,26,100,4,6
45566,2020-04-12,TT,Trinidad and Tobago,AMRO,9,109,2,8
45567,2020-04-19,TT,Trinidad and Tobago,AMRO,5,114,0,8
45568,2020-04-26,TT,Trinidad and Tobago,AMRO,1,115,0,8
45569,2020-05-03,TT,Trinidad and Tobago,AMRO,1,116,0,8
45570,2020-05-10,TT,Trinidad and Tobago,AMRO,0,116,0,8
45571,2020-05-17,TT,Trinidad and Tobago,AMRO,0,116,0,8
45572,2020-05-24,TT,Trinidad and Tobago,AMRO,0,116,0,8
45573,2020-05-31,TT,Trinidad and Tobago,AMRO,0,116,0,8
45574,2020-06-07,TT,Trinidad and Tobago,AMRO,1,117,0,8
45575,2020-06-14,TT,Trinidad and Tobago,AMRO,0,117,0,8
45576,2020-06-21,TT,Trinidad and Tobago,AMRO,6,123,0,8
45577,2020-06-28,TT,Trinidad and Tobago,AMRO,1,124,0,8
45578,2020-07-05,TT,Trinidad and Tobago,AMRO,6,130,0,8
45579,2020-07-12,TT,Trinidad and Tobago,AMRO,3,133,0,8
45580,2020-07-19,TT,Trinidad and Tobago,AMRO,3,136,0,8
45581,2020-07-26,TT,Trinidad and Tobago,AMRO,11,147,0,8
45582,2020-08-02,TT,Trinidad and Tobago,AMRO,26,173,0,8
45583,2020-08-09,TT,Trinidad and Tobago,AMRO,52,225,0,8
45584,2020-08-16,TT,Trinidad and Tobago,AMRO,249,474,2,10
45585,2020-08-23,TT,Trinidad and Tobago,AMRO,425,899,3,13
45586,2020-08-30,TT,Trinidad and Tobago,AMRO,678,1577,6,19
45587,2020-09-06,TT,Trinidad and Tobago,AMRO,565,2142,13,32
45588,2020-09-13,TT,Trinidad and Tobago,AMRO,750,2892,18,50
45589,2020-09-20,TT,Trinidad and Tobago,AMRO,847,3739,10,60
45590,2020-09-27,TT,Trinidad and Tobago,AMRO,546,4285,10,70
45591,2020-10-04,TT,Trinidad and Tobago,AMRO,424,4709,8,78
45592,2020-10-11,TT,Trinidad and Tobago,AMRO,312,5021,11,89
45593,2020-10-18,TT,Trinidad and Tobago,AMRO,220,5241,6,95
45594,2020-10-25,TT,Trinidad and Tobago,AMRO,246,5487,9,104
45595,2020-11-01,TT,Trinidad and Tobago,AMRO,181,5668,3,107
45596,2020-11-08,TT,Trinidad and Tobago,AMRO,130,5798,4,111
45597,2020-11-15,TT,Trinidad and Tobago,AMRO,182,5980,0,111
45598,2020-11-22,TT,Trinidad and Tobago,AMRO,281,6261,2,113
45599,2020-11-29,TT,Trinidad and Tobago,AMRO,325,6586,5,118
45600,2020-12-06,TT,Trinidad and Tobago,AMRO,149,6735,3,121
45601,2020-12-13,TT,Trinidad and Tobago,AMRO,117,6852,1,122
45602,2020-12-20,TT,Trinidad and Tobago,AMRO,103,6955,1,123
45603,2020-12-27,TT,Trinidad and Tobago,AMRO,142,7097,2,125
45604,2021-01-03,TT,Trinidad and Tobago,AMRO,61,7158,2,127
45605,2021-01-10,TT,Trinidad and Tobago,AMRO,61,7219,0,127
45606,2021-01-17,TT,Trinidad and Tobago,AMRO,124,7343,3,130
45607,2021-01-24,TT,Trinidad and Tobago,AMRO,113,7456,3,133
45608,2021-01-31,TT,Trinidad and Tobago,AMRO,77,7533,1,134
45609,2021-02-07,TT,Trinidad and Tobago,AMRO,74,7607,1,135
45610,2021-02-14,TT,Trinidad and Tobago,AMRO,30,7637,2,137
45611,2021-02-21,TT,Trinidad and Tobago,AMRO,29,7666,2,139
45612,2021-02-28,TT,Trinidad and Tobago,AMRO,38,7704,0,139
45613,2021-03-07,TT,Trinidad and Tobago,AMRO,25,7729,0,139
45614,2021-03-14,TT,Trinidad and Tobago,AMRO,40,7769,1,140
45615,2021-03-21,TT,Trinidad and Tobago,AMRO,52,7821,0,140
45616,2021-03-28,TT,Trinidad and Tobago,AMRO,118,7939,1,141
45617,2021-04-04,TT,Trinidad and Tobago,AMRO,177,8116,4,145
45618,2021-04-11,TT,Trinidad and Tobago,AMRO,207,8323,0,145
45619,2021-04-18,TT,Trinidad and Tobago,AMRO,419,8742,5,150
45620,2021-04-25,TT,Trinidad and Tobago,AMRO,745,9487,7,157
45621,2021-05-02,TT,Trinidad and Tobago,AMRO,1337,10824,12,169
45622,2021-05-09,TT,Trinidad and Tobago,AMRO,1896,12720,27,196
45623,2021-05-16,TT,Trinidad and Tobago,AMRO,2659,15379,69,265
45624,2021-05-23,TT,Trinidad and Tobago,AMRO,3556,18935,83,348
45625,2021-05-30,TT,Trinidad and Tobago,AMRO,3685,22620,110,458
45626,2021-06-06,TT,Trinidad and Tobago,AMRO,3181,25801,98,556
45627,2021-06-13,TT,Trinidad and Tobago,AMRO,2305,28106,88,644
45628,2021-06-20,TT,Trinidad and Tobago,AMRO,2077,30183,69,713
45629,2021-06-27,TT,Trinidad and Tobago,AMRO,1592,31775,78,791
45630,2021-07-04,TT,Trinidad and Tobago,AMRO,1378,33153,75,866
45631,2021-07-11,TT,Trinidad and Tobago,AMRO,1249,34402,64,930
45632,2021-07-18,TT,Trinidad and Tobago,AMRO,1277,35679,52,982
45633,2021-07-25,TT,Trinidad and Tobago,AMRO,1386,37065,44,1026
45634,2021-08-01,TT,Trinidad and Tobago,AMRO,1492,38557,44,1070
45635,2021-08-08,TT,Trinidad and Tobago,AMRO,1278,39835,53,1123
45636,2021-08-15,TT,Trinidad and Tobago,AMRO,1693,41528,44,1167
45637,2021-08-22,TT,Trinidad and Tobago,AMRO,1311,42839,48,1215
45638,2021-08-29,TT,Trinidad and Tobago,AMRO,1160,43999,52,1267
45639,2021-09-05,TT,Trinidad and Tobago,AMRO,1301,45300,51,1318
45640,2021-09-12,TT,Trinidad and Tobago,AMRO,1435,46735,41,1359
45641,2021-09-19,TT,Trinidad and Tobago,AMRO,1408,48143,46,1405
45642,2021-09-26,TT,Trinidad and Tobago,AMRO,1545,49688,36,1441
45643,2021-10-03,TT,Trinidad and Tobago,AMRO,1215,50903,48,1489
45644,2021-10-10,TT,Trinidad and Tobago,AMRO,1360,52263,47,1536
45645,2021-10-17,TT,Trinidad and Tobago,AMRO,1426,53689,48,1584
45646,2021-10-24,TT,Trinidad and Tobago,AMRO,1514,55203,49,1633
45647,2021-10-31,TT,Trinidad and Tobago,AMRO,1918,57121,49,1682
45648,2021-11-07,TT,Trinidad and Tobago,AMRO,1460,58581,71,1753
45649,2021-11-14,TT,Trinidad and Tobago,AMRO,2938,61519,75,1828
45650,2021-11-21,TT,Trinidad and Tobago,AMRO,3374,64893,91,1919
45651,2021-11-28,TT,Trinidad and Tobago,AMRO,4115,69008,142,2061
45652,2021-12-05,TT,Trinidad and Tobago,AMRO,4751,73759,154,2215
45653,2021-12-12,TT,Trinidad and Tobago,AMRO,5478,79237,146,2361
45654,2021-12-19,TT,Trinidad and Tobago,AMRO,5556,84793,199,2560
45655,2021-12-26,TT,Trinidad and Tobago,AMRO,4151,88944,158,2718
45656,2022-01-02,TT,Trinidad and Tobago,AMRO,2955,91899,151,2869
45657,2022-01-09,TT,Trinidad and Tobago,AMRO,4656,96555,178,3047
45658,2022-01-16,TT,Trinidad and Tobago,AMRO,3225,99780,109,3156
45659,2022-01-23,TT,Trinidad and Tobago,AMRO,6189,105969,130,3286
45660,2022-01-30,TT,Trinidad and Tobago,AMRO,4772,110741,95,3381
45661,2022-02-06,TT,Trinidad and Tobago,AMRO,3157,113898,67,3448
45662,2022-02-13,TT,Trinidad and Tobago,AMRO,5328,119226,59,3507
45663,2022-02-20,TT,Trinidad and Tobago,AMRO,3931,123157,55,3562
45664,2022-02-27,TT,Trinidad and Tobago,AMRO,3777,126934,55,3617
45665,2022-03-06,TT,Trinidad and Tobago,AMRO,3029,129963,35,3652
45666,2022-03-13,TT,Trinidad and Tobago,AMRO,2420,132383,24,3676
45667,2022-03-20,TT,Trinidad and Tobago,AMRO,2062,134445,28,3704
45668,2022-03-27,TT,Trinidad and Tobago,AMRO,2116,136561,25,3729
45669,2022-04-03,TT,Trinidad and Tobago,AMRO,1598,138159,25,3754
45670,2022-04-10,TT,Trinidad and Tobago,AMRO,1814,139973,20,3774
45671,2022-04-17,TT,Trinidad and Tobago,AMRO,1880,141853,24,3798
45672,2022-04-24,TT,Trinidad and Tobago,AMRO,2031,143884,13,3811
45673,2022-05-01,TT,Trinidad and Tobago,AMRO,3566,147450,13,3824
45674,2022-05-08,TT,Trinidad and Tobago,AMRO,3031,150481,21,3845
45675,2022-05-15,TT,Trinidad and Tobago,AMRO,2990,153471,21,3866
45676,2022-05-22,TT,Trinidad and Tobago,AMRO,3892,157363,24,3890
45677,2022-05-29,TT,Trinidad and Tobago,AMRO,3130,160493,13,3903
45678,2022-06-05,TT,Trinidad and Tobago,AMRO,1948,162441,24,3927
45679,2022-06-12,TT,Trinidad and Tobago,AMRO,1874,164315,29,3956
45680,2022-06-19,TT,Trinidad and Tobago,AMRO,1285,165600,17,3973
45681,2022-06-26,TT,Trinidad and Tobago,AMRO,976,166576,24,3997
45682,2022-07-03,TT,Trinidad and Tobago,AMRO,724,167300,15,4012
45683,2022-07-10,TT,Trinidad and Tobago,AMRO,739,168039,12,4024
45684,2022-07-17,TT,Trinidad and Tobago,AMRO,989,169028,12,4036
45685,2022-07-24,TT,Trinidad and Tobago,AMRO,902,169930,5,4041
45686,2022-07-31,TT,Trinidad and Tobago,AMRO,1242,171172,7,4048
45687,2022-08-07,TT,Trinidad and Tobago,AMRO,1404,172576,17,4065
45688,2022-08-14,TT,Trinidad and Tobago,AMRO,1976,174552,6,4071
45689,2022-08-21,TT,Trinidad and Tobago,AMRO,1916,176468,21,4092
45690,2022-08-28,TT,Trinidad and Tobago,AMRO,1643,178111,31,4123
45691,2022-09-04,TT,Trinidad and Tobago,AMRO,1346,179457,27,4150
45692,2022-09-11,TT,Trinidad and Tobago,AMRO,1515,180972,16,4166
45693,2022-09-18,TT,Trinidad and Tobago,AMRO,1071,182043,18,4184
45694,2022-09-25,TT,Trinidad and Tobago,AMRO,554,182597,11,4195
45695,2022-10-02,TT,Trinidad and Tobago,AMRO,584,183181,12,4207
45696,2022-10-09,TT,Trinidad and Tobago,AMRO,643,183824,17,4224
45697,2022-10-16,TT,Trinidad and Tobago,AMRO,437,184261,11,4235
45698,2022-10-23,TT,Trinidad and Tobago,AMRO,263,184524,6,4241
45699,2022-10-30,TT,Trinidad and Tobago,AMRO,189,184713,8,4249
45700,2022-11-06,TT,Trinidad and Tobago,AMRO,141,184854,6,4255
45701,2022-11-13,TT,Trinidad and Tobago,AMRO,95,184949,2,4257
45702,2022-11-20,TT,Trinidad and Tobago,AMRO,145,185094,6,4263
45703,2022-11-27,TT,Trinidad and Tobago,AMRO,143,185237,3,4266
45704,2022-12-04,TT,Trinidad and Tobago,AMRO,140,185377,1,4267
45705,2022-12-11,TT,Trinidad and Tobago,AMRO,151,185528,1,4268
45706,2022-12-18,TT,Trinidad and Tobago,AMRO,180,185708,3,4271
45707,2022-12-25,TT,Trinidad and Tobago,AMRO,174,185882,6,4277
45708,2023-01-01,TT,Trinidad and Tobago,AMRO,151,186033,6,4283
45709,2023-01-08,TT,Trinidad and Tobago,AMRO,246,186279,6,4289
45710,2023-01-15,TT,Trinidad and Tobago,AMRO,406,186685,8,4297
45711,2023-01-22,TT,Trinidad and Tobago,AMRO,519,187204,12,4309
45712,2023-01-29,TT,Trinidad and Tobago,AMRO,381,187585,10,4319
45713,2023-02-05,TT,Trinidad and Tobago,AMRO,323,187908,7,4326
45714,2023-02-12,TT,Trinidad and Tobago,AMRO,291,188199,5,4331
45715,2023-02-19,TT,Trinidad and Tobago,AMRO,312,188511,5,4336
45716,2023-02-26,TT,Trinidad and Tobago,AMRO,226,188737,3,4339
45717,2023-03-05,TT,Trinidad and Tobago,AMRO,559,189296,8,4347
45718,2023-03-12,TT,Trinidad and Tobago,AMRO,622,189918,8,4355
45719,2023-03-19,TT,Trinidad and Tobago,AMRO,367,190285,6,4361
45720,2023-03-26,TT,Trinidad and Tobago,AMRO,450,190735,7,4368
45721,2023-04-02,TT,Trinidad and Tobago,AMRO,272,191007,4,4372
45722,2023-04-09,TT,Trinidad and Tobago,AMRO,0,191007,0,4372
45723,2023-04-16,TT,Trinidad and Tobago,AMRO,250,191257,13,4385
45724,2023-04-23,TT,Trinidad and Tobago,AMRO,93,191350,2,4387
45725,2023-04-30,TT,Trinidad and Tobago,AMRO,0,191350,0,4387
45726,2023-05-07,TT,Trinidad and Tobago,AMRO,146,191496,3,4390
45727,2023-05-14,TT,Trinidad and Tobago,AMRO,0,191496,0,4390
45728,2023-05-21,TT,Trinidad and Tobago,AMRO,0,191496,0,4390
45729,2023-05-28,TT,Trinidad and Tobago,AMRO,0,191496,0,4390
45730,2023-06-04,TT,Trinidad and Tobago,AMRO,0,191496,0,4390
45731,2023-06-11,TT,Trinidad and Tobago,AMRO,0,191496,0,4390
45732,2023-06-18,TT,Trinidad and Tobago,AMRO,0,191496,0,4390
45733,2023-06-25,TT,Trinidad and Tobago,AMRO,0,191496,0,4390
45734,2023-07-02,TT,Trinidad and Tobago,AMRO,0,191496,0,4390
45735,2023-07-09,TT,Trinidad and Tobago,AMRO,0,191496,0,4390
45736,2023-07-16,TT,Trinidad and Tobago,AMRO,0,191496,0,4390
45737,2023-07-23,TT,Trinidad and Tobago,AMRO,0,191496,0,4390
45738,2023-07-30,TT,Trinidad and Tobago,AMRO,0,191496,0,4390
45739,2023-08-06,TT,Trinidad and Tobago,AMRO,0,191496,0,4390
45740,2023-08-13,TT,Trinidad and Tobago,AMRO,0,191496,0,4390
45741,2023-08-20,TT,Trinidad and Tobago,AMRO,0,191496,0,4390
45742,2023-08-27,TT,Trinidad and Tobago,AMRO,0,191496,0,4390
45743,2023-09-03,TT,Trinidad and Tobago,AMRO,0,191496,0,4390
45744,2023-09-10,TT,Trinidad and Tobago,AMRO,0,191496,0,4390
45745,2023-09-17,TT,Trinidad and Tobago,AMRO,0,191496,0,4390
45746,2023-09-24,TT,Trinidad and Tobago,AMRO,0,191496,0,4390
45747,2023-10-01,TT,Trinidad and Tobago,AMRO,0,191496,0,4390
45748,2023-10-08,TT,Trinidad and Tobago,AMRO,0,191496,0,4390
45749,2023-10-15,TT,Trinidad and Tobago,AMRO,0,191496,0,4390
45750,2023-10-22,TT,Trinidad and Tobago,AMRO,0,191496,0,4390
45751,2023-10-29,TT,Trinidad and Tobago,AMRO,0,191496,0,4390
45752,2023-11-05,TT,Trinidad and Tobago,AMRO,0,191496,0,4390
45753,2023-11-12,TT,Trinidad and Tobago,AMRO,0,191496,0,4390
45754,2023-11-19,TT,Trinidad and Tobago,AMRO,0,191496,0,4390
45755,2023-11-26,TT,Trinidad and Tobago,AMRO,0,191496,0,4390
45756,2023-12-03,TT,Trinidad and Tobago,AMRO,0,191496,0,4390
45757,2023-12-10,TT,Trinidad and Tobago,AMRO,0,191496,0,4390
45758,2023-12-17,TT,Trinidad and Tobago,AMRO,0,191496,0,4390
45759,2023-12-24,TT,Trinidad and Tobago,AMRO,0,191496,0,4390
45760,2020-01-05,TN,Tunisia,EMRO,0,0,0,0
45761,2020-01-12,TN,Tunisia,EMRO,0,0,0,0
45762,2020-01-19,TN,Tunisia,EMRO,0,0,0,0
45763,2020-01-26,TN,Tunisia,EMRO,0,0,0,0
45764,2020-02-02,TN,Tunisia,EMRO,0,0,0,0
45765,2020-02-09,TN,Tunisia,EMRO,0,0,0,0
45766,2020-02-16,TN,Tunisia,EMRO,0,0,0,0
45767,2020-02-23,TN,Tunisia,EMRO,0,0,0,0
45768,2020-03-01,TN,Tunisia,EMRO,0,0,0,0
45769,2020-03-08,TN,Tunisia,EMRO,1,1,0,0
45770,2020-03-15,TN,Tunisia,EMRO,17,18,0,0
45771,2020-03-22,TN,Tunisia,EMRO,42,60,1,1
45772,2020-03-29,TN,Tunisia,EMRO,218,278,7,8
45773,2020-04-05,TN,Tunisia,EMRO,275,553,11,19
45774,2020-04-12,TN,Tunisia,EMRO,132,685,9,28
45775,2020-04-19,TN,Tunisia,EMRO,181,866,9,37
45776,2020-04-26,TN,Tunisia,EMRO,73,939,1,38
45777,2020-05-03,TN,Tunisia,EMRO,70,1009,4,42
45778,2020-05-10,TN,Tunisia,EMRO,21,1030,3,45
45779,2020-05-17,TN,Tunisia,EMRO,5,1035,0,45
45780,2020-05-24,TN,Tunisia,EMRO,13,1048,2,47
45781,2020-05-31,TN,Tunisia,EMRO,28,1076,1,48
45782,2020-06-07,TN,Tunisia,EMRO,11,1087,1,49
45783,2020-06-14,TN,Tunisia,EMRO,7,1094,0,49
45784,2020-06-21,TN,Tunisia,EMRO,62,1156,1,50
45785,2020-06-28,TN,Tunisia,EMRO,12,1168,0,50
45786,2020-07-05,TN,Tunisia,EMRO,18,1186,0,50
45787,2020-07-12,TN,Tunisia,EMRO,59,1245,0,50
45788,2020-07-19,TN,Tunisia,EMRO,103,1348,0,50
45789,2020-07-26,TN,Tunisia,EMRO,95,1443,0,50
45790,2020-08-02,TN,Tunisia,EMRO,109,1552,1,51
45791,2020-08-09,TN,Tunisia,EMRO,126,1678,0,51
45792,2020-08-16,TN,Tunisia,EMRO,345,2023,3,54
45793,2020-08-23,TN,Tunisia,EMRO,715,2738,14,68
45794,2020-08-30,TN,Tunisia,EMRO,834,3572,8,76
45795,2020-09-06,TN,Tunisia,EMRO,1204,4776,17,93
45796,2020-09-13,TN,Tunisia,EMRO,1859,6635,14,107
45797,2020-09-20,TN,Tunisia,EMRO,3101,9736,48,155
45798,2020-09-27,TN,Tunisia,EMRO,5442,15178,52,207
45799,2020-10-04,TN,Tunisia,EMRO,5766,20944,69,276
45800,2020-10-11,TN,Tunisia,EMRO,10315,31259,180,456
45801,2020-10-18,TN,Tunisia,EMRO,9283,40542,170,626
45802,2020-10-25,TN,Tunisia,EMRO,9863,50405,251,877
45803,2020-11-01,TN,Tunisia,EMRO,9408,59813,440,1317
45804,2020-11-08,TN,Tunisia,EMRO,9730,69543,531,1848
45805,2020-11-15,TN,Tunisia,EMRO,9796,79339,475,2323
45806,2020-11-22,TN,Tunisia,EMRO,8132,87471,429,2752
45807,2020-11-29,TN,Tunisia,EMRO,7509,94980,401,3153
45808,2020-12-06,TN,Tunisia,EMRO,8011,102991,373,3526
45809,2020-12-13,TN,Tunisia,EMRO,7402,110393,310,3836
45810,2020-12-20,TN,Tunisia,EMRO,8758,119151,290,4126
45811,2020-12-27,TN,Tunisia,EMRO,11079,130230,300,4426
45812,2021-01-03,TN,Tunisia,EMRO,11749,141979,339,4765
45813,2021-01-10,TN,Tunisia,EMRO,15535,157514,388,5153
45814,2021-01-17,TN,Tunisia,EMRO,19717,177231,463,5616
45815,2021-01-24,TN,Tunisia,EMRO,18083,195314,538,6154
45816,2021-01-31,TN,Tunisia,EMRO,12154,207468,526,6680
45817,2021-02-07,TN,Tunisia,EMRO,8708,216176,482,7162
45818,2021-02-14,TN,Tunisia,EMRO,6328,222504,346,7508
45819,2021-02-21,TN,Tunisia,EMRO,5139,227643,247,7755
45820,2021-02-28,TN,Tunisia,EMRO,4972,232615,219,7974
45821,2021-03-07,TN,Tunisia,EMRO,4413,237028,193,8167
45822,2021-03-14,TN,Tunisia,EMRO,4229,241257,192,8359
45823,2021-03-21,TN,Tunisia,EMRO,4148,245405,167,8526
45824,2021-03-28,TN,Tunisia,EMRO,4298,249703,179,8705
45825,2021-04-04,TN,Tunisia,EMRO,8632,258335,226,8931
45826,2021-04-11,TN,Tunisia,EMRO,11962,270297,304,9235
45827,2021-04-18,TN,Tunisia,EMRO,13679,283976,482,9717
45828,2021-04-25,TN,Tunisia,EMRO,14596,298572,514,10231
45829,2021-05-02,TN,Tunisia,EMRO,12162,310734,577,10808
45830,2021-05-09,TN,Tunisia,EMRO,8778,319512,542,11350
45831,2021-05-16,TN,Tunisia,EMRO,6320,325832,429,11779
45832,2021-05-23,TN,Tunisia,EMRO,8267,334099,403,12182
45833,2021-05-30,TN,Tunisia,EMRO,9275,343374,392,12574
45834,2021-06-06,TN,Tunisia,EMRO,10408,353782,374,12948
45835,2021-06-13,TN,Tunisia,EMRO,13265,367047,488,13436
45836,2021-06-20,TN,Tunisia,EMRO,14128,381175,524,13960
45837,2021-06-27,TN,Tunisia,EMRO,22318,403493,619,14579
45838,2021-07-04,TN,Tunisia,EMRO,35452,438945,682,15261
45839,2021-07-11,TN,Tunisia,EMRO,52076,491021,983,16244
45840,2021-07-18,TN,Tunisia,EMRO,49777,540798,1162,17406
45841,2021-07-25,TN,Tunisia,EMRO,28491,569289,1194,18600
45842,2021-08-01,TN,Tunisia,EMRO,23592,592881,1258,19858
45843,2021-08-08,TN,Tunisia,EMRO,17779,610660,1073,20931
45844,2021-08-15,TN,Tunisia,EMRO,13280,623940,896,21827
45845,2021-08-22,TN,Tunisia,EMRO,16957,640897,710,22537
45846,2021-08-29,TN,Tunisia,EMRO,19690,660587,832,23369
45847,2021-09-05,TN,Tunisia,EMRO,13460,674047,448,23817
45848,2021-09-12,TN,Tunisia,EMRO,10972,685019,388,24205
45849,2021-09-19,TN,Tunisia,EMRO,14909,699928,285,24490
45850,2021-09-26,TN,Tunisia,EMRO,4986,704914,242,24732
45851,2021-10-03,TN,Tunisia,EMRO,3069,707983,189,24921
45852,2021-10-10,TN,Tunisia,EMRO,1654,709637,96,25017
45853,2021-10-17,TN,Tunisia,EMRO,1136,710773,68,25085
45854,2021-10-24,TN,Tunisia,EMRO,920,711693,64,25149
45855,2021-10-31,TN,Tunisia,EMRO,888,712581,89,25238
45856,2021-11-07,TN,Tunisia,EMRO,673,713254,34,25272
45857,2021-11-14,TN,Tunisia,EMRO,2383,715637,36,25308
45858,2021-11-21,TN,Tunisia,EMRO,546,716183,32,25340
45859,2021-11-28,TN,Tunisia,EMRO,980,717163,23,25363
45860,2021-12-05,TN,Tunisia,EMRO,1115,718278,35,25398
45861,2021-12-12,TN,Tunisia,EMRO,1156,719434,29,25427
45862,2021-12-19,TN,Tunisia,EMRO,1419,720853,33,25460
45863,2021-12-26,TN,Tunisia,EMRO,1942,722795,63,25523
45864,2022-01-02,TN,Tunisia,EMRO,5048,727843,53,25576
45865,2022-01-09,TN,Tunisia,EMRO,13416,741259,79,25655
45866,2022-01-16,TN,Tunisia,EMRO,39487,780746,122,25777
45867,2022-01-23,TN,Tunisia,EMRO,66015,846761,177,25954
45868,2022-01-30,TN,Tunisia,EMRO,54346,901107,275,26229
45869,2022-02-06,TN,Tunisia,EMRO,39116,940223,383,26612
45870,2022-02-13,TN,Tunisia,EMRO,24734,964957,453,27065
45871,2022-02-20,TN,Tunisia,EMRO,21379,986336,383,27448
45872,2022-02-27,TN,Tunisia,EMRO,10752,997088,295,27743
45873,2022-03-06,TN,Tunisia,EMRO,8079,1005167,179,27922
45874,2022-03-13,TN,Tunisia,EMRO,24061,1029228,124,28046
45875,2022-03-20,TN,Tunisia,EMRO,534,1029762,19,28065
45876,2022-03-27,TN,Tunisia,EMRO,3969,1033731,100,28165
45877,2022-04-03,TN,Tunisia,EMRO,2153,1035884,158,28323
45878,2022-04-10,TN,Tunisia,EMRO,1474,1037358,102,28425
45879,2022-04-17,TN,Tunisia,EMRO,1310,1038668,84,28509
45880,2022-04-24,TN,Tunisia,EMRO,864,1039532,24,28533
45881,2022-05-01,TN,Tunisia,EMRO,661,1040193,17,28550
45882,2022-05-08,TN,Tunisia,EMRO,519,1040712,16,28566
45883,2022-05-15,TN,Tunisia,EMRO,1077,1041789,62,28628
45884,2022-05-22,TN,Tunisia,EMRO,0,1041789,0,28628
45885,2022-05-29,TN,Tunisia,EMRO,573,1042362,4,28632
45886,2022-06-05,TN,Tunisia,EMRO,510,1042872,9,28641
45887,2022-06-12,TN,Tunisia,EMRO,668,1043540,7,28648
45888,2022-06-19,TN,Tunisia,EMRO,3163,1046703,22,28670
45889,2022-06-26,TN,Tunisia,EMRO,0,1046703,0,28670
45890,2022-07-03,TN,Tunisia,EMRO,5477,1052180,21,28691
45891,2022-07-10,TN,Tunisia,EMRO,13947,1066127,57,28748
45892,2022-07-17,TN,Tunisia,EMRO,20903,1087030,75,28823
45893,2022-07-24,TN,Tunisia,EMRO,27340,1114370,119,28942
45894,2022-07-31,TN,Tunisia,EMRO,14323,1128693,99,29041
45895,2022-08-07,TN,Tunisia,EMRO,5967,1134660,64,29105
45896,2022-08-14,TN,Tunisia,EMRO,4581,1139241,48,29153
45897,2022-08-21,TN,Tunisia,EMRO,2532,1141773,56,29209
45898,2022-08-28,TN,Tunisia,EMRO,1394,1143167,24,29233
45899,2022-09-04,TN,Tunisia,EMRO,695,1143862,1,29234
45900,2022-09-11,TN,Tunisia,EMRO,962,1144824,4,29238
45901,2022-09-18,TN,Tunisia,EMRO,339,1145163,5,29243
45902,2022-09-25,TN,Tunisia,EMRO,182,1145345,3,29246
45903,2022-10-02,TN,Tunisia,EMRO,341,1145686,3,29249
45904,2022-10-09,TN,Tunisia,EMRO,143,1145829,5,29254
45905,2022-10-16,TN,Tunisia,EMRO,101,1145930,0,29254
45906,2022-10-23,TN,Tunisia,EMRO,114,1146044,3,29257
45907,2022-10-30,TN,Tunisia,EMRO,108,1146152,0,29257
45908,2022-11-06,TN,Tunisia,EMRO,441,1146593,2,29259
45909,2022-11-13,TN,Tunisia,EMRO,109,1146702,4,29263
45910,2022-11-20,TN,Tunisia,EMRO,97,1146799,3,29266
45911,2022-11-27,TN,Tunisia,EMRO,192,1146991,2,29268
45912,2022-12-04,TN,Tunisia,EMRO,81,1147072,0,29268
45913,2022-12-11,TN,Tunisia,EMRO,73,1147145,1,29269
45914,2022-12-18,TN,Tunisia,EMRO,137,1147282,3,29272
45915,2022-12-25,TN,Tunisia,EMRO,195,1147477,7,29279
45916,2023-01-01,TN,Tunisia,EMRO,94,1147571,5,29284
45917,2023-01-08,TN,Tunisia,EMRO,74,1147645,1,29285
45918,2023-01-15,TN,Tunisia,EMRO,2469,1150114,3,29288
45919,2023-01-22,TN,Tunisia,EMRO,103,1150217,3,29291
45920,2023-01-29,TN,Tunisia,EMRO,61,1150278,11,29302
45921,2023-02-05,TN,Tunisia,EMRO,78,1150356,6,29308
45922,2023-02-12,TN,Tunisia,EMRO,121,1150477,4,29312
45923,2023-02-19,TN,Tunisia,EMRO,129,1150606,14,29326
45924,2023-02-26,TN,Tunisia,EMRO,187,1150793,4,29330
45925,2023-03-05,TN,Tunisia,EMRO,169,1150962,1,29331
45926,2023-03-12,TN,Tunisia,EMRO,164,1151126,10,29341
45927,2023-03-19,TN,Tunisia,EMRO,207,1151333,4,29345
45928,2023-03-26,TN,Tunisia,EMRO,260,1151593,10,29355
45929,2023-04-02,TN,Tunisia,EMRO,239,1151832,7,29362
45930,2023-04-09,TN,Tunisia,EMRO,201,1152033,1,29363
45931,2023-04-16,TN,Tunisia,EMRO,229,1152262,4,29367
45932,2023-04-23,TN,Tunisia,EMRO,221,1152483,11,29378
45933,2023-04-30,TN,Tunisia,EMRO,129,1152612,9,29387
45934,2023-05-07,TN,Tunisia,EMRO,265,1152877,11,29398
45935,2023-05-14,TN,Tunisia,EMRO,186,1153063,9,29407
45936,2023-05-21,TN,Tunisia,EMRO,98,1153161,5,29412
45937,2023-05-28,TN,Tunisia,EMRO,100,1153261,3,29415
45938,2023-06-04,TN,Tunisia,EMRO,62,1153323,5,29420
45939,2023-06-11,TN,Tunisia,EMRO,38,1153361,3,29423
45940,2023-06-18,TN,Tunisia,EMRO,0,1153361,0,29423
45941,2023-06-25,TN,Tunisia,EMRO,0,1153361,0,29423
45942,2023-07-02,TN,Tunisia,EMRO,0,1153361,0,29423
45943,2023-07-09,TN,Tunisia,EMRO,0,1153361,0,29423
45944,2023-07-16,TN,Tunisia,EMRO,0,1153361,0,29423
45945,2023-07-23,TN,Tunisia,EMRO,0,1153361,0,29423
45946,2023-07-30,TN,Tunisia,EMRO,0,1153361,0,29423
45947,2023-08-06,TN,Tunisia,EMRO,0,1153361,0,29423
45948,2023-08-13,TN,Tunisia,EMRO,0,1153361,0,29423
45949,2023-08-20,TN,Tunisia,EMRO,0,1153361,0,29423
45950,2023-08-27,TN,Tunisia,EMRO,0,1153361,0,29423
45951,2023-09-03,TN,Tunisia,EMRO,0,1153361,0,29423
45952,2023-09-10,TN,Tunisia,EMRO,0,1153361,0,29423
45953,2023-09-17,TN,Tunisia,EMRO,0,1153361,0,29423
45954,2023-09-24,TN,Tunisia,EMRO,0,1153361,0,29423
45955,2023-10-01,TN,Tunisia,EMRO,0,1153361,0,29423
45956,2023-10-08,TN,Tunisia,EMRO,0,1153361,0,29423
45957,2023-10-15,TN,Tunisia,EMRO,0,1153361,0,29423
45958,2023-10-22,TN,Tunisia,EMRO,0,1153361,0,29423
45959,2023-10-29,TN,Tunisia,EMRO,0,1153361,0,29423
45960,2023-11-05,TN,Tunisia,EMRO,0,1153361,0,29423
45961,2023-11-12,TN,Tunisia,EMRO,0,1153361,0,29423
45962,2023-11-19,TN,Tunisia,EMRO,0,1153361,0,29423
45963,2023-11-26,TN,Tunisia,EMRO,0,1153361,0,29423
45964,2023-12-03,TN,Tunisia,EMRO,0,1153361,0,29423
45965,2023-12-10,TN,Tunisia,EMRO,0,1153361,0,29423
45966,2023-12-17,TN,Tunisia,EMRO,0,1153361,0,29423
45967,2023-12-24,TN,Tunisia,EMRO,0,1153361,0,29423
45968,2020-01-05,TR,Türkiye,EURO,0,0,0,0
45969,2020-01-12,TR,Türkiye,EURO,0,0,0,0
45970,2020-01-19,TR,Türkiye,EURO,0,0,0,0
45971,2020-01-26,TR,Türkiye,EURO,0,0,0,0
45972,2020-02-02,TR,Türkiye,EURO,0,0,0,0
45973,2020-02-09,TR,Türkiye,EURO,0,0,0,0
45974,2020-02-16,TR,Türkiye,EURO,0,0,0,0
45975,2020-02-23,TR,Türkiye,EURO,0,0,0,0
45976,2020-03-01,TR,Türkiye,EURO,0,0,0,0
45977,2020-03-08,TR,Türkiye,EURO,0,0,0,0
45978,2020-03-15,TR,Türkiye,EURO,6,6,0,0
45979,2020-03-22,TR,Türkiye,EURO,941,947,21,21
45980,2020-03-29,TR,Türkiye,EURO,6455,7402,87,108
45981,2020-04-05,TR,Türkiye,EURO,16532,23934,393,501
45982,2020-04-12,TR,Türkiye,EURO,28233,52167,600,1101
45983,2020-04-19,TR,Türkiye,EURO,30162,82329,789,1890
45984,2020-04-26,TR,Türkiye,EURO,25444,107773,816,2706
45985,2020-05-03,TR,Türkiye,EURO,16602,124375,630,3336
45986,2020-05-10,TR,Türkiye,EURO,12740,137115,403,3739
45987,2020-05-17,TR,Türkiye,EURO,10952,148067,357,4096
45988,2020-05-24,TR,Türkiye,EURO,7619,155686,212,4308
45989,2020-05-31,TR,Türkiye,EURO,7417,163103,207,4515
45990,2020-06-07,TR,Türkiye,EURO,6115,169218,154,4669
45991,2020-06-14,TR,Türkiye,EURO,7459,176677,123,4792
45992,2020-06-21,TR,Türkiye,EURO,9816,186493,135,4927
45993,2020-06-28,TR,Türkiye,EURO,9390,195883,155,5082
45994,2020-07-05,TR,Türkiye,EURO,8727,204610,124,5206
45995,2020-07-12,TR,Türkiye,EURO,7371,211981,138,5344
45996,2020-07-19,TR,Türkiye,EURO,6736,218717,131,5475
45997,2020-07-26,TR,Türkiye,EURO,6456,225173,121,5596
45998,2020-08-02,TR,Türkiye,EURO,40346,265519,114,5710
45999,2020-08-09,TR,Türkiye,EURO,54863,320382,119,5829
46000,2020-08-16,TR,Türkiye,EURO,55605,375987,126,5955
46001,2020-08-23,TR,Türkiye,EURO,56025,432012,147,6102
46002,2020-08-30,TR,Türkiye,EURO,57142,489154,182,6284
46003,2020-09-06,TR,Türkiye,EURO,58274,547428,336,6620
46004,2020-09-13,TR,Türkiye,EURO,58517,605945,379,6999
46005,2020-09-20,TR,Türkiye,EURO,58823,664768,446,7445
46006,2020-09-27,TR,Türkiye,EURO,58728,723496,484,7929
46007,2020-10-04,TR,Türkiye,EURO,57158,780654,455,8384
46008,2020-10-11,TR,Türkiye,EURO,58127,838781,394,8778
46009,2020-10-18,TR,Türkiye,EURO,58757,897538,446,9224
46010,2020-10-25,TR,Türkiye,EURO,61216,958754,503,9727
46011,2020-11-01,TR,Türkiye,EURO,62693,1021447,525,10252
46012,2020-11-08,TR,Türkiye,EURO,63482,1084929,551,10803
46013,2020-11-15,TR,Türkiye,EURO,66426,1151355,615,11418
46014,2020-11-22,TR,Türkiye,EURO,76864,1228219,801,12219
46015,2020-11-29,TR,Türkiye,EURO,142929,1371148,1154,13373
46016,2020-12-06,TR,Türkiye,EURO,219546,1590694,1332,14705
46017,2020-12-13,TR,Türkiye,EURO,219115,1809809,1494,16199
46018,2020-12-20,TR,Türkiye,EURO,194476,2004285,1652,17851
46019,2020-12-27,TR,Türkiye,EURO,129088,2133373,1773,19624
46020,2021-01-03,TR,Türkiye,EURO,98662,2232035,1671,21295
46021,2021-01-10,TR,Türkiye,EURO,85083,2317118,1336,22631
46022,2021-01-17,TR,Türkiye,EURO,63547,2380665,1201,23832
46023,2021-01-24,TR,Türkiye,EURO,43663,2424328,1101,24933
46024,2021-01-31,TR,Türkiye,EURO,46573,2470901,932,25865
46025,2021-02-07,TR,Türkiye,EURO,53885,2524786,820,26685
46026,2021-02-14,TR,Türkiye,EURO,55110,2579896,692,27377
46027,2021-02-21,TR,Türkiye,EURO,51980,2631876,606,27983
46028,2021-02-28,TR,Türkiye,EURO,61288,2693164,520,28503
46029,2021-03-07,TR,Türkiye,EURO,76066,2769230,462,28965
46030,2021-03-14,TR,Türkiye,EURO,96782,2866012,456,29421
46031,2021-03-21,TR,Türkiye,EURO,126682,2992694,538,29959
46032,2021-03-28,TR,Türkiye,EURO,186421,3179115,964,30923
46033,2021-04-04,TR,Türkiye,EURO,265937,3445052,1155,32078
46034,2021-04-11,TR,Türkiye,EURO,353281,3798333,1624,33702
46035,2021-04-18,TR,Türkiye,EURO,414312,4212645,1906,35608
46036,2021-04-25,TR,Türkiye,EURO,378771,4591416,2403,38011
46037,2021-05-02,TR,Türkiye,EURO,257992,4849408,2493,40504
46038,2021-05-09,TR,Türkiye,EURO,166733,5016141,2242,42746
46039,2021-05-16,TR,Türkiye,EURO,90721,5106862,1791,44537
46040,2021-05-23,TR,Türkiye,EURO,71786,5178648,1534,46071
46041,2021-05-30,TR,Türkiye,EURO,57330,5235978,1200,47271
46042,2021-06-06,TR,Türkiye,EURO,46616,5282594,797,48068
46043,2021-06-13,TR,Türkiye,EURO,42841,5325435,600,48668
46044,2021-06-20,TR,Türkiye,EURO,39773,5365208,454,49122
46045,2021-06-27,TR,Türkiye,EURO,38936,5404144,402,49524
46046,2021-07-04,TR,Türkiye,EURO,36224,5440368,350,49874
46047,2021-07-11,TR,Türkiye,EURO,35926,5476294,326,50200
46048,2021-07-18,TR,Türkiye,EURO,45745,5522039,295,50495
46049,2021-07-25,TR,Türkiye,EURO,65339,5587378,371,50866
46050,2021-08-01,TR,Türkiye,EURO,139667,5727045,432,51298
46051,2021-08-08,TR,Türkiye,EURO,168796,5895841,723,52021
46052,2021-08-15,TR,Türkiye,EURO,163965,6059806,884,52905
46053,2021-08-22,TR,Türkiye,EURO,137235,6197041,1235,54140
46054,2021-08-29,TR,Türkiye,EURO,132508,6329549,1618,55758
46055,2021-09-05,TR,Türkiye,EURO,149114,6478663,1846,57604
46056,2021-09-12,TR,Türkiye,EURO,158236,6636899,1825,59429
46057,2021-09-19,TR,Türkiye,EURO,183962,6820861,1756,61185
46058,2021-09-26,TR,Türkiye,EURO,192778,7013639,1605,62790
46059,2021-10-03,TR,Türkiye,EURO,197277,7210916,1519,64309
46060,2021-10-10,TR,Türkiye,EURO,205266,7416182,1514,65823
46061,2021-10-17,TR,Türkiye,EURO,213981,7630163,1447,67270
46062,2021-10-24,TR,Türkiye,EURO,196850,7827013,1475,68745
46063,2021-10-31,TR,Türkiye,EURO,182027,8009040,1507,70252
46064,2021-11-07,TR,Türkiye,EURO,197335,8206375,1517,71769
46065,2021-11-14,TR,Türkiye,EURO,180167,8386542,1403,73172
46066,2021-11-21,TR,Türkiye,EURO,163835,8550377,1519,74691
46067,2021-11-28,TR,Türkiye,EURO,174023,8724400,1395,76086
46068,2021-12-05,TR,Türkiye,EURO,157360,8881760,1376,77462
46069,2021-12-12,TR,Türkiye,EURO,140463,9022223,1361,78823
46070,2021-12-19,TR,Türkiye,EURO,131986,9154209,1275,80098
46071,2021-12-26,TR,Türkiye,EURO,132777,9286986,1205,81303
46072,2022-01-02,TR,Türkiye,EURO,232295,9519281,1103,82406
46073,2022-01-09,TR,Türkiye,EURO,397444,9916725,1027,83433
46074,2022-01-16,TR,Türkiye,EURO,486339,10403064,1057,84490
46075,2022-01-23,TR,Türkiye,EURO,478562,10881626,1155,85645
46076,2022-01-30,TR,Türkiye,EURO,556850,11438476,1271,86916
46077,2022-02-06,TR,Türkiye,EURO,712091,12150567,1441,88357
46078,2022-02-13,TR,Türkiye,EURO,683967,12834534,1682,90039
46079,2022-02-20,TR,Türkiye,EURO,599596,13434130,1916,91955
46080,2022-02-27,TR,Türkiye,EURO,541259,13975389,1895,93850
46081,2022-03-06,TR,Türkiye,EURO,350828,14326217,1400,95250
46082,2022-03-13,TR,Türkiye,EURO,208022,14534239,1012,96262
46083,2022-03-20,TR,Türkiye,EURO,146597,14680836,860,97122
46084,2022-03-27,TR,Türkiye,EURO,108647,14789483,589,97711
46085,2022-04-03,TR,Türkiye,EURO,96227,14885710,412,98123
46086,2022-04-10,TR,Türkiye,EURO,67655,14953365,264,98387
46087,2022-04-17,TR,Türkiye,EURO,38304,14991669,190,98577
46088,2022-04-24,TR,Türkiye,EURO,24601,15016270,128,98705
46089,2022-05-01,TR,Türkiye,EURO,15823,15032093,97,98802
46090,2022-05-08,TR,Türkiye,EURO,9806,15041899,66,98868
46091,2022-05-15,TR,Türkiye,EURO,11269,15053168,53,98921
46092,2022-05-22,TR,Türkiye,EURO,9225,15062393,35,98956
46093,2022-05-29,TR,Türkiye,EURO,7607,15070000,30,98986
46094,2022-06-05,TR,Türkiye,EURO,7320,15077320,18,99004
46095,2022-06-12,TR,Türkiye,EURO,7555,15084875,23,99027
46096,2022-06-19,TR,Türkiye,EURO,10956,15095831,15,99042
46097,2022-06-26,TR,Türkiye,EURO,26635,15122466,13,99055
46098,2022-07-03,TR,Türkiye,EURO,57114,15179580,29,99084
46099,2022-07-10,TR,Türkiye,EURO,117096,15296676,31,99115
46100,2022-07-17,TR,Türkiye,EURO,226532,15523208,94,99209
46101,2022-07-24,TR,Türkiye,EURO,365422,15888630,158,99367
46102,2022-07-31,TR,Türkiye,EURO,406321,16294951,336,99703
46103,2022-08-07,TR,Türkiye,EURO,232254,16527205,381,100084
46104,2022-08-14,TR,Türkiye,EURO,143777,16670982,341,100425
46105,2022-08-21,TR,Türkiye,EURO,80022,16751004,228,100653
46106,2022-08-28,TR,Türkiye,EURO,45882,16796886,206,100859
46107,2022-09-04,TR,Türkiye,EURO,32191,16829077,141,101000
46108,2022-09-11,TR,Türkiye,EURO,22441,16851518,89,101089
46109,2022-09-18,TR,Türkiye,EURO,21411,16872929,73,101162
46110,2022-09-25,TR,Türkiye,EURO,22729,16895658,38,101200
46111,2022-10-02,TR,Türkiye,EURO,23116,16918774,24,101224
46112,2022-10-09,TR,Türkiye,EURO,18723,16937497,38,101262
46113,2022-10-16,TR,Türkiye,EURO,15482,16952979,25,101287
46114,2022-10-23,TR,Türkiye,EURO,11808,16964787,42,101329
46115,2022-10-30,TR,Türkiye,EURO,11083,16975870,25,101354
46116,2022-11-06,TR,Türkiye,EURO,13508,16989378,30,101384
46117,2022-11-13,TR,Türkiye,EURO,15299,17004677,35,101419
46118,2022-11-20,TR,Türkiye,EURO,0,17004677,0,101419
46119,2022-11-27,TR,Türkiye,EURO,0,17004677,0,101419
46120,2022-12-04,TR,Türkiye,EURO,0,17004677,0,101419
46121,2022-12-11,TR,Türkiye,EURO,0,17004677,0,101419
46122,2022-12-18,TR,Türkiye,EURO,0,17004677,0,101419
46123,2022-12-25,TR,Türkiye,EURO,0,17004677,0,101419
46124,2023-01-01,TR,Türkiye,EURO,0,17004677,0,101419
46125,2023-01-08,TR,Türkiye,EURO,0,17004677,0,101419
46126,2023-01-15,TR,Türkiye,EURO,0,17004677,0,101419
46127,2023-01-22,TR,Türkiye,EURO,0,17004677,0,101419
46128,2023-01-29,TR,Türkiye,EURO,0,17004677,0,101419
46129,2023-02-05,TR,Türkiye,EURO,0,17004677,0,101419
46130,2023-02-12,TR,Türkiye,EURO,0,17004677,0,101419
46131,2023-02-19,TR,Türkiye,EURO,0,17004677,0,101419
46132,2023-02-26,TR,Türkiye,EURO,0,17004677,0,101419
46133,2023-03-05,TR,Türkiye,EURO,0,17004677,0,101419
46134,2023-03-12,TR,Türkiye,EURO,0,17004677,0,101419
46135,2023-03-19,TR,Türkiye,EURO,0,17004677,0,101419
46136,2023-03-26,TR,Türkiye,EURO,0,17004677,0,101419
46137,2023-04-02,TR,Türkiye,EURO,0,17004677,0,101419
46138,2023-04-09,TR,Türkiye,EURO,0,17004677,0,101419
46139,2023-04-16,TR,Türkiye,EURO,0,17004677,0,101419
46140,2023-04-23,TR,Türkiye,EURO,0,17004677,0,101419
46141,2023-04-30,TR,Türkiye,EURO,0,17004677,0,101419
46142,2023-05-07,TR,Türkiye,EURO,0,17004677,0,101419
46143,2023-05-14,TR,Türkiye,EURO,0,17004677,0,101419
46144,2023-05-21,TR,Türkiye,EURO,0,17004677,0,101419
46145,2023-05-28,TR,Türkiye,EURO,0,17004677,0,101419
46146,2023-06-04,TR,Türkiye,EURO,0,17004677,0,101419
46147,2023-06-11,TR,Türkiye,EURO,0,17004677,0,101419
46148,2023-06-18,TR,Türkiye,EURO,0,17004677,0,101419
46149,2023-06-25,TR,Türkiye,EURO,0,17004677,0,101419
46150,2023-07-02,TR,Türkiye,EURO,0,17004677,0,101419
46151,2023-07-09,TR,Türkiye,EURO,0,17004677,0,101419
46152,2023-07-16,TR,Türkiye,EURO,0,17004677,0,101419
46153,2023-07-23,TR,Türkiye,EURO,0,17004677,0,101419
46154,2023-07-30,TR,Türkiye,EURO,0,17004677,0,101419
46155,2023-08-06,TR,Türkiye,EURO,0,17004677,0,101419
46156,2023-08-13,TR,Türkiye,EURO,0,17004677,0,101419
46157,2023-08-20,TR,Türkiye,EURO,0,17004677,0,101419
46158,2023-08-27,TR,Türkiye,EURO,0,17004677,0,101419
46159,2023-09-03,TR,Türkiye,EURO,0,17004677,0,101419
46160,2023-09-10,TR,Türkiye,EURO,0,17004677,0,101419
46161,2023-09-17,TR,Türkiye,EURO,0,17004677,0,101419
46162,2023-09-24,TR,Türkiye,EURO,0,17004677,0,101419
46163,2023-10-01,TR,Türkiye,EURO,0,17004677,0,101419
46164,2023-10-08,TR,Türkiye,EURO,0,17004677,0,101419
46165,2023-10-15,TR,Türkiye,EURO,0,17004677,0,101419
46166,2023-10-22,TR,Türkiye,EURO,0,17004677,0,101419
46167,2023-10-29,TR,Türkiye,EURO,0,17004677,0,101419
46168,2023-11-05,TR,Türkiye,EURO,0,17004677,0,101419
46169,2023-11-12,TR,Türkiye,EURO,0,17004677,0,101419
46170,2023-11-19,TR,Türkiye,EURO,0,17004677,0,101419
46171,2023-11-26,TR,Türkiye,EURO,0,17004677,0,101419
46172,2023-12-03,TR,Türkiye,EURO,0,17004677,0,101419
46173,2023-12-10,TR,Türkiye,EURO,0,17004677,0,101419
46174,2023-12-17,TR,Türkiye,EURO,0,17004677,0,101419
46175,2023-12-24,TR,Türkiye,EURO,0,17004677,0,101419
46176,2020-01-05,TM,Turkmenistan,EURO,0,0,0,0
46177,2020-01-12,TM,Turkmenistan,EURO,0,0,0,0
46178,2020-01-19,TM,Turkmenistan,EURO,0,0,0,0
46179,2020-01-26,TM,Turkmenistan,EURO,0,0,0,0
46180,2020-02-02,TM,Turkmenistan,EURO,0,0,0,0
46181,2020-02-09,TM,Turkmenistan,EURO,0,0,0,0
46182,2020-02-16,TM,Turkmenistan,EURO,0,0,0,0
46183,2020-02-23,TM,Turkmenistan,EURO,0,0,0,0
46184,2020-03-01,TM,Turkmenistan,EURO,0,0,0,0
46185,2020-03-08,TM,Turkmenistan,EURO,0,0,0,0
46186,2020-03-15,TM,Turkmenistan,EURO,0,0,0,0
46187,2020-03-22,TM,Turkmenistan,EURO,0,0,0,0
46188,2020-03-29,TM,Turkmenistan,EURO,0,0,0,0
46189,2020-04-05,TM,Turkmenistan,EURO,0,0,0,0
46190,2020-04-12,TM,Turkmenistan,EURO,0,0,0,0
46191,2020-04-19,TM,Turkmenistan,EURO,0,0,0,0
46192,2020-04-26,TM,Turkmenistan,EURO,0,0,0,0
46193,2020-05-03,TM,Turkmenistan,EURO,0,0,0,0
46194,2020-05-10,TM,Turkmenistan,EURO,0,0,0,0
46195,2020-05-17,TM,Turkmenistan,EURO,0,0,0,0
46196,2020-05-24,TM,Turkmenistan,EURO,0,0,0,0
46197,2020-05-31,TM,Turkmenistan,EURO,0,0,0,0
46198,2020-06-07,TM,Turkmenistan,EURO,0,0,0,0
46199,2020-06-14,TM,Turkmenistan,EURO,0,0,0,0
46200,2020-06-21,TM,Turkmenistan,EURO,0,0,0,0
46201,2020-06-28,TM,Turkmenistan,EURO,0,0,0,0
46202,2020-07-05,TM,Turkmenistan,EURO,0,0,0,0
46203,2020-07-12,TM,Turkmenistan,EURO,0,0,0,0
46204,2020-07-19,TM,Turkmenistan,EURO,0,0,0,0
46205,2020-07-26,TM,Turkmenistan,EURO,0,0,0,0
46206,2020-08-02,TM,Turkmenistan,EURO,0,0,0,0
46207,2020-08-09,TM,Turkmenistan,EURO,0,0,0,0
46208,2020-08-16,TM,Turkmenistan,EURO,0,0,0,0
46209,2020-08-23,TM,Turkmenistan,EURO,0,0,0,0
46210,2020-08-30,TM,Turkmenistan,EURO,0,0,0,0
46211,2020-09-06,TM,Turkmenistan,EURO,0,0,0,0
46212,2020-09-13,TM,Turkmenistan,EURO,0,0,0,0
46213,2020-09-20,TM,Turkmenistan,EURO,0,0,0,0
46214,2020-09-27,TM,Turkmenistan,EURO,0,0,0,0
46215,2020-10-04,TM,Turkmenistan,EURO,0,0,0,0
46216,2020-10-11,TM,Turkmenistan,EURO,0,0,0,0
46217,2020-10-18,TM,Turkmenistan,EURO,0,0,0,0
46218,2020-10-25,TM,Turkmenistan,EURO,0,0,0,0
46219,2020-11-01,TM,Turkmenistan,EURO,0,0,0,0
46220,2020-11-08,TM,Turkmenistan,EURO,0,0,0,0
46221,2020-11-15,TM,Turkmenistan,EURO,0,0,0,0
46222,2020-11-22,TM,Turkmenistan,EURO,0,0,0,0
46223,2020-11-29,TM,Turkmenistan,EURO,0,0,0,0
46224,2020-12-06,TM,Turkmenistan,EURO,0,0,0,0
46225,2020-12-13,TM,Turkmenistan,EURO,0,0,0,0
46226,2020-12-20,TM,Turkmenistan,EURO,0,0,0,0
46227,2020-12-27,TM,Turkmenistan,EURO,0,0,0,0
46228,2021-01-03,TM,Turkmenistan,EURO,0,0,0,0
46229,2021-01-10,TM,Turkmenistan,EURO,0,0,0,0
46230,2021-01-17,TM,Turkmenistan,EURO,0,0,0,0
46231,2021-01-24,TM,Turkmenistan,EURO,0,0,0,0
46232,2021-01-31,TM,Turkmenistan,EURO,0,0,0,0
46233,2021-02-07,TM,Turkmenistan,EURO,0,0,0,0
46234,2021-02-14,TM,Turkmenistan,EURO,0,0,0,0
46235,2021-02-21,TM,Turkmenistan,EURO,0,0,0,0
46236,2021-02-28,TM,Turkmenistan,EURO,0,0,0,0
46237,2021-03-07,TM,Turkmenistan,EURO,0,0,0,0
46238,2021-03-14,TM,Turkmenistan,EURO,0,0,0,0
46239,2021-03-21,TM,Turkmenistan,EURO,0,0,0,0
46240,2021-03-28,TM,Turkmenistan,EURO,0,0,0,0
46241,2021-04-04,TM,Turkmenistan,EURO,0,0,0,0
46242,2021-04-11,TM,Turkmenistan,EURO,0,0,0,0
46243,2021-04-18,TM,Turkmenistan,EURO,0,0,0,0
46244,2021-04-25,TM,Turkmenistan,EURO,0,0,0,0
46245,2021-05-02,TM,Turkmenistan,EURO,0,0,0,0
46246,2021-05-09,TM,Turkmenistan,EURO,0,0,0,0
46247,2021-05-16,TM,Turkmenistan,EURO,0,0,0,0
46248,2021-05-23,TM,Turkmenistan,EURO,0,0,0,0
46249,2021-05-30,TM,Turkmenistan,EURO,0,0,0,0
46250,2021-06-06,TM,Turkmenistan,EURO,0,0,0,0
46251,2021-06-13,TM,Turkmenistan,EURO,0,0,0,0
46252,2021-06-20,TM,Turkmenistan,EURO,0,0,0,0
46253,2021-06-27,TM,Turkmenistan,EURO,0,0,0,0
46254,2021-07-04,TM,Turkmenistan,EURO,0,0,0,0
46255,2021-07-11,TM,Turkmenistan,EURO,0,0,0,0
46256,2021-07-18,TM,Turkmenistan,EURO,0,0,0,0
46257,2021-07-25,TM,Turkmenistan,EURO,0,0,0,0
46258,2021-08-01,TM,Turkmenistan,EURO,0,0,0,0
46259,2021-08-08,TM,Turkmenistan,EURO,0,0,0,0
46260,2021-08-15,TM,Turkmenistan,EURO,0,0,0,0
46261,2021-08-22,TM,Turkmenistan,EURO,0,0,0,0
46262,2021-08-29,TM,Turkmenistan,EURO,0,0,0,0
46263,2021-09-05,TM,Turkmenistan,EURO,0,0,0,0
46264,2021-09-12,TM,Turkmenistan,EURO,0,0,0,0
46265,2021-09-19,TM,Turkmenistan,EURO,0,0,0,0
46266,2021-09-26,TM,Turkmenistan,EURO,0,0,0,0
46267,2021-10-03,TM,Turkmenistan,EURO,0,0,0,0
46268,2021-10-10,TM,Turkmenistan,EURO,0,0,0,0
46269,2021-10-17,TM,Turkmenistan,EURO,0,0,0,0
46270,2021-10-24,TM,Turkmenistan,EURO,0,0,0,0
46271,2021-10-31,TM,Turkmenistan,EURO,0,0,0,0
46272,2021-11-07,TM,Turkmenistan,EURO,0,0,0,0
46273,2021-11-14,TM,Turkmenistan,EURO,0,0,0,0
46274,2021-11-21,TM,Turkmenistan,EURO,0,0,0,0
46275,2021-11-28,TM,Turkmenistan,EURO,0,0,0,0
46276,2021-12-05,TM,Turkmenistan,EURO,0,0,0,0
46277,2021-12-12,TM,Turkmenistan,EURO,0,0,0,0
46278,2021-12-19,TM,Turkmenistan,EURO,0,0,0,0
46279,2021-12-26,TM,Turkmenistan,EURO,0,0,0,0
46280,2022-01-02,TM,Turkmenistan,EURO,0,0,0,0
46281,2022-01-09,TM,Turkmenistan,EURO,0,0,0,0
46282,2022-01-16,TM,Turkmenistan,EURO,0,0,0,0
46283,2022-01-23,TM,Turkmenistan,EURO,0,0,0,0
46284,2022-01-30,TM,Turkmenistan,EURO,0,0,0,0
46285,2022-02-06,TM,Turkmenistan,EURO,0,0,0,0
46286,2022-02-13,TM,Turkmenistan,EURO,0,0,0,0
46287,2022-02-20,TM,Turkmenistan,EURO,0,0,0,0
46288,2022-02-27,TM,Turkmenistan,EURO,0,0,0,0
46289,2022-03-06,TM,Turkmenistan,EURO,0,0,0,0
46290,2022-03-13,TM,Turkmenistan,EURO,0,0,0,0
46291,2022-03-20,TM,Turkmenistan,EURO,0,0,0,0
46292,2022-03-27,TM,Turkmenistan,EURO,0,0,0,0
46293,2022-04-03,TM,Turkmenistan,EURO,0,0,0,0
46294,2022-04-10,TM,Turkmenistan,EURO,0,0,0,0
46295,2022-04-17,TM,Turkmenistan,EURO,0,0,0,0
46296,2022-04-24,TM,Turkmenistan,EURO,0,0,0,0
46297,2022-05-01,TM,Turkmenistan,EURO,0,0,0,0
46298,2022-05-08,TM,Turkmenistan,EURO,0,0,0,0
46299,2022-05-15,TM,Turkmenistan,EURO,0,0,0,0
46300,2022-05-22,TM,Turkmenistan,EURO,0,0,0,0
46301,2022-05-29,TM,Turkmenistan,EURO,0,0,0,0
46302,2022-06-05,TM,Turkmenistan,EURO,0,0,0,0
46303,2022-06-12,TM,Turkmenistan,EURO,0,0,0,0
46304,2022-06-19,TM,Turkmenistan,EURO,0,0,0,0
46305,2022-06-26,TM,Turkmenistan,EURO,0,0,0,0
46306,2022-07-03,TM,Turkmenistan,EURO,0,0,0,0
46307,2022-07-10,TM,Turkmenistan,EURO,0,0,0,0
46308,2022-07-17,TM,Turkmenistan,EURO,0,0,0,0
46309,2022-07-24,TM,Turkmenistan,EURO,0,0,0,0
46310,2022-07-31,TM,Turkmenistan,EURO,0,0,0,0
46311,2022-08-07,TM,Turkmenistan,EURO,0,0,0,0
46312,2022-08-14,TM,Turkmenistan,EURO,0,0,0,0
46313,2022-08-21,TM,Turkmenistan,EURO,0,0,0,0
46314,2022-08-28,TM,Turkmenistan,EURO,0,0,0,0
46315,2022-09-04,TM,Turkmenistan,EURO,0,0,0,0
46316,2022-09-11,TM,Turkmenistan,EURO,0,0,0,0
46317,2022-09-18,TM,Turkmenistan,EURO,0,0,0,0
46318,2022-09-25,TM,Turkmenistan,EURO,0,0,0,0
46319,2022-10-02,TM,Turkmenistan,EURO,0,0,0,0
46320,2022-10-09,TM,Turkmenistan,EURO,0,0,0,0
46321,2022-10-16,TM,Turkmenistan,EURO,0,0,0,0
46322,2022-10-23,TM,Turkmenistan,EURO,0,0,0,0
46323,2022-10-30,TM,Turkmenistan,EURO,0,0,0,0
46324,2022-11-06,TM,Turkmenistan,EURO,0,0,0,0
46325,2022-11-13,TM,Turkmenistan,EURO,0,0,0,0
46326,2022-11-20,TM,Turkmenistan,EURO,0,0,0,0
46327,2022-11-27,TM,Turkmenistan,EURO,0,0,0,0
46328,2022-12-04,TM,Turkmenistan,EURO,0,0,0,0
46329,2022-12-11,TM,Turkmenistan,EURO,0,0,0,0
46330,2022-12-18,TM,Turkmenistan,EURO,0,0,0,0
46331,2022-12-25,TM,Turkmenistan,EURO,0,0,0,0
46332,2023-01-01,TM,Turkmenistan,EURO,0,0,0,0
46333,2023-01-08,TM,Turkmenistan,EURO,0,0,0,0
46334,2023-01-15,TM,Turkmenistan,EURO,0,0,0,0
46335,2023-01-22,TM,Turkmenistan,EURO,0,0,0,0
46336,2023-01-29,TM,Turkmenistan,EURO,0,0,0,0
46337,2023-02-05,TM,Turkmenistan,EURO,0,0,0,0
46338,2023-02-12,TM,Turkmenistan,EURO,0,0,0,0
46339,2023-02-19,TM,Turkmenistan,EURO,0,0,0,0
46340,2023-02-26,TM,Turkmenistan,EURO,0,0,0,0
46341,2023-03-05,TM,Turkmenistan,EURO,0,0,0,0
46342,2023-03-12,TM,Turkmenistan,EURO,0,0,0,0
46343,2023-03-19,TM,Turkmenistan,EURO,0,0,0,0
46344,2023-03-26,TM,Turkmenistan,EURO,0,0,0,0
46345,2023-04-02,TM,Turkmenistan,EURO,0,0,0,0
46346,2023-04-09,TM,Turkmenistan,EURO,0,0,0,0
46347,2023-04-16,TM,Turkmenistan,EURO,0,0,0,0
46348,2023-04-23,TM,Turkmenistan,EURO,0,0,0,0
46349,2023-04-30,TM,Turkmenistan,EURO,0,0,0,0
46350,2023-05-07,TM,Turkmenistan,EURO,0,0,0,0
46351,2023-05-14,TM,Turkmenistan,EURO,0,0,0,0
46352,2023-05-21,TM,Turkmenistan,EURO,0,0,0,0
46353,2023-05-28,TM,Turkmenistan,EURO,0,0,0,0
46354,2023-06-04,TM,Turkmenistan,EURO,0,0,0,0
46355,2023-06-11,TM,Turkmenistan,EURO,0,0,0,0
46356,2023-06-18,TM,Turkmenistan,EURO,0,0,0,0
46357,2023-06-25,TM,Turkmenistan,EURO,0,0,0,0
46358,2023-07-02,TM,Turkmenistan,EURO,0,0,0,0
46359,2023-07-09,TM,Turkmenistan,EURO,0,0,0,0
46360,2023-07-16,TM,Turkmenistan,EURO,0,0,0,0
46361,2023-07-23,TM,Turkmenistan,EURO,0,0,0,0
46362,2023-07-30,TM,Turkmenistan,EURO,0,0,0,0
46363,2023-08-06,TM,Turkmenistan,EURO,0,0,0,0
46364,2023-08-13,TM,Turkmenistan,EURO,0,0,0,0
46365,2023-08-20,TM,Turkmenistan,EURO,0,0,0,0
46366,2023-08-27,TM,Turkmenistan,EURO,0,0,0,0
46367,2023-09-03,TM,Turkmenistan,EURO,0,0,0,0
46368,2023-09-10,TM,Turkmenistan,EURO,0,0,0,0
46369,2023-09-17,TM,Turkmenistan,EURO,0,0,0,0
46370,2023-09-24,TM,Turkmenistan,EURO,0,0,0,0
46371,2023-10-01,TM,Turkmenistan,EURO,0,0,0,0
46372,2023-10-08,TM,Turkmenistan,EURO,0,0,0,0
46373,2023-10-15,TM,Turkmenistan,EURO,0,0,0,0
46374,2023-10-22,TM,Turkmenistan,EURO,0,0,0,0
46375,2023-10-29,TM,Turkmenistan,EURO,0,0,0,0
46376,2023-11-05,TM,Turkmenistan,EURO,0,0,0,0
46377,2023-11-12,TM,Turkmenistan,EURO,0,0,0,0
46378,2023-11-19,TM,Turkmenistan,EURO,0,0,0,0
46379,2023-11-26,TM,Turkmenistan,EURO,0,0,0,0
46380,2023-12-03,TM,Turkmenistan,EURO,0,0,0,0
46381,2023-12-10,TM,Turkmenistan,EURO,0,0,0,0
46382,2023-12-17,TM,Turkmenistan,EURO,0,0,0,0
46383,2023-12-24,TM,Turkmenistan,EURO,0,0,0,0
46384,2020-01-05,TC,Turks and Caicos Islands,AMRO,0,0,0,0
46385,2020-01-12,TC,Turks and Caicos Islands,AMRO,0,0,0,0
46386,2020-01-19,TC,Turks and Caicos Islands,AMRO,0,0,0,0
46387,2020-01-26,TC,Turks and Caicos Islands,AMRO,0,0,0,0
46388,2020-02-02,TC,Turks and Caicos Islands,AMRO,0,0,0,0
46389,2020-02-09,TC,Turks and Caicos Islands,AMRO,0,0,0,0
46390,2020-02-16,TC,Turks and Caicos Islands,AMRO,0,0,0,0
46391,2020-02-23,TC,Turks and Caicos Islands,AMRO,0,0,0,0
46392,2020-03-01,TC,Turks and Caicos Islands,AMRO,0,0,0,0
46393,2020-03-08,TC,Turks and Caicos Islands,AMRO,0,0,0,0
46394,2020-03-15,TC,Turks and Caicos Islands,AMRO,0,0,0,0
46395,2020-03-22,TC,Turks and Caicos Islands,AMRO,0,0,0,0
46396,2020-03-29,TC,Turks and Caicos Islands,AMRO,2,2,0,0
46397,2020-04-05,TC,Turks and Caicos Islands,AMRO,3,5,0,0
46398,2020-04-12,TC,Turks and Caicos Islands,AMRO,3,8,1,1
46399,2020-04-19,TC,Turks and Caicos Islands,AMRO,3,11,0,1
46400,2020-04-26,TC,Turks and Caicos Islands,AMRO,0,11,0,1
46401,2020-05-03,TC,Turks and Caicos Islands,AMRO,1,12,0,1
46402,2020-05-10,TC,Turks and Caicos Islands,AMRO,0,12,0,1
46403,2020-05-17,TC,Turks and Caicos Islands,AMRO,0,12,0,1
46404,2020-05-24,TC,Turks and Caicos Islands,AMRO,0,12,0,1
46405,2020-05-31,TC,Turks and Caicos Islands,AMRO,0,12,0,1
46406,2020-06-07,TC,Turks and Caicos Islands,AMRO,0,12,0,1
46407,2020-06-14,TC,Turks and Caicos Islands,AMRO,0,12,0,1
46408,2020-06-21,TC,Turks and Caicos Islands,AMRO,0,12,0,1
46409,2020-06-28,TC,Turks and Caicos Islands,AMRO,4,16,0,1
46410,2020-07-05,TC,Turks and Caicos Islands,AMRO,29,45,1,2
46411,2020-07-12,TC,Turks and Caicos Islands,AMRO,24,69,0,2
46412,2020-07-19,TC,Turks and Caicos Islands,AMRO,6,75,0,2
46413,2020-07-26,TC,Turks and Caicos Islands,AMRO,17,92,0,2
46414,2020-08-02,TC,Turks and Caicos Islands,AMRO,22,114,0,2
46415,2020-08-09,TC,Turks and Caicos Islands,AMRO,56,170,0,2
46416,2020-08-16,TC,Turks and Caicos Islands,AMRO,104,274,0,2
46417,2020-08-23,TC,Turks and Caicos Islands,AMRO,73,347,0,2
46418,2020-08-30,TC,Turks and Caicos Islands,AMRO,143,490,1,3
46419,2020-09-06,TC,Turks and Caicos Islands,AMRO,101,591,2,5
46420,2020-09-13,TC,Turks and Caicos Islands,AMRO,50,641,0,5
46421,2020-09-20,TC,Turks and Caicos Islands,AMRO,26,667,0,5
46422,2020-09-27,TC,Turks and Caicos Islands,AMRO,13,680,0,5
46423,2020-10-04,TC,Turks and Caicos Islands,AMRO,15,695,1,6
46424,2020-10-11,TC,Turks and Caicos Islands,AMRO,0,695,0,6
46425,2020-10-18,TC,Turks and Caicos Islands,AMRO,2,697,0,6
46426,2020-10-25,TC,Turks and Caicos Islands,AMRO,2,699,0,6
46427,2020-11-01,TC,Turks and Caicos Islands,AMRO,4,703,0,6
46428,2020-11-08,TC,Turks and Caicos Islands,AMRO,4,707,0,6
46429,2020-11-15,TC,Turks and Caicos Islands,AMRO,9,716,0,6
46430,2020-11-22,TC,Turks and Caicos Islands,AMRO,24,740,0,6
46431,2020-11-29,TC,Turks and Caicos Islands,AMRO,8,748,0,6
46432,2020-12-06,TC,Turks and Caicos Islands,AMRO,7,755,0,6
46433,2020-12-13,TC,Turks and Caicos Islands,AMRO,14,769,0,6
46434,2020-12-20,TC,Turks and Caicos Islands,AMRO,20,789,0,6
46435,2020-12-27,TC,Turks and Caicos Islands,AMRO,55,844,0,6
46436,2021-01-03,TC,Turks and Caicos Islands,AMRO,64,908,0,6
46437,2021-01-10,TC,Turks and Caicos Islands,AMRO,57,965,0,6
46438,2021-01-17,TC,Turks and Caicos Islands,AMRO,114,1079,0,6
46439,2021-01-24,TC,Turks and Caicos Islands,AMRO,165,1244,1,7
46440,2021-01-31,TC,Turks and Caicos Islands,AMRO,215,1459,1,8
46441,2021-02-07,TC,Turks and Caicos Islands,AMRO,195,1654,1,9
46442,2021-02-14,TC,Turks and Caicos Islands,AMRO,179,1833,3,12
46443,2021-02-21,TC,Turks and Caicos Islands,AMRO,165,1998,2,14
46444,2021-02-28,TC,Turks and Caicos Islands,AMRO,101,2099,0,14
46445,2021-03-07,TC,Turks and Caicos Islands,AMRO,73,2172,0,14
46446,2021-03-14,TC,Turks and Caicos Islands,AMRO,28,2200,1,15
46447,2021-03-21,TC,Turks and Caicos Islands,AMRO,90,2290,0,15
46448,2021-03-28,TC,Turks and Caicos Islands,AMRO,35,2325,2,17
46449,2021-04-04,TC,Turks and Caicos Islands,AMRO,19,2344,0,17
46450,2021-04-11,TC,Turks and Caicos Islands,AMRO,0,2344,0,17
46451,2021-04-18,TC,Turks and Caicos Islands,AMRO,25,2369,0,17
46452,2021-04-25,TC,Turks and Caicos Islands,AMRO,7,2376,0,17
46453,2021-05-02,TC,Turks and Caicos Islands,AMRO,14,2390,0,17
46454,2021-05-09,TC,Turks and Caicos Islands,AMRO,12,2402,0,17
46455,2021-05-16,TC,Turks and Caicos Islands,AMRO,2,2404,0,17
46456,2021-05-23,TC,Turks and Caicos Islands,AMRO,4,2408,0,17
46457,2021-05-30,TC,Turks and Caicos Islands,AMRO,4,2412,0,17
46458,2021-06-06,TC,Turks and Caicos Islands,AMRO,8,2420,0,17
46459,2021-06-13,TC,Turks and Caicos Islands,AMRO,1,2421,1,18
46460,2021-06-20,TC,Turks and Caicos Islands,AMRO,2,2423,0,18
46461,2021-06-27,TC,Turks and Caicos Islands,AMRO,1,2424,0,18
46462,2021-07-04,TC,Turks and Caicos Islands,AMRO,1,2425,0,18
46463,2021-07-11,TC,Turks and Caicos Islands,AMRO,5,2430,0,18
46464,2021-07-18,TC,Turks and Caicos Islands,AMRO,16,2446,0,18
46465,2021-07-25,TC,Turks and Caicos Islands,AMRO,16,2462,0,18
46466,2021-08-01,TC,Turks and Caicos Islands,AMRO,22,2484,0,18
46467,2021-08-08,TC,Turks and Caicos Islands,AMRO,30,2514,0,18
46468,2021-08-15,TC,Turks and Caicos Islands,AMRO,48,2562,1,19
46469,2021-08-22,TC,Turks and Caicos Islands,AMRO,45,2607,0,19
46470,2021-08-29,TC,Turks and Caicos Islands,AMRO,30,2637,1,20
46471,2021-09-05,TC,Turks and Caicos Islands,AMRO,55,2692,0,20
46472,2021-09-12,TC,Turks and Caicos Islands,AMRO,61,2753,0,20
46473,2021-09-19,TC,Turks and Caicos Islands,AMRO,47,2800,1,21
46474,2021-09-26,TC,Turks and Caicos Islands,AMRO,30,2830,1,22
46475,2021-10-03,TC,Turks and Caicos Islands,AMRO,29,2859,1,23
46476,2021-10-10,TC,Turks and Caicos Islands,AMRO,31,2890,0,23
46477,2021-10-17,TC,Turks and Caicos Islands,AMRO,32,2922,0,23
46478,2021-10-24,TC,Turks and Caicos Islands,AMRO,29,2951,0,23
46479,2021-10-31,TC,Turks and Caicos Islands,AMRO,29,2980,0,23
46480,2021-11-07,TC,Turks and Caicos Islands,AMRO,31,3011,0,23
46481,2021-11-14,TC,Turks and Caicos Islands,AMRO,20,3031,0,23
46482,2021-11-21,TC,Turks and Caicos Islands,AMRO,45,3076,0,23
46483,2021-11-28,TC,Turks and Caicos Islands,AMRO,20,3096,1,24
46484,2021-12-05,TC,Turks and Caicos Islands,AMRO,7,3103,1,25
46485,2021-12-12,TC,Turks and Caicos Islands,AMRO,27,3130,0,25
46486,2021-12-19,TC,Turks and Caicos Islands,AMRO,33,3163,0,25
46487,2021-12-26,TC,Turks and Caicos Islands,AMRO,72,3235,1,26
46488,2022-01-02,TC,Turks and Caicos Islands,AMRO,173,3408,0,26
46489,2022-01-09,TC,Turks and Caicos Islands,AMRO,472,3880,0,26
46490,2022-01-16,TC,Turks and Caicos Islands,AMRO,1076,4956,4,30
46491,2022-01-23,TC,Turks and Caicos Islands,AMRO,568,5524,3,33
46492,2022-01-30,TC,Turks and Caicos Islands,AMRO,168,5692,1,34
46493,2022-02-06,TC,Turks and Caicos Islands,AMRO,86,5778,1,35
46494,2022-02-13,TC,Turks and Caicos Islands,AMRO,45,5823,0,35
46495,2022-02-20,TC,Turks and Caicos Islands,AMRO,20,5843,1,36
46496,2022-02-27,TC,Turks and Caicos Islands,AMRO,12,5855,0,36
46497,2022-03-06,TC,Turks and Caicos Islands,AMRO,12,5867,0,36
46498,2022-03-13,TC,Turks and Caicos Islands,AMRO,7,5874,0,36
46499,2022-03-20,TC,Turks and Caicos Islands,AMRO,0,5874,0,36
46500,2022-03-27,TC,Turks and Caicos Islands,AMRO,14,5888,0,36
46501,2022-04-03,TC,Turks and Caicos Islands,AMRO,22,5910,0,36
46502,2022-04-10,TC,Turks and Caicos Islands,AMRO,13,5923,0,36
46503,2022-04-17,TC,Turks and Caicos Islands,AMRO,13,5936,0,36
46504,2022-04-24,TC,Turks and Caicos Islands,AMRO,5,5941,0,36
46505,2022-05-01,TC,Turks and Caicos Islands,AMRO,22,5963,0,36
46506,2022-05-08,TC,Turks and Caicos Islands,AMRO,32,5995,0,36
46507,2022-05-15,TC,Turks and Caicos Islands,AMRO,51,6046,0,36
46508,2022-05-22,TC,Turks and Caicos Islands,AMRO,51,6097,0,36
46509,2022-05-29,TC,Turks and Caicos Islands,AMRO,26,6123,0,36
46510,2022-06-05,TC,Turks and Caicos Islands,AMRO,25,6148,0,36
46511,2022-06-12,TC,Turks and Caicos Islands,AMRO,12,6160,0,36
46512,2022-06-19,TC,Turks and Caicos Islands,AMRO,29,6189,0,36
46513,2022-06-26,TC,Turks and Caicos Islands,AMRO,22,6211,0,36
46514,2022-07-03,TC,Turks and Caicos Islands,AMRO,8,6219,0,36
46515,2022-07-10,TC,Turks and Caicos Islands,AMRO,15,6234,0,36
46516,2022-07-17,TC,Turks and Caicos Islands,AMRO,21,6255,0,36
46517,2022-07-24,TC,Turks and Caicos Islands,AMRO,24,6279,0,36
46518,2022-07-31,TC,Turks and Caicos Islands,AMRO,24,6303,0,36
46519,2022-08-07,TC,Turks and Caicos Islands,AMRO,25,6328,0,36
46520,2022-08-14,TC,Turks and Caicos Islands,AMRO,10,6338,0,36
46521,2022-08-21,TC,Turks and Caicos Islands,AMRO,13,6351,0,36
46522,2022-08-28,TC,Turks and Caicos Islands,AMRO,8,6359,0,36
46523,2022-09-04,TC,Turks and Caicos Islands,AMRO,10,6369,0,36
46524,2022-09-11,TC,Turks and Caicos Islands,AMRO,3,6372,0,36
46525,2022-09-18,TC,Turks and Caicos Islands,AMRO,8,6380,0,36
46526,2022-09-25,TC,Turks and Caicos Islands,AMRO,0,6380,0,36
46527,2022-10-02,TC,Turks and Caicos Islands,AMRO,0,6380,0,36
46528,2022-10-09,TC,Turks and Caicos Islands,AMRO,0,6380,0,36
46529,2022-10-16,TC,Turks and Caicos Islands,AMRO,0,6380,0,36
46530,2022-10-23,TC,Turks and Caicos Islands,AMRO,0,6380,0,36
46531,2022-10-30,TC,Turks and Caicos Islands,AMRO,49,6429,0,36
46532,2022-11-06,TC,Turks and Caicos Islands,AMRO,2,6431,0,36
46533,2022-11-13,TC,Turks and Caicos Islands,AMRO,7,6438,0,36
46534,2022-11-20,TC,Turks and Caicos Islands,AMRO,2,6440,0,36
46535,2022-11-27,TC,Turks and Caicos Islands,AMRO,6,6446,0,36
46536,2022-12-04,TC,Turks and Caicos Islands,AMRO,0,6446,0,36
46537,2022-12-11,TC,Turks and Caicos Islands,AMRO,0,6446,0,36
46538,2022-12-18,TC,Turks and Caicos Islands,AMRO,17,6463,0,36
46539,2022-12-25,TC,Turks and Caicos Islands,AMRO,16,6479,0,36
46540,2023-01-01,TC,Turks and Caicos Islands,AMRO,0,6479,0,36
46541,2023-01-08,TC,Turks and Caicos Islands,AMRO,0,6479,0,36
46542,2023-01-15,TC,Turks and Caicos Islands,AMRO,0,6479,0,36
46543,2023-01-22,TC,Turks and Caicos Islands,AMRO,43,6522,2,38
46544,2023-01-29,TC,Turks and Caicos Islands,AMRO,0,6522,0,38
46545,2023-02-05,TC,Turks and Caicos Islands,AMRO,15,6537,0,38
46546,2023-02-12,TC,Turks and Caicos Islands,AMRO,7,6544,0,38
46547,2023-02-19,TC,Turks and Caicos Islands,AMRO,7,6551,0,38
46548,2023-02-26,TC,Turks and Caicos Islands,AMRO,0,6551,0,38
46549,2023-03-05,TC,Turks and Caicos Islands,AMRO,6,6557,0,38
46550,2023-03-12,TC,Turks and Caicos Islands,AMRO,4,6561,0,38
46551,2023-03-19,TC,Turks and Caicos Islands,AMRO,1,6562,0,38
46552,2023-03-26,TC,Turks and Caicos Islands,AMRO,3,6565,0,38
46553,2023-04-02,TC,Turks and Caicos Islands,AMRO,0,6565,0,38
46554,2023-04-09,TC,Turks and Caicos Islands,AMRO,0,6565,0,38
46555,2023-04-16,TC,Turks and Caicos Islands,AMRO,0,6565,0,38
46556,2023-04-23,TC,Turks and Caicos Islands,AMRO,0,6565,0,38
46557,2023-04-30,TC,Turks and Caicos Islands,AMRO,0,6565,0,38
46558,2023-05-07,TC,Turks and Caicos Islands,AMRO,23,6588,0,38
46559,2023-05-14,TC,Turks and Caicos Islands,AMRO,0,6588,0,38
46560,2023-05-21,TC,Turks and Caicos Islands,AMRO,5,6593,0,38
46561,2023-05-28,TC,Turks and Caicos Islands,AMRO,2,6595,0,38
46562,2023-06-04,TC,Turks and Caicos Islands,AMRO,3,6598,0,38
46563,2023-06-11,TC,Turks and Caicos Islands,AMRO,4,6602,0,38
46564,2023-06-18,TC,Turks and Caicos Islands,AMRO,2,6604,0,38
46565,2023-06-25,TC,Turks and Caicos Islands,AMRO,4,6608,1,39
46566,2023-07-02,TC,Turks and Caicos Islands,AMRO,4,6612,0,39
46567,2023-07-09,TC,Turks and Caicos Islands,AMRO,4,6616,0,39
46568,2023-07-16,TC,Turks and Caicos Islands,AMRO,4,6620,0,39
46569,2023-07-23,TC,Turks and Caicos Islands,AMRO,5,6625,0,39
46570,2023-07-30,TC,Turks and Caicos Islands,AMRO,16,6641,0,39
46571,2023-08-06,TC,Turks and Caicos Islands,AMRO,3,6644,0,39
46572,2023-08-13,TC,Turks and Caicos Islands,AMRO,2,6646,0,39
46573,2023-08-20,TC,Turks and Caicos Islands,AMRO,3,6649,0,39
46574,2023-08-27,TC,Turks and Caicos Islands,AMRO,2,6651,0,39
46575,2023-09-03,TC,Turks and Caicos Islands,AMRO,0,6651,0,39
46576,2023-09-10,TC,Turks and Caicos Islands,AMRO,0,6651,0,39
46577,2023-09-17,TC,Turks and Caicos Islands,AMRO,0,6651,0,39
46578,2023-09-24,TC,Turks and Caicos Islands,AMRO,0,6651,0,39
46579,2023-10-01,TC,Turks and Caicos Islands,AMRO,0,6651,1,40
46580,2023-10-08,TC,Turks and Caicos Islands,AMRO,15,6666,0,40
46581,2023-10-15,TC,Turks and Caicos Islands,AMRO,1,6667,0,40
46582,2023-10-22,TC,Turks and Caicos Islands,AMRO,1,6668,0,40
46583,2023-10-29,TC,Turks and Caicos Islands,AMRO,5,6673,0,40
46584,2023-11-05,TC,Turks and Caicos Islands,AMRO,0,6673,0,40
46585,2023-11-12,TC,Turks and Caicos Islands,AMRO,0,6673,0,40
46586,2023-11-19,TC,Turks and Caicos Islands,AMRO,23,6696,0,40
46587,2023-11-26,TC,Turks and Caicos Islands,AMRO,1,6697,0,40
46588,2023-12-03,TC,Turks and Caicos Islands,AMRO,1,6698,0,40
46589,2023-12-10,TC,Turks and Caicos Islands,AMRO,6,6704,0,40
46590,2023-12-17,TC,Turks and Caicos Islands,AMRO,7,6711,0,40
46591,2023-12-24,TC,Turks and Caicos Islands,AMRO,0,6711,0,40
46592,2020-01-05,TV,Tuvalu,WPRO,0,0,0,0
46593,2020-01-12,TV,Tuvalu,WPRO,0,0,0,0
46594,2020-01-19,TV,Tuvalu,WPRO,0,0,0,0
46595,2020-01-26,TV,Tuvalu,WPRO,0,0,0,0
46596,2020-02-02,TV,Tuvalu,WPRO,0,0,0,0
46597,2020-02-09,TV,Tuvalu,WPRO,0,0,0,0
46598,2020-02-16,TV,Tuvalu,WPRO,0,0,0,0
46599,2020-02-23,TV,Tuvalu,WPRO,0,0,0,0
46600,2020-03-01,TV,Tuvalu,WPRO,0,0,0,0
46601,2020-03-08,TV,Tuvalu,WPRO,0,0,0,0
46602,2020-03-15,TV,Tuvalu,WPRO,0,0,0,0
46603,2020-03-22,TV,Tuvalu,WPRO,0,0,0,0
46604,2020-03-29,TV,Tuvalu,WPRO,0,0,0,0
46605,2020-04-05,TV,Tuvalu,WPRO,0,0,0,0
46606,2020-04-12,TV,Tuvalu,WPRO,0,0,0,0
46607,2020-04-19,TV,Tuvalu,WPRO,0,0,0,0
46608,2020-04-26,TV,Tuvalu,WPRO,0,0,0,0
46609,2020-05-03,TV,Tuvalu,WPRO,0,0,0,0
46610,2020-05-10,TV,Tuvalu,WPRO,0,0,0,0
46611,2020-05-17,TV,Tuvalu,WPRO,0,0,0,0
46612,2020-05-24,TV,Tuvalu,WPRO,0,0,0,0
46613,2020-05-31,TV,Tuvalu,WPRO,0,0,0,0
46614,2020-06-07,TV,Tuvalu,WPRO,0,0,0,0
46615,2020-06-14,TV,Tuvalu,WPRO,0,0,0,0
46616,2020-06-21,TV,Tuvalu,WPRO,0,0,0,0
46617,2020-06-28,TV,Tuvalu,WPRO,0,0,0,0
46618,2020-07-05,TV,Tuvalu,WPRO,0,0,0,0
46619,2020-07-12,TV,Tuvalu,WPRO,0,0,0,0
46620,2020-07-19,TV,Tuvalu,WPRO,0,0,0,0
46621,2020-07-26,TV,Tuvalu,WPRO,0,0,0,0
46622,2020-08-02,TV,Tuvalu,WPRO,0,0,0,0
46623,2020-08-09,TV,Tuvalu,WPRO,0,0,0,0
46624,2020-08-16,TV,Tuvalu,WPRO,0,0,0,0
46625,2020-08-23,TV,Tuvalu,WPRO,0,0,0,0
46626,2020-08-30,TV,Tuvalu,WPRO,0,0,0,0
46627,2020-09-06,TV,Tuvalu,WPRO,0,0,0,0
46628,2020-09-13,TV,Tuvalu,WPRO,0,0,0,0
46629,2020-09-20,TV,Tuvalu,WPRO,0,0,0,0
46630,2020-09-27,TV,Tuvalu,WPRO,0,0,0,0
46631,2020-10-04,TV,Tuvalu,WPRO,0,0,0,0
46632,2020-10-11,TV,Tuvalu,WPRO,0,0,0,0
46633,2020-10-18,TV,Tuvalu,WPRO,0,0,0,0
46634,2020-10-25,TV,Tuvalu,WPRO,0,0,0,0
46635,2020-11-01,TV,Tuvalu,WPRO,0,0,0,0
46636,2020-11-08,TV,Tuvalu,WPRO,0,0,0,0
46637,2020-11-15,TV,Tuvalu,WPRO,0,0,0,0
46638,2020-11-22,TV,Tuvalu,WPRO,0,0,0,0
46639,2020-11-29,TV,Tuvalu,WPRO,0,0,0,0
46640,2020-12-06,TV,Tuvalu,WPRO,0,0,0,0
46641,2020-12-13,TV,Tuvalu,WPRO,0,0,0,0
46642,2020-12-20,TV,Tuvalu,WPRO,0,0,0,0
46643,2020-12-27,TV,Tuvalu,WPRO,0,0,0,0
46644,2021-01-03,TV,Tuvalu,WPRO,0,0,0,0
46645,2021-01-10,TV,Tuvalu,WPRO,0,0,0,0
46646,2021-01-17,TV,Tuvalu,WPRO,0,0,0,0
46647,2021-01-24,TV,Tuvalu,WPRO,0,0,0,0
46648,2021-01-31,TV,Tuvalu,WPRO,0,0,0,0
46649,2021-02-07,TV,Tuvalu,WPRO,0,0,0,0
46650,2021-02-14,TV,Tuvalu,WPRO,0,0,0,0
46651,2021-02-21,TV,Tuvalu,WPRO,0,0,0,0
46652,2021-02-28,TV,Tuvalu,WPRO,0,0,0,0
46653,2021-03-07,TV,Tuvalu,WPRO,0,0,0,0
46654,2021-03-14,TV,Tuvalu,WPRO,0,0,0,0
46655,2021-03-21,TV,Tuvalu,WPRO,0,0,0,0
46656,2021-03-28,TV,Tuvalu,WPRO,0,0,0,0
46657,2021-04-04,TV,Tuvalu,WPRO,0,0,0,0
46658,2021-04-11,TV,Tuvalu,WPRO,0,0,0,0
46659,2021-04-18,TV,Tuvalu,WPRO,0,0,0,0
46660,2021-04-25,TV,Tuvalu,WPRO,0,0,0,0
46661,2021-05-02,TV,Tuvalu,WPRO,0,0,0,0
46662,2021-05-09,TV,Tuvalu,WPRO,0,0,0,0
46663,2021-05-16,TV,Tuvalu,WPRO,0,0,0,0
46664,2021-05-23,TV,Tuvalu,WPRO,0,0,0,0
46665,2021-05-30,TV,Tuvalu,WPRO,0,0,0,0
46666,2021-06-06,TV,Tuvalu,WPRO,0,0,0,0
46667,2021-06-13,TV,Tuvalu,WPRO,0,0,0,0
46668,2021-06-20,TV,Tuvalu,WPRO,0,0,0,0
46669,2021-06-27,TV,Tuvalu,WPRO,0,0,0,0
46670,2021-07-04,TV,Tuvalu,WPRO,0,0,0,0
46671,2021-07-11,TV,Tuvalu,WPRO,0,0,0,0
46672,2021-07-18,TV,Tuvalu,WPRO,0,0,0,0
46673,2021-07-25,TV,Tuvalu,WPRO,0,0,0,0
46674,2021-08-01,TV,Tuvalu,WPRO,0,0,0,0
46675,2021-08-08,TV,Tuvalu,WPRO,0,0,0,0
46676,2021-08-15,TV,Tuvalu,WPRO,0,0,0,0
46677,2021-08-22,TV,Tuvalu,WPRO,0,0,0,0
46678,2021-08-29,TV,Tuvalu,WPRO,0,0,0,0
46679,2021-09-05,TV,Tuvalu,WPRO,0,0,0,0
46680,2021-09-12,TV,Tuvalu,WPRO,0,0,0,0
46681,2021-09-19,TV,Tuvalu,WPRO,0,0,0,0
46682,2021-09-26,TV,Tuvalu,WPRO,0,0,0,0
46683,2021-10-03,TV,Tuvalu,WPRO,0,0,0,0
46684,2021-10-10,TV,Tuvalu,WPRO,0,0,0,0
46685,2021-10-17,TV,Tuvalu,WPRO,0,0,0,0
46686,2021-10-24,TV,Tuvalu,WPRO,0,0,0,0
46687,2021-10-31,TV,Tuvalu,WPRO,0,0,0,0
46688,2021-11-07,TV,Tuvalu,WPRO,0,0,0,0
46689,2021-11-14,TV,Tuvalu,WPRO,0,0,0,0
46690,2021-11-21,TV,Tuvalu,WPRO,0,0,0,0
46691,2021-11-28,TV,Tuvalu,WPRO,0,0,0,0
46692,2021-12-05,TV,Tuvalu,WPRO,0,0,0,0
46693,2021-12-12,TV,Tuvalu,WPRO,0,0,0,0
46694,2021-12-19,TV,Tuvalu,WPRO,0,0,0,0
46695,2021-12-26,TV,Tuvalu,WPRO,0,0,0,0
46696,2022-01-02,TV,Tuvalu,WPRO,0,0,0,0
46697,2022-01-09,TV,Tuvalu,WPRO,0,0,0,0
46698,2022-01-16,TV,Tuvalu,WPRO,0,0,0,0
46699,2022-01-23,TV,Tuvalu,WPRO,0,0,0,0
46700,2022-01-30,TV,Tuvalu,WPRO,0,0,0,0
46701,2022-02-06,TV,Tuvalu,WPRO,0,0,0,0
46702,2022-02-13,TV,Tuvalu,WPRO,0,0,0,0
46703,2022-02-20,TV,Tuvalu,WPRO,0,0,0,0
46704,2022-02-27,TV,Tuvalu,WPRO,0,0,0,0
46705,2022-03-06,TV,Tuvalu,WPRO,0,0,0,0
46706,2022-03-13,TV,Tuvalu,WPRO,0,0,0,0
46707,2022-03-20,TV,Tuvalu,WPRO,0,0,0,0
46708,2022-03-27,TV,Tuvalu,WPRO,0,0,0,0
46709,2022-04-03,TV,Tuvalu,WPRO,0,0,0,0
46710,2022-04-10,TV,Tuvalu,WPRO,0,0,0,0
46711,2022-04-17,TV,Tuvalu,WPRO,0,0,0,0
46712,2022-04-24,TV,Tuvalu,WPRO,0,0,0,0
46713,2022-05-01,TV,Tuvalu,WPRO,0,0,0,0
46714,2022-05-08,TV,Tuvalu,WPRO,0,0,0,0
46715,2022-05-15,TV,Tuvalu,WPRO,0,0,0,0
46716,2022-05-22,TV,Tuvalu,WPRO,3,3,0,0
46717,2022-05-29,TV,Tuvalu,WPRO,0,3,0,0
46718,2022-06-05,TV,Tuvalu,WPRO,0,3,0,0
46719,2022-06-12,TV,Tuvalu,WPRO,0,3,0,0
46720,2022-06-19,TV,Tuvalu,WPRO,0,3,0,0
46721,2022-06-26,TV,Tuvalu,WPRO,0,3,0,0
46722,2022-07-03,TV,Tuvalu,WPRO,0,3,0,0
46723,2022-07-10,TV,Tuvalu,WPRO,5,8,0,0
46724,2022-07-17,TV,Tuvalu,WPRO,0,8,0,0
46725,2022-07-24,TV,Tuvalu,WPRO,0,8,0,0
46726,2022-07-31,TV,Tuvalu,WPRO,0,8,0,0
46727,2022-08-07,TV,Tuvalu,WPRO,0,8,0,0
46728,2022-08-14,TV,Tuvalu,WPRO,0,8,0,0
46729,2022-08-21,TV,Tuvalu,WPRO,0,8,0,0
46730,2022-08-28,TV,Tuvalu,WPRO,12,20,0,0
46731,2022-09-04,TV,Tuvalu,WPRO,0,20,0,0
46732,2022-09-11,TV,Tuvalu,WPRO,0,20,0,0
46733,2022-09-18,TV,Tuvalu,WPRO,0,20,0,0
46734,2022-09-25,TV,Tuvalu,WPRO,0,20,0,0
46735,2022-10-02,TV,Tuvalu,WPRO,0,20,0,0
46736,2022-10-09,TV,Tuvalu,WPRO,3,23,0,0
46737,2022-10-16,TV,Tuvalu,WPRO,0,23,0,0
46738,2022-10-23,TV,Tuvalu,WPRO,0,23,0,0
46739,2022-10-30,TV,Tuvalu,WPRO,0,23,0,0
46740,2022-11-06,TV,Tuvalu,WPRO,140,163,0,0
46741,2022-11-13,TV,Tuvalu,WPRO,1096,1259,0,0
46742,2022-11-20,TV,Tuvalu,WPRO,998,2257,0,0
46743,2022-11-27,TV,Tuvalu,WPRO,453,2710,0,0
46744,2022-12-04,TV,Tuvalu,WPRO,69,2779,0,0
46745,2022-12-11,TV,Tuvalu,WPRO,0,2779,0,0
46746,2022-12-18,TV,Tuvalu,WPRO,0,2779,0,0
46747,2022-12-25,TV,Tuvalu,WPRO,0,2779,0,0
46748,2023-01-01,TV,Tuvalu,WPRO,0,2779,0,0
46749,2023-01-08,TV,Tuvalu,WPRO,0,2779,0,0
46750,2023-01-15,TV,Tuvalu,WPRO,0,2779,0,0
46751,2023-01-22,TV,Tuvalu,WPRO,0,2779,0,0
46752,2023-01-29,TV,Tuvalu,WPRO,0,2779,0,0
46753,2023-02-05,TV,Tuvalu,WPRO,0,2779,0,0
46754,2023-02-12,TV,Tuvalu,WPRO,0,2779,0,0
46755,2023-02-19,TV,Tuvalu,WPRO,0,2779,0,0
46756,2023-02-26,TV,Tuvalu,WPRO,0,2779,0,0
46757,2023-03-05,TV,Tuvalu,WPRO,0,2779,0,0
46758,2023-03-12,TV,Tuvalu,WPRO,0,2779,0,0
46759,2023-03-19,TV,Tuvalu,WPRO,0,2779,0,0
46760,2023-03-26,TV,Tuvalu,WPRO,0,2779,0,0
46761,2023-04-02,TV,Tuvalu,WPRO,0,2779,0,0
46762,2023-04-09,TV,Tuvalu,WPRO,0,2779,0,0
46763,2023-04-16,TV,Tuvalu,WPRO,0,2779,0,0
46764,2023-04-23,TV,Tuvalu,WPRO,0,2779,0,0
46765,2023-04-30,TV,Tuvalu,WPRO,0,2779,0,0
46766,2023-05-07,TV,Tuvalu,WPRO,0,2779,0,0
46767,2023-05-14,TV,Tuvalu,WPRO,0,2779,0,0
46768,2023-05-21,TV,Tuvalu,WPRO,0,2779,0,0
46769,2023-05-28,TV,Tuvalu,WPRO,0,2779,0,0
46770,2023-06-04,TV,Tuvalu,WPRO,0,2779,0,0
46771,2023-06-11,TV,Tuvalu,WPRO,162,2941,0,0
46772,2023-06-18,TV,Tuvalu,WPRO,2,2943,1,1
46773,2023-06-25,TV,Tuvalu,WPRO,0,2943,0,1
46774,2023-07-02,TV,Tuvalu,WPRO,0,2943,0,1
46775,2023-07-09,TV,Tuvalu,WPRO,0,2943,0,1
46776,2023-07-16,TV,Tuvalu,WPRO,0,2943,0,1
46777,2023-07-23,TV,Tuvalu,WPRO,0,2943,0,1
46778,2023-07-30,TV,Tuvalu,WPRO,0,2943,0,1
46779,2023-08-06,TV,Tuvalu,WPRO,0,2943,0,1
46780,2023-08-13,TV,Tuvalu,WPRO,0,2943,0,1
46781,2023-08-20,TV,Tuvalu,WPRO,0,2943,0,1
46782,2023-08-27,TV,Tuvalu,WPRO,0,2943,0,1
46783,2023-09-03,TV,Tuvalu,WPRO,0,2943,0,1
46784,2023-09-10,TV,Tuvalu,WPRO,0,2943,0,1
46785,2023-09-17,TV,Tuvalu,WPRO,0,2943,0,1
46786,2023-09-24,TV,Tuvalu,WPRO,0,2943,0,1
46787,2023-10-01,TV,Tuvalu,WPRO,0,2943,0,1
46788,2023-10-08,TV,Tuvalu,WPRO,0,2943,0,1
46789,2023-10-15,TV,Tuvalu,WPRO,0,2943,0,1
46790,2023-10-22,TV,Tuvalu,WPRO,0,2943,0,1
46791,2023-10-29,TV,Tuvalu,WPRO,0,2943,0,1
46792,2023-11-05,TV,Tuvalu,WPRO,0,2943,0,1
46793,2023-11-12,TV,Tuvalu,WPRO,0,2943,0,1
46794,2023-11-19,TV,Tuvalu,WPRO,0,2943,0,1
46795,2023-11-26,TV,Tuvalu,WPRO,0,2943,0,1
46796,2023-12-03,TV,Tuvalu,WPRO,0,2943,0,1
46797,2023-12-10,TV,Tuvalu,WPRO,0,2943,0,1
46798,2023-12-17,TV,Tuvalu,WPRO,0,2943,0,1
46799,2023-12-24,TV,Tuvalu,WPRO,0,2943,0,1
46800,2020-01-05,UG,Uganda,AFRO,0,0,0,0
46801,2020-01-12,UG,Uganda,AFRO,0,0,0,0
46802,2020-01-19,UG,Uganda,AFRO,0,0,0,0
46803,2020-01-26,UG,Uganda,AFRO,0,0,0,0
46804,2020-02-02,UG,Uganda,AFRO,0,0,0,0
46805,2020-02-09,UG,Uganda,AFRO,0,0,0,0
46806,2020-02-16,UG,Uganda,AFRO,0,0,0,0
46807,2020-02-23,UG,Uganda,AFRO,0,0,0,0
46808,2020-03-01,UG,Uganda,AFRO,0,0,0,0
46809,2020-03-08,UG,Uganda,AFRO,0,0,0,0
46810,2020-03-15,UG,Uganda,AFRO,0,0,0,0
46811,2020-03-22,UG,Uganda,AFRO,1,1,0,0
46812,2020-03-29,UG,Uganda,AFRO,26,27,0,0
46813,2020-04-05,UG,Uganda,AFRO,16,43,0,0
46814,2020-04-12,UG,Uganda,AFRO,5,48,0,0
46815,2020-04-19,UG,Uganda,AFRO,2,50,0,0
46816,2020-04-26,UG,Uganda,AFRO,1,51,0,0
46817,2020-05-03,UG,Uganda,AFRO,3,54,0,0
46818,2020-05-10,UG,Uganda,AFRO,7,61,0,0
46819,2020-05-17,UG,Uganda,AFRO,37,98,0,0
46820,2020-05-24,UG,Uganda,AFRO,100,198,0,0
46821,2020-05-31,UG,Uganda,AFRO,212,410,0,0
46822,2020-06-07,UG,Uganda,AFRO,196,606,0,0
46823,2020-06-14,UG,Uganda,AFRO,88,694,0,0
46824,2020-06-21,UG,Uganda,AFRO,74,768,0,0
46825,2020-06-28,UG,Uganda,AFRO,89,857,0,0
46826,2020-07-05,UG,Uganda,AFRO,80,937,0,0
46827,2020-07-12,UG,Uganda,AFRO,86,1023,0,0
46828,2020-07-19,UG,Uganda,AFRO,40,1063,0,0
46829,2020-07-26,UG,Uganda,AFRO,52,1115,2,2
46830,2020-08-02,UG,Uganda,AFRO,67,1182,2,4
46831,2020-08-09,UG,Uganda,AFRO,101,1283,3,7
46832,2020-08-16,UG,Uganda,AFRO,217,1500,11,18
46833,2020-08-23,UG,Uganda,AFRO,763,2263,7,25
46834,2020-08-30,UG,Uganda,AFRO,665,2928,11,36
46835,2020-09-06,UG,Uganda,AFRO,739,3667,15,51
46836,2020-09-13,UG,Uganda,AFRO,1132,4799,11,62
46837,2020-09-20,UG,Uganda,AFRO,1488,6287,13,75
46838,2020-09-27,UG,Uganda,AFRO,1243,7530,8,83
46839,2020-10-04,UG,Uganda,AFRO,1278,8808,15,98
46840,2020-10-11,UG,Uganda,AFRO,993,9801,12,110
46841,2020-10-18,UG,Uganda,AFRO,789,10590,8,118
46842,2020-10-25,UG,Uganda,AFRO,853,11443,11,129
46843,2020-11-01,UG,Uganda,AFRO,1300,12743,11,140
46844,2020-11-08,UG,Uganda,AFRO,1662,14405,27,167
46845,2020-11-15,UG,Uganda,AFRO,1615,16020,13,180
46846,2020-11-22,UG,Uganda,AFRO,1949,17969,23,203
46847,2020-11-29,UG,Uganda,AFRO,2178,20147,23,226
46848,2020-12-06,UG,Uganda,AFRO,2354,22501,15,241
46849,2020-12-13,UG,Uganda,AFRO,5034,27535,17,258
46850,2020-12-20,UG,Uganda,AFRO,3656,31191,19,277
46851,2020-12-27,UG,Uganda,AFRO,2624,33815,21,298
46852,2021-01-03,UG,Uganda,AFRO,2107,35922,7,305
46853,2021-01-10,UG,Uganda,AFRO,1820,37742,6,311
46854,2021-01-17,UG,Uganda,AFRO,677,38419,4,315
46855,2021-01-24,UG,Uganda,AFRO,730,39149,4,319
46856,2021-01-31,UG,Uganda,AFRO,430,39579,2,321
46857,2021-02-07,UG,Uganda,AFRO,269,39848,3,324
46858,2021-02-14,UG,Uganda,AFRO,208,40056,2,326
46859,2021-02-21,UG,Uganda,AFRO,157,40213,4,330
46860,2021-02-28,UG,Uganda,AFRO,144,40357,1,331
46861,2021-03-07,UG,Uganda,AFRO,122,40479,0,331
46862,2021-03-14,UG,Uganda,AFRO,102,40581,0,331
46863,2021-03-21,UG,Uganda,AFRO,107,40688,1,332
46864,2021-03-28,UG,Uganda,AFRO,132,40820,1,333
46865,2021-04-04,UG,Uganda,AFRO,196,41016,1,334
46866,2021-04-11,UG,Uganda,AFRO,158,41174,1,335
46867,2021-04-18,UG,Uganda,AFRO,222,41396,3,338
46868,2021-04-25,UG,Uganda,AFRO,321,41717,1,339
46869,2021-05-02,UG,Uganda,AFRO,264,41981,4,343
46870,2021-05-09,UG,Uganda,AFRO,405,42386,3,346
46871,2021-05-16,UG,Uganda,AFRO,475,42861,3,349
46872,2021-05-23,UG,Uganda,AFRO,1060,43921,4,353
46873,2021-05-30,UG,Uganda,AFRO,3226,47147,9,362
46874,2021-06-06,UG,Uganda,AFRO,6814,53961,21,383
46875,2021-06-13,UG,Uganda,AFRO,9138,63099,51,434
46876,2021-06-20,UG,Uganda,AFRO,9580,72679,246,680
46877,2021-06-27,UG,Uganda,AFRO,6410,79089,276,956
46878,2021-07-04,UG,Uganda,AFRO,5027,84116,1010,1966
46879,2021-07-11,UG,Uganda,AFRO,3640,87756,163,2129
46880,2021-07-18,UG,Uganda,AFRO,2900,90656,263,2392
46881,2021-07-25,UG,Uganda,AFRO,2068,92724,187,2579
46882,2021-08-01,UG,Uganda,AFRO,1701,94425,131,2710
46883,2021-08-08,UG,Uganda,AFRO,1450,95875,98,2808
46884,2021-08-15,UG,Uganda,AFRO,1249,97124,85,2893
46885,2021-08-22,UG,Uganda,AFRO,21653,118777,67,2960
46886,2021-08-29,UG,Uganda,AFRO,955,119732,33,2993
46887,2021-09-05,UG,Uganda,AFRO,930,120662,60,3053
46888,2021-09-12,UG,Uganda,AFRO,925,121587,46,3099
46889,2021-09-19,UG,Uganda,AFRO,690,122277,30,3129
46890,2021-09-26,UG,Uganda,AFRO,968,123245,19,3148
46891,2021-10-03,UG,Uganda,AFRO,794,124039,16,3164
46892,2021-10-10,UG,Uganda,AFRO,697,124736,13,3177
46893,2021-10-17,UG,Uganda,AFRO,525,125261,8,3185
46894,2021-10-24,UG,Uganda,AFRO,497,125758,15,3200
46895,2021-10-31,UG,Uganda,AFRO,478,126236,15,3215
46896,2021-11-07,UG,Uganda,AFRO,389,126625,13,3228
46897,2021-11-14,UG,Uganda,AFRO,340,126965,11,3239
46898,2021-11-21,UG,Uganda,AFRO,272,127237,10,3249
46899,2021-11-28,UG,Uganda,AFRO,286,127523,3,3252
46900,2021-12-05,UG,Uganda,AFRO,233,127756,4,3256
46901,2021-12-12,UG,Uganda,AFRO,344,128100,13,3269
46902,2021-12-19,UG,Uganda,AFRO,1219,129319,5,3274
46903,2021-12-26,UG,Uganda,AFRO,5772,135091,6,3280
46904,2022-01-02,UG,Uganda,AFRO,10939,146030,26,3306
46905,2022-01-09,UG,Uganda,AFRO,8548,154578,51,3357
46906,2022-01-16,UG,Uganda,AFRO,4165,158743,67,3424
46907,2022-01-23,UG,Uganda,AFRO,1896,160639,64,3488
46908,2022-01-30,UG,Uganda,AFRO,1200,161839,45,3533
46909,2022-02-06,UG,Uganda,AFRO,536,162375,33,3566
46910,2022-02-13,UG,Uganda,AFRO,447,162822,13,3579
46911,2022-02-20,UG,Uganda,AFRO,294,163116,6,3585
46912,2022-02-27,UG,Uganda,AFRO,217,163333,3,3588
46913,2022-03-06,UG,Uganda,AFRO,107,163440,2,3590
46914,2022-03-13,UG,Uganda,AFRO,144,163584,2,3592
46915,2022-03-20,UG,Uganda,AFRO,105,163689,3,3595
46916,2022-03-27,UG,Uganda,AFRO,116,163805,1,3596
46917,2022-04-03,UG,Uganda,AFRO,80,163885,0,3596
46918,2022-04-10,UG,Uganda,AFRO,47,163932,0,3596
46919,2022-04-17,UG,Uganda,AFRO,62,163994,1,3597
46920,2022-04-24,UG,Uganda,AFRO,60,164054,0,3597
46921,2022-05-01,UG,Uganda,AFRO,50,164104,0,3597
46922,2022-05-08,UG,Uganda,AFRO,45,164149,1,3598
46923,2022-05-15,UG,Uganda,AFRO,66,164215,0,3598
46924,2022-05-22,UG,Uganda,AFRO,116,164331,2,3600
46925,2022-05-29,UG,Uganda,AFRO,81,164412,2,3602
46926,2022-06-05,UG,Uganda,AFRO,267,164679,0,3602
46927,2022-06-12,UG,Uganda,AFRO,572,165251,3,3605
46928,2022-06-19,UG,Uganda,AFRO,683,165934,10,3615
46929,2022-06-26,UG,Uganda,AFRO,532,166466,5,3620
46930,2022-07-03,UG,Uganda,AFRO,527,166993,0,3620
46931,2022-07-10,UG,Uganda,AFRO,415,167408,6,3626
46932,2022-07-17,UG,Uganda,AFRO,382,167790,0,3626
46933,2022-07-24,UG,Uganda,AFRO,244,168034,1,3627
46934,2022-07-31,UG,Uganda,AFRO,304,168338,0,3627
46935,2022-08-07,UG,Uganda,AFRO,163,168501,0,3627
46936,2022-08-14,UG,Uganda,AFRO,154,168655,0,3627
46937,2022-08-21,UG,Uganda,AFRO,111,168766,0,3627
46938,2022-08-28,UG,Uganda,AFRO,125,168891,1,3628
46939,2022-09-04,UG,Uganda,AFRO,46,168937,0,3628
46940,2022-09-11,UG,Uganda,AFRO,56,168993,0,3628
46941,2022-09-18,UG,Uganda,AFRO,58,169051,2,3630
46942,2022-09-25,UG,Uganda,AFRO,55,169106,0,3630
46943,2022-10-02,UG,Uganda,AFRO,93,169199,0,3630
46944,2022-10-09,UG,Uganda,AFRO,82,169281,0,3630
46945,2022-10-16,UG,Uganda,AFRO,0,169281,0,3630
46946,2022-10-23,UG,Uganda,AFRO,94,169375,0,3630
46947,2022-10-30,UG,Uganda,AFRO,3,169378,0,3630
46948,2022-11-06,UG,Uganda,AFRO,108,169486,0,3630
46949,2022-11-13,UG,Uganda,AFRO,82,169568,0,3630
46950,2022-11-20,UG,Uganda,AFRO,70,169638,0,3630
46951,2022-11-27,UG,Uganda,AFRO,77,169715,0,3630
46952,2022-12-04,UG,Uganda,AFRO,89,169804,0,3630
46953,2022-12-11,UG,Uganda,AFRO,86,169890,0,3630
46954,2022-12-18,UG,Uganda,AFRO,0,169890,0,3630
46955,2022-12-25,UG,Uganda,AFRO,0,169890,0,3630
46956,2023-01-01,UG,Uganda,AFRO,224,170114,0,3630
46957,2023-01-08,UG,Uganda,AFRO,70,170184,0,3630
46958,2023-01-15,UG,Uganda,AFRO,49,170233,0,3630
46959,2023-01-22,UG,Uganda,AFRO,72,170305,0,3630
46960,2023-01-29,UG,Uganda,AFRO,0,170305,0,3630
46961,2023-02-05,UG,Uganda,AFRO,64,170369,0,3630
46962,2023-02-12,UG,Uganda,AFRO,14,170383,0,3630
46963,2023-02-19,UG,Uganda,AFRO,26,170409,0,3630
46964,2023-02-26,UG,Uganda,AFRO,40,170449,0,3630
46965,2023-03-05,UG,Uganda,AFRO,14,170463,0,3630
46966,2023-03-12,UG,Uganda,AFRO,12,170475,0,3630
46967,2023-03-19,UG,Uganda,AFRO,16,170491,2,3632
46968,2023-03-26,UG,Uganda,AFRO,19,170510,0,3632
46969,2023-04-02,UG,Uganda,AFRO,5,170515,0,3632
46970,2023-04-09,UG,Uganda,AFRO,24,170539,0,3632
46971,2023-04-16,UG,Uganda,AFRO,13,170552,0,3632
46972,2023-04-23,UG,Uganda,AFRO,50,170602,0,3632
46973,2023-04-30,UG,Uganda,AFRO,69,170671,0,3632
46974,2023-05-07,UG,Uganda,AFRO,104,170775,0,3632
46975,2023-05-14,UG,Uganda,AFRO,0,170775,0,3632
46976,2023-05-21,UG,Uganda,AFRO,0,170775,0,3632
46977,2023-05-28,UG,Uganda,AFRO,0,170775,0,3632
46978,2023-06-04,UG,Uganda,AFRO,549,171324,0,3632
46979,2023-06-11,UG,Uganda,AFRO,0,171324,0,3632
46980,2023-06-18,UG,Uganda,AFRO,0,171324,0,3632
46981,2023-06-25,UG,Uganda,AFRO,0,171324,0,3632
46982,2023-07-02,UG,Uganda,AFRO,405,171729,0,3632
46983,2023-07-09,UG,Uganda,AFRO,0,171729,0,3632
46984,2023-07-16,UG,Uganda,AFRO,0,171729,0,3632
46985,2023-07-23,UG,Uganda,AFRO,0,171729,0,3632
46986,2023-07-30,UG,Uganda,AFRO,0,171729,0,3632
46987,2023-08-06,UG,Uganda,AFRO,100,171829,0,3632
46988,2023-08-13,UG,Uganda,AFRO,6,171835,0,3632
46989,2023-08-20,UG,Uganda,AFRO,6,171841,0,3632
46990,2023-08-27,UG,Uganda,AFRO,2,171843,0,3632
46991,2023-09-03,UG,Uganda,AFRO,2,171845,0,3632
46992,2023-09-10,UG,Uganda,AFRO,7,171852,0,3632
46993,2023-09-17,UG,Uganda,AFRO,5,171857,0,3632
46994,2023-09-24,UG,Uganda,AFRO,6,171863,0,3632
46995,2023-10-01,UG,Uganda,AFRO,6,171869,0,3632
46996,2023-10-08,UG,Uganda,AFRO,2,171871,0,3632
46997,2023-10-15,UG,Uganda,AFRO,12,171883,0,3632
46998,2023-10-22,UG,Uganda,AFRO,5,171888,0,3632
46999,2023-10-29,UG,Uganda,AFRO,0,171888,0,3632
47000,2023-11-05,UG,Uganda,AFRO,0,171888,0,3632
47001,2023-11-12,UG,Uganda,AFRO,0,171888,0,3632
47002,2023-11-19,UG,Uganda,AFRO,0,171888,0,3632
47003,2023-11-26,UG,Uganda,AFRO,0,171888,0,3632
47004,2023-12-03,UG,Uganda,AFRO,0,171888,0,3632
47005,2023-12-10,UG,Uganda,AFRO,0,171888,0,3632
47006,2023-12-17,UG,Uganda,AFRO,0,171888,0,3632
47007,2023-12-24,UG,Uganda,AFRO,0,171888,0,3632
47008,2020-01-05,UA,Ukraine,EURO,0,0,0,0
47009,2020-01-12,UA,Ukraine,EURO,0,0,0,0
47010,2020-01-19,UA,Ukraine,EURO,0,0,0,0
47011,2020-01-26,UA,Ukraine,EURO,0,0,0,0
47012,2020-02-02,UA,Ukraine,EURO,0,0,0,0
47013,2020-02-09,UA,Ukraine,EURO,0,0,0,0
47014,2020-02-16,UA,Ukraine,EURO,0,0,0,0
47015,2020-02-23,UA,Ukraine,EURO,0,0,0,0
47016,2020-03-01,UA,Ukraine,EURO,0,0,0,0
47017,2020-03-08,UA,Ukraine,EURO,0,0,0,0
47018,2020-03-15,UA,Ukraine,EURO,18,18,2,2
47019,2020-03-22,UA,Ukraine,EURO,107,125,3,5
47020,2020-03-29,UA,Ukraine,EURO,390,515,8,13
47021,2020-04-05,UA,Ukraine,EURO,765,1280,23,36
47022,2020-04-12,UA,Ukraine,EURO,1685,2965,29,65
47023,2020-04-19,UA,Ukraine,EURO,2473,5438,20,85
47024,2020-04-26,UA,Ukraine,EURO,3011,8449,45,130
47025,2020-05-03,UA,Ukraine,EURO,2946,11395,25,155
47026,2020-05-10,UA,Ukraine,EURO,2985,14380,40,195
47027,2020-05-17,UA,Ukraine,EURO,2612,16992,43,238
47028,2020-05-24,UA,Ukraine,EURO,2338,19330,23,261
47029,2020-05-31,UA,Ukraine,EURO,2436,21766,33,294
47030,2020-06-07,UA,Ukraine,EURO,3135,24901,27,321
47031,2020-06-14,UA,Ukraine,EURO,3937,28838,33,354
47032,2020-06-21,UA,Ukraine,EURO,4884,33722,40,394
47033,2020-06-28,UA,Ukraine,EURO,6184,39906,68,462
47034,2020-07-05,UA,Ukraine,EURO,5188,45094,53,515
47035,2020-07-12,UA,Ukraine,EURO,4945,50039,56,571
47036,2020-07-19,UA,Ukraine,EURO,5084,55123,52,623
47037,2020-07-26,UA,Ukraine,EURO,6046,61169,97,720
47038,2020-08-02,UA,Ukraine,EURO,7012,68181,79,799
47039,2020-08-09,UA,Ukraine,EURO,8131,76312,127,926
47040,2020-08-16,UA,Ukraine,EURO,10024,86336,121,1047
47041,2020-08-23,UA,Ukraine,EURO,13252,99588,102,1149
47042,2020-08-30,UA,Ukraine,EURO,13822,113410,218,1367
47043,2020-09-06,UA,Ukraine,EURO,17414,130824,202,1569
47044,2020-09-13,UA,Ukraine,EURO,18911,149735,137,1706
47045,2020-09-20,UA,Ukraine,EURO,21092,170827,326,2032
47046,2020-09-27,UA,Ukraine,EURO,21299,192126,278,2310
47047,2020-10-04,UA,Ukraine,EURO,27198,219324,278,2588
47048,2020-10-11,UA,Ukraine,EURO,33814,253138,442,3030
47049,2020-10-18,UA,Ukraine,EURO,35486,288624,405,3435
47050,2020-10-25,UA,Ukraine,EURO,41583,330207,445,3880
47051,2020-11-01,UA,Ukraine,EURO,48518,378725,923,4803
47052,2020-11-08,UA,Ukraine,EURO,59561,438286,1192,5995
47053,2020-11-15,UA,Ukraine,EURO,75319,513605,1130,7125
47054,2020-11-22,UA,Ukraine,EURO,88651,602256,1379,8504
47055,2020-11-29,UA,Ukraine,EURO,95555,697811,1252,9756
47056,2020-12-06,UA,Ukraine,EURO,87403,785214,1406,11162
47057,2020-12-13,UA,Ukraine,EURO,76767,861981,1514,12676
47058,2020-12-20,UA,Ukraine,EURO,68736,930717,1620,14296
47059,2020-12-27,UA,Ukraine,EURO,57391,988108,982,15278
47060,2021-01-03,UA,Ukraine,EURO,49251,1037359,1254,16532
47061,2021-01-10,UA,Ukraine,EURO,39656,1077015,732,17264
47062,2021-01-17,UA,Ukraine,EURO,44402,1121417,1034,18298
47063,2021-01-24,UA,Ukraine,EURO,30612,1152029,1055,19353
47064,2021-01-31,UA,Ukraine,EURO,27158,1179187,844,20197
47065,2021-02-07,UA,Ukraine,EURO,25508,1204695,876,21073
47066,2021-02-14,UA,Ukraine,EURO,26498,1231193,748,21821
47067,2021-02-21,UA,Ukraine,EURO,34188,1265381,764,22585
47068,2021-02-28,UA,Ukraine,EURO,44472,1309853,895,23480
47069,2021-03-07,UA,Ukraine,EURO,55376,1365229,1145,24625
47070,2021-03-14,UA,Ukraine,EURO,60038,1425267,1238,25863
47071,2021-03-21,UA,Ukraine,EURO,80339,1505606,1643,27506
47072,2021-03-28,UA,Ukraine,EURO,104522,1610128,2057,29563
47073,2021-04-04,UA,Ukraine,EURO,103479,1713607,2454,32017
47074,2021-04-11,UA,Ukraine,EURO,105217,1818824,2714,34731
47075,2021-04-18,UA,Ukraine,EURO,91911,1910735,2699,37430
47076,2021-04-25,UA,Ukraine,EURO,77317,1988052,2518,39948
47077,2021-05-02,UA,Ukraine,EURO,55605,2043657,2232,42180
47078,2021-05-09,UA,Ukraine,EURO,36932,2080589,1872,44052
47079,2021-05-16,UA,Ukraine,EURO,33146,2113735,1562,45614
47080,2021-05-23,UA,Ukraine,EURO,27840,2141575,1262,46876
47081,2021-05-30,UA,Ukraine,EURO,19626,2161201,1260,48136
47082,2021-06-06,UA,Ukraine,EURO,11571,2172772,519,48655
47083,2021-06-13,UA,Ukraine,EURO,9373,2182145,544,49199
47084,2021-06-20,UA,Ukraine,EURO,5609,2187754,292,49491
47085,2021-06-27,UA,Ukraine,EURO,4360,2192114,249,49740
47086,2021-07-04,UA,Ukraine,EURO,3429,2195543,184,49924
47087,2021-07-11,UA,Ukraine,EURO,3551,2199094,154,50078
47088,2021-07-18,UA,Ukraine,EURO,3301,2202395,93,50171
47089,2021-07-25,UA,Ukraine,EURO,4154,2206549,143,50314
47090,2021-08-01,UA,Ukraine,EURO,4705,2211254,81,50395
47091,2021-08-08,UA,Ukraine,EURO,5921,2217175,145,50540
47092,2021-08-15,UA,Ukraine,EURO,6879,2224054,169,50709
47093,2021-08-22,UA,Ukraine,EURO,9078,2233132,231,50940
47094,2021-08-29,UA,Ukraine,EURO,9533,2242665,238,51178
47095,2021-09-05,UA,Ukraine,EURO,13367,2256032,263,51441
47096,2021-09-12,UA,Ukraine,EURO,19517,2275549,359,51800
47097,2021-09-19,UA,Ukraine,EURO,32822,2308371,559,52359
47098,2021-09-26,UA,Ukraine,EURO,44759,2353130,801,53160
47099,2021-10-03,UA,Ukraine,EURO,64606,2417736,1169,54329
47100,2021-10-10,UA,Ukraine,EURO,90079,2507815,1811,56140
47101,2021-10-17,UA,Ukraine,EURO,94605,2602420,2109,58249
47102,2021-10-24,UA,Ukraine,EURO,139344,2741764,3392,61641
47103,2021-10-31,UA,Ukraine,EURO,152199,2893963,3825,65466
47104,2021-11-07,UA,Ukraine,EURO,152263,3046226,4530,69996
47105,2021-11-14,UA,Ukraine,EURO,139941,3186167,4591,74587
47106,2021-11-21,UA,Ukraine,EURO,111965,3298132,4450,79037
47107,2021-11-28,UA,Ukraine,EURO,87420,3385552,3814,82851
47108,2021-12-05,UA,Ukraine,EURO,74128,3459680,3106,85957
47109,2021-12-12,UA,Ukraine,EURO,61210,3520890,2695,88652
47110,2021-12-19,UA,Ukraine,EURO,47521,3568411,2047,90699
47111,2021-12-26,UA,Ukraine,EURO,37673,3606084,1834,92533
47112,2022-01-02,UA,Ukraine,EURO,27983,3634067,1205,93738
47113,2022-01-09,UA,Ukraine,EURO,28100,3662167,1024,94762
47114,2022-01-16,UA,Ukraine,EURO,55088,3717255,1036,95798
47115,2022-01-23,UA,Ukraine,EURO,110840,3828095,921,96719
47116,2022-01-30,UA,Ukraine,EURO,194125,4022220,921,97640
47117,2022-02-06,UA,Ukraine,EURO,242942,4265162,1189,98829
47118,2022-02-13,UA,Ukraine,EURO,235256,4500418,1558,100387
47119,2022-02-20,UA,Ukraine,EURO,191640,4692058,1695,102082
47120,2022-02-27,UA,Ukraine,EURO,101143,4793201,1302,103384
47121,2022-03-06,UA,Ukraine,EURO,39531,4832732,731,104115
47122,2022-03-13,UA,Ukraine,EURO,31401,4864133,505,104620
47123,2022-03-20,UA,Ukraine,EURO,30357,4894490,413,105033
47124,2022-03-27,UA,Ukraine,EURO,22317,4916807,264,105297
47125,2022-04-03,UA,Ukraine,EURO,14656,4931463,158,105455
47126,2022-04-10,UA,Ukraine,EURO,11391,4942854,120,105575
47127,2022-04-17,UA,Ukraine,EURO,8035,4950889,117,105692
47128,2022-04-24,UA,Ukraine,EURO,5353,4956242,73,105765
47129,2022-05-01,UA,Ukraine,EURO,4221,4960463,83,105848
47130,2022-05-08,UA,Ukraine,EURO,3732,4964195,38,105886
47131,2022-05-15,UA,Ukraine,EURO,2841,4967036,48,105934
47132,2022-05-22,UA,Ukraine,EURO,2132,4969168,41,105975
47133,2022-05-29,UA,Ukraine,EURO,1896,4971064,31,106006
47134,2022-06-05,UA,Ukraine,EURO,1600,4972664,35,106041
47135,2022-06-12,UA,Ukraine,EURO,1065,4973729,17,106058
47136,2022-06-19,UA,Ukraine,EURO,1044,4974773,16,106074
47137,2022-06-26,UA,Ukraine,EURO,981,4975754,18,106092
47138,2022-07-03,UA,Ukraine,EURO,1106,4976860,15,106107
47139,2022-07-10,UA,Ukraine,EURO,1056,4977916,19,106126
47140,2022-07-17,UA,Ukraine,EURO,1431,4979347,9,106135
47141,2022-07-24,UA,Ukraine,EURO,2098,4981445,14,106149
47142,2022-07-31,UA,Ukraine,EURO,2786,4984231,14,106163
47143,2022-08-07,UA,Ukraine,EURO,3893,4988124,16,106179
47144,2022-08-14,UA,Ukraine,EURO,5439,4993563,37,106216
47145,2022-08-21,UA,Ukraine,EURO,9113,5002676,23,106239
47146,2022-08-28,UA,Ukraine,EURO,11437,5014113,38,106277
47147,2022-09-04,UA,Ukraine,EURO,16155,5030268,44,106321
47148,2022-09-11,UA,Ukraine,EURO,23864,5054132,70,106391
47149,2022-09-18,UA,Ukraine,EURO,36683,5090815,90,106481
47150,2022-09-25,UA,Ukraine,EURO,44137,5134952,161,106642
47151,2022-10-02,UA,Ukraine,EURO,42802,5177754,202,106844
47152,2022-10-09,UA,Ukraine,EURO,36413,5214167,208,107052
47153,2022-10-16,UA,Ukraine,EURO,22914,5237081,203,107255
47154,2022-10-23,UA,Ukraine,EURO,16908,5253989,189,107444
47155,2022-10-30,UA,Ukraine,EURO,16378,5270367,179,107623
47156,2022-11-06,UA,Ukraine,EURO,9587,5279954,114,107737
47157,2022-11-13,UA,Ukraine,EURO,7317,5287271,103,107840
47158,2022-11-20,UA,Ukraine,EURO,6757,5294028,102,107942
47159,2022-11-27,UA,Ukraine,EURO,4991,5299019,80,108022
47160,2022-12-04,UA,Ukraine,EURO,4810,5303829,54,108076
47161,2022-12-11,UA,Ukraine,EURO,4286,5308115,56,108132
47162,2022-12-18,UA,Ukraine,EURO,4358,5312473,70,108202
47163,2022-12-25,UA,Ukraine,EURO,3203,5315676,47,108249
47164,2023-01-01,UA,Ukraine,EURO,3411,5319087,46,108295
47165,2023-01-08,UA,Ukraine,EURO,2970,5322057,61,108356
47166,2023-01-15,UA,Ukraine,EURO,2710,5324767,58,108414
47167,2023-01-22,UA,Ukraine,EURO,3099,5327866,42,108456
47168,2023-01-29,UA,Ukraine,EURO,2973,5330839,43,108499
47169,2023-02-05,UA,Ukraine,EURO,3708,5334547,68,108567
47170,2023-02-12,UA,Ukraine,EURO,5283,5339830,44,108611
47171,2023-02-19,UA,Ukraine,EURO,7344,5347174,60,108671
47172,2023-02-26,UA,Ukraine,EURO,9792,5356966,63,108734
47173,2023-03-05,UA,Ukraine,EURO,12757,5369723,67,108801
47174,2023-03-12,UA,Ukraine,EURO,15372,5385095,92,108893
47175,2023-03-19,UA,Ukraine,EURO,18619,5403714,101,108994
47176,2023-03-26,UA,Ukraine,EURO,19975,5423689,118,109112
47177,2023-04-02,UA,Ukraine,EURO,18982,5442671,113,109225
47178,2023-04-09,UA,Ukraine,EURO,17083,5459754,123,109348
47179,2023-04-16,UA,Ukraine,EURO,16595,5476349,111,109459
47180,2023-04-23,UA,Ukraine,EURO,10845,5487194,105,109564
47181,2023-04-30,UA,Ukraine,EURO,8898,5496092,82,109646
47182,2023-05-07,UA,Ukraine,EURO,6612,5502704,61,109707
47183,2023-05-14,UA,Ukraine,EURO,4739,5507443,44,109751
47184,2023-05-21,UA,Ukraine,EURO,3323,5510766,37,109788
47185,2023-05-28,UA,Ukraine,EURO,2999,5513765,42,109830
47186,2023-06-04,UA,Ukraine,EURO,1965,5515730,24,109854
47187,2023-06-11,UA,Ukraine,EURO,1551,5517281,15,109869
47188,2023-06-18,UA,Ukraine,EURO,1308,5518589,20,109889
47189,2023-06-25,UA,Ukraine,EURO,996,5519585,16,109905
47190,2023-07-02,UA,Ukraine,EURO,898,5520483,13,109918
47191,2023-07-09,UA,Ukraine,EURO,0,5520483,0,109918
47192,2023-07-16,UA,Ukraine,EURO,0,5520483,0,109918
47193,2023-07-23,UA,Ukraine,EURO,0,5520483,0,109918
47194,2023-07-30,UA,Ukraine,EURO,0,5520483,0,109918
47195,2023-08-06,UA,Ukraine,EURO,0,5520483,0,109918
47196,2023-08-13,UA,Ukraine,EURO,0,5520483,0,109918
47197,2023-08-20,UA,Ukraine,EURO,0,5520483,0,109918
47198,2023-08-27,UA,Ukraine,EURO,0,5520483,0,109918
47199,2023-09-03,UA,Ukraine,EURO,0,5520483,0,109918
47200,2023-09-10,UA,Ukraine,EURO,0,5520483,0,109918
47201,2023-09-17,UA,Ukraine,EURO,0,5520483,0,109918
47202,2023-09-24,UA,Ukraine,EURO,0,5520483,0,109918
47203,2023-10-01,UA,Ukraine,EURO,0,5520483,0,109918
47204,2023-10-08,UA,Ukraine,EURO,0,5520483,0,109918
47205,2023-10-15,UA,Ukraine,EURO,0,5520483,0,109918
47206,2023-10-22,UA,Ukraine,EURO,0,5520483,0,109918
47207,2023-10-29,UA,Ukraine,EURO,0,5520483,0,109918
47208,2023-11-05,UA,Ukraine,EURO,0,5520483,0,109918
47209,2023-11-12,UA,Ukraine,EURO,0,5520483,0,109918
47210,2023-11-19,UA,Ukraine,EURO,0,5520483,0,109918
47211,2023-11-26,UA,Ukraine,EURO,0,5520483,0,109918
47212,2023-12-03,UA,Ukraine,EURO,0,5520483,0,109918
47213,2023-12-10,UA,Ukraine,EURO,0,5520483,0,109918
47214,2023-12-17,UA,Ukraine,EURO,0,5520483,0,109918
47215,2023-12-24,UA,Ukraine,EURO,0,5520483,0,109918
47216,2020-01-05,AE,United Arab Emirates,EMRO,0,0,0,0
47217,2020-01-12,AE,United Arab Emirates,EMRO,0,0,0,0
47218,2020-01-19,AE,United Arab Emirates,EMRO,0,0,0,0
47219,2020-01-26,AE,United Arab Emirates,EMRO,0,0,0,0
47220,2020-02-02,AE,United Arab Emirates,EMRO,5,5,0,0
47221,2020-02-09,AE,United Arab Emirates,EMRO,2,7,0,0
47222,2020-02-16,AE,United Arab Emirates,EMRO,1,8,0,0
47223,2020-02-23,AE,United Arab Emirates,EMRO,5,13,0,0
47224,2020-03-01,AE,United Arab Emirates,EMRO,6,19,0,0
47225,2020-03-08,AE,United Arab Emirates,EMRO,26,45,0,0
47226,2020-03-15,AE,United Arab Emirates,EMRO,41,86,0,0
47227,2020-03-22,AE,United Arab Emirates,EMRO,67,153,2,2
47228,2020-03-29,AE,United Arab Emirates,EMRO,315,468,0,2
47229,2020-04-05,AE,United Arab Emirates,EMRO,1037,1505,8,10
47230,2020-04-12,AE,United Arab Emirates,EMRO,2231,3736,10,20
47231,2020-04-19,AE,United Arab Emirates,EMRO,2566,6302,17,37
47232,2020-04-26,AE,United Arab Emirates,EMRO,3511,9813,34,71
47233,2020-05-03,AE,United Arab Emirates,EMRO,3786,13599,48,119
47234,2020-05-10,AE,United Arab Emirates,EMRO,3818,17417,66,185
47235,2020-05-17,AE,United Arab Emirates,EMRO,5210,22627,29,214
47236,2020-05-24,AE,United Arab Emirates,EMRO,6077,28704,30,244
47237,2020-05-31,AE,United Arab Emirates,EMRO,5192,33896,18,262
47238,2020-06-07,AE,United Arab Emirates,EMRO,4372,38268,13,275
47239,2020-06-14,AE,United Arab Emirates,EMRO,3722,41990,13,288
47240,2020-06-21,AE,United Arab Emirates,EMRO,2543,44533,13,301
47241,2020-06-28,AE,United Arab Emirates,EMRO,2827,47360,10,311
47242,2020-07-05,AE,United Arab Emirates,EMRO,3497,50857,10,321
47243,2020-07-12,AE,United Arab Emirates,EMRO,3596,54453,10,331
47244,2020-07-19,AE,United Arab Emirates,EMRO,2258,56711,7,338
47245,2020-07-26,AE,United Arab Emirates,EMRO,1851,58562,5,343
47246,2020-08-02,AE,United Arab Emirates,EMRO,2198,60760,8,351
47247,2020-08-09,AE,United Arab Emirates,EMRO,1540,62300,5,356
47248,2020-08-16,AE,United Arab Emirates,EMRO,1802,64102,5,361
47249,2020-08-23,AE,United Arab Emirates,EMRO,2515,66617,11,372
47250,2020-08-30,AE,United Arab Emirates,EMRO,2711,69328,7,379
47251,2020-09-06,AE,United Arab Emirates,EMRO,4143,73471,9,388
47252,2020-09-13,AE,United Arab Emirates,EMRO,5378,78849,11,399
47253,2020-09-20,AE,United Arab Emirates,EMRO,5393,84242,5,404
47254,2020-09-27,AE,United Arab Emirates,EMRO,6376,90618,7,411
47255,2020-10-04,AE,United Arab Emirates,EMRO,7142,97760,15,426
47256,2020-10-11,AE,United Arab Emirates,EMRO,7373,105133,17,443
47257,2020-10-18,AE,United Arab Emirates,EMRO,9254,114387,16,459
47258,2020-10-25,AE,United Arab Emirates,EMRO,9377,123764,16,475
47259,2020-11-01,AE,United Arab Emirates,EMRO,8865,132629,20,495
47260,2020-11-08,AE,United Arab Emirates,EMRO,8403,141032,19,514
47261,2020-11-15,AE,United Arab Emirates,EMRO,8103,149135,14,528
47262,2020-11-22,AE,United Arab Emirates,EMRO,8650,157785,20,548
47263,2020-11-29,AE,United Arab Emirates,EMRO,8717,166502,21,569
47264,2020-12-06,AE,United Arab Emirates,EMRO,8774,175276,20,589
47265,2020-12-13,AE,United Arab Emirates,EMRO,8479,183755,20,609
47266,2020-12-20,AE,United Arab Emirates,EMRO,8649,192404,25,634
47267,2020-12-27,AE,United Arab Emirates,EMRO,8488,200892,21,655
47268,2021-01-03,AE,United Arab Emirates,EMRO,10749,211641,19,674
47269,2021-01-10,AE,United Arab Emirates,EMRO,16061,227702,28,702
47270,2021-01-17,AE,United Arab Emirates,EMRO,22106,249808,38,740
47271,2021-01-24,AE,United Arab Emirates,EMRO,24568,274376,43,783
47272,2021-01-31,AE,United Arab Emirates,EMRO,26285,300661,55,838
47273,2021-02-07,AE,United Arab Emirates,EMRO,22741,323402,76,914
47274,2021-02-14,AE,United Arab Emirates,EMRO,22203,345605,87,1001
47275,2021-02-21,AE,United Arab Emirates,EMRO,22570,368175,107,1108
47276,2021-02-28,AE,United Arab Emirates,EMRO,20419,388594,105,1213
47277,2021-03-07,AE,United Arab Emirates,EMRO,19642,408236,97,1310
47278,2021-03-14,AE,United Arab Emirates,EMRO,16169,424405,78,1388
47279,2021-03-21,AE,United Arab Emirates,EMRO,14233,438638,45,1433
47280,2021-03-28,AE,United Arab Emirates,EMRO,14431,453069,44,1477
47281,2021-04-04,AE,United Arab Emirates,EMRO,14954,468023,27,1504
47282,2021-04-11,AE,United Arab Emirates,EMRO,13914,481937,25,1529
47283,2021-04-18,AE,United Arab Emirates,EMRO,13287,495224,21,1550
47284,2021-04-25,AE,United Arab Emirates,EMRO,13701,508925,19,1569
47285,2021-05-02,AE,United Arab Emirates,EMRO,13023,521948,22,1591
47286,2021-05-09,AE,United Arab Emirates,EMRO,12497,534445,19,1610
47287,2021-05-16,AE,United Arab Emirates,EMRO,10486,544931,19,1629
47288,2021-05-23,AE,United Arab Emirates,EMRO,9585,554516,19,1648
47289,2021-05-30,AE,United Arab Emirates,EMRO,12747,567263,25,1673
47290,2021-06-06,AE,United Arab Emirates,EMRO,13934,581197,23,1696
47291,2021-06-13,AE,United Arab Emirates,EMRO,14820,596017,28,1724
47292,2021-06-20,AE,United Arab Emirates,EMRO,14162,610179,28,1752
47293,2021-06-27,AE,United Arab Emirates,EMRO,14635,624814,40,1792
47294,2021-07-04,AE,United Arab Emirates,EMRO,13063,637877,39,1831
47295,2021-07-11,AE,United Arab Emirates,EMRO,10825,648702,29,1860
47296,2021-07-18,AE,United Arab Emirates,EMRO,10747,659449,36,1896
47297,2021-07-25,AE,United Arab Emirates,EMRO,10659,670108,20,1916
47298,2021-08-01,AE,United Arab Emirates,EMRO,10750,680858,33,1949
47299,2021-08-08,AE,United Arab Emirates,EMRO,10696,691554,22,1971
47300,2021-08-15,AE,United Arab Emirates,EMRO,9033,700587,26,1997
47301,2021-08-22,AE,United Arab Emirates,EMRO,7715,708302,21,2018
47302,2021-08-29,AE,United Arab Emirates,EMRO,7092,715394,18,2036
47303,2021-09-05,AE,United Arab Emirates,EMRO,6898,722292,9,2045
47304,2021-09-12,AE,United Arab Emirates,EMRO,5974,728266,17,2062
47305,2021-09-19,AE,United Arab Emirates,EMRO,4033,732299,11,2073
47306,2021-09-26,AE,United Arab Emirates,EMRO,2297,734596,16,2089
47307,2021-10-03,AE,United Arab Emirates,EMRO,1928,736524,11,2100
47308,2021-10-10,AE,United Arab Emirates,EMRO,1131,737655,13,2113
47309,2021-10-17,AE,United Arab Emirates,EMRO,832,738487,5,2118
47310,2021-10-24,AE,United Arab Emirates,EMRO,703,739190,11,2129
47311,2021-10-31,AE,United Arab Emirates,EMRO,634,739824,7,2136
47312,2021-11-07,AE,United Arab Emirates,EMRO,538,740362,3,2139
47313,2021-11-14,AE,United Arab Emirates,EMRO,517,740879,4,2143
47314,2021-11-21,AE,United Arab Emirates,EMRO,491,741370,1,2144
47315,2021-11-28,AE,United Arab Emirates,EMRO,488,741858,1,2145
47316,2021-12-05,AE,United Arab Emirates,EMRO,420,742278,3,2148
47317,2021-12-12,AE,United Arab Emirates,EMRO,441,742719,3,2151
47318,2021-12-19,AE,United Arab Emirates,EMRO,1133,743852,0,2151
47319,2021-12-26,AE,United Arab Emirates,EMRO,5678,749530,5,2156
47320,2022-01-02,AE,United Arab Emirates,EMRO,14963,764493,9,2165
47321,2022-01-09,AE,United Arab Emirates,EMRO,18373,782866,8,2173
47322,2022-01-16,AE,United Arab Emirates,EMRO,19315,802181,15,2188
47323,2022-01-23,AE,United Arab Emirates,EMRO,20705,822886,23,2211
47324,2022-01-30,AE,United Arab Emirates,EMRO,17853,840739,28,2239
47325,2022-02-06,AE,United Arab Emirates,EMRO,14903,855642,23,2262
47326,2022-02-13,AE,United Arab Emirates,EMRO,11329,866971,22,2284
47327,2022-02-20,AE,United Arab Emirates,EMRO,6911,873882,9,2293
47328,2022-02-27,AE,United Arab Emirates,EMRO,4864,878746,8,2301
47329,2022-03-06,AE,United Arab Emirates,EMRO,3731,882477,0,2301
47330,2022-03-13,AE,United Arab Emirates,EMRO,2612,885089,1,2302
47331,2022-03-20,AE,United Arab Emirates,EMRO,2296,887385,0,2302
47332,2022-03-27,AE,United Arab Emirates,EMRO,2412,889797,0,2302
47333,2022-04-03,AE,United Arab Emirates,EMRO,2075,891872,0,2302
47334,2022-04-10,AE,United Arab Emirates,EMRO,1666,893538,0,2302
47335,2022-04-17,AE,United Arab Emirates,EMRO,1726,895264,0,2302
47336,2022-04-24,AE,United Arab Emirates,EMRO,1628,896892,0,2302
47337,2022-05-01,AE,United Arab Emirates,EMRO,1679,898571,0,2302
47338,2022-05-08,AE,United Arab Emirates,EMRO,1455,900026,0,2302
47339,2022-05-15,AE,United Arab Emirates,EMRO,2135,902161,0,2302
47340,2022-05-22,AE,United Arab Emirates,EMRO,2305,904466,0,2302
47341,2022-05-29,AE,United Arab Emirates,EMRO,2603,907069,0,2302
47342,2022-06-05,AE,United Arab Emirates,EMRO,3269,910338,3,2305
47343,2022-06-12,AE,United Arab Emirates,EMRO,5909,916247,0,2305
47344,2022-06-19,AE,United Arab Emirates,EMRO,9651,925898,3,2308
47345,2022-06-26,AE,United Arab Emirates,EMRO,11139,937037,3,2311
47346,2022-07-03,AE,United Arab Emirates,EMRO,12347,949384,6,2317
47347,2022-07-10,AE,United Arab Emirates,EMRO,11961,961345,6,2323
47348,2022-07-17,AE,United Arab Emirates,EMRO,10662,972007,2,2325
47349,2022-07-24,AE,United Arab Emirates,EMRO,9650,981657,6,2331
47350,2022-07-31,AE,United Arab Emirates,EMRO,8743,990400,3,2334
47351,2022-08-07,AE,United Arab Emirates,EMRO,7369,997769,3,2337
47352,2022-08-14,AE,United Arab Emirates,EMRO,6160,1003929,2,2339
47353,2022-08-21,AE,United Arab Emirates,EMRO,5187,1009116,2,2341
47354,2022-08-28,AE,United Arab Emirates,EMRO,4215,1013331,0,2341
47355,2022-09-04,AE,United Arab Emirates,EMRO,3414,1016745,0,2341
47356,2022-09-11,AE,United Arab Emirates,EMRO,2880,1019625,1,2342
47357,2022-09-18,AE,United Arab Emirates,EMRO,2913,1022538,0,2342
47358,2022-09-25,AE,United Arab Emirates,EMRO,2675,1025213,1,2343
47359,2022-10-02,AE,United Arab Emirates,EMRO,2720,1027933,2,2345
47360,2022-10-09,AE,United Arab Emirates,EMRO,2545,1030478,1,2346
47361,2022-10-16,AE,United Arab Emirates,EMRO,2044,1032522,0,2346
47362,2022-10-23,AE,United Arab Emirates,EMRO,2262,1034784,2,2348
47363,2022-10-30,AE,United Arab Emirates,EMRO,2239,1037023,0,2348
47364,2022-11-06,AE,United Arab Emirates,EMRO,2067,1039090,0,2348
47365,2022-11-13,AE,United Arab Emirates,EMRO,1731,1040821,0,2348
47366,2022-11-20,AE,United Arab Emirates,EMRO,1519,1042340,0,2348
47367,2022-11-27,AE,United Arab Emirates,EMRO,1458,1043798,0,2348
47368,2022-12-04,AE,United Arab Emirates,EMRO,906,1044704,0,2348
47369,2022-12-11,AE,United Arab Emirates,EMRO,719,1045423,0,2348
47370,2022-12-18,AE,United Arab Emirates,EMRO,663,1046086,0,2348
47371,2022-12-25,AE,United Arab Emirates,EMRO,463,1046549,0,2348
47372,2023-01-01,AE,United Arab Emirates,EMRO,459,1047008,0,2348
47373,2023-01-08,AE,United Arab Emirates,EMRO,456,1047464,0,2348
47374,2023-01-15,AE,United Arab Emirates,EMRO,556,1048020,0,2348
47375,2023-01-22,AE,United Arab Emirates,EMRO,603,1048623,0,2348
47376,2023-01-29,AE,United Arab Emirates,EMRO,586,1049209,0,2348
47377,2023-02-05,AE,United Arab Emirates,EMRO,520,1049729,0,2348
47378,2023-02-12,AE,United Arab Emirates,EMRO,601,1050330,0,2348
47379,2023-02-19,AE,United Arab Emirates,EMRO,631,1050961,1,2349
47380,2023-02-26,AE,United Arab Emirates,EMRO,771,1051732,0,2349
47381,2023-03-05,AE,United Arab Emirates,EMRO,787,1052519,0,2349
47382,2023-03-12,AE,United Arab Emirates,EMRO,1067,1053586,0,2349
47383,2023-03-19,AE,United Arab Emirates,EMRO,1287,1054873,0,2349
47384,2023-03-26,AE,United Arab Emirates,EMRO,1612,1056485,0,2349
47385,2023-04-02,AE,United Arab Emirates,EMRO,1515,1058000,0,2349
47386,2023-04-09,AE,United Arab Emirates,EMRO,1468,1059468,0,2349
47387,2023-04-16,AE,United Arab Emirates,EMRO,1149,1060617,0,2349
47388,2023-04-23,AE,United Arab Emirates,EMRO,1040,1061657,0,2349
47389,2023-04-30,AE,United Arab Emirates,EMRO,1143,1062800,0,2349
47390,2023-05-07,AE,United Arab Emirates,EMRO,1437,1064237,0,2349
47391,2023-05-14,AE,United Arab Emirates,EMRO,1370,1065607,0,2349
47392,2023-05-21,AE,United Arab Emirates,EMRO,1034,1066641,0,2349
47393,2023-05-28,AE,United Arab Emirates,EMRO,389,1067030,0,2349
47394,2023-06-04,AE,United Arab Emirates,EMRO,0,1067030,0,2349
47395,2023-06-11,AE,United Arab Emirates,EMRO,0,1067030,0,2349
47396,2023-06-18,AE,United Arab Emirates,EMRO,0,1067030,0,2349
47397,2023-06-25,AE,United Arab Emirates,EMRO,0,1067030,0,2349
47398,2023-07-02,AE,United Arab Emirates,EMRO,0,1067030,0,2349
47399,2023-07-09,AE,United Arab Emirates,EMRO,0,1067030,0,2349
47400,2023-07-16,AE,United Arab Emirates,EMRO,0,1067030,0,2349
47401,2023-07-23,AE,United Arab Emirates,EMRO,0,1067030,0,2349
47402,2023-07-30,AE,United Arab Emirates,EMRO,0,1067030,0,2349
47403,2023-08-06,AE,United Arab Emirates,EMRO,0,1067030,0,2349
47404,2023-08-13,AE,United Arab Emirates,EMRO,0,1067030,0,2349
47405,2023-08-20,AE,United Arab Emirates,EMRO,0,1067030,0,2349
47406,2023-08-27,AE,United Arab Emirates,EMRO,0,1067030,0,2349
47407,2023-09-03,AE,United Arab Emirates,EMRO,0,1067030,0,2349
47408,2023-09-10,AE,United Arab Emirates,EMRO,0,1067030,0,2349
47409,2023-09-17,AE,United Arab Emirates,EMRO,0,1067030,0,2349
47410,2023-09-24,AE,United Arab Emirates,EMRO,0,1067030,0,2349
47411,2023-10-01,AE,United Arab Emirates,EMRO,0,1067030,0,2349
47412,2023-10-08,AE,United Arab Emirates,EMRO,0,1067030,0,2349
47413,2023-10-15,AE,United Arab Emirates,EMRO,0,1067030,0,2349
47414,2023-10-22,AE,United Arab Emirates,EMRO,0,1067030,0,2349
47415,2023-10-29,AE,United Arab Emirates,EMRO,0,1067030,0,2349
47416,2023-11-05,AE,United Arab Emirates,EMRO,0,1067030,0,2349
47417,2023-11-12,AE,United Arab Emirates,EMRO,0,1067030,0,2349
47418,2023-11-19,AE,United Arab Emirates,EMRO,0,1067030,0,2349
47419,2023-11-26,AE,United Arab Emirates,EMRO,0,1067030,0,2349
47420,2023-12-03,AE,United Arab Emirates,EMRO,0,1067030,0,2349
47421,2023-12-10,AE,United Arab Emirates,EMRO,0,1067030,0,2349
47422,2023-12-17,AE,United Arab Emirates,EMRO,0,1067030,0,2349
47423,2023-12-24,AE,United Arab Emirates,EMRO,0,1067030,0,2349
47424,2020-01-05,TZ,United Republic of Tanzania,AFRO,0,0,0,0
47425,2020-01-12,TZ,United Republic of Tanzania,AFRO,0,0,0,0
47426,2020-01-19,TZ,United Republic of Tanzania,AFRO,0,0,0,0
47427,2020-01-26,TZ,United Republic of Tanzania,AFRO,0,0,0,0
47428,2020-02-02,TZ,United Republic of Tanzania,AFRO,0,0,0,0
47429,2020-02-09,TZ,United Republic of Tanzania,AFRO,0,0,0,0
47430,2020-02-16,TZ,United Republic of Tanzania,AFRO,0,0,0,0
47431,2020-02-23,TZ,United Republic of Tanzania,AFRO,0,0,0,0
47432,2020-03-01,TZ,United Republic of Tanzania,AFRO,0,0,0,0
47433,2020-03-08,TZ,United Republic of Tanzania,AFRO,0,0,0,0
47434,2020-03-15,TZ,United Republic of Tanzania,AFRO,0,0,0,0
47435,2020-03-22,TZ,United Republic of Tanzania,AFRO,6,6,0,0
47436,2020-03-29,TZ,United Republic of Tanzania,AFRO,8,14,0,0
47437,2020-04-05,TZ,United Republic of Tanzania,AFRO,6,20,1,1
47438,2020-04-12,TZ,United Republic of Tanzania,AFRO,12,32,2,3
47439,2020-04-19,TZ,United Republic of Tanzania,AFRO,116,148,2,5
47440,2020-04-26,TZ,United Republic of Tanzania,AFRO,152,300,5,10
47441,2020-05-03,TZ,United Republic of Tanzania,AFRO,180,480,8,18
47442,2020-05-10,TZ,United Republic of Tanzania,AFRO,29,509,3,21
47443,2020-05-17,TZ,United Republic of Tanzania,AFRO,0,509,0,21
47444,2020-05-24,TZ,United Republic of Tanzania,AFRO,0,509,0,21
47445,2020-05-31,TZ,United Republic of Tanzania,AFRO,0,509,0,21
47446,2020-06-07,TZ,United Republic of Tanzania,AFRO,0,509,0,21
47447,2020-06-14,TZ,United Republic of Tanzania,AFRO,0,509,0,21
47448,2020-06-21,TZ,United Republic of Tanzania,AFRO,0,509,0,21
47449,2020-06-28,TZ,United Republic of Tanzania,AFRO,0,509,0,21
47450,2020-07-05,TZ,United Republic of Tanzania,AFRO,0,509,0,21
47451,2020-07-12,TZ,United Republic of Tanzania,AFRO,0,509,0,21
47452,2020-07-19,TZ,United Republic of Tanzania,AFRO,0,509,0,21
47453,2020-07-26,TZ,United Republic of Tanzania,AFRO,0,509,0,21
47454,2020-08-02,TZ,United Republic of Tanzania,AFRO,0,509,0,21
47455,2020-08-09,TZ,United Republic of Tanzania,AFRO,0,509,0,21
47456,2020-08-16,TZ,United Republic of Tanzania,AFRO,0,509,0,21
47457,2020-08-23,TZ,United Republic of Tanzania,AFRO,0,509,0,21
47458,2020-08-30,TZ,United Republic of Tanzania,AFRO,0,509,0,21
47459,2020-09-06,TZ,United Republic of Tanzania,AFRO,0,509,0,21
47460,2020-09-13,TZ,United Republic of Tanzania,AFRO,0,509,0,21
47461,2020-09-20,TZ,United Republic of Tanzania,AFRO,0,509,0,21
47462,2020-09-27,TZ,United Republic of Tanzania,AFRO,0,509,0,21
47463,2020-10-04,TZ,United Republic of Tanzania,AFRO,0,509,0,21
47464,2020-10-11,TZ,United Republic of Tanzania,AFRO,0,509,0,21
47465,2020-10-18,TZ,United Republic of Tanzania,AFRO,0,509,0,21
47466,2020-10-25,TZ,United Republic of Tanzania,AFRO,0,509,0,21
47467,2020-11-01,TZ,United Republic of Tanzania,AFRO,0,509,0,21
47468,2020-11-08,TZ,United Republic of Tanzania,AFRO,0,509,0,21
47469,2020-11-15,TZ,United Republic of Tanzania,AFRO,0,509,0,21
47470,2020-11-22,TZ,United Republic of Tanzania,AFRO,0,509,0,21
47471,2020-11-29,TZ,United Republic of Tanzania,AFRO,0,509,0,21
47472,2020-12-06,TZ,United Republic of Tanzania,AFRO,0,509,0,21
47473,2020-12-13,TZ,United Republic of Tanzania,AFRO,0,509,0,21
47474,2020-12-20,TZ,United Republic of Tanzania,AFRO,0,509,0,21
47475,2020-12-27,TZ,United Republic of Tanzania,AFRO,0,509,0,21
47476,2021-01-03,TZ,United Republic of Tanzania,AFRO,0,509,0,21
47477,2021-01-10,TZ,United Republic of Tanzania,AFRO,0,509,0,21
47478,2021-01-17,TZ,United Republic of Tanzania,AFRO,0,509,0,21
47479,2021-01-24,TZ,United Republic of Tanzania,AFRO,0,509,0,21
47480,2021-01-31,TZ,United Republic of Tanzania,AFRO,0,509,0,21
47481,2021-02-07,TZ,United Republic of Tanzania,AFRO,0,509,0,21
47482,2021-02-14,TZ,United Republic of Tanzania,AFRO,0,509,0,21
47483,2021-02-21,TZ,United Republic of Tanzania,AFRO,0,509,0,21
47484,2021-02-28,TZ,United Republic of Tanzania,AFRO,0,509,0,21
47485,2021-03-07,TZ,United Republic of Tanzania,AFRO,0,509,0,21
47486,2021-03-14,TZ,United Republic of Tanzania,AFRO,0,509,0,21
47487,2021-03-21,TZ,United Republic of Tanzania,AFRO,0,509,0,21
47488,2021-03-28,TZ,United Republic of Tanzania,AFRO,0,509,0,21
47489,2021-04-04,TZ,United Republic of Tanzania,AFRO,0,509,0,21
47490,2021-04-11,TZ,United Republic of Tanzania,AFRO,0,509,0,21
47491,2021-04-18,TZ,United Republic of Tanzania,AFRO,0,509,0,21
47492,2021-04-25,TZ,United Republic of Tanzania,AFRO,0,509,0,21
47493,2021-05-02,TZ,United Republic of Tanzania,AFRO,0,509,0,21
47494,2021-05-09,TZ,United Republic of Tanzania,AFRO,0,509,0,21
47495,2021-05-16,TZ,United Republic of Tanzania,AFRO,0,509,0,21
47496,2021-05-23,TZ,United Republic of Tanzania,AFRO,0,509,0,21
47497,2021-05-30,TZ,United Republic of Tanzania,AFRO,0,509,0,21
47498,2021-06-06,TZ,United Republic of Tanzania,AFRO,0,509,0,21
47499,2021-06-13,TZ,United Republic of Tanzania,AFRO,0,509,0,21
47500,2021-06-20,TZ,United Republic of Tanzania,AFRO,0,509,0,21
47501,2021-06-27,TZ,United Republic of Tanzania,AFRO,0,509,0,21
47502,2021-07-04,TZ,United Republic of Tanzania,AFRO,100,609,0,21
47503,2021-07-11,TZ,United Republic of Tanzania,AFRO,0,609,0,21
47504,2021-07-18,TZ,United Republic of Tanzania,AFRO,408,1017,0,21
47505,2021-07-25,TZ,United Republic of Tanzania,AFRO,350,1367,29,50
47506,2021-08-01,TZ,United Republic of Tanzania,AFRO,0,1367,0,50
47507,2021-08-08,TZ,United Republic of Tanzania,AFRO,20607,21974,553,603
47508,2021-08-15,TZ,United Republic of Tanzania,AFRO,1403,23377,28,631
47509,2021-08-22,TZ,United Republic of Tanzania,AFRO,855,24232,27,658
47510,2021-08-29,TZ,United Republic of Tanzania,AFRO,603,24835,20,678
47511,2021-09-05,TZ,United Republic of Tanzania,AFRO,466,25301,17,695
47512,2021-09-12,TZ,United Republic of Tanzania,AFRO,213,25514,9,704
47513,2021-09-19,TZ,United Republic of Tanzania,AFRO,195,25709,11,715
47514,2021-09-26,TZ,United Republic of Tanzania,AFRO,137,25846,4,719
47515,2021-10-03,TZ,United Republic of Tanzania,AFRO,111,25957,4,723
47516,2021-10-10,TZ,United Republic of Tanzania,AFRO,77,26034,1,724
47517,2021-10-17,TZ,United Republic of Tanzania,AFRO,81,26115,1,725
47518,2021-10-24,TZ,United Republic of Tanzania,AFRO,39,26154,0,725
47519,2021-10-31,TZ,United Republic of Tanzania,AFRO,42,26196,0,725
47520,2021-11-07,TZ,United Republic of Tanzania,AFRO,12,26208,0,725
47521,2021-11-14,TZ,United Republic of Tanzania,AFRO,19,26227,2,727
47522,2021-11-21,TZ,United Republic of Tanzania,AFRO,34,26261,3,730
47523,2021-11-28,TZ,United Republic of Tanzania,AFRO,9,26270,0,730
47524,2021-12-05,TZ,United Republic of Tanzania,AFRO,39,26309,4,734
47525,2021-12-12,TZ,United Republic of Tanzania,AFRO,174,26483,0,734
47526,2021-12-19,TZ,United Republic of Tanzania,AFRO,0,26483,0,734
47527,2021-12-26,TZ,United Republic of Tanzania,AFRO,2823,29306,3,737
47528,2022-01-02,TZ,United Republic of Tanzania,AFRO,1258,30564,3,740
47529,2022-01-09,TZ,United Republic of Tanzania,AFRO,831,31395,5,745
47530,2022-01-16,TZ,United Republic of Tanzania,AFRO,998,32393,8,753
47531,2022-01-23,TZ,United Republic of Tanzania,AFRO,527,32920,25,778
47532,2022-01-30,TZ,United Republic of Tanzania,AFRO,310,33230,11,789
47533,2022-02-06,TZ,United Republic of Tanzania,AFRO,206,33436,3,792
47534,2022-02-13,TZ,United Republic of Tanzania,AFRO,113,33549,4,796
47535,2022-02-20,TZ,United Republic of Tanzania,AFRO,71,33620,2,798
47536,2022-02-27,TZ,United Republic of Tanzania,AFRO,0,33620,0,798
47537,2022-03-06,TZ,United Republic of Tanzania,AFRO,106,33726,2,800
47538,2022-03-13,TZ,United Republic of Tanzania,AFRO,47,33773,0,800
47539,2022-03-20,TZ,United Republic of Tanzania,AFRO,24,33797,0,800
47540,2022-03-27,TZ,United Republic of Tanzania,AFRO,18,33815,0,800
47541,2022-04-03,TZ,United Republic of Tanzania,AFRO,21,33836,3,803
47542,2022-04-10,TZ,United Republic of Tanzania,AFRO,15,33851,0,803
47543,2022-04-17,TZ,United Republic of Tanzania,AFRO,13,33864,0,803
47544,2022-04-24,TZ,United Republic of Tanzania,AFRO,8,33872,0,803
47545,2022-05-01,TZ,United Republic of Tanzania,AFRO,32,33904,0,803
47546,2022-05-08,TZ,United Republic of Tanzania,AFRO,737,34641,37,840
47547,2022-05-15,TZ,United Republic of Tanzania,AFRO,41,34682,0,840
47548,2022-05-22,TZ,United Republic of Tanzania,AFRO,83,34765,0,840
47549,2022-05-29,TZ,United Republic of Tanzania,AFRO,71,34836,0,840
47550,2022-06-05,TZ,United Republic of Tanzania,AFRO,152,34988,0,840
47551,2022-06-12,TZ,United Republic of Tanzania,AFRO,171,35159,0,840
47552,2022-06-19,TZ,United Republic of Tanzania,AFRO,207,35366,1,841
47553,2022-06-26,TZ,United Republic of Tanzania,AFRO,402,35768,0,841
47554,2022-07-03,TZ,United Republic of Tanzania,AFRO,406,36174,0,841
47555,2022-07-10,TZ,United Republic of Tanzania,AFRO,346,36520,0,841
47556,2022-07-17,TZ,United Republic of Tanzania,AFRO,366,36886,0,841
47557,2022-07-24,TZ,United Republic of Tanzania,AFRO,443,37329,0,841
47558,2022-07-31,TZ,United Republic of Tanzania,AFRO,536,37865,0,841
47559,2022-08-07,TZ,United Republic of Tanzania,AFRO,340,38205,0,841
47560,2022-08-14,TZ,United Republic of Tanzania,AFRO,249,38454,0,841
47561,2022-08-21,TZ,United Republic of Tanzania,AFRO,258,38712,0,841
47562,2022-08-28,TZ,United Republic of Tanzania,AFRO,239,38951,4,845
47563,2022-09-04,TZ,United Republic of Tanzania,AFRO,227,39178,0,845
47564,2022-09-11,TZ,United Republic of Tanzania,AFRO,85,39263,0,845
47565,2022-09-18,TZ,United Republic of Tanzania,AFRO,88,39351,0,845
47566,2022-09-25,TZ,United Republic of Tanzania,AFRO,99,39450,0,845
47567,2022-10-02,TZ,United Republic of Tanzania,AFRO,73,39523,0,845
47568,2022-10-09,TZ,United Republic of Tanzania,AFRO,166,39689,0,845
47569,2022-10-16,TZ,United Republic of Tanzania,AFRO,125,39814,0,845
47570,2022-10-23,TZ,United Republic of Tanzania,AFRO,471,40285,0,845
47571,2022-10-30,TZ,United Republic of Tanzania,AFRO,0,40285,0,845
47572,2022-11-06,TZ,United Republic of Tanzania,AFRO,1134,41419,0,845
47573,2022-11-13,TZ,United Republic of Tanzania,AFRO,243,41662,0,845
47574,2022-11-20,TZ,United Republic of Tanzania,AFRO,0,41662,0,845
47575,2022-11-27,TZ,United Republic of Tanzania,AFRO,185,41847,0,845
47576,2022-12-04,TZ,United Republic of Tanzania,AFRO,150,41997,0,845
47577,2022-12-11,TZ,United Republic of Tanzania,AFRO,114,42111,0,845
47578,2022-12-18,TZ,United Republic of Tanzania,AFRO,117,42228,0,845
47579,2022-12-25,TZ,United Republic of Tanzania,AFRO,123,42351,0,845
47580,2023-01-01,TZ,United Republic of Tanzania,AFRO,45,42396,0,845
47581,2023-01-08,TZ,United Republic of Tanzania,AFRO,71,42467,1,846
47582,2023-01-15,TZ,United Republic of Tanzania,AFRO,63,42530,0,846
47583,2023-01-22,TZ,United Republic of Tanzania,AFRO,70,42600,0,846
47584,2023-01-29,TZ,United Republic of Tanzania,AFRO,64,42664,0,846
47585,2023-02-05,TZ,United Republic of Tanzania,AFRO,53,42717,0,846
47586,2023-02-12,TZ,United Republic of Tanzania,AFRO,58,42775,0,846
47587,2023-02-19,TZ,United Republic of Tanzania,AFRO,48,42823,0,846
47588,2023-02-26,TZ,United Republic of Tanzania,AFRO,23,42846,0,846
47589,2023-03-05,TZ,United Republic of Tanzania,AFRO,60,42906,0,846
47590,2023-03-12,TZ,United Republic of Tanzania,AFRO,21,42927,0,846
47591,2023-03-19,TZ,United Republic of Tanzania,AFRO,15,42942,0,846
47592,2023-03-26,TZ,United Republic of Tanzania,AFRO,17,42959,0,846
47593,2023-04-02,TZ,United Republic of Tanzania,AFRO,14,42973,0,846
47594,2023-04-09,TZ,United Republic of Tanzania,AFRO,25,42998,0,846
47595,2023-04-16,TZ,United Republic of Tanzania,AFRO,25,43023,0,846
47596,2023-04-23,TZ,United Republic of Tanzania,AFRO,25,43048,0,846
47597,2023-04-30,TZ,United Republic of Tanzania,AFRO,30,43078,0,846
47598,2023-05-07,TZ,United Republic of Tanzania,AFRO,0,43078,0,846
47599,2023-05-14,TZ,United Republic of Tanzania,AFRO,0,43078,0,846
47600,2023-05-21,TZ,United Republic of Tanzania,AFRO,0,43078,0,846
47601,2023-05-28,TZ,United Republic of Tanzania,AFRO,0,43078,0,846
47602,2023-06-04,TZ,United Republic of Tanzania,AFRO,0,43078,0,846
47603,2023-06-11,TZ,United Republic of Tanzania,AFRO,0,43078,0,846
47604,2023-06-18,TZ,United Republic of Tanzania,AFRO,0,43078,0,846
47605,2023-06-25,TZ,United Republic of Tanzania,AFRO,0,43078,0,846
47606,2023-07-02,TZ,United Republic of Tanzania,AFRO,0,43078,0,846
47607,2023-07-09,TZ,United Republic of Tanzania,AFRO,0,43078,0,846
47608,2023-07-16,TZ,United Republic of Tanzania,AFRO,0,43078,0,846
47609,2023-07-23,TZ,United Republic of Tanzania,AFRO,0,43078,0,846
47610,2023-07-30,TZ,United Republic of Tanzania,AFRO,0,43078,0,846
47611,2023-08-06,TZ,United Republic of Tanzania,AFRO,0,43078,0,846
47612,2023-08-13,TZ,United Republic of Tanzania,AFRO,0,43078,0,846
47613,2023-08-20,TZ,United Republic of Tanzania,AFRO,0,43078,0,846
47614,2023-08-27,TZ,United Republic of Tanzania,AFRO,0,43078,0,846
47615,2023-09-03,TZ,United Republic of Tanzania,AFRO,0,43078,0,846
47616,2023-09-10,TZ,United Republic of Tanzania,AFRO,0,43078,0,846
47617,2023-09-17,TZ,United Republic of Tanzania,AFRO,0,43078,0,846
47618,2023-09-24,TZ,United Republic of Tanzania,AFRO,0,43078,0,846
47619,2023-10-01,TZ,United Republic of Tanzania,AFRO,0,43078,0,846
47620,2023-10-08,TZ,United Republic of Tanzania,AFRO,6,43084,0,846
47621,2023-10-15,TZ,United Republic of Tanzania,AFRO,24,43108,0,846
47622,2023-10-22,TZ,United Republic of Tanzania,AFRO,2,43110,0,846
47623,2023-10-29,TZ,United Republic of Tanzania,AFRO,5,43115,0,846
47624,2023-11-05,TZ,United Republic of Tanzania,AFRO,2,43117,0,846
47625,2023-11-12,TZ,United Republic of Tanzania,AFRO,0,43117,0,846
47626,2023-11-19,TZ,United Republic of Tanzania,AFRO,10,43127,0,846
47627,2023-11-26,TZ,United Republic of Tanzania,AFRO,31,43158,0,846
47628,2023-12-03,TZ,United Republic of Tanzania,AFRO,33,43191,0,846
47629,2023-12-10,TZ,United Republic of Tanzania,AFRO,32,43223,0,846
47630,2023-12-17,TZ,United Republic of Tanzania,AFRO,0,43223,0,846
47631,2023-12-24,TZ,United Republic of Tanzania,AFRO,0,43223,0,846
47632,2020-01-05,US,United States of America,AMRO,0,0,0,0
47633,2020-01-12,US,United States of America,AMRO,0,0,0,0
47634,2020-01-19,US,United States of America,AMRO,0,0,0,0
47635,2020-01-26,US,United States of America,AMRO,7,7,0,0
47636,2020-02-02,US,United States of America,AMRO,2,9,0,0
47637,2020-02-09,US,United States of America,AMRO,11,20,0,0
47638,2020-02-16,US,United States of America,AMRO,4,24,0,0
47639,2020-02-23,US,United States of America,AMRO,16,40,0,0
47640,2020-03-01,US,United States of America,AMRO,33,73,1,1
47641,2020-03-08,US,United States of America,AMRO,391,464,18,19
47642,2020-03-15,US,United States of America,AMRO,3465,3929,50,69
47643,2020-03-22,US,United States of America,AMRO,27486,31415,305,374
47644,2020-03-29,US,United States of America,AMRO,94894,126309,1732,2106
47645,2020-04-05,US,United States of America,AMRO,176151,302460,6642,8748
47646,2020-04-12,US,United States of America,AMRO,219172,521632,13889,22637
47647,2020-04-19,US,United States of America,AMRO,196150,717782,15898,38535
47648,2020-04-26,US,United States of America,AMRO,205165,922947,14899,53434
47649,2020-05-03,US,United States of America,AMRO,198436,1121383,13635,67069
47650,2020-05-10,US,United States of America,AMRO,182246,1303629,12758,79827
47651,2020-05-17,US,United States of America,AMRO,169032,1472661,10130,89957
47652,2020-05-24,US,United States of America,AMRO,166325,1638986,8558,98515
47653,2020-05-31,US,United States of America,AMRO,146436,1785422,6810,105325
47654,2020-06-07,US,United States of America,AMRO,149780,1935202,5987,111312
47655,2020-06-14,US,United States of America,AMRO,151876,2087078,5370,116682
47656,2020-06-21,US,United States of America,AMRO,180021,2267099,4455,121137
47657,2020-06-28,US,United States of America,AMRO,258278,2525377,6081,127218
47658,2020-07-05,US,United States of America,AMRO,342166,2867543,4451,131669
47659,2020-07-12,US,United States of America,AMRO,392205,3259748,5529,137198
47660,2020-07-19,US,United States of America,AMRO,466267,3726015,6666,143864
47661,2020-07-26,US,United States of America,AMRO,467901,4193916,7726,151590
47662,2020-08-02,US,United States of America,AMRO,431250,4625166,8146,159736
47663,2020-08-09,US,United States of America,AMRO,375909,5001075,7799,167535
47664,2020-08-16,US,United States of America,AMRO,362662,5363737,7404,174939
47665,2020-08-23,US,United States of America,AMRO,315788,5679525,6677,181616
47666,2020-08-30,US,United States of America,AMRO,294946,5974471,6343,187959
47667,2020-09-06,US,United States of America,AMRO,295253,6269724,5705,193664
47668,2020-09-13,US,United States of America,AMRO,245621,6515345,4977,198641
47669,2020-09-20,US,United States of America,AMRO,280977,6796322,5176,203817
47670,2020-09-27,US,United States of America,AMRO,304774,7101096,4776,208593
47671,2020-10-04,US,United States of America,AMRO,298348,7399444,4687,213280
47672,2020-10-11,US,United States of America,AMRO,334249,7733693,4615,217895
47673,2020-10-18,US,United States of America,AMRO,387634,8121327,4801,222696
47674,2020-10-25,US,United States of America,AMRO,449438,8570765,5723,228419
47675,2020-11-01,US,United States of America,AMRO,559394,9130159,6096,234515
47676,2020-11-08,US,United States of America,AMRO,790094,9920253,7204,241719
47677,2020-11-15,US,United States of America,AMRO,1004845,10925098,8717,250436
47678,2020-11-22,US,United States of America,AMRO,1175483,12100581,10820,261256
47679,2020-11-29,US,United States of America,AMRO,1162401,13262982,11950,273206
47680,2020-12-06,US,United States of America,AMRO,1280932,14543914,14801,288007
47681,2020-12-13,US,United States of America,AMRO,1468482,16012396,17714,305721
47682,2020-12-20,US,United States of America,AMRO,1517928,17530324,18866,324587
47683,2020-12-27,US,United States of America,AMRO,1360122,18890446,18333,342920
47684,2021-01-03,US,United States of America,AMRO,1380995,20271441,19650,362570
47685,2021-01-10,US,United States of America,AMRO,1667151,21938592,21497,384067
47686,2021-01-17,US,United States of America,AMRO,1589955,23528547,23312,407379
47687,2021-01-24,US,United States of America,AMRO,1265861,24794408,22495,429874
47688,2021-01-31,US,United States of America,AMRO,1068625,25863033,22249,452123
47689,2021-02-07,US,United States of America,AMRO,857250,26720283,20100,472223
47690,2021-02-14,US,United States of America,AMRO,670572,27390855,19838,492061
47691,2021-02-21,US,United States of America,AMRO,473485,27864340,14432,506493
47692,2021-02-28,US,United States of America,AMRO,465751,28330091,13360,519853
47693,2021-03-07,US,United States of America,AMRO,420739,28750830,10446,530299
47694,2021-03-14,US,United States of America,AMRO,384000,29134830,8559,538858
47695,2021-03-21,US,United States of America,AMRO,379551,29514381,6264,545122
47696,2021-03-28,US,United States of America,AMRO,417818,29932199,6111,551233
47697,2021-04-04,US,United States of America,AMRO,449960,30382159,5352,556585
47698,2021-04-11,US,United States of America,AMRO,455950,30838109,4903,561488
47699,2021-04-18,US,United States of America,AMRO,467217,31305326,4875,566363
47700,2021-04-25,US,United States of America,AMRO,406095,31711421,4721,571084
47701,2021-05-02,US,United States of America,AMRO,338407,32049828,4493,575577
47702,2021-05-09,US,United States of America,AMRO,292324,32342152,4451,580028
47703,2021-05-16,US,United States of America,AMRO,233350,32575502,3973,584001
47704,2021-05-23,US,United States of America,AMRO,181609,32757111,3624,587625
47705,2021-05-30,US,United States of America,AMRO,147811,32904922,3534,591159
47706,2021-06-06,US,United States of America,AMRO,99112,33004034,2675,593834
47707,2021-06-13,US,United States of America,AMRO,99565,33103599,2624,596458
47708,2021-06-20,US,United States of America,AMRO,80627,33184226,1762,598220
47709,2021-06-27,US,United States of America,AMRO,87637,33271863,2101,600321
47710,2021-07-04,US,United States of America,AMRO,97037,33368900,1717,602038
47711,2021-07-11,US,United States of America,AMRO,286510,33655410,1509,603547
47712,2021-07-18,US,United States of America,AMRO,222579,33877989,1931,605478
47713,2021-07-25,US,United States of America,AMRO,359027,34237016,2084,607562
47714,2021-08-01,US,United States of America,AMRO,547086,34784102,2927,610489
47715,2021-08-08,US,United States of America,AMRO,743056,35527158,4453,614942
47716,2021-08-15,US,United States of America,AMRO,886464,36413622,5637,620579
47717,2021-08-22,US,United States of America,AMRO,1019966,37433588,8055,628634
47718,2021-08-29,US,United States of America,AMRO,1094890,38528478,10183,638817
47719,2021-09-05,US,United States of America,AMRO,1144251,39672729,11709,650526
47720,2021-09-12,US,United States of America,AMRO,1022570,40695299,12085,662611
47721,2021-09-19,US,United States of America,AMRO,1037454,41732753,13590,676201
47722,2021-09-26,US,United States of America,AMRO,852294,42585047,13384,689585
47723,2021-10-03,US,United States of America,AMRO,755688,43340735,12992,702577
47724,2021-10-10,US,United States of America,AMRO,681984,44022719,11684,714261
47725,2021-10-17,US,United States of America,AMRO,582237,44604956,10462,724723
47726,2021-10-24,US,United States of America,AMRO,508543,45113499,11091,735814
47727,2021-10-31,US,United States of America,AMRO,526186,45639685,8915,744729
47728,2021-11-07,US,United States of America,AMRO,510211,46149896,7407,752136
47729,2021-11-14,US,United States of America,AMRO,557180,46707076,7529,759665
47730,2021-11-21,US,United States of America,AMRO,676876,47383952,10276,769941
47731,2021-11-28,US,United States of America,AMRO,592394,47976346,5690,775631
47732,2021-12-05,US,United States of America,AMRO,751017,48727363,8304,783935
47733,2021-12-12,US,United States of America,AMRO,834969,49562332,8586,792521
47734,2021-12-19,US,United States of America,AMRO,899109,50461441,9065,801586
47735,2021-12-26,US,United States of America,AMRO,1417419,51878860,11001,812587
47736,2022-01-02,US,United States of America,AMRO,2712038,54590898,9146,821733
47737,2022-01-09,US,United States of America,AMRO,4682897,59273795,11716,833449
47738,2022-01-16,US,United States of America,AMRO,5650933,64924728,14380,847829
47739,2022-01-23,US,United States of America,AMRO,5042888,69967616,16308,864137
47740,2022-01-30,US,United States of America,AMRO,3789262,73756878,18403,882540
47741,2022-02-06,US,United States of America,AMRO,2188710,75945588,18654,901194
47742,2022-02-13,US,United States of America,AMRO,1222112,77167700,17550,918744
47743,2022-02-20,US,United States of America,AMRO,708156,77875856,15372,934116
47744,2022-02-27,US,United States of America,AMRO,458272,78334128,13046,947162
47745,2022-03-06,US,United States of America,AMRO,332509,78666637,9678,956840
47746,2022-03-13,US,United States of America,AMRO,234332,78900969,8606,965446
47747,2022-03-20,US,United States of America,AMRO,208740,79109709,3245,968691
47748,2022-03-27,US,United States of America,AMRO,193469,79303178,4991,973682
47749,2022-04-03,US,United States of America,AMRO,194464,79497642,4172,977854
47750,2022-04-10,US,United States of America,AMRO,201192,79698834,3467,981321
47751,2022-04-17,US,United States of America,AMRO,247939,79946773,3123,984444
47752,2022-04-24,US,United States of America,AMRO,300721,80247494,2443,986887
47753,2022-05-01,US,United States of America,AMRO,378549,80626043,2242,989129
47754,2022-05-08,US,United States of America,AMRO,465658,81091701,2641,991770
47755,2022-05-15,US,United States of America,AMRO,604955,81696656,1966,993736
47756,2022-05-22,US,United States of America,AMRO,734495,82431151,2081,995817
47757,2022-05-29,US,United States of America,AMRO,740720,83171871,2629,998446
47758,2022-06-05,US,United States of America,AMRO,675627,83847498,1979,1000425
47759,2022-06-12,US,United States of America,AMRO,741044,84588542,2284,1002709
47760,2022-06-19,US,United States of America,AMRO,672256,85260798,2202,1004911
47761,2022-06-26,US,United States of America,AMRO,709637,85970435,2501,1007412
47762,2022-07-03,US,United States of America,AMRO,773772,86744207,2642,1010054
47763,2022-07-10,US,United States of America,AMRO,743769,87487976,2454,1012508
47764,2022-07-17,US,United States of America,AMRO,888229,88376205,2785,1015293
47765,2022-07-24,US,United States of America,AMRO,908695,89284900,3187,1018480
47766,2022-07-31,US,United States of America,AMRO,947983,90232883,3113,1021593
47767,2022-08-07,US,United States of America,AMRO,788051,91020934,3261,1024854
47768,2022-08-14,US,United States of America,AMRO,701618,91722552,3442,1028296
47769,2022-08-21,US,United States of America,AMRO,644925,92367477,3231,1031527
47770,2022-08-28,US,United States of America,AMRO,610329,92977806,3221,1034748
47771,2022-09-04,US,United States of America,AMRO,580363,93558169,3090,1037838
47772,2022-09-11,US,United States of America,AMRO,449509,94007678,2625,1040463
47773,2022-09-18,US,United States of America,AMRO,406901,94414579,2899,1043362
47774,2022-09-25,US,United States of America,AMRO,368725,94783304,2705,1046067
47775,2022-10-02,US,United States of America,AMRO,321234,95104538,2982,1049049
47776,2022-10-09,US,United States of America,AMRO,280584,95385122,2560,1051609
47777,2022-10-16,US,United States of America,AMRO,251280,95636402,2274,1053883
47778,2022-10-23,US,United States of America,AMRO,283734,95920136,2955,1056838
47779,2022-10-30,US,United States of America,AMRO,255156,96175292,3081,1059919
47780,2022-11-06,US,United States of America,AMRO,267304,96442596,2463,1062382
47781,2022-11-13,US,United States of America,AMRO,282897,96725493,2290,1064672
47782,2022-11-20,US,United States of America,AMRO,274984,97000477,2202,1066874
47783,2022-11-27,US,United States of America,AMRO,300171,97300648,2619,1069493
47784,2022-12-04,US,United States of America,AMRO,302599,97603247,1763,1071256
47785,2022-12-11,US,United States of America,AMRO,462223,98065470,3035,1074291
47786,2022-12-18,US,United States of America,AMRO,446014,98511484,2652,1076943
47787,2022-12-25,US,United States of America,AMRO,508009,99019493,3033,1079976
47788,2023-01-01,US,United States of America,AMRO,392203,99411696,2480,1082456
47789,2023-01-08,US,United States of America,AMRO,471714,99883410,2764,1085220
47790,2023-01-15,US,United States of America,AMRO,448092,100331502,4407,1089627
47791,2023-01-22,US,United States of America,AMRO,308025,100639527,3664,1093291
47792,2023-01-29,US,United States of America,AMRO,294867,100934394,3743,1097034
47793,2023-02-05,US,United States of America,AMRO,285402,101219796,3452,1100486
47794,2023-02-12,US,United States of America,AMRO,278228,101498024,3440,1103926
47795,2023-02-19,US,United States of America,AMRO,254372,101752396,2857,1106783
47796,2023-02-26,US,United States of America,AMRO,267168,102019564,2362,1109145
47797,2023-03-05,US,United States of America,AMRO,227828,102247392,2197,1111342
47798,2023-03-12,US,United States of America,AMRO,170593,102417985,1887,1113229
47799,2023-03-19,US,United States of America,AMRO,126613,102544598,1741,1114970
47800,2023-03-26,US,United States of America,AMRO,152968,102697566,2084,1117054
47801,2023-04-02,US,United States of America,AMRO,176358,102873924,1746,1118800
47802,2023-04-09,US,United States of America,AMRO,103472,102977396,1729,1120529
47803,2023-04-16,US,United States of America,AMRO,104057,103081453,1290,1121819
47804,2023-04-23,US,United States of America,AMRO,98467,103179920,1198,1123017
47805,2023-04-30,US,United States of America,AMRO,86484,103266404,1046,1124063
47806,2023-05-07,US,United States of America,AMRO,77165,103343569,1146,1125209
47807,2023-05-14,US,United States of America,AMRO,93260,103436829,1943,1127152
47808,2023-05-21,US,United States of America,AMRO,0,103436829,755,1127907
47809,2023-05-28,US,United States of America,AMRO,0,103436829,735,1128642
47810,2023-06-04,US,United States of America,AMRO,0,103436829,683,1129325
47811,2023-06-11,US,United States of America,AMRO,0,103436829,628,1129953
47812,2023-06-18,US,United States of America,AMRO,0,103436829,604,1130557
47813,2023-06-25,US,United States of America,AMRO,0,103436829,573,1131130
47814,2023-07-02,US,United States of America,AMRO,0,103436829,536,1131666
47815,2023-07-09,US,United States of America,AMRO,0,103436829,482,1132148
47816,2023-07-16,US,United States of America,AMRO,0,103436829,505,1132653
47817,2023-07-23,US,United States of America,AMRO,0,103436829,531,1133184
47818,2023-07-30,US,United States of America,AMRO,0,103436829,536,1133720
47819,2023-08-06,US,United States of America,AMRO,0,103436829,661,1134381
47820,2023-08-13,US,United States of America,AMRO,0,103436829,741,1135122
47821,2023-08-20,US,United States of America,AMRO,0,103436829,896,1136018
47822,2023-08-27,US,United States of America,AMRO,0,103436829,1019,1137037
47823,2023-09-03,US,United States of America,AMRO,0,103436829,1146,1138183
47824,2023-09-10,US,United States of America,AMRO,0,103436829,1259,1139442
47825,2023-09-17,US,United States of America,AMRO,0,103436829,1324,1140766
47826,2023-09-24,US,United States of America,AMRO,0,103436829,1311,1142077
47827,2023-10-01,US,United States of America,AMRO,0,103436829,1254,1143331
47828,2023-10-08,US,United States of America,AMRO,0,103436829,972,1144303
47829,2023-10-15,US,United States of America,AMRO,0,103436829,574,1144877
47830,2023-10-22,US,United States of America,AMRO,0,103436829,0,1144877
47831,2023-10-29,US,United States of America,AMRO,0,103436829,0,1144877
47832,2023-11-05,US,United States of America,AMRO,0,103436829,0,1144877
47833,2023-11-12,US,United States of America,AMRO,0,103436829,0,1144877
47834,2023-11-19,US,United States of America,AMRO,0,103436829,0,1144877
47835,2023-11-26,US,United States of America,AMRO,0,103436829,0,1144877
47836,2023-12-03,US,United States of America,AMRO,0,103436829,0,1144877
47837,2023-12-10,US,United States of America,AMRO,0,103436829,0,1144877
47838,2023-12-17,US,United States of America,AMRO,0,103436829,0,1144877
47839,2023-12-24,US,United States of America,AMRO,0,103436829,0,1144877
47840,2020-01-05,VI,United States Virgin Islands,AMRO,0,0,0,0
47841,2020-01-12,VI,United States Virgin Islands,AMRO,0,0,0,0
47842,2020-01-19,VI,United States Virgin Islands,AMRO,0,0,0,0
47843,2020-01-26,VI,United States Virgin Islands,AMRO,0,0,0,0
47844,2020-02-02,VI,United States Virgin Islands,AMRO,0,0,0,0
47845,2020-02-09,VI,United States Virgin Islands,AMRO,0,0,0,0
47846,2020-02-16,VI,United States Virgin Islands,AMRO,0,0,0,0
47847,2020-02-23,VI,United States Virgin Islands,AMRO,0,0,0,0
47848,2020-03-01,VI,United States Virgin Islands,AMRO,0,0,0,0
47849,2020-03-08,VI,United States Virgin Islands,AMRO,0,0,0,0
47850,2020-03-15,VI,United States Virgin Islands,AMRO,0,0,0,0
47851,2020-03-22,VI,United States Virgin Islands,AMRO,6,6,0,0
47852,2020-03-29,VI,United States Virgin Islands,AMRO,11,17,0,0
47853,2020-04-05,VI,United States Virgin Islands,AMRO,23,40,0,0
47854,2020-04-12,VI,United States Virgin Islands,AMRO,11,51,1,1
47855,2020-04-19,VI,United States Virgin Islands,AMRO,2,53,2,3
47856,2020-04-26,VI,United States Virgin Islands,AMRO,2,55,0,3
47857,2020-05-03,VI,United States Virgin Islands,AMRO,11,66,1,4
47858,2020-05-10,VI,United States Virgin Islands,AMRO,2,68,0,4
47859,2020-05-17,VI,United States Virgin Islands,AMRO,1,69,2,6
47860,2020-05-24,VI,United States Virgin Islands,AMRO,0,69,0,6
47861,2020-05-31,VI,United States Virgin Islands,AMRO,0,69,0,6
47862,2020-06-07,VI,United States Virgin Islands,AMRO,2,71,0,6
47863,2020-06-14,VI,United States Virgin Islands,AMRO,1,72,0,6
47864,2020-06-21,VI,United States Virgin Islands,AMRO,2,74,0,6
47865,2020-06-28,VI,United States Virgin Islands,AMRO,7,81,0,6
47866,2020-07-05,VI,United States Virgin Islands,AMRO,30,111,0,6
47867,2020-07-12,VI,United States Virgin Islands,AMRO,56,167,0,6
47868,2020-07-19,VI,United States Virgin Islands,AMRO,116,283,0,6
47869,2020-07-26,VI,United States Virgin Islands,AMRO,69,352,1,7
47870,2020-08-02,VI,United States Virgin Islands,AMRO,69,421,1,8
47871,2020-08-09,VI,United States Virgin Islands,AMRO,107,528,1,9
47872,2020-08-16,VI,United States Virgin Islands,AMRO,206,734,0,9
47873,2020-08-23,VI,United States Virgin Islands,AMRO,198,932,1,10
47874,2020-08-30,VI,United States Virgin Islands,AMRO,186,1118,4,14
47875,2020-09-06,VI,United States Virgin Islands,AMRO,49,1167,2,16
47876,2020-09-13,VI,United States Virgin Islands,AMRO,44,1211,3,19
47877,2020-09-20,VI,United States Virgin Islands,AMRO,31,1242,0,19
47878,2020-09-27,VI,United States Virgin Islands,AMRO,54,1296,0,19
47879,2020-10-04,VI,United States Virgin Islands,AMRO,30,1326,1,20
47880,2020-10-11,VI,United States Virgin Islands,AMRO,-2,1324,0,20
47881,2020-10-18,VI,United States Virgin Islands,AMRO,5,1329,1,21
47882,2020-10-25,VI,United States Virgin Islands,AMRO,17,1346,0,21
47883,2020-11-01,VI,United States Virgin Islands,AMRO,30,1376,0,21
47884,2020-11-08,VI,United States Virgin Islands,AMRO,14,1390,2,23
47885,2020-11-15,VI,United States Virgin Islands,AMRO,44,1434,0,23
47886,2020-11-22,VI,United States Virgin Islands,AMRO,57,1491,0,23
47887,2020-11-29,VI,United States Virgin Islands,AMRO,47,1538,0,23
47888,2020-12-06,VI,United States Virgin Islands,AMRO,95,1633,0,23
47889,2020-12-13,VI,United States Virgin Islands,AMRO,158,1791,0,23
47890,2020-12-20,VI,United States Virgin Islands,AMRO,119,1910,0,23
47891,2020-12-27,VI,United States Virgin Islands,AMRO,69,1979,0,23
47892,2021-01-03,VI,United States Virgin Islands,AMRO,57,2036,0,23
47893,2021-01-10,VI,United States Virgin Islands,AMRO,107,2143,1,24
47894,2021-01-17,VI,United States Virgin Islands,AMRO,109,2252,0,24
47895,2021-01-24,VI,United States Virgin Islands,AMRO,83,2335,0,24
47896,2021-01-31,VI,United States Virgin Islands,AMRO,63,2398,0,24
47897,2021-02-07,VI,United States Virgin Islands,AMRO,51,2449,0,24
47898,2021-02-14,VI,United States Virgin Islands,AMRO,75,2524,1,25
47899,2021-02-21,VI,United States Virgin Islands,AMRO,51,2575,0,25
47900,2021-02-28,VI,United States Virgin Islands,AMRO,71,2646,0,25
47901,2021-03-07,VI,United States Virgin Islands,AMRO,68,2714,0,25
47902,2021-03-14,VI,United States Virgin Islands,AMRO,53,2767,0,25
47903,2021-03-21,VI,United States Virgin Islands,AMRO,47,2814,0,25
47904,2021-03-28,VI,United States Virgin Islands,AMRO,87,2901,1,26
47905,2021-04-04,VI,United States Virgin Islands,AMRO,30,2931,0,26
47906,2021-04-11,VI,United States Virgin Islands,AMRO,40,2971,0,26
47907,2021-04-18,VI,United States Virgin Islands,AMRO,68,3039,1,27
47908,2021-04-25,VI,United States Virgin Islands,AMRO,41,3080,0,27
47909,2021-05-02,VI,United States Virgin Islands,AMRO,45,3125,0,27
47910,2021-05-09,VI,United States Virgin Islands,AMRO,85,3210,0,27
47911,2021-05-16,VI,United States Virgin Islands,AMRO,57,3267,0,27
47912,2021-05-23,VI,United States Virgin Islands,AMRO,79,3346,0,27
47913,2021-05-30,VI,United States Virgin Islands,AMRO,119,3465,0,27
47914,2021-06-06,VI,United States Virgin Islands,AMRO,95,3560,1,28
47915,2021-06-13,VI,United States Virgin Islands,AMRO,130,3690,0,28
47916,2021-06-20,VI,United States Virgin Islands,AMRO,78,3768,2,30
47917,2021-06-27,VI,United States Virgin Islands,AMRO,71,3839,0,30
47918,2021-07-04,VI,United States Virgin Islands,AMRO,63,3902,0,30
47919,2021-07-11,VI,United States Virgin Islands,AMRO,103,4005,2,32
47920,2021-07-18,VI,United States Virgin Islands,AMRO,155,4160,0,32
47921,2021-07-25,VI,United States Virgin Islands,AMRO,176,4336,3,35
47922,2021-08-01,VI,United States Virgin Islands,AMRO,293,4629,2,37
47923,2021-08-08,VI,United States Virgin Islands,AMRO,278,4907,3,40
47924,2021-08-15,VI,United States Virgin Islands,AMRO,335,5242,1,41
47925,2021-08-22,VI,United States Virgin Islands,AMRO,352,5594,4,45
47926,2021-08-29,VI,United States Virgin Islands,AMRO,180,5774,8,53
47927,2021-09-05,VI,United States Virgin Islands,AMRO,199,5973,7,60
47928,2021-09-12,VI,United States Virgin Islands,AMRO,241,6214,4,64
47929,2021-09-19,VI,United States Virgin Islands,AMRO,225,6439,3,67
47930,2021-09-26,VI,United States Virgin Islands,AMRO,192,6631,2,69
47931,2021-10-03,VI,United States Virgin Islands,AMRO,155,6786,2,71
47932,2021-10-10,VI,United States Virgin Islands,AMRO,164,6950,2,73
47933,2021-10-17,VI,United States Virgin Islands,AMRO,95,7045,5,78
47934,2021-10-24,VI,United States Virgin Islands,AMRO,81,7126,0,78
47935,2021-10-31,VI,United States Virgin Islands,AMRO,78,7204,3,81
47936,2021-11-07,VI,United States Virgin Islands,AMRO,71,7275,2,83
47937,2021-11-14,VI,United States Virgin Islands,AMRO,69,7344,1,84
47938,2021-11-21,VI,United States Virgin Islands,AMRO,95,7439,1,85
47939,2021-11-28,VI,United States Virgin Islands,AMRO,51,7490,0,85
47940,2021-12-05,VI,United States Virgin Islands,AMRO,40,7530,2,87
47941,2021-12-12,VI,United States Virgin Islands,AMRO,68,7598,0,87
47942,2021-12-19,VI,United States Virgin Islands,AMRO,42,7640,1,88
47943,2021-12-26,VI,United States Virgin Islands,AMRO,367,8007,0,88
47944,2022-01-02,VI,United States Virgin Islands,AMRO,2099,10106,1,89
47945,2022-01-09,VI,United States Virgin Islands,AMRO,2032,12138,0,89
47946,2022-01-16,VI,United States Virgin Islands,AMRO,1383,13521,2,91
47947,2022-01-23,VI,United States Virgin Islands,AMRO,780,14301,4,95
47948,2022-01-30,VI,United States Virgin Islands,AMRO,545,14846,4,99
47949,2022-02-06,VI,United States Virgin Islands,AMRO,142,14988,3,102
47950,2022-02-13,VI,United States Virgin Islands,AMRO,183,15171,3,105
47951,2022-02-20,VI,United States Virgin Islands,AMRO,112,15283,3,108
47952,2022-02-27,VI,United States Virgin Islands,AMRO,112,15395,1,109
47953,2022-03-06,VI,United States Virgin Islands,AMRO,31,15426,0,109
47954,2022-03-13,VI,United States Virgin Islands,AMRO,130,15556,0,109
47955,2022-03-20,VI,United States Virgin Islands,AMRO,22,15578,1,110
47956,2022-03-27,VI,United States Virgin Islands,AMRO,33,15611,0,110
47957,2022-04-03,VI,United States Virgin Islands,AMRO,45,15656,1,111
47958,2022-04-10,VI,United States Virgin Islands,AMRO,108,15764,0,111
47959,2022-04-17,VI,United States Virgin Islands,AMRO,118,15882,0,111
47960,2022-04-24,VI,United States Virgin Islands,AMRO,209,16091,0,111
47961,2022-05-01,VI,United States Virgin Islands,AMRO,258,16349,0,111
47962,2022-05-08,VI,United States Virgin Islands,AMRO,818,17167,2,113
47963,2022-05-15,VI,United States Virgin Islands,AMRO,870,18037,0,113
47964,2022-05-22,VI,United States Virgin Islands,AMRO,817,18854,0,113
47965,2022-05-29,VI,United States Virgin Islands,AMRO,678,19532,0,113
47966,2022-06-05,VI,United States Virgin Islands,AMRO,551,20083,0,113
47967,2022-06-12,VI,United States Virgin Islands,AMRO,328,20411,2,115
47968,2022-06-19,VI,United States Virgin Islands,AMRO,195,20606,2,117
47969,2022-06-26,VI,United States Virgin Islands,AMRO,183,20789,1,118
47970,2022-07-03,VI,United States Virgin Islands,AMRO,171,20960,0,118
47971,2022-07-10,VI,United States Virgin Islands,AMRO,143,21103,1,119
47972,2022-07-17,VI,United States Virgin Islands,AMRO,223,21326,1,120
47973,2022-07-24,VI,United States Virgin Islands,AMRO,243,21569,0,120
47974,2022-07-31,VI,United States Virgin Islands,AMRO,206,21775,0,120
47975,2022-08-07,VI,United States Virgin Islands,AMRO,182,21957,1,121
47976,2022-08-14,VI,United States Virgin Islands,AMRO,178,22135,1,122
47977,2022-08-21,VI,United States Virgin Islands,AMRO,165,22300,0,122
47978,2022-08-28,VI,United States Virgin Islands,AMRO,181,22481,0,122
47979,2022-09-04,VI,United States Virgin Islands,AMRO,290,22771,0,122
47980,2022-09-11,VI,United States Virgin Islands,AMRO,140,22911,0,122
47981,2022-09-18,VI,United States Virgin Islands,AMRO,120,23031,1,123
47982,2022-09-25,VI,United States Virgin Islands,AMRO,89,23120,0,123
47983,2022-10-02,VI,United States Virgin Islands,AMRO,34,23154,0,123
47984,2022-10-09,VI,United States Virgin Islands,AMRO,53,23207,0,123
47985,2022-10-16,VI,United States Virgin Islands,AMRO,33,23240,0,123
47986,2022-10-23,VI,United States Virgin Islands,AMRO,43,23283,0,123
47987,2022-10-30,VI,United States Virgin Islands,AMRO,50,23333,1,124
47988,2022-11-06,VI,United States Virgin Islands,AMRO,69,23402,0,124
47989,2022-11-13,VI,United States Virgin Islands,AMRO,43,23445,0,124
47990,2022-11-20,VI,United States Virgin Islands,AMRO,24,23469,0,124
47991,2022-11-27,VI,United States Virgin Islands,AMRO,26,23495,0,124
47992,2022-12-04,VI,United States Virgin Islands,AMRO,50,23545,1,125
47993,2022-12-11,VI,United States Virgin Islands,AMRO,88,23633,1,126
47994,2022-12-18,VI,United States Virgin Islands,AMRO,46,23679,0,126
47995,2022-12-25,VI,United States Virgin Islands,AMRO,55,23734,1,127
47996,2023-01-01,VI,United States Virgin Islands,AMRO,47,23781,0,127
47997,2023-01-08,VI,United States Virgin Islands,AMRO,50,23831,0,127
47998,2023-01-15,VI,United States Virgin Islands,AMRO,201,24032,1,128
47999,2023-01-22,VI,United States Virgin Islands,AMRO,237,24269,1,129
48000,2023-01-29,VI,United States Virgin Islands,AMRO,206,24475,0,129
48001,2023-02-05,VI,United States Virgin Islands,AMRO,109,24584,0,129
48002,2023-02-12,VI,United States Virgin Islands,AMRO,88,24672,0,129
48003,2023-02-19,VI,United States Virgin Islands,AMRO,33,24705,1,130
48004,2023-02-26,VI,United States Virgin Islands,AMRO,51,24756,0,130
48005,2023-03-05,VI,United States Virgin Islands,AMRO,24,24780,0,130
48006,2023-03-12,VI,United States Virgin Islands,AMRO,33,24813,0,130
48007,2023-03-19,VI,United States Virgin Islands,AMRO,18,24831,0,130
48008,2023-03-26,VI,United States Virgin Islands,AMRO,7,24838,0,130
48009,2023-04-02,VI,United States Virgin Islands,AMRO,25,24863,0,130
48010,2023-04-09,VI,United States Virgin Islands,AMRO,23,24886,0,130
48011,2023-04-16,VI,United States Virgin Islands,AMRO,12,24898,0,130
48012,2023-04-23,VI,United States Virgin Islands,AMRO,9,24907,0,130
48013,2023-04-30,VI,United States Virgin Islands,AMRO,12,24919,0,130
48014,2023-05-07,VI,United States Virgin Islands,AMRO,17,24936,1,131
48015,2023-05-14,VI,United States Virgin Islands,AMRO,58,24994,0,131
48016,2023-05-21,VI,United States Virgin Islands,AMRO,52,25046,0,131
48017,2023-05-28,VI,United States Virgin Islands,AMRO,40,25086,0,131
48018,2023-06-04,VI,United States Virgin Islands,AMRO,36,25122,0,131
48019,2023-06-11,VI,United States Virgin Islands,AMRO,60,25182,0,131
48020,2023-06-18,VI,United States Virgin Islands,AMRO,29,25211,0,131
48021,2023-06-25,VI,United States Virgin Islands,AMRO,34,25245,0,131
48022,2023-07-02,VI,United States Virgin Islands,AMRO,25,25270,1,132
48023,2023-07-09,VI,United States Virgin Islands,AMRO,23,25293,0,132
48024,2023-07-16,VI,United States Virgin Islands,AMRO,5,25298,0,132
48025,2023-07-23,VI,United States Virgin Islands,AMRO,27,25325,0,132
48026,2023-07-30,VI,United States Virgin Islands,AMRO,64,25389,0,132
48027,2023-08-06,VI,United States Virgin Islands,AMRO,0,25389,0,132
48028,2023-08-13,VI,United States Virgin Islands,AMRO,0,25389,0,132
48029,2023-08-20,VI,United States Virgin Islands,AMRO,0,25389,0,132
48030,2023-08-27,VI,United States Virgin Islands,AMRO,0,25389,0,132
48031,2023-09-03,VI,United States Virgin Islands,AMRO,0,25389,0,132
48032,2023-09-10,VI,United States Virgin Islands,AMRO,0,25389,0,132
48033,2023-09-17,VI,United States Virgin Islands,AMRO,0,25389,0,132
48034,2023-09-24,VI,United States Virgin Islands,AMRO,0,25389,0,132
48035,2023-10-01,VI,United States Virgin Islands,AMRO,0,25389,0,132
48036,2023-10-08,VI,United States Virgin Islands,AMRO,0,25389,0,132
48037,2023-10-15,VI,United States Virgin Islands,AMRO,0,25389,0,132
48038,2023-10-22,VI,United States Virgin Islands,AMRO,0,25389,0,132
48039,2023-10-29,VI,United States Virgin Islands,AMRO,0,25389,0,132
48040,2023-11-05,VI,United States Virgin Islands,AMRO,0,25389,0,132
48041,2023-11-12,VI,United States Virgin Islands,AMRO,0,25389,0,132
48042,2023-11-19,VI,United States Virgin Islands,AMRO,0,25389,0,132
48043,2023-11-26,VI,United States Virgin Islands,AMRO,0,25389,0,132
48044,2023-12-03,VI,United States Virgin Islands,AMRO,0,25389,0,132
48045,2023-12-10,VI,United States Virgin Islands,AMRO,0,25389,0,132
48046,2023-12-17,VI,United States Virgin Islands,AMRO,0,25389,0,132
48047,2023-12-24,VI,United States Virgin Islands,AMRO,0,25389,0,132
48048,2020-01-05,UY,Uruguay,AMRO,0,0,0,0
48049,2020-01-12,UY,Uruguay,AMRO,0,0,0,0
48050,2020-01-19,UY,Uruguay,AMRO,0,0,0,0
48051,2020-01-26,UY,Uruguay,AMRO,0,0,0,0
48052,2020-02-02,UY,Uruguay,AMRO,0,0,0,0
48053,2020-02-09,UY,Uruguay,AMRO,0,0,0,0
48054,2020-02-16,UY,Uruguay,AMRO,0,0,0,0
48055,2020-02-23,UY,Uruguay,AMRO,0,0,0,0
48056,2020-03-01,UY,Uruguay,AMRO,0,0,0,0
48057,2020-03-08,UY,Uruguay,AMRO,0,0,0,0
48058,2020-03-15,UY,Uruguay,AMRO,4,4,0,0
48059,2020-03-22,UY,Uruguay,AMRO,90,94,0,0
48060,2020-03-29,UY,Uruguay,AMRO,180,274,0,0
48061,2020-04-05,UY,Uruguay,AMRO,112,386,4,4
48062,2020-04-12,UY,Uruguay,AMRO,108,494,3,7
48063,2020-04-19,UY,Uruguay,AMRO,14,508,2,9
48064,2020-04-26,UY,Uruguay,AMRO,55,563,3,12
48065,2020-05-03,UY,Uruguay,AMRO,85,648,5,17
48066,2020-05-10,UY,Uruguay,AMRO,46,694,0,17
48067,2020-05-17,UY,Uruguay,AMRO,38,732,2,19
48068,2020-05-24,UY,Uruguay,AMRO,21,753,1,20
48069,2020-05-31,UY,Uruguay,AMRO,63,816,2,22
48070,2020-06-07,UY,Uruguay,AMRO,18,834,1,23
48071,2020-06-14,UY,Uruguay,AMRO,13,847,0,23
48072,2020-06-21,UY,Uruguay,AMRO,6,853,1,24
48073,2020-06-28,UY,Uruguay,AMRO,66,919,2,26
48074,2020-07-05,UY,Uruguay,AMRO,33,952,2,28
48075,2020-07-12,UY,Uruguay,AMRO,33,985,1,29
48076,2020-07-19,UY,Uruguay,AMRO,52,1037,3,32
48077,2020-07-26,UY,Uruguay,AMRO,129,1166,2,34
48078,2020-08-02,UY,Uruguay,AMRO,99,1265,1,35
48079,2020-08-09,UY,Uruguay,AMRO,60,1325,2,37
48080,2020-08-16,UY,Uruguay,AMRO,96,1421,1,38
48081,2020-08-23,UY,Uruguay,AMRO,95,1516,4,42
48082,2020-08-30,UY,Uruguay,AMRO,40,1556,1,43
48083,2020-09-06,UY,Uruguay,AMRO,97,1653,2,45
48084,2020-09-13,UY,Uruguay,AMRO,120,1773,0,45
48085,2020-09-20,UY,Uruguay,AMRO,117,1890,1,46
48086,2020-09-27,UY,Uruguay,AMRO,77,1967,1,47
48087,2020-10-04,UY,Uruguay,AMRO,130,2097,1,48
48088,2020-10-11,UY,Uruguay,AMRO,154,2251,1,49
48089,2020-10-18,UY,Uruguay,AMRO,199,2450,2,51
48090,2020-10-25,UY,Uruguay,AMRO,309,2759,2,53
48091,2020-11-01,UY,Uruguay,AMRO,323,3082,5,58
48092,2020-11-08,UY,Uruguay,AMRO,288,3370,3,61
48093,2020-11-15,UY,Uruguay,AMRO,513,3883,3,64
48094,2020-11-22,UY,Uruguay,AMRO,594,4477,5,69
48095,2020-11-29,UY,Uruguay,AMRO,826,5303,5,74
48096,2020-12-06,UY,Uruguay,AMRO,1428,6731,6,80
48097,2020-12-13,UY,Uruguay,AMRO,2118,8849,10,90
48098,2020-12-20,UY,Uruguay,AMRO,3101,11950,19,109
48099,2020-12-27,UY,Uruguay,AMRO,3898,15848,34,143
48100,2021-01-03,UY,Uruguay,AMRO,3905,19753,50,193
48101,2021-01-10,UY,Uruguay,AMRO,4586,24339,47,240
48102,2021-01-17,UY,Uruguay,AMRO,6607,30946,51,291
48103,2021-01-24,UY,Uruguay,AMRO,5224,36170,73,364
48104,2021-01-31,UY,Uruguay,AMRO,4359,40529,61,425
48105,2021-02-07,UY,Uruguay,AMRO,3774,44303,53,478
48106,2021-02-14,UY,Uruguay,AMRO,3525,47828,49,527
48107,2021-02-21,UY,Uruguay,AMRO,3549,51377,36,563
48108,2021-02-28,UY,Uruguay,AMRO,5165,56542,38,601
48109,2021-03-07,UY,Uruguay,AMRO,5387,61929,36,637
48110,2021-03-14,UY,Uruguay,AMRO,7145,69074,52,689
48111,2021-03-21,UY,Uruguay,AMRO,9327,78401,71,760
48112,2021-03-28,UY,Uruguay,AMRO,13942,92343,115,875
48113,2021-04-04,UY,Uruguay,AMRO,19225,111568,166,1041
48114,2021-04-11,UY,Uruguay,AMRO,26378,137946,322,1363
48115,2021-04-18,UY,Uruguay,AMRO,21623,159569,425,1788
48116,2021-04-25,UY,Uruguay,AMRO,19968,179537,439,2227
48117,2021-05-02,UY,Uruguay,AMRO,18891,198428,389,2616
48118,2021-05-09,UY,Uruguay,AMRO,17718,216146,416,3032
48119,2021-05-16,UY,Uruguay,AMRO,19060,235206,337,3369
48120,2021-05-23,UY,Uruguay,AMRO,23334,258540,391,3760
48121,2021-05-30,UY,Uruguay,AMRO,23658,282198,358,4118
48122,2021-06-06,UY,Uruguay,AMRO,26292,308490,398,4516
48123,2021-06-13,UY,Uruguay,AMRO,24994,333484,390,4906
48124,2021-06-20,UY,Uruguay,AMRO,17894,351378,301,5207
48125,2021-06-27,UY,Uruguay,AMRO,12202,363580,240,5447
48126,2021-07-04,UY,Uruguay,AMRO,7837,371417,195,5642
48127,2021-07-11,UY,Uruguay,AMRO,4485,375902,148,5790
48128,2021-07-18,UY,Uruguay,AMRO,2578,378480,81,5871
48129,2021-07-25,UY,Uruguay,AMRO,1671,380151,48,5919
48130,2021-08-01,UY,Uruguay,AMRO,1213,381364,40,5959
48131,2021-08-08,UY,Uruguay,AMRO,931,382295,27,5986
48132,2021-08-15,UY,Uruguay,AMRO,806,383101,12,5998
48133,2021-08-22,UY,Uruguay,AMRO,802,383903,17,6015
48134,2021-08-29,UY,Uruguay,AMRO,628,384531,11,6026
48135,2021-09-05,UY,Uruguay,AMRO,892,385423,8,6034
48136,2021-09-12,UY,Uruguay,AMRO,987,386410,3,6037
48137,2021-09-19,UY,Uruguay,AMRO,1039,387449,9,6046
48138,2021-09-26,UY,Uruguay,AMRO,864,388313,5,6051
48139,2021-10-03,UY,Uruguay,AMRO,712,389025,5,6056
48140,2021-10-10,UY,Uruguay,AMRO,792,389817,6,6062
48141,2021-10-17,UY,Uruguay,AMRO,945,390762,4,6066
48142,2021-10-24,UY,Uruguay,AMRO,1128,391890,4,6070
48143,2021-10-31,UY,Uruguay,AMRO,1564,393454,7,6077
48144,2021-11-07,UY,Uruguay,AMRO,1460,394914,7,6084
48145,2021-11-14,UY,Uruguay,AMRO,1261,396175,15,6099
48146,2021-11-21,UY,Uruguay,AMRO,1374,397549,11,6110
48147,2021-11-28,UY,Uruguay,AMRO,1341,398890,14,6124
48148,2021-12-05,UY,Uruguay,AMRO,1652,400542,8,6132
48149,2021-12-12,UY,Uruguay,AMRO,1607,402149,9,6141
48150,2021-12-19,UY,Uruguay,AMRO,1750,403899,9,6150
48151,2021-12-26,UY,Uruguay,AMRO,2840,406739,12,6162
48152,2022-01-02,UY,Uruguay,AMRO,6644,413383,8,6170
48153,2022-01-09,UY,Uruguay,AMRO,23679,437062,18,6188
48154,2022-01-16,UY,Uruguay,AMRO,53564,490626,26,6214
48155,2022-01-23,UY,Uruguay,AMRO,78411,569037,70,6284
48156,2022-01-30,UY,Uruguay,AMRO,75594,644631,127,6411
48157,2022-02-06,UY,Uruguay,AMRO,66243,710874,195,6606
48158,2022-02-13,UY,Uruguay,AMRO,55086,765960,123,6729
48159,2022-02-20,UY,Uruguay,AMRO,42052,808012,125,6854
48160,2022-02-27,UY,Uruguay,AMRO,27334,835346,95,6949
48161,2022-03-06,UY,Uruguay,AMRO,15895,851241,82,7031
48162,2022-03-13,UY,Uruguay,AMRO,10912,862153,52,7083
48163,2022-03-20,UY,Uruguay,AMRO,10785,872938,44,7127
48164,2022-03-27,UY,Uruguay,AMRO,9441,882379,22,7149
48165,2022-04-03,UY,Uruguay,AMRO,6260,888639,12,7161
48166,2022-04-10,UY,Uruguay,AMRO,4370,893009,20,7181
48167,2022-04-17,UY,Uruguay,AMRO,2442,895451,12,7193
48168,2022-04-24,UY,Uruguay,AMRO,2416,897867,10,7203
48169,2022-05-01,UY,Uruguay,AMRO,1856,899723,7,7210
48170,2022-05-08,UY,Uruguay,AMRO,2817,902540,3,7213
48171,2022-05-15,UY,Uruguay,AMRO,5538,908078,2,7215
48172,2022-05-22,UY,Uruguay,AMRO,8310,916388,12,7227
48173,2022-05-29,UY,Uruguay,AMRO,9389,925777,11,7238
48174,2022-06-05,UY,Uruguay,AMRO,9184,934961,24,7262
48175,2022-06-12,UY,Uruguay,AMRO,8916,943877,28,7290
48176,2022-06-19,UY,Uruguay,AMRO,8071,951948,22,7312
48177,2022-06-26,UY,Uruguay,AMRO,5681,957629,19,7331
48178,2022-07-03,UY,Uruguay,AMRO,4622,962251,20,7351
48179,2022-07-10,UY,Uruguay,AMRO,3119,965370,22,7373
48180,2022-07-17,UY,Uruguay,AMRO,2438,967808,14,7387
48181,2022-07-24,UY,Uruguay,AMRO,1995,969803,16,7403
48182,2022-07-31,UY,Uruguay,AMRO,1925,971728,12,7415
48183,2022-08-07,UY,Uruguay,AMRO,1692,973420,8,7423
48184,2022-08-14,UY,Uruguay,AMRO,1844,975264,6,7429
48185,2022-08-21,UY,Uruguay,AMRO,2041,977305,9,7438
48186,2022-08-28,UY,Uruguay,AMRO,1855,979160,7,7445
48187,2022-09-04,UY,Uruguay,AMRO,2026,981186,10,7455
48188,2022-09-11,UY,Uruguay,AMRO,1660,982846,7,7462
48189,2022-09-18,UY,Uruguay,AMRO,1306,984152,11,7473
48190,2022-09-25,UY,Uruguay,AMRO,1270,985422,12,7485
48191,2022-10-02,UY,Uruguay,AMRO,1024,986446,10,7495
48192,2022-10-09,UY,Uruguay,AMRO,1117,987563,6,7501
48193,2022-10-16,UY,Uruguay,AMRO,964,988527,9,7510
48194,2022-10-23,UY,Uruguay,AMRO,1102,989629,5,7515
48195,2022-10-30,UY,Uruguay,AMRO,931,990560,3,7518
48196,2022-11-06,UY,Uruguay,AMRO,659,991219,8,7526
48197,2022-11-13,UY,Uruguay,AMRO,816,992035,3,7529
48198,2022-11-20,UY,Uruguay,AMRO,852,992887,1,7530
48199,2022-11-27,UY,Uruguay,AMRO,988,993875,7,7537
48200,2022-12-04,UY,Uruguay,AMRO,1527,995402,4,7541
48201,2022-12-11,UY,Uruguay,AMRO,2645,998047,7,7548
48202,2022-12-18,UY,Uruguay,AMRO,4941,1002988,4,7552
48203,2022-12-25,UY,Uruguay,AMRO,9000,1011988,10,7562
48204,2023-01-01,UY,Uruguay,AMRO,8173,1020161,8,7570
48205,2023-01-08,UY,Uruguay,AMRO,5649,1025810,16,7586
48206,2023-01-15,UY,Uruguay,AMRO,3754,1029564,11,7597
48207,2023-01-22,UY,Uruguay,AMRO,2017,1031581,4,7601
48208,2023-01-29,UY,Uruguay,AMRO,1129,1032710,8,7609
48209,2023-02-05,UY,Uruguay,AMRO,555,1033265,5,7614
48210,2023-02-12,UY,Uruguay,AMRO,501,1033766,3,7617
48211,2023-02-19,UY,Uruguay,AMRO,280,1034046,0,7617
48212,2023-02-26,UY,Uruguay,AMRO,257,1034303,0,7617
48213,2023-03-05,UY,Uruguay,AMRO,0,1034303,0,7617
48214,2023-03-12,UY,Uruguay,AMRO,743,1035046,2,7619
48215,2023-03-19,UY,Uruguay,AMRO,0,1035046,0,7619
48216,2023-03-26,UY,Uruguay,AMRO,1113,1036159,2,7621
48217,2023-04-02,UY,Uruguay,AMRO,0,1036159,0,7621
48218,2023-04-09,UY,Uruguay,AMRO,0,1036159,0,7621
48219,2023-04-16,UY,Uruguay,AMRO,936,1037095,0,7621
48220,2023-04-23,UY,Uruguay,AMRO,798,1037893,4,7625
48221,2023-04-30,UY,Uruguay,AMRO,0,1037893,0,7625
48222,2023-05-07,UY,Uruguay,AMRO,0,1037893,0,7625
48223,2023-05-14,UY,Uruguay,AMRO,0,1037893,0,7625
48224,2023-05-21,UY,Uruguay,AMRO,0,1037893,0,7625
48225,2023-05-28,UY,Uruguay,AMRO,98,1037991,0,7625
48226,2023-06-04,UY,Uruguay,AMRO,58,1038049,0,7625
48227,2023-06-11,UY,Uruguay,AMRO,61,1038110,1,7626
48228,2023-06-18,UY,Uruguay,AMRO,45,1038155,0,7626
48229,2023-06-25,UY,Uruguay,AMRO,34,1038189,0,7626
48230,2023-07-02,UY,Uruguay,AMRO,49,1038238,0,7626
48231,2023-07-09,UY,Uruguay,AMRO,38,1038276,0,7626
48232,2023-07-16,UY,Uruguay,AMRO,27,1038303,0,7626
48233,2023-07-23,UY,Uruguay,AMRO,23,1038326,0,7626
48234,2023-07-30,UY,Uruguay,AMRO,20,1038346,0,7626
48235,2023-08-06,UY,Uruguay,AMRO,48,1038394,0,7626
48236,2023-08-13,UY,Uruguay,AMRO,41,1038435,0,7626
48237,2023-08-20,UY,Uruguay,AMRO,69,1038504,0,7626
48238,2023-08-27,UY,Uruguay,AMRO,85,1038589,0,7626
48239,2023-09-03,UY,Uruguay,AMRO,120,1038709,0,7626
48240,2023-09-10,UY,Uruguay,AMRO,149,1038858,0,7626
48241,2023-09-17,UY,Uruguay,AMRO,220,1039078,1,7627
48242,2023-09-24,UY,Uruguay,AMRO,263,1039341,0,7627
48243,2023-10-01,UY,Uruguay,AMRO,207,1039548,7,7634
48244,2023-10-08,UY,Uruguay,AMRO,199,1039747,7,7641
48245,2023-10-15,UY,Uruguay,AMRO,211,1039958,5,7646
48246,2023-10-22,UY,Uruguay,AMRO,224,1040182,3,7649
48247,2023-10-29,UY,Uruguay,AMRO,191,1040373,5,7654
48248,2023-11-05,UY,Uruguay,AMRO,115,1040488,1,7655
48249,2023-11-12,UY,Uruguay,AMRO,108,1040596,1,7656
48250,2023-11-19,UY,Uruguay,AMRO,144,1040740,2,7658
48251,2023-11-26,UY,Uruguay,AMRO,128,1040868,2,7660
48252,2023-12-03,UY,Uruguay,AMRO,129,1040997,0,7660
48253,2023-12-10,UY,Uruguay,AMRO,114,1041111,0,7660
48254,2023-12-17,UY,Uruguay,AMRO,0,1041111,0,7660
48255,2023-12-24,UY,Uruguay,AMRO,0,1041111,0,7660
48256,2020-01-05,UZ,Uzbekistan,EURO,0,0,0,0
48257,2020-01-12,UZ,Uzbekistan,EURO,0,0,0,0
48258,2020-01-19,UZ,Uzbekistan,EURO,0,0,0,0
48259,2020-01-26,UZ,Uzbekistan,EURO,0,0,0,0
48260,2020-02-02,UZ,Uzbekistan,EURO,0,0,0,0
48261,2020-02-09,UZ,Uzbekistan,EURO,0,0,0,0
48262,2020-02-16,UZ,Uzbekistan,EURO,0,0,0,0
48263,2020-02-23,UZ,Uzbekistan,EURO,0,0,0,0
48264,2020-03-01,UZ,Uzbekistan,EURO,0,0,0,0
48265,2020-03-08,UZ,Uzbekistan,EURO,0,0,0,0
48266,2020-03-15,UZ,Uzbekistan,EURO,0,0,0,0
48267,2020-03-22,UZ,Uzbekistan,EURO,0,0,0,0
48268,2020-03-29,UZ,Uzbekistan,EURO,0,0,0,0
48269,2020-04-05,UZ,Uzbekistan,EURO,0,0,0,0
48270,2020-04-12,UZ,Uzbekistan,EURO,0,0,0,0
48271,2020-04-19,UZ,Uzbekistan,EURO,0,0,0,0
48272,2020-04-26,UZ,Uzbekistan,EURO,0,0,0,0
48273,2020-05-03,UZ,Uzbekistan,EURO,0,0,0,0
48274,2020-05-10,UZ,Uzbekistan,EURO,0,0,0,0
48275,2020-05-17,UZ,Uzbekistan,EURO,0,0,0,0
48276,2020-05-24,UZ,Uzbekistan,EURO,0,0,0,0
48277,2020-05-31,UZ,Uzbekistan,EURO,0,0,0,0
48278,2020-06-07,UZ,Uzbekistan,EURO,0,0,0,0
48279,2020-06-14,UZ,Uzbekistan,EURO,0,0,0,0
48280,2020-06-21,UZ,Uzbekistan,EURO,0,0,0,0
48281,2020-06-28,UZ,Uzbekistan,EURO,0,0,0,0
48282,2020-07-05,UZ,Uzbekistan,EURO,0,0,0,0
48283,2020-07-12,UZ,Uzbekistan,EURO,0,0,0,0
48284,2020-07-19,UZ,Uzbekistan,EURO,0,0,0,0
48285,2020-07-26,UZ,Uzbekistan,EURO,0,0,0,0
48286,2020-08-02,UZ,Uzbekistan,EURO,0,0,0,0
48287,2020-08-09,UZ,Uzbekistan,EURO,0,0,0,0
48288,2020-08-16,UZ,Uzbekistan,EURO,0,0,0,0
48289,2020-08-23,UZ,Uzbekistan,EURO,0,0,0,0
48290,2020-08-30,UZ,Uzbekistan,EURO,0,0,0,0
48291,2020-09-06,UZ,Uzbekistan,EURO,0,0,0,0
48292,2020-09-13,UZ,Uzbekistan,EURO,0,0,0,0
48293,2020-09-20,UZ,Uzbekistan,EURO,0,0,0,0
48294,2020-09-27,UZ,Uzbekistan,EURO,0,0,0,0
48295,2020-10-04,UZ,Uzbekistan,EURO,0,0,0,0
48296,2020-10-11,UZ,Uzbekistan,EURO,4,4,0,0
48297,2020-10-18,UZ,Uzbekistan,EURO,5,9,0,0
48298,2020-10-25,UZ,Uzbekistan,EURO,0,9,0,0
48299,2020-11-01,UZ,Uzbekistan,EURO,0,9,0,0
48300,2020-11-08,UZ,Uzbekistan,EURO,0,9,0,0
48301,2020-11-15,UZ,Uzbekistan,EURO,0,9,0,0
48302,2020-11-22,UZ,Uzbekistan,EURO,0,9,0,0
48303,2020-11-29,UZ,Uzbekistan,EURO,0,9,0,0
48304,2020-12-06,UZ,Uzbekistan,EURO,0,9,0,0
48305,2020-12-13,UZ,Uzbekistan,EURO,0,9,0,0
48306,2020-12-20,UZ,Uzbekistan,EURO,0,9,0,0
48307,2020-12-27,UZ,Uzbekistan,EURO,0,9,0,0
48308,2021-01-03,UZ,Uzbekistan,EURO,0,9,0,0
48309,2021-01-10,UZ,Uzbekistan,EURO,0,9,0,0
48310,2021-01-17,UZ,Uzbekistan,EURO,0,9,0,0
48311,2021-01-24,UZ,Uzbekistan,EURO,0,9,0,0
48312,2021-01-31,UZ,Uzbekistan,EURO,0,9,0,0
48313,2021-02-07,UZ,Uzbekistan,EURO,0,9,0,0
48314,2021-02-14,UZ,Uzbekistan,EURO,0,9,0,0
48315,2021-02-21,UZ,Uzbekistan,EURO,0,9,0,0
48316,2021-02-28,UZ,Uzbekistan,EURO,0,9,0,0
48317,2021-03-07,UZ,Uzbekistan,EURO,0,9,0,0
48318,2021-03-14,UZ,Uzbekistan,EURO,0,9,0,0
48319,2021-03-21,UZ,Uzbekistan,EURO,0,9,0,0
48320,2021-03-28,UZ,Uzbekistan,EURO,1123,1132,4,4
48321,2021-04-04,UZ,Uzbekistan,EURO,1271,2403,5,9
48322,2021-04-11,UZ,Uzbekistan,EURO,1312,3715,3,12
48323,2021-04-18,UZ,Uzbekistan,EURO,1868,5583,4,16
48324,2021-04-25,UZ,Uzbekistan,EURO,2373,7956,7,23
48325,2021-05-02,UZ,Uzbekistan,EURO,2651,10607,8,31
48326,2021-05-09,UZ,Uzbekistan,EURO,2753,13360,9,40
48327,2021-05-16,UZ,Uzbekistan,EURO,2134,15494,8,48
48328,2021-05-23,UZ,Uzbekistan,EURO,1764,17258,10,58
48329,2021-05-30,UZ,Uzbekistan,EURO,1678,18936,10,68
48330,2021-06-06,UZ,Uzbekistan,EURO,1629,20565,6,74
48331,2021-06-13,UZ,Uzbekistan,EURO,1849,22414,12,86
48332,2021-06-20,UZ,Uzbekistan,EURO,2639,25053,10,96
48333,2021-06-27,UZ,Uzbekistan,EURO,3240,28293,13,109
48334,2021-07-04,UZ,Uzbekistan,EURO,3380,31673,20,129
48335,2021-07-11,UZ,Uzbekistan,EURO,3349,35022,23,152
48336,2021-07-18,UZ,Uzbekistan,EURO,3552,38574,27,179
48337,2021-07-25,UZ,Uzbekistan,EURO,5022,43596,37,216
48338,2021-08-01,UZ,Uzbekistan,EURO,6084,49680,47,263
48339,2021-08-08,UZ,Uzbekistan,EURO,6412,56092,48,311
48340,2021-08-15,UZ,Uzbekistan,EURO,6406,62498,48,359
48341,2021-08-22,UZ,Uzbekistan,EURO,5958,68456,47,406
48342,2021-08-29,UZ,Uzbekistan,EURO,5763,74219,47,453
48343,2021-09-05,UZ,Uzbekistan,EURO,4872,79091,45,498
48344,2021-09-12,UZ,Uzbekistan,EURO,4379,83470,39,537
48345,2021-09-19,UZ,Uzbekistan,EURO,4048,87518,33,570
48346,2021-09-26,UZ,Uzbekistan,EURO,3555,91073,33,603
48347,2021-10-03,UZ,Uzbekistan,EURO,3222,94295,24,627
48348,2021-10-10,UZ,Uzbekistan,EURO,2922,97217,22,649
48349,2021-10-17,UZ,Uzbekistan,EURO,2675,99892,19,668
48350,2021-10-24,UZ,Uzbekistan,EURO,2616,102508,16,684
48351,2021-10-31,UZ,Uzbekistan,EURO,2316,104824,19,703
48352,2021-11-07,UZ,Uzbekistan,EURO,1915,106739,15,718
48353,2021-11-14,UZ,Uzbekistan,EURO,1746,108485,18,736
48354,2021-11-21,UZ,Uzbekistan,EURO,1489,109974,21,757
48355,2021-11-28,UZ,Uzbekistan,EURO,1489,111463,21,778
48356,2021-12-05,UZ,Uzbekistan,EURO,1491,112954,22,800
48357,2021-12-12,UZ,Uzbekistan,EURO,1402,114356,19,819
48358,2021-12-19,UZ,Uzbekistan,EURO,1310,115666,21,840
48359,2021-12-26,UZ,Uzbekistan,EURO,1119,116785,20,860
48360,2022-01-02,UZ,Uzbekistan,EURO,799,117584,4,864
48361,2022-01-09,UZ,Uzbekistan,EURO,1548,119132,12,876
48362,2022-01-16,UZ,Uzbekistan,EURO,5392,124524,21,897
48363,2022-01-23,UZ,Uzbekistan,EURO,8941,133465,24,921
48364,2022-01-30,UZ,Uzbekistan,EURO,7945,141410,22,943
48365,2022-02-06,UZ,Uzbekistan,EURO,6620,148030,22,965
48366,2022-02-13,UZ,Uzbekistan,EURO,4133,152163,18,983
48367,2022-02-20,UZ,Uzbekistan,EURO,1666,153829,17,1000
48368,2022-02-27,UZ,Uzbekistan,EURO,978,154807,14,1014
48369,2022-03-06,UZ,Uzbekistan,EURO,562,155369,2,1016
48370,2022-03-13,UZ,Uzbekistan,EURO,293,155662,0,1016
48371,2022-03-20,UZ,Uzbekistan,EURO,248,155910,0,1016
48372,2022-03-27,UZ,Uzbekistan,EURO,171,156081,0,1016
48373,2022-04-03,UZ,Uzbekistan,EURO,209,156290,0,1016
48374,2022-04-10,UZ,Uzbekistan,EURO,200,156490,0,1016
48375,2022-04-17,UZ,Uzbekistan,EURO,225,156715,0,1016
48376,2022-04-24,UZ,Uzbekistan,EURO,190,156905,0,1016
48377,2022-05-01,UZ,Uzbekistan,EURO,124,157029,0,1016
48378,2022-05-08,UZ,Uzbekistan,EURO,109,157138,0,1016
48379,2022-05-15,UZ,Uzbekistan,EURO,82,157220,0,1016
48380,2022-05-22,UZ,Uzbekistan,EURO,122,157342,0,1016
48381,2022-05-29,UZ,Uzbekistan,EURO,85,157427,0,1016
48382,2022-06-05,UZ,Uzbekistan,EURO,110,157537,0,1016
48383,2022-06-12,UZ,Uzbekistan,EURO,137,157674,0,1016
48384,2022-06-19,UZ,Uzbekistan,EURO,454,158128,0,1016
48385,2022-06-26,UZ,Uzbekistan,EURO,752,158880,0,1016
48386,2022-07-03,UZ,Uzbekistan,EURO,644,159524,0,1016
48387,2022-07-10,UZ,Uzbekistan,EURO,616,160140,0,1016
48388,2022-07-17,UZ,Uzbekistan,EURO,567,160707,0,1016
48389,2022-07-24,UZ,Uzbekistan,EURO,442,161149,0,1016
48390,2022-07-31,UZ,Uzbekistan,EURO,384,161533,0,1016
48391,2022-08-07,UZ,Uzbekistan,EURO,229,161762,0,1016
48392,2022-08-14,UZ,Uzbekistan,EURO,202,161964,0,1016
48393,2022-08-21,UZ,Uzbekistan,EURO,115,162079,0,1016
48394,2022-08-28,UZ,Uzbekistan,EURO,101,162180,0,1016
48395,2022-09-04,UZ,Uzbekistan,EURO,85,162265,0,1016
48396,2022-09-11,UZ,Uzbekistan,EURO,107,162372,0,1016
48397,2022-09-18,UZ,Uzbekistan,EURO,90,162462,0,1016
48398,2022-09-25,UZ,Uzbekistan,EURO,100,162562,0,1016
48399,2022-10-02,UZ,Uzbekistan,EURO,85,162647,0,1016
48400,2022-10-09,UZ,Uzbekistan,EURO,89,162736,0,1016
48401,2022-10-16,UZ,Uzbekistan,EURO,87,162823,0,1016
48402,2022-10-23,UZ,Uzbekistan,EURO,70,162893,0,1016
48403,2022-10-30,UZ,Uzbekistan,EURO,148,163041,0,1016
48404,2022-11-06,UZ,Uzbekistan,EURO,179,163220,0,1016
48405,2022-11-13,UZ,Uzbekistan,EURO,220,163440,0,1016
48406,2022-11-20,UZ,Uzbekistan,EURO,461,163901,0,1016
48407,2022-11-27,UZ,Uzbekistan,EURO,740,164641,0,1016
48408,2022-12-04,UZ,Uzbekistan,EURO,1056,165697,0,1016
48409,2022-12-11,UZ,Uzbekistan,EURO,906,166603,0,1016
48410,2022-12-18,UZ,Uzbekistan,EURO,689,167292,0,1016
48411,2022-12-25,UZ,Uzbekistan,EURO,0,167292,0,1016
48412,2023-01-01,UZ,Uzbekistan,EURO,0,167292,0,1016
48413,2023-01-08,UZ,Uzbekistan,EURO,291,167583,0,1016
48414,2023-01-15,UZ,Uzbekistan,EURO,229,167812,0,1016
48415,2023-01-22,UZ,Uzbekistan,EURO,167,167979,0,1016
48416,2023-01-29,UZ,Uzbekistan,EURO,135,168114,0,1016
48417,2023-02-05,UZ,Uzbekistan,EURO,113,168227,0,1016
48418,2023-02-12,UZ,Uzbekistan,EURO,123,168350,0,1016
48419,2023-02-19,UZ,Uzbekistan,EURO,128,168478,0,1016
48420,2023-02-26,UZ,Uzbekistan,EURO,129,168607,0,1016
48421,2023-03-05,UZ,Uzbekistan,EURO,173,168780,0,1016
48422,2023-03-12,UZ,Uzbekistan,EURO,180,168960,0,1016
48423,2023-03-19,UZ,Uzbekistan,EURO,0,168960,0,1016
48424,2023-03-26,UZ,Uzbekistan,EURO,169,169129,0,1016
48425,2023-04-02,UZ,Uzbekistan,EURO,246,169375,0,1016
48426,2023-04-09,UZ,Uzbekistan,EURO,212,169587,0,1016
48427,2023-04-16,UZ,Uzbekistan,EURO,235,169822,0,1016
48428,2023-04-23,UZ,Uzbekistan,EURO,0,169822,0,1016
48429,2023-04-30,UZ,Uzbekistan,EURO,273,170095,0,1016
48430,2023-05-07,UZ,Uzbekistan,EURO,305,170400,0,1016
48431,2023-05-14,UZ,Uzbekistan,EURO,231,170631,0,1016
48432,2023-05-21,UZ,Uzbekistan,EURO,260,170891,0,1016
48433,2023-05-28,UZ,Uzbekistan,EURO,0,170891,0,1016
48434,2023-06-04,UZ,Uzbekistan,EURO,0,170891,0,1016
48435,2023-06-11,UZ,Uzbekistan,EURO,194,171085,0,1016
48436,2023-06-18,UZ,Uzbekistan,EURO,182,171267,0,1016
48437,2023-06-25,UZ,Uzbekistan,EURO,150,171417,0,1016
48438,2023-07-02,UZ,Uzbekistan,EURO,108,171525,0,1016
48439,2023-07-09,UZ,Uzbekistan,EURO,157,171682,0,1016
48440,2023-07-16,UZ,Uzbekistan,EURO,160,171842,0,1016
48441,2023-07-23,UZ,Uzbekistan,EURO,125,171967,0,1016
48442,2023-07-30,UZ,Uzbekistan,EURO,186,172153,0,1016
48443,2023-08-06,UZ,Uzbekistan,EURO,176,172329,0,1016
48444,2023-08-13,UZ,Uzbekistan,EURO,0,172329,0,1016
48445,2023-08-20,UZ,Uzbekistan,EURO,324,172653,0,1016
48446,2023-08-27,UZ,Uzbekistan,EURO,360,173013,0,1016
48447,2023-09-03,UZ,Uzbekistan,EURO,321,173334,0,1016
48448,2023-09-10,UZ,Uzbekistan,EURO,404,173738,0,1016
48449,2023-09-17,UZ,Uzbekistan,EURO,385,174123,0,1016
48450,2023-09-24,UZ,Uzbekistan,EURO,0,174123,0,1016
48451,2023-10-01,UZ,Uzbekistan,EURO,276,174399,0,1016
48452,2023-10-08,UZ,Uzbekistan,EURO,0,174399,0,1016
48453,2023-10-15,UZ,Uzbekistan,EURO,176,174575,0,1016
48454,2023-10-22,UZ,Uzbekistan,EURO,0,174575,0,1016
48455,2023-10-29,UZ,Uzbekistan,EURO,0,174575,0,1016
48456,2023-11-05,UZ,Uzbekistan,EURO,0,174575,0,1016
48457,2023-11-12,UZ,Uzbekistan,EURO,0,174575,0,1016
48458,2023-11-19,UZ,Uzbekistan,EURO,0,174575,0,1016
48459,2023-11-26,UZ,Uzbekistan,EURO,0,174575,0,1016
48460,2023-12-03,UZ,Uzbekistan,EURO,0,174575,0,1016
48461,2023-12-10,UZ,Uzbekistan,EURO,184,174759,0,1016
48462,2023-12-17,UZ,Uzbekistan,EURO,83,174842,0,1016
48463,2023-12-24,UZ,Uzbekistan,EURO,0,174842,0,1016
48464,2020-01-05,VU,Vanuatu,WPRO,0,0,0,0
48465,2020-01-12,VU,Vanuatu,WPRO,0,0,0,0
48466,2020-01-19,VU,Vanuatu,WPRO,0,0,0,0
48467,2020-01-26,VU,Vanuatu,WPRO,0,0,0,0
48468,2020-02-02,VU,Vanuatu,WPRO,0,0,0,0
48469,2020-02-09,VU,Vanuatu,WPRO,0,0,0,0
48470,2020-02-16,VU,Vanuatu,WPRO,0,0,0,0
48471,2020-02-23,VU,Vanuatu,WPRO,0,0,0,0
48472,2020-03-01,VU,Vanuatu,WPRO,0,0,0,0
48473,2020-03-08,VU,Vanuatu,WPRO,0,0,0,0
48474,2020-03-15,VU,Vanuatu,WPRO,0,0,0,0
48475,2020-03-22,VU,Vanuatu,WPRO,0,0,0,0
48476,2020-03-29,VU,Vanuatu,WPRO,0,0,0,0
48477,2020-04-05,VU,Vanuatu,WPRO,0,0,0,0
48478,2020-04-12,VU,Vanuatu,WPRO,0,0,0,0
48479,2020-04-19,VU,Vanuatu,WPRO,0,0,0,0
48480,2020-04-26,VU,Vanuatu,WPRO,0,0,0,0
48481,2020-05-03,VU,Vanuatu,WPRO,0,0,0,0
48482,2020-05-10,VU,Vanuatu,WPRO,0,0,0,0
48483,2020-05-17,VU,Vanuatu,WPRO,0,0,0,0
48484,2020-05-24,VU,Vanuatu,WPRO,0,0,0,0
48485,2020-05-31,VU,Vanuatu,WPRO,0,0,0,0
48486,2020-06-07,VU,Vanuatu,WPRO,0,0,0,0
48487,2020-06-14,VU,Vanuatu,WPRO,0,0,0,0
48488,2020-06-21,VU,Vanuatu,WPRO,0,0,0,0
48489,2020-06-28,VU,Vanuatu,WPRO,0,0,0,0
48490,2020-07-05,VU,Vanuatu,WPRO,0,0,0,0
48491,2020-07-12,VU,Vanuatu,WPRO,0,0,0,0
48492,2020-07-19,VU,Vanuatu,WPRO,0,0,0,0
48493,2020-07-26,VU,Vanuatu,WPRO,0,0,0,0
48494,2020-08-02,VU,Vanuatu,WPRO,0,0,0,0
48495,2020-08-09,VU,Vanuatu,WPRO,0,0,0,0
48496,2020-08-16,VU,Vanuatu,WPRO,0,0,0,0
48497,2020-08-23,VU,Vanuatu,WPRO,0,0,0,0
48498,2020-08-30,VU,Vanuatu,WPRO,0,0,0,0
48499,2020-09-06,VU,Vanuatu,WPRO,0,0,0,0
48500,2020-09-13,VU,Vanuatu,WPRO,0,0,0,0
48501,2020-09-20,VU,Vanuatu,WPRO,0,0,0,0
48502,2020-09-27,VU,Vanuatu,WPRO,0,0,0,0
48503,2020-10-04,VU,Vanuatu,WPRO,0,0,0,0
48504,2020-10-11,VU,Vanuatu,WPRO,0,0,0,0
48505,2020-10-18,VU,Vanuatu,WPRO,0,0,0,0
48506,2020-10-25,VU,Vanuatu,WPRO,0,0,0,0
48507,2020-11-01,VU,Vanuatu,WPRO,0,0,0,0
48508,2020-11-08,VU,Vanuatu,WPRO,0,0,0,0
48509,2020-11-15,VU,Vanuatu,WPRO,1,1,0,0
48510,2020-11-22,VU,Vanuatu,WPRO,0,1,0,0
48511,2020-11-29,VU,Vanuatu,WPRO,0,1,0,0
48512,2020-12-06,VU,Vanuatu,WPRO,0,1,0,0
48513,2020-12-13,VU,Vanuatu,WPRO,0,1,0,0
48514,2020-12-20,VU,Vanuatu,WPRO,0,1,0,0
48515,2020-12-27,VU,Vanuatu,WPRO,0,1,0,0
48516,2021-01-03,VU,Vanuatu,WPRO,0,1,0,0
48517,2021-01-10,VU,Vanuatu,WPRO,0,1,0,0
48518,2021-01-17,VU,Vanuatu,WPRO,0,1,0,0
48519,2021-01-24,VU,Vanuatu,WPRO,0,1,0,0
48520,2021-01-31,VU,Vanuatu,WPRO,0,1,0,0
48521,2021-02-07,VU,Vanuatu,WPRO,0,1,0,0
48522,2021-02-14,VU,Vanuatu,WPRO,0,1,0,0
48523,2021-02-21,VU,Vanuatu,WPRO,0,1,0,0
48524,2021-02-28,VU,Vanuatu,WPRO,0,1,0,0
48525,2021-03-07,VU,Vanuatu,WPRO,2,3,0,0
48526,2021-03-14,VU,Vanuatu,WPRO,0,3,0,0
48527,2021-03-21,VU,Vanuatu,WPRO,0,3,0,0
48528,2021-03-28,VU,Vanuatu,WPRO,0,3,0,0
48529,2021-04-04,VU,Vanuatu,WPRO,0,3,0,0
48530,2021-04-11,VU,Vanuatu,WPRO,0,3,0,0
48531,2021-04-18,VU,Vanuatu,WPRO,0,3,0,0
48532,2021-04-25,VU,Vanuatu,WPRO,0,3,0,0
48533,2021-05-02,VU,Vanuatu,WPRO,0,3,0,0
48534,2021-05-09,VU,Vanuatu,WPRO,0,3,0,0
48535,2021-05-16,VU,Vanuatu,WPRO,0,3,0,0
48536,2021-05-23,VU,Vanuatu,WPRO,0,3,0,0
48537,2021-05-30,VU,Vanuatu,WPRO,0,3,0,0
48538,2021-06-06,VU,Vanuatu,WPRO,0,3,0,0
48539,2021-06-13,VU,Vanuatu,WPRO,0,3,0,0
48540,2021-06-20,VU,Vanuatu,WPRO,0,3,0,0
48541,2021-06-27,VU,Vanuatu,WPRO,0,3,0,0
48542,2021-07-04,VU,Vanuatu,WPRO,0,3,0,0
48543,2021-07-11,VU,Vanuatu,WPRO,0,3,0,0
48544,2021-07-18,VU,Vanuatu,WPRO,0,3,0,0
48545,2021-07-25,VU,Vanuatu,WPRO,0,3,0,0
48546,2021-08-01,VU,Vanuatu,WPRO,0,3,0,0
48547,2021-08-08,VU,Vanuatu,WPRO,0,3,0,0
48548,2021-08-15,VU,Vanuatu,WPRO,0,3,0,0
48549,2021-08-22,VU,Vanuatu,WPRO,0,3,0,0
48550,2021-08-29,VU,Vanuatu,WPRO,0,3,0,0
48551,2021-09-05,VU,Vanuatu,WPRO,0,3,0,0
48552,2021-09-12,VU,Vanuatu,WPRO,0,3,0,0
48553,2021-09-19,VU,Vanuatu,WPRO,0,3,0,0
48554,2021-09-26,VU,Vanuatu,WPRO,0,3,0,0
48555,2021-10-03,VU,Vanuatu,WPRO,0,3,0,0
48556,2021-10-10,VU,Vanuatu,WPRO,0,3,0,0
48557,2021-10-17,VU,Vanuatu,WPRO,0,3,0,0
48558,2021-10-24,VU,Vanuatu,WPRO,0,3,0,0
48559,2021-10-31,VU,Vanuatu,WPRO,2,5,0,0
48560,2021-11-07,VU,Vanuatu,WPRO,0,5,0,0
48561,2021-11-14,VU,Vanuatu,WPRO,0,5,0,0
48562,2021-11-21,VU,Vanuatu,WPRO,0,5,0,0
48563,2021-11-28,VU,Vanuatu,WPRO,0,5,0,0
48564,2021-12-05,VU,Vanuatu,WPRO,0,5,0,0
48565,2021-12-12,VU,Vanuatu,WPRO,1,6,0,0
48566,2021-12-19,VU,Vanuatu,WPRO,1,7,0,0
48567,2021-12-26,VU,Vanuatu,WPRO,0,7,0,0
48568,2022-01-02,VU,Vanuatu,WPRO,0,7,0,0
48569,2022-01-09,VU,Vanuatu,WPRO,0,7,0,0
48570,2022-01-16,VU,Vanuatu,WPRO,0,7,0,0
48571,2022-01-23,VU,Vanuatu,WPRO,0,7,0,0
48572,2022-01-30,VU,Vanuatu,WPRO,0,7,0,0
48573,2022-02-06,VU,Vanuatu,WPRO,0,7,0,0
48574,2022-02-13,VU,Vanuatu,WPRO,0,7,0,0
48575,2022-02-20,VU,Vanuatu,WPRO,8,15,0,0
48576,2022-02-27,VU,Vanuatu,WPRO,3,18,0,0
48577,2022-03-06,VU,Vanuatu,WPRO,1,19,0,0
48578,2022-03-13,VU,Vanuatu,WPRO,227,246,0,0
48579,2022-03-20,VU,Vanuatu,WPRO,698,944,0,0
48580,2022-03-27,VU,Vanuatu,WPRO,1591,2535,0,0
48581,2022-04-03,VU,Vanuatu,WPRO,1579,4114,2,2
48582,2022-04-10,VU,Vanuatu,WPRO,1373,5487,2,4
48583,2022-04-17,VU,Vanuatu,WPRO,142,5629,2,6
48584,2022-04-24,VU,Vanuatu,WPRO,1233,6862,6,12
48585,2022-05-01,VU,Vanuatu,WPRO,651,7513,1,13
48586,2022-05-08,VU,Vanuatu,WPRO,394,7907,1,14
48587,2022-05-15,VU,Vanuatu,WPRO,555,8462,0,14
48588,2022-05-22,VU,Vanuatu,WPRO,204,8666,0,14
48589,2022-05-29,VU,Vanuatu,WPRO,346,9012,0,14
48590,2022-06-05,VU,Vanuatu,WPRO,1105,10117,0,14
48591,2022-06-12,VU,Vanuatu,WPRO,521,10638,0,14
48592,2022-06-19,VU,Vanuatu,WPRO,293,10931,0,14
48593,2022-06-26,VU,Vanuatu,WPRO,250,11181,0,14
48594,2022-07-03,VU,Vanuatu,WPRO,92,11273,0,14
48595,2022-07-10,VU,Vanuatu,WPRO,315,11588,0,14
48596,2022-07-17,VU,Vanuatu,WPRO,132,11720,0,14
48597,2022-07-24,VU,Vanuatu,WPRO,0,11720,0,14
48598,2022-07-31,VU,Vanuatu,WPRO,5,11725,0,14
48599,2022-08-07,VU,Vanuatu,WPRO,6,11731,0,14
48600,2022-08-14,VU,Vanuatu,WPRO,3,11734,0,14
48601,2022-08-21,VU,Vanuatu,WPRO,36,11770,0,14
48602,2022-08-28,VU,Vanuatu,WPRO,10,11780,0,14
48603,2022-09-04,VU,Vanuatu,WPRO,83,11863,0,14
48604,2022-09-11,VU,Vanuatu,WPRO,36,11899,0,14
48605,2022-09-18,VU,Vanuatu,WPRO,51,11950,0,14
48606,2022-09-25,VU,Vanuatu,WPRO,0,11950,0,14
48607,2022-10-02,VU,Vanuatu,WPRO,24,11974,0,14
48608,2022-10-09,VU,Vanuatu,WPRO,2,11976,0,14
48609,2022-10-16,VU,Vanuatu,WPRO,0,11976,0,14
48610,2022-10-23,VU,Vanuatu,WPRO,5,11981,0,14
48611,2022-10-30,VU,Vanuatu,WPRO,0,11981,0,14
48612,2022-11-06,VU,Vanuatu,WPRO,0,11981,0,14
48613,2022-11-13,VU,Vanuatu,WPRO,0,11981,0,14
48614,2022-11-20,VU,Vanuatu,WPRO,0,11981,0,14
48615,2022-11-27,VU,Vanuatu,WPRO,0,11981,0,14
48616,2022-12-04,VU,Vanuatu,WPRO,30,12011,0,14
48617,2022-12-11,VU,Vanuatu,WPRO,0,12011,0,14
48618,2022-12-18,VU,Vanuatu,WPRO,0,12011,0,14
48619,2022-12-25,VU,Vanuatu,WPRO,2,12013,0,14
48620,2023-01-01,VU,Vanuatu,WPRO,1,12014,0,14
48621,2023-01-08,VU,Vanuatu,WPRO,0,12014,0,14
48622,2023-01-15,VU,Vanuatu,WPRO,0,12014,0,14
48623,2023-01-22,VU,Vanuatu,WPRO,0,12014,0,14
48624,2023-01-29,VU,Vanuatu,WPRO,0,12014,0,14
48625,2023-02-05,VU,Vanuatu,WPRO,0,12014,0,14
48626,2023-02-12,VU,Vanuatu,WPRO,0,12014,0,14
48627,2023-02-19,VU,Vanuatu,WPRO,0,12014,0,14
48628,2023-02-26,VU,Vanuatu,WPRO,0,12014,0,14
48629,2023-03-05,VU,Vanuatu,WPRO,0,12014,0,14
48630,2023-03-12,VU,Vanuatu,WPRO,0,12014,0,14
48631,2023-03-19,VU,Vanuatu,WPRO,0,12014,0,14
48632,2023-03-26,VU,Vanuatu,WPRO,0,12014,0,14
48633,2023-04-02,VU,Vanuatu,WPRO,0,12014,0,14
48634,2023-04-09,VU,Vanuatu,WPRO,0,12014,0,14
48635,2023-04-16,VU,Vanuatu,WPRO,0,12014,0,14
48636,2023-04-23,VU,Vanuatu,WPRO,2,12016,0,14
48637,2023-04-30,VU,Vanuatu,WPRO,0,12016,0,14
48638,2023-05-07,VU,Vanuatu,WPRO,0,12016,0,14
48639,2023-05-14,VU,Vanuatu,WPRO,0,12016,0,14
48640,2023-05-21,VU,Vanuatu,WPRO,0,12016,0,14
48641,2023-05-28,VU,Vanuatu,WPRO,0,12016,0,14
48642,2023-06-04,VU,Vanuatu,WPRO,3,12019,0,14
48643,2023-06-11,VU,Vanuatu,WPRO,0,12019,0,14
48644,2023-06-18,VU,Vanuatu,WPRO,0,12019,0,14
48645,2023-06-25,VU,Vanuatu,WPRO,0,12019,0,14
48646,2023-07-02,VU,Vanuatu,WPRO,0,12019,0,14
48647,2023-07-09,VU,Vanuatu,WPRO,0,12019,0,14
48648,2023-07-16,VU,Vanuatu,WPRO,0,12019,0,14
48649,2023-07-23,VU,Vanuatu,WPRO,0,12019,0,14
48650,2023-07-30,VU,Vanuatu,WPRO,0,12019,0,14
48651,2023-08-06,VU,Vanuatu,WPRO,0,12019,0,14
48652,2023-08-13,VU,Vanuatu,WPRO,0,12019,0,14
48653,2023-08-20,VU,Vanuatu,WPRO,0,12019,0,14
48654,2023-08-27,VU,Vanuatu,WPRO,0,12019,0,14
48655,2023-09-03,VU,Vanuatu,WPRO,0,12019,0,14
48656,2023-09-10,VU,Vanuatu,WPRO,0,12019,0,14
48657,2023-09-17,VU,Vanuatu,WPRO,0,12019,0,14
48658,2023-09-24,VU,Vanuatu,WPRO,0,12019,0,14
48659,2023-10-01,VU,Vanuatu,WPRO,0,12019,0,14
48660,2023-10-08,VU,Vanuatu,WPRO,0,12019,0,14
48661,2023-10-15,VU,Vanuatu,WPRO,0,12019,0,14
48662,2023-10-22,VU,Vanuatu,WPRO,0,12019,0,14
48663,2023-10-29,VU,Vanuatu,WPRO,0,12019,0,14
48664,2023-11-05,VU,Vanuatu,WPRO,0,12019,0,14
48665,2023-11-12,VU,Vanuatu,WPRO,0,12019,0,14
48666,2023-11-19,VU,Vanuatu,WPRO,0,12019,0,14
48667,2023-11-26,VU,Vanuatu,WPRO,0,12019,0,14
48668,2023-12-03,VU,Vanuatu,WPRO,0,12019,0,14
48669,2023-12-10,VU,Vanuatu,WPRO,0,12019,0,14
48670,2023-12-17,VU,Vanuatu,WPRO,0,12019,0,14
48671,2023-12-24,VU,Vanuatu,WPRO,0,12019,0,14
48672,2020-01-05,VE,Venezuela (Bolivarian Republic of),AMRO,0,0,0,0
48673,2020-01-12,VE,Venezuela (Bolivarian Republic of),AMRO,0,0,0,0
48674,2020-01-19,VE,Venezuela (Bolivarian Republic of),AMRO,0,0,0,0
48675,2020-01-26,VE,Venezuela (Bolivarian Republic of),AMRO,0,0,0,0
48676,2020-02-02,VE,Venezuela (Bolivarian Republic of),AMRO,0,0,0,0
48677,2020-02-09,VE,Venezuela (Bolivarian Republic of),AMRO,0,0,0,0
48678,2020-02-16,VE,Venezuela (Bolivarian Republic of),AMRO,0,0,0,0
48679,2020-02-23,VE,Venezuela (Bolivarian Republic of),AMRO,0,0,0,0
48680,2020-03-01,VE,Venezuela (Bolivarian Republic of),AMRO,0,0,0,0
48681,2020-03-08,VE,Venezuela (Bolivarian Republic of),AMRO,0,0,0,0
48682,2020-03-15,VE,Venezuela (Bolivarian Republic of),AMRO,21,21,0,0
48683,2020-03-22,VE,Venezuela (Bolivarian Republic of),AMRO,19,40,0,0
48684,2020-03-29,VE,Venezuela (Bolivarian Republic of),AMRO,73,113,2,2
48685,2020-04-05,VE,Venezuela (Bolivarian Republic of),AMRO,31,144,1,3
48686,2020-04-12,VE,Venezuela (Bolivarian Republic of),AMRO,27,171,6,9
48687,2020-04-19,VE,Venezuela (Bolivarian Republic of),AMRO,33,204,0,9
48688,2020-04-26,VE,Venezuela (Bolivarian Republic of),AMRO,114,318,1,10
48689,2020-05-03,VE,Venezuela (Bolivarian Republic of),AMRO,27,345,0,10
48690,2020-05-10,VE,Venezuela (Bolivarian Republic of),AMRO,43,388,0,10
48691,2020-05-17,VE,Venezuela (Bolivarian Republic of),AMRO,116,504,0,10
48692,2020-05-24,VE,Venezuela (Bolivarian Republic of),AMRO,440,944,0,10
48693,2020-05-31,VE,Venezuela (Bolivarian Republic of),AMRO,426,1370,4,14
48694,2020-06-07,VE,Venezuela (Bolivarian Republic of),AMRO,775,2145,6,20
48695,2020-06-14,VE,Venezuela (Bolivarian Republic of),AMRO,734,2879,3,23
48696,2020-06-21,VE,Venezuela (Bolivarian Republic of),AMRO,712,3591,7,30
48697,2020-06-28,VE,Venezuela (Bolivarian Republic of),AMRO,1188,4779,11,41
48698,2020-07-05,VE,Venezuela (Bolivarian Republic of),AMRO,1758,6537,18,59
48699,2020-07-12,VE,Venezuela (Bolivarian Republic of),AMRO,2266,8803,24,83
48700,2020-07-19,VE,Venezuela (Bolivarian Republic of),AMRO,2388,11191,24,107
48701,2020-07-26,VE,Venezuela (Bolivarian Republic of),AMRO,3072,14263,27,134
48702,2020-08-02,VE,Venezuela (Bolivarian Republic of),AMRO,4311,18574,30,164
48703,2020-08-09,VE,Venezuela (Bolivarian Republic of),AMRO,5592,24166,44,208
48704,2020-08-16,VE,Venezuela (Bolivarian Republic of),AMRO,7215,31381,58,266
48705,2020-08-23,VE,Venezuela (Bolivarian Republic of),AMRO,6807,38188,51,317
48706,2020-08-30,VE,Venezuela (Bolivarian Republic of),AMRO,5691,43879,41,358
48707,2020-09-06,VE,Venezuela (Bolivarian Republic of),AMRO,7094,50973,54,412
48708,2020-09-13,VE,Venezuela (Bolivarian Republic of),AMRO,7690,58663,56,468
48709,2020-09-20,VE,Venezuela (Bolivarian Republic of),AMRO,6511,65174,62,530
48710,2020-09-27,VE,Venezuela (Bolivarian Republic of),AMRO,6099,71273,61,591
48711,2020-10-04,VE,Venezuela (Bolivarian Republic of),AMRO,5547,76820,52,643
48712,2020-10-11,VE,Venezuela (Bolivarian Republic of),AMRO,4876,81696,41,684
48713,2020-10-18,VE,Venezuela (Bolivarian Republic of),AMRO,4062,85758,41,725
48714,2020-10-25,VE,Venezuela (Bolivarian Republic of),AMRO,2658,88416,34,759
48715,2020-11-01,VE,Venezuela (Bolivarian Republic of),AMRO,3173,91589,34,793
48716,2020-11-08,VE,Venezuela (Bolivarian Republic of),AMRO,2716,94305,28,821
48717,2020-11-15,VE,Venezuela (Bolivarian Republic of),AMRO,2136,96441,23,844
48718,2020-11-22,VE,Venezuela (Bolivarian Republic of),AMRO,2576,99017,22,866
48719,2020-11-29,VE,Venezuela (Bolivarian Republic of),AMRO,2507,101524,22,888
48720,2020-12-06,VE,Venezuela (Bolivarian Republic of),AMRO,2353,103877,25,913
48721,2020-12-13,VE,Venezuela (Bolivarian Republic of),AMRO,2838,106715,31,944
48722,2020-12-20,VE,Venezuela (Bolivarian Republic of),AMRO,2680,109395,35,979
48723,2020-12-27,VE,Venezuela (Bolivarian Republic of),AMRO,2208,111603,31,1010
48724,2021-01-03,VE,Venezuela (Bolivarian Republic of),AMRO,1959,113562,18,1028
48725,2021-01-10,VE,Venezuela (Bolivarian Republic of),AMRO,2105,115667,28,1056
48726,2021-01-17,VE,Venezuela (Bolivarian Republic of),AMRO,3189,118856,39,1095
48727,2021-01-24,VE,Venezuela (Bolivarian Republic of),AMRO,3939,122795,41,1136
48728,2021-01-31,VE,Venezuela (Bolivarian Republic of),AMRO,2981,125776,41,1177
48729,2021-02-07,VE,Venezuela (Bolivarian Republic of),AMRO,3455,129231,46,1223
48730,2021-02-14,VE,Venezuela (Bolivarian Republic of),AMRO,3028,132259,44,1267
48731,2021-02-21,VE,Venezuela (Bolivarian Republic of),AMRO,2855,135114,41,1308
48732,2021-02-28,VE,Venezuela (Bolivarian Republic of),AMRO,3181,138295,30,1338
48733,2021-03-07,VE,Venezuela (Bolivarian Republic of),AMRO,3061,141356,33,1371
48734,2021-03-14,VE,Venezuela (Bolivarian Republic of),AMRO,3430,144786,51,1422
48735,2021-03-21,VE,Venezuela (Bolivarian Republic of),AMRO,4359,149145,53,1475
48736,2021-03-28,VE,Venezuela (Bolivarian Republic of),AMRO,5760,154905,68,1543
48737,2021-04-04,VE,Venezuela (Bolivarian Republic of),AMRO,7825,162730,86,1629
48738,2021-04-11,VE,Venezuela (Bolivarian Republic of),AMRO,9731,172461,110,1739
48739,2021-04-18,VE,Venezuela (Bolivarian Republic of),AMRO,8148,180609,131,1870
48740,2021-04-25,VE,Venezuela (Bolivarian Republic of),AMRO,8772,189381,139,2009
48741,2021-05-02,VE,Venezuela (Bolivarian Republic of),AMRO,8302,197683,127,2136
48742,2021-05-09,VE,Venezuela (Bolivarian Republic of),AMRO,7498,205181,127,2263
48743,2021-05-16,VE,Venezuela (Bolivarian Republic of),AMRO,7817,212998,103,2366
48744,2021-05-23,VE,Venezuela (Bolivarian Republic of),AMRO,8044,221042,117,2483
48745,2021-05-30,VE,Venezuela (Bolivarian Republic of),AMRO,9105,230147,112,2595
48746,2021-06-06,VE,Venezuela (Bolivarian Republic of),AMRO,9105,239252,103,2698
48747,2021-06-13,VE,Venezuela (Bolivarian Republic of),AMRO,9568,248820,99,2797
48748,2021-06-20,VE,Venezuela (Bolivarian Republic of),AMRO,9320,258140,128,2925
48749,2021-06-27,VE,Venezuela (Bolivarian Republic of),AMRO,8812,266952,113,3038
48750,2021-07-04,VE,Venezuela (Bolivarian Republic of),AMRO,8253,275205,116,3154
48751,2021-07-11,VE,Venezuela (Bolivarian Republic of),AMRO,7735,282940,110,3264
48752,2021-07-18,VE,Venezuela (Bolivarian Republic of),AMRO,7584,290524,86,3350
48753,2021-07-25,VE,Venezuela (Bolivarian Republic of),AMRO,7258,297782,108,3458
48754,2021-08-01,VE,Venezuela (Bolivarian Republic of),AMRO,6944,304726,118,3576
48755,2021-08-08,VE,Venezuela (Bolivarian Republic of),AMRO,6234,310960,106,3682
48756,2021-08-15,VE,Venezuela (Bolivarian Republic of),AMRO,6374,317334,99,3781
48757,2021-08-22,VE,Venezuela (Bolivarian Republic of),AMRO,6192,323526,90,3871
48758,2021-08-29,VE,Venezuela (Bolivarian Republic of),AMRO,7586,331112,99,3970
48759,2021-09-05,VE,Venezuela (Bolivarian Republic of),AMRO,7188,338300,102,4072
48760,2021-09-12,VE,Venezuela (Bolivarian Republic of),AMRO,7260,345560,107,4179
48761,2021-09-19,VE,Venezuela (Bolivarian Republic of),AMRO,7841,353401,96,4275
48762,2021-09-26,VE,Venezuela (Bolivarian Republic of),AMRO,7448,360849,104,4379
48763,2021-10-03,VE,Venezuela (Bolivarian Republic of),AMRO,9519,370368,104,4483
48764,2021-10-10,VE,Venezuela (Bolivarian Republic of),AMRO,10488,380856,109,4592
48765,2021-10-17,VE,Venezuela (Bolivarian Republic of),AMRO,9189,390045,101,4693
48766,2021-10-24,VE,Venezuela (Bolivarian Republic of),AMRO,8566,398611,97,4790
48767,2021-10-31,VE,Venezuela (Bolivarian Republic of),AMRO,6834,405445,84,4874
48768,2021-11-07,VE,Venezuela (Bolivarian Republic of),AMRO,6129,411574,72,4946
48769,2021-11-14,VE,Venezuela (Bolivarian Republic of),AMRO,6424,417998,64,5010
48770,2021-11-21,VE,Venezuela (Bolivarian Republic of),AMRO,5635,423633,56,5066
48771,2021-11-28,VE,Venezuela (Bolivarian Republic of),AMRO,5727,429360,58,5124
48772,2021-12-05,VE,Venezuela (Bolivarian Republic of),AMRO,4300,433660,53,5177
48773,2021-12-12,VE,Venezuela (Bolivarian Republic of),AMRO,3453,437113,52,5229
48774,2021-12-19,VE,Venezuela (Bolivarian Republic of),AMRO,3671,440784,43,5272
48775,2021-12-26,VE,Venezuela (Bolivarian Republic of),AMRO,2215,442999,40,5312
48776,2022-01-02,VE,Venezuela (Bolivarian Republic of),AMRO,1636,444635,16,5328
48777,2022-01-09,VE,Venezuela (Bolivarian Republic of),AMRO,1792,446427,20,5348
48778,2022-01-16,VE,Venezuela (Bolivarian Republic of),AMRO,6003,452430,28,5376
48779,2022-01-23,VE,Venezuela (Bolivarian Republic of),AMRO,13033,465463,23,5399
48780,2022-01-30,VE,Venezuela (Bolivarian Republic of),AMRO,13548,479011,31,5430
48781,2022-02-06,VE,Venezuela (Bolivarian Republic of),AMRO,13667,492678,44,5474
48782,2022-02-13,VE,Venezuela (Bolivarian Republic of),AMRO,10484,503162,55,5529
48783,2022-02-20,VE,Venezuela (Bolivarian Republic of),AMRO,6785,509947,62,5591
48784,2022-02-27,VE,Venezuela (Bolivarian Republic of),AMRO,3480,513427,37,5628
48785,2022-03-06,VE,Venezuela (Bolivarian Republic of),AMRO,2809,516236,17,5645
48786,2022-03-13,VE,Venezuela (Bolivarian Republic of),AMRO,1763,517999,11,5656
48787,2022-03-20,VE,Venezuela (Bolivarian Republic of),AMRO,1421,519420,10,5666
48788,2022-03-27,VE,Venezuela (Bolivarian Republic of),AMRO,618,520038,8,5674
48789,2022-04-03,VE,Venezuela (Bolivarian Republic of),AMRO,589,520627,10,5684
48790,2022-04-10,VE,Venezuela (Bolivarian Republic of),AMRO,698,521325,8,5692
48791,2022-04-17,VE,Venezuela (Bolivarian Republic of),AMRO,621,521946,8,5700
48792,2022-04-24,VE,Venezuela (Bolivarian Republic of),AMRO,142,522088,5,5705
48793,2022-05-01,VE,Venezuela (Bolivarian Republic of),AMRO,217,522305,3,5708
48794,2022-05-08,VE,Venezuela (Bolivarian Republic of),AMRO,320,522625,1,5709
48795,2022-05-15,VE,Venezuela (Bolivarian Republic of),AMRO,296,522921,2,5711
48796,2022-05-22,VE,Venezuela (Bolivarian Republic of),AMRO,317,523238,5,5716
48797,2022-05-29,VE,Venezuela (Bolivarian Republic of),AMRO,302,523540,4,5720
48798,2022-06-05,VE,Venezuela (Bolivarian Republic of),AMRO,257,523797,2,5722
48799,2022-06-12,VE,Venezuela (Bolivarian Republic of),AMRO,355,524152,1,5723
48800,2022-06-19,VE,Venezuela (Bolivarian Republic of),AMRO,566,524718,1,5724
48801,2022-06-26,VE,Venezuela (Bolivarian Republic of),AMRO,821,525539,2,5726
48802,2022-07-03,VE,Venezuela (Bolivarian Republic of),AMRO,915,526454,8,5734
48803,2022-07-10,VE,Venezuela (Bolivarian Republic of),AMRO,1335,527789,5,5739
48804,2022-07-17,VE,Venezuela (Bolivarian Republic of),AMRO,1595,529384,6,5745
48805,2022-07-24,VE,Venezuela (Bolivarian Republic of),AMRO,2579,531963,10,5755
48806,2022-07-31,VE,Venezuela (Bolivarian Republic of),AMRO,2943,534906,6,5761
48807,2022-08-07,VE,Venezuela (Bolivarian Republic of),AMRO,2936,537842,6,5767
48808,2022-08-14,VE,Venezuela (Bolivarian Republic of),AMRO,1887,539729,6,5773
48809,2022-08-21,VE,Venezuela (Bolivarian Republic of),AMRO,1458,541187,13,5786
48810,2022-08-28,VE,Venezuela (Bolivarian Republic of),AMRO,852,542039,8,5794
48811,2022-09-04,VE,Venezuela (Bolivarian Republic of),AMRO,665,542704,3,5797
48812,2022-09-11,VE,Venezuela (Bolivarian Republic of),AMRO,890,543594,8,5805
48813,2022-09-18,VE,Venezuela (Bolivarian Republic of),AMRO,496,544090,4,5809
48814,2022-09-25,VE,Venezuela (Bolivarian Republic of),AMRO,315,544405,5,5814
48815,2022-10-02,VE,Venezuela (Bolivarian Republic of),AMRO,398,544803,0,5814
48816,2022-10-09,VE,Venezuela (Bolivarian Republic of),AMRO,129,544932,4,5818
48817,2022-10-16,VE,Venezuela (Bolivarian Republic of),AMRO,261,545193,1,5819
48818,2022-10-23,VE,Venezuela (Bolivarian Republic of),AMRO,330,545523,1,5820
48819,2022-10-30,VE,Venezuela (Bolivarian Republic of),AMRO,280,545803,0,5820
48820,2022-11-06,VE,Venezuela (Bolivarian Republic of),AMRO,244,546047,1,5821
48821,2022-11-13,VE,Venezuela (Bolivarian Republic of),AMRO,215,546262,3,5824
48822,2022-11-20,VE,Venezuela (Bolivarian Republic of),AMRO,471,546733,1,5825
48823,2022-11-27,VE,Venezuela (Bolivarian Republic of),AMRO,471,547204,2,5827
48824,2022-12-04,VE,Venezuela (Bolivarian Republic of),AMRO,493,547697,2,5829
48825,2022-12-11,VE,Venezuela (Bolivarian Republic of),AMRO,536,548233,0,5829
48826,2022-12-18,VE,Venezuela (Bolivarian Republic of),AMRO,732,548965,1,5830
48827,2022-12-25,VE,Venezuela (Bolivarian Republic of),AMRO,879,549844,0,5830
48828,2023-01-01,VE,Venezuela (Bolivarian Republic of),AMRO,678,550522,2,5832
48829,2023-01-08,VE,Venezuela (Bolivarian Republic of),AMRO,194,550716,0,5832
48830,2023-01-15,VE,Venezuela (Bolivarian Republic of),AMRO,165,550881,2,5834
48831,2023-01-22,VE,Venezuela (Bolivarian Republic of),AMRO,323,551204,6,5840
48832,2023-01-29,VE,Venezuela (Bolivarian Republic of),AMRO,195,551399,5,5845
48833,2023-02-05,VE,Venezuela (Bolivarian Republic of),AMRO,188,551587,0,5845
48834,2023-02-12,VE,Venezuela (Bolivarian Republic of),AMRO,106,551693,6,5851
48835,2023-02-19,VE,Venezuela (Bolivarian Republic of),AMRO,215,551908,1,5852
48836,2023-02-26,VE,Venezuela (Bolivarian Republic of),AMRO,49,551957,0,5852
48837,2023-03-05,VE,Venezuela (Bolivarian Republic of),AMRO,77,552034,2,5854
48838,2023-03-12,VE,Venezuela (Bolivarian Republic of),AMRO,128,552162,0,5854
48839,2023-03-19,VE,Venezuela (Bolivarian Republic of),AMRO,88,552250,0,5854
48840,2023-03-26,VE,Venezuela (Bolivarian Republic of),AMRO,47,552297,0,5854
48841,2023-04-02,VE,Venezuela (Bolivarian Republic of),AMRO,101,552398,0,5854
48842,2023-04-09,VE,Venezuela (Bolivarian Republic of),AMRO,0,552398,0,5854
48843,2023-04-16,VE,Venezuela (Bolivarian Republic of),AMRO,31,552429,2,5856
48844,2023-04-23,VE,Venezuela (Bolivarian Republic of),AMRO,126,552555,0,5856
48845,2023-04-30,VE,Venezuela (Bolivarian Republic of),AMRO,23,552578,0,5856
48846,2023-05-07,VE,Venezuela (Bolivarian Republic of),AMRO,117,552695,0,5856
48847,2023-05-14,VE,Venezuela (Bolivarian Republic of),AMRO,0,552695,0,5856
48848,2023-05-21,VE,Venezuela (Bolivarian Republic of),AMRO,0,552695,0,5856
48849,2023-05-28,VE,Venezuela (Bolivarian Republic of),AMRO,0,552695,0,5856
48850,2023-06-04,VE,Venezuela (Bolivarian Republic of),AMRO,0,552695,0,5856
48851,2023-06-11,VE,Venezuela (Bolivarian Republic of),AMRO,0,552695,0,5856
48852,2023-06-18,VE,Venezuela (Bolivarian Republic of),AMRO,0,552695,0,5856
48853,2023-06-25,VE,Venezuela (Bolivarian Republic of),AMRO,0,552695,0,5856
48854,2023-07-02,VE,Venezuela (Bolivarian Republic of),AMRO,0,552695,0,5856
48855,2023-07-09,VE,Venezuela (Bolivarian Republic of),AMRO,0,552695,0,5856
48856,2023-07-16,VE,Venezuela (Bolivarian Republic of),AMRO,0,552695,0,5856
48857,2023-07-23,VE,Venezuela (Bolivarian Republic of),AMRO,0,552695,0,5856
48858,2023-07-30,VE,Venezuela (Bolivarian Republic of),AMRO,0,552695,0,5856
48859,2023-08-06,VE,Venezuela (Bolivarian Republic of),AMRO,0,552695,0,5856
48860,2023-08-13,VE,Venezuela (Bolivarian Republic of),AMRO,0,552695,0,5856
48861,2023-08-20,VE,Venezuela (Bolivarian Republic of),AMRO,0,552695,0,5856
48862,2023-08-27,VE,Venezuela (Bolivarian Republic of),AMRO,0,552695,0,5856
48863,2023-09-03,VE,Venezuela (Bolivarian Republic of),AMRO,0,552695,0,5856
48864,2023-09-10,VE,Venezuela (Bolivarian Republic of),AMRO,0,552695,0,5856
48865,2023-09-17,VE,Venezuela (Bolivarian Republic of),AMRO,0,552695,0,5856
48866,2023-09-24,VE,Venezuela (Bolivarian Republic of),AMRO,0,552695,0,5856
48867,2023-10-01,VE,Venezuela (Bolivarian Republic of),AMRO,0,552695,0,5856
48868,2023-10-08,VE,Venezuela (Bolivarian Republic of),AMRO,0,552695,0,5856
48869,2023-10-15,VE,Venezuela (Bolivarian Republic of),AMRO,0,552695,0,5856
48870,2023-10-22,VE,Venezuela (Bolivarian Republic of),AMRO,0,552695,0,5856
48871,2023-10-29,VE,Venezuela (Bolivarian Republic of),AMRO,0,552695,0,5856
48872,2023-11-05,VE,Venezuela (Bolivarian Republic of),AMRO,0,552695,0,5856
48873,2023-11-12,VE,Venezuela (Bolivarian Republic of),AMRO,0,552695,0,5856
48874,2023-11-19,VE,Venezuela (Bolivarian Republic of),AMRO,0,552695,0,5856
48875,2023-11-26,VE,Venezuela (Bolivarian Republic of),AMRO,0,552695,0,5856
48876,2023-12-03,VE,Venezuela (Bolivarian Republic of),AMRO,0,552695,0,5856
48877,2023-12-10,VE,Venezuela (Bolivarian Republic of),AMRO,0,552695,0,5856
48878,2023-12-17,VE,Venezuela (Bolivarian Republic of),AMRO,0,552695,0,5856
48879,2023-12-24,VE,Venezuela (Bolivarian Republic of),AMRO,0,552695,0,5856
48880,2020-01-05,VN,Viet Nam,WPRO,0,0,0,0
48881,2020-01-12,VN,Viet Nam,WPRO,0,0,0,0
48882,2020-01-19,VN,Viet Nam,WPRO,0,0,0,0
48883,2020-01-26,VN,Viet Nam,WPRO,2,2,0,0
48884,2020-02-02,VN,Viet Nam,WPRO,4,6,0,0
48885,2020-02-09,VN,Viet Nam,WPRO,7,13,0,0
48886,2020-02-16,VN,Viet Nam,WPRO,3,16,0,0
48887,2020-02-23,VN,Viet Nam,WPRO,0,16,0,0
48888,2020-03-01,VN,Viet Nam,WPRO,0,16,0,0
48889,2020-03-08,VN,Viet Nam,WPRO,4,20,0,0
48890,2020-03-15,VN,Viet Nam,WPRO,33,53,0,0
48891,2020-03-22,VN,Viet Nam,WPRO,41,94,0,0
48892,2020-03-29,VN,Viet Nam,WPRO,80,174,0,0
48893,2020-04-05,VN,Viet Nam,WPRO,66,240,0,0
48894,2020-04-12,VN,Viet Nam,WPRO,18,258,0,0
48895,2020-04-19,VN,Viet Nam,WPRO,10,268,0,0
48896,2020-04-26,VN,Viet Nam,WPRO,2,270,0,0
48897,2020-05-03,VN,Viet Nam,WPRO,0,270,0,0
48898,2020-05-10,VN,Viet Nam,WPRO,18,288,0,0
48899,2020-05-17,VN,Viet Nam,WPRO,30,318,0,0
48900,2020-05-24,VN,Viet Nam,WPRO,7,325,0,0
48901,2020-05-31,VN,Viet Nam,WPRO,3,328,0,0
48902,2020-06-07,VN,Viet Nam,WPRO,1,329,0,0
48903,2020-06-14,VN,Viet Nam,WPRO,5,334,0,0
48904,2020-06-21,VN,Viet Nam,WPRO,15,349,0,0
48905,2020-06-28,VN,Viet Nam,WPRO,6,355,0,0
48906,2020-07-05,VN,Viet Nam,WPRO,0,355,0,0
48907,2020-07-12,VN,Viet Nam,WPRO,15,370,0,0
48908,2020-07-19,VN,Viet Nam,WPRO,12,382,0,0
48909,2020-07-26,VN,Viet Nam,WPRO,36,418,0,0
48910,2020-08-02,VN,Viet Nam,WPRO,172,590,3,3
48911,2020-08-09,VN,Viet Nam,WPRO,222,812,7,10
48912,2020-08-16,VN,Viet Nam,WPRO,139,951,13,23
48913,2020-08-23,VN,Viet Nam,WPRO,63,1014,3,26
48914,2020-08-30,VN,Viet Nam,WPRO,26,1040,6,32
48915,2020-09-06,VN,Viet Nam,WPRO,9,1049,3,35
48916,2020-09-13,VN,Viet Nam,WPRO,11,1060,0,35
48917,2020-09-20,VN,Viet Nam,WPRO,8,1068,0,35
48918,2020-09-27,VN,Viet Nam,WPRO,1,1069,0,35
48919,2020-10-04,VN,Viet Nam,WPRO,27,1096,0,35
48920,2020-10-11,VN,Viet Nam,WPRO,11,1107,0,35
48921,2020-10-18,VN,Viet Nam,WPRO,19,1126,0,35
48922,2020-10-25,VN,Viet Nam,WPRO,34,1160,0,35
48923,2020-11-01,VN,Viet Nam,WPRO,20,1180,0,35
48924,2020-11-08,VN,Viet Nam,WPRO,33,1213,0,35
48925,2020-11-15,VN,Viet Nam,WPRO,52,1265,0,35
48926,2020-11-22,VN,Viet Nam,WPRO,41,1306,0,35
48927,2020-11-29,VN,Viet Nam,WPRO,35,1341,0,35
48928,2020-12-06,VN,Viet Nam,WPRO,24,1365,0,35
48929,2020-12-13,VN,Viet Nam,WPRO,30,1395,0,35
48930,2020-12-20,VN,Viet Nam,WPRO,16,1411,0,35
48931,2020-12-27,VN,Viet Nam,WPRO,29,1440,0,35
48932,2021-01-03,VN,Viet Nam,WPRO,54,1494,0,35
48933,2021-01-10,VN,Viet Nam,WPRO,20,1514,0,35
48934,2021-01-17,VN,Viet Nam,WPRO,23,1537,0,35
48935,2021-01-24,VN,Viet Nam,WPRO,11,1548,0,35
48936,2021-01-31,VN,Viet Nam,WPRO,271,1819,0,35
48937,2021-02-07,VN,Viet Nam,WPRO,186,2005,0,35
48938,2021-02-14,VN,Viet Nam,WPRO,224,2229,0,35
48939,2021-02-21,VN,Viet Nam,WPRO,154,2383,0,35
48940,2021-02-28,VN,Viet Nam,WPRO,65,2448,0,35
48941,2021-03-07,VN,Viet Nam,WPRO,64,2512,0,35
48942,2021-03-14,VN,Viet Nam,WPRO,42,2554,0,35
48943,2021-03-21,VN,Viet Nam,WPRO,18,2572,0,35
48944,2021-03-28,VN,Viet Nam,WPRO,19,2591,0,35
48945,2021-04-04,VN,Viet Nam,WPRO,40,2631,0,35
48946,2021-04-11,VN,Viet Nam,WPRO,65,2696,0,35
48947,2021-04-18,VN,Viet Nam,WPRO,89,2785,0,35
48948,2021-04-25,VN,Viet Nam,WPRO,61,2846,0,35
48949,2021-05-02,VN,Viet Nam,WPRO,116,2962,0,35
48950,2021-05-09,VN,Viet Nam,WPRO,450,3412,0,35
48951,2021-05-16,VN,Viet Nam,WPRO,800,4212,2,37
48952,2021-05-23,VN,Viet Nam,WPRO,1063,5275,5,42
48953,2021-05-30,VN,Viet Nam,WPRO,1893,7168,5,47
48954,2021-06-06,VN,Viet Nam,WPRO,1623,8791,6,53
48955,2021-06-13,VN,Viet Nam,WPRO,1839,10630,7,60
48956,2021-06-20,VN,Viet Nam,WPRO,2628,13258,7,67
48957,2021-06-27,VN,Viet Nam,WPRO,2482,15740,13,80
48958,2021-07-04,VN,Viet Nam,WPRO,4521,20261,19,99
48959,2021-07-11,VN,Viet Nam,WPRO,10217,30478,63,162
48960,2021-07-18,VN,Viet Nam,WPRO,25367,55845,92,254
48961,2021-07-25,VN,Viet Nam,WPRO,45328,101173,116,370
48962,2021-08-01,VN,Viet Nam,WPRO,56334,157507,936,1306
48963,2021-08-08,VN,Viet Nam,WPRO,58053,215560,2091,3397
48964,2021-08-15,VN,Viet Nam,WPRO,59484,275044,2377,5774
48965,2021-08-22,VN,Viet Nam,WPRO,73015,348059,2503,8277
48966,2021-08-29,VN,Viet Nam,WPRO,87206,435265,2472,10749
48967,2021-09-05,VN,Viet Nam,WPRO,89042,524307,2325,13074
48968,2021-09-12,VN,Viet Nam,WPRO,89068,613375,2205,15279
48969,2021-09-19,VN,Viet Nam,WPRO,73688,687063,1811,17090
48970,2021-09-26,VN,Viet Nam,WPRO,69626,756689,1494,18584
48971,2021-10-03,VN,Viet Nam,WPRO,51889,808578,1131,19715
48972,2021-10-10,VN,Viet Nam,WPRO,31084,839662,840,20555
48973,2021-10-17,VN,Viet Nam,WPRO,24391,864053,639,21194
48974,2021-10-24,VN,Viet Nam,WPRO,24887,888940,479,21673
48975,2021-10-31,VN,Viet Nam,WPRO,32182,921122,410,22083
48976,2021-11-07,VN,Viet Nam,WPRO,47562,968684,448,22531
48977,2021-11-14,VN,Viet Nam,WPRO,57838,1026522,551,23082
48978,2021-11-21,VN,Viet Nam,WPRO,67992,1094514,679,23761
48979,2021-11-28,VN,Viet Nam,WPRO,115826,1210340,1121,24882
48980,2021-12-05,VN,Viet Nam,WPRO,98752,1309092,1378,26260
48981,2021-12-12,VN,Viet Nam,WPRO,103959,1413051,1579,27839
48982,2021-12-19,VN,Viet Nam,WPRO,127427,1540478,1727,29566
48983,2021-12-26,VN,Viet Nam,WPRO,111195,1651673,1648,31214
48984,2022-01-02,VN,Viet Nam,WPRO,111367,1763040,1617,32831
48985,2022-01-09,VN,Viet Nam,WPRO,136535,1899575,1488,34319
48986,2022-01-16,VN,Viet Nam,WPRO,123971,2023546,1290,35609
48987,2022-01-23,VN,Viet Nam,WPRO,117876,2141422,1110,36719
48988,2022-01-30,VN,Viet Nam,WPRO,121631,2263053,949,37668
48989,2022-02-06,VN,Viet Nam,WPRO,78918,2341971,656,38324
48990,2022-02-13,VN,Viet Nam,WPRO,168889,2510860,622,38946
48991,2022-02-20,VN,Viet Nam,WPRO,276633,2787493,555,39501
48992,2022-02-27,VN,Viet Nam,WPRO,533512,3321005,643,40144
48993,2022-03-06,VN,Viet Nam,WPRO,1113695,4434700,669,40813
48994,2022-03-13,VN,Viet Nam,WPRO,1677948,6112648,572,41385
48995,2022-03-20,VN,Viet Nam,WPRO,1845400,7958048,495,41880
48996,2022-03-27,VN,Viet Nam,WPRO,1053425,9011473,426,42306
48997,2022-04-03,VN,Viet Nam,WPRO,806855,9818328,294,42600
48998,2022-04-10,VN,Viet Nam,WPRO,379908,10198236,213,42813
48999,2022-04-17,VN,Viet Nam,WPRO,234311,10432547,131,42944
49000,2022-04-24,VN,Viet Nam,WPRO,130955,10563502,69,43013
49001,2022-05-01,VN,Viet Nam,WPRO,90024,10653526,29,43042
49002,2022-05-08,VN,Viet Nam,WPRO,22658,10676184,14,43056
49003,2022-05-15,VN,Viet Nam,WPRO,20446,10696630,9,43065
49004,2022-05-22,VN,Viet Nam,WPRO,12257,10708887,10,43075
49005,2022-05-29,VN,Viet Nam,WPRO,8364,10717251,3,43078
49006,2022-06-05,VN,Viet Nam,WPRO,7988,10725239,3,43081
49007,2022-06-12,VN,Viet Nam,WPRO,6573,10731812,2,43083
49008,2022-06-19,VN,Viet Nam,WPRO,5828,10737640,0,43083
49009,2022-06-26,VN,Viet Nam,WPRO,5808,10743448,1,43084
49010,2022-07-03,VN,Viet Nam,WPRO,4679,10748127,4,43088
49011,2022-07-10,VN,Viet Nam,WPRO,6221,10754348,1,43089
49012,2022-07-17,VN,Viet Nam,WPRO,5502,10759850,2,43091
49013,2022-07-24,VN,Viet Nam,WPRO,7350,10767200,1,43092
49014,2022-07-31,VN,Viet Nam,WPRO,7479,10774679,1,43093
49015,2022-08-07,VN,Viet Nam,WPRO,571458,11346137,1,43094
49016,2022-08-14,VN,Viet Nam,WPRO,18218,11364355,4,43098
49017,2022-08-21,VN,Viet Nam,WPRO,17903,11382258,8,43106
49018,2022-08-28,VN,Viet Nam,WPRO,19339,11401597,7,43113
49019,2022-09-04,VN,Viet Nam,WPRO,15906,11417503,9,43122
49020,2022-09-11,VN,Viet Nam,WPRO,20467,11437970,8,43130
49021,2022-09-18,VN,Viet Nam,WPRO,18588,11456558,11,43141
49022,2022-09-25,VN,Viet Nam,WPRO,14782,11471340,5,43146
49023,2022-10-02,VN,Viet Nam,WPRO,8688,11480028,5,43151
49024,2022-10-09,VN,Viet Nam,WPRO,5333,11485361,2,43153
49025,2022-10-16,VN,Viet Nam,WPRO,6912,11492273,2,43155
49026,2022-10-23,VN,Viet Nam,WPRO,4556,11496829,4,43159
49027,2022-10-30,VN,Viet Nam,WPRO,5340,11502169,4,43163
49028,2022-11-06,VN,Viet Nam,WPRO,3439,11505608,3,43166
49029,2022-11-13,VN,Viet Nam,WPRO,2839,11508447,0,43166
49030,2022-11-20,VN,Viet Nam,WPRO,2731,11511178,3,43169
49031,2022-11-27,VN,Viet Nam,WPRO,2996,11514174,1,43170
49032,2022-12-04,VN,Viet Nam,WPRO,3343,11517517,7,43177
49033,2022-12-11,VN,Viet Nam,WPRO,2928,11520445,2,43179
49034,2022-12-18,VN,Viet Nam,WPRO,2305,11522750,1,43180
49035,2022-12-25,VN,Viet Nam,WPRO,1452,11524202,4,43184
49036,2023-01-01,VN,Viet Nam,WPRO,1029,11525231,2,43186
49037,2023-01-08,VN,Viet Nam,WPRO,480,11525711,0,43186
49038,2023-01-15,VN,Viet Nam,WPRO,407,11526118,0,43186
49039,2023-01-22,VN,Viet Nam,WPRO,200,11526318,0,43186
49040,2023-01-29,VN,Viet Nam,WPRO,77,11526395,0,43186
49041,2023-02-05,VN,Viet Nam,WPRO,171,11526566,0,43186
49042,2023-02-12,VN,Viet Nam,WPRO,85,11526651,0,43186
49043,2023-02-19,VN,Viet Nam,WPRO,155,11526806,0,43186
49044,2023-02-26,VN,Viet Nam,WPRO,85,11526891,0,43186
49045,2023-03-05,VN,Viet Nam,WPRO,59,11526950,0,43186
49046,2023-03-12,VN,Viet Nam,WPRO,83,11527033,0,43186
49047,2023-03-19,VN,Viet Nam,WPRO,83,11527116,0,43186
49048,2023-03-26,VN,Viet Nam,WPRO,87,11527203,0,43186
49049,2023-04-02,VN,Viet Nam,WPRO,113,11527316,0,43186
49050,2023-04-09,VN,Viet Nam,WPRO,385,11527701,0,43186
49051,2023-04-16,VN,Viet Nam,WPRO,2655,11530356,0,43186
49052,2023-04-23,VN,Viet Nam,WPRO,12704,11543060,1,43187
49053,2023-04-30,VN,Viet Nam,WPRO,16802,11559862,4,43191
49054,2023-05-07,VN,Viet Nam,WPRO,14069,11573931,5,43196
49055,2023-05-14,VN,Viet Nam,WPRO,15636,11589567,5,43201
49056,2023-05-21,VN,Viet Nam,WPRO,12192,11601759,2,43203
49057,2023-05-28,VN,Viet Nam,WPRO,7778,11609537,3,43206
49058,2023-06-04,VN,Viet Nam,WPRO,5046,11614583,0,43206
49059,2023-06-11,VN,Viet Nam,WPRO,2914,11617497,0,43206
49060,2023-06-18,VN,Viet Nam,WPRO,1770,11619267,0,43206
49061,2023-06-25,VN,Viet Nam,WPRO,780,11620047,0,43206
49062,2023-07-02,VN,Viet Nam,WPRO,549,11620596,0,43206
49063,2023-07-09,VN,Viet Nam,WPRO,437,11621033,0,43206
49064,2023-07-16,VN,Viet Nam,WPRO,287,11621320,0,43206
49065,2023-07-23,VN,Viet Nam,WPRO,279,11621599,0,43206
49066,2023-07-30,VN,Viet Nam,WPRO,199,11621798,0,43206
49067,2023-08-06,VN,Viet Nam,WPRO,180,11621978,0,43206
49068,2023-08-13,VN,Viet Nam,WPRO,226,11622204,0,43206
49069,2023-08-20,VN,Viet Nam,WPRO,200,11622404,0,43206
49070,2023-08-27,VN,Viet Nam,WPRO,279,11622683,0,43206
49071,2023-09-03,VN,Viet Nam,WPRO,229,11622912,0,43206
49072,2023-09-10,VN,Viet Nam,WPRO,270,11623182,0,43206
49073,2023-09-17,VN,Viet Nam,WPRO,190,11623372,0,43206
49074,2023-09-24,VN,Viet Nam,WPRO,199,11623571,0,43206
49075,2023-10-01,VN,Viet Nam,WPRO,127,11623698,0,43206
49076,2023-10-08,VN,Viet Nam,WPRO,147,11623845,0,43206
49077,2023-10-15,VN,Viet Nam,WPRO,142,11623987,0,43206
49078,2023-10-22,VN,Viet Nam,WPRO,13,11624000,0,43206
49079,2023-10-29,VN,Viet Nam,WPRO,0,11624000,0,43206
49080,2023-11-05,VN,Viet Nam,WPRO,0,11624000,0,43206
49081,2023-11-12,VN,Viet Nam,WPRO,0,11624000,0,43206
49082,2023-11-19,VN,Viet Nam,WPRO,0,11624000,0,43206
49083,2023-11-26,VN,Viet Nam,WPRO,0,11624000,0,43206
49084,2023-12-03,VN,Viet Nam,WPRO,0,11624000,0,43206
49085,2023-12-10,VN,Viet Nam,WPRO,0,11624000,0,43206
49086,2023-12-17,VN,Viet Nam,WPRO,0,11624000,0,43206
49087,2023-12-24,VN,Viet Nam,WPRO,0,11624000,0,43206
49088,2020-01-05,WF,Wallis and Futuna,WPRO,0,0,0,0
49089,2020-01-12,WF,Wallis and Futuna,WPRO,0,0,0,0
49090,2020-01-19,WF,Wallis and Futuna,WPRO,0,0,0,0
49091,2020-01-26,WF,Wallis and Futuna,WPRO,0,0,0,0
49092,2020-02-02,WF,Wallis and Futuna,WPRO,0,0,0,0
49093,2020-02-09,WF,Wallis and Futuna,WPRO,0,0,0,0
49094,2020-02-16,WF,Wallis and Futuna,WPRO,0,0,0,0
49095,2020-02-23,WF,Wallis and Futuna,WPRO,0,0,0,0
49096,2020-03-01,WF,Wallis and Futuna,WPRO,0,0,0,0
49097,2020-03-08,WF,Wallis and Futuna,WPRO,0,0,0,0
49098,2020-03-15,WF,Wallis and Futuna,WPRO,0,0,0,0
49099,2020-03-22,WF,Wallis and Futuna,WPRO,0,0,0,0
49100,2020-03-29,WF,Wallis and Futuna,WPRO,0,0,0,0
49101,2020-04-05,WF,Wallis and Futuna,WPRO,0,0,0,0
49102,2020-04-12,WF,Wallis and Futuna,WPRO,0,0,0,0
49103,2020-04-19,WF,Wallis and Futuna,WPRO,0,0,0,0
49104,2020-04-26,WF,Wallis and Futuna,WPRO,0,0,0,0
49105,2020-05-03,WF,Wallis and Futuna,WPRO,0,0,0,0
49106,2020-05-10,WF,Wallis and Futuna,WPRO,0,0,0,0
49107,2020-05-17,WF,Wallis and Futuna,WPRO,0,0,0,0
49108,2020-05-24,WF,Wallis and Futuna,WPRO,0,0,0,0
49109,2020-05-31,WF,Wallis and Futuna,WPRO,0,0,0,0
49110,2020-06-07,WF,Wallis and Futuna,WPRO,0,0,0,0
49111,2020-06-14,WF,Wallis and Futuna,WPRO,0,0,0,0
49112,2020-06-21,WF,Wallis and Futuna,WPRO,0,0,0,0
49113,2020-06-28,WF,Wallis and Futuna,WPRO,0,0,0,0
49114,2020-07-05,WF,Wallis and Futuna,WPRO,0,0,0,0
49115,2020-07-12,WF,Wallis and Futuna,WPRO,0,0,0,0
49116,2020-07-19,WF,Wallis and Futuna,WPRO,0,0,0,0
49117,2020-07-26,WF,Wallis and Futuna,WPRO,0,0,0,0
49118,2020-08-02,WF,Wallis and Futuna,WPRO,0,0,0,0
49119,2020-08-09,WF,Wallis and Futuna,WPRO,0,0,0,0
49120,2020-08-16,WF,Wallis and Futuna,WPRO,0,0,0,0
49121,2020-08-23,WF,Wallis and Futuna,WPRO,0,0,0,0
49122,2020-08-30,WF,Wallis and Futuna,WPRO,0,0,0,0
49123,2020-09-06,WF,Wallis and Futuna,WPRO,0,0,0,0
49124,2020-09-13,WF,Wallis and Futuna,WPRO,0,0,0,0
49125,2020-09-20,WF,Wallis and Futuna,WPRO,0,0,0,0
49126,2020-09-27,WF,Wallis and Futuna,WPRO,0,0,0,0
49127,2020-10-04,WF,Wallis and Futuna,WPRO,0,0,0,0
49128,2020-10-11,WF,Wallis and Futuna,WPRO,0,0,0,0
49129,2020-10-18,WF,Wallis and Futuna,WPRO,0,0,0,0
49130,2020-10-25,WF,Wallis and Futuna,WPRO,1,1,0,0
49131,2020-11-01,WF,Wallis and Futuna,WPRO,0,1,0,0
49132,2020-11-08,WF,Wallis and Futuna,WPRO,0,1,0,0
49133,2020-11-15,WF,Wallis and Futuna,WPRO,0,1,0,0
49134,2020-11-22,WF,Wallis and Futuna,WPRO,1,2,0,0
49135,2020-11-29,WF,Wallis and Futuna,WPRO,1,3,0,0
49136,2020-12-06,WF,Wallis and Futuna,WPRO,0,3,0,0
49137,2020-12-13,WF,Wallis and Futuna,WPRO,0,3,0,0
49138,2020-12-20,WF,Wallis and Futuna,WPRO,1,4,0,0
49139,2020-12-27,WF,Wallis and Futuna,WPRO,0,4,0,0
49140,2021-01-03,WF,Wallis and Futuna,WPRO,0,4,0,0
49141,2021-01-10,WF,Wallis and Futuna,WPRO,0,4,0,0
49142,2021-01-17,WF,Wallis and Futuna,WPRO,0,4,0,0
49143,2021-01-24,WF,Wallis and Futuna,WPRO,0,4,0,0
49144,2021-01-31,WF,Wallis and Futuna,WPRO,1,5,0,0
49145,2021-02-07,WF,Wallis and Futuna,WPRO,0,5,0,0
49146,2021-02-14,WF,Wallis and Futuna,WPRO,4,9,0,0
49147,2021-02-21,WF,Wallis and Futuna,WPRO,0,9,0,0
49148,2021-02-28,WF,Wallis and Futuna,WPRO,0,9,0,0
49149,2021-03-07,WF,Wallis and Futuna,WPRO,1,10,0,0
49150,2021-03-14,WF,Wallis and Futuna,WPRO,166,176,0,0
49151,2021-03-21,WF,Wallis and Futuna,WPRO,135,311,0,0
49152,2021-03-28,WF,Wallis and Futuna,WPRO,65,376,0,0
49153,2021-04-04,WF,Wallis and Futuna,WPRO,49,425,0,0
49154,2021-04-11,WF,Wallis and Futuna,WPRO,16,441,0,0
49155,2021-04-18,WF,Wallis and Futuna,WPRO,6,447,0,0
49156,2021-04-25,WF,Wallis and Futuna,WPRO,2,449,0,0
49157,2021-05-02,WF,Wallis and Futuna,WPRO,4,453,0,0
49158,2021-05-09,WF,Wallis and Futuna,WPRO,0,453,0,0
49159,2021-05-16,WF,Wallis and Futuna,WPRO,0,453,0,0
49160,2021-05-23,WF,Wallis and Futuna,WPRO,0,453,0,0
49161,2021-05-30,WF,Wallis and Futuna,WPRO,0,453,7,7
49162,2021-06-06,WF,Wallis and Futuna,WPRO,0,453,0,7
49163,2021-06-13,WF,Wallis and Futuna,WPRO,0,453,0,7
49164,2021-06-20,WF,Wallis and Futuna,WPRO,0,453,0,7
49165,2021-06-27,WF,Wallis and Futuna,WPRO,0,453,0,7
49166,2021-07-04,WF,Wallis and Futuna,WPRO,0,453,0,7
49167,2021-07-11,WF,Wallis and Futuna,WPRO,0,453,0,7
49168,2021-07-18,WF,Wallis and Futuna,WPRO,0,453,0,7
49169,2021-07-25,WF,Wallis and Futuna,WPRO,0,453,0,7
49170,2021-08-01,WF,Wallis and Futuna,WPRO,0,453,0,7
49171,2021-08-08,WF,Wallis and Futuna,WPRO,0,453,0,7
49172,2021-08-15,WF,Wallis and Futuna,WPRO,0,453,0,7
49173,2021-08-22,WF,Wallis and Futuna,WPRO,0,453,0,7
49174,2021-08-29,WF,Wallis and Futuna,WPRO,0,453,0,7
49175,2021-09-05,WF,Wallis and Futuna,WPRO,0,453,0,7
49176,2021-09-12,WF,Wallis and Futuna,WPRO,0,453,0,7
49177,2021-09-19,WF,Wallis and Futuna,WPRO,0,453,0,7
49178,2021-09-26,WF,Wallis and Futuna,WPRO,0,453,0,7
49179,2021-10-03,WF,Wallis and Futuna,WPRO,0,453,0,7
49180,2021-10-10,WF,Wallis and Futuna,WPRO,0,453,0,7
49181,2021-10-17,WF,Wallis and Futuna,WPRO,0,453,0,7
49182,2021-10-24,WF,Wallis and Futuna,WPRO,0,453,0,7
49183,2021-10-31,WF,Wallis and Futuna,WPRO,0,453,0,7
49184,2021-11-07,WF,Wallis and Futuna,WPRO,0,453,0,7
49185,2021-11-14,WF,Wallis and Futuna,WPRO,0,453,0,7
49186,2021-11-21,WF,Wallis and Futuna,WPRO,0,453,0,7
49187,2021-11-28,WF,Wallis and Futuna,WPRO,0,453,0,7
49188,2021-12-05,WF,Wallis and Futuna,WPRO,0,453,0,7
49189,2021-12-12,WF,Wallis and Futuna,WPRO,0,453,0,7
49190,2021-12-19,WF,Wallis and Futuna,WPRO,0,453,0,7
49191,2021-12-26,WF,Wallis and Futuna,WPRO,0,453,0,7
49192,2022-01-02,WF,Wallis and Futuna,WPRO,0,453,0,7
49193,2022-01-09,WF,Wallis and Futuna,WPRO,0,453,0,7
49194,2022-01-16,WF,Wallis and Futuna,WPRO,0,453,0,7
49195,2022-01-23,WF,Wallis and Futuna,WPRO,0,453,0,7
49196,2022-01-30,WF,Wallis and Futuna,WPRO,0,453,0,7
49197,2022-02-06,WF,Wallis and Futuna,WPRO,0,453,0,7
49198,2022-02-13,WF,Wallis and Futuna,WPRO,0,453,0,7
49199,2022-02-20,WF,Wallis and Futuna,WPRO,0,453,0,7
49200,2022-02-27,WF,Wallis and Futuna,WPRO,0,453,0,7
49201,2022-03-06,WF,Wallis and Futuna,WPRO,0,453,0,7
49202,2022-03-13,WF,Wallis and Futuna,WPRO,0,453,0,7
49203,2022-03-20,WF,Wallis and Futuna,WPRO,0,453,0,7
49204,2022-03-27,WF,Wallis and Futuna,WPRO,0,453,0,7
49205,2022-04-03,WF,Wallis and Futuna,WPRO,0,453,0,7
49206,2022-04-10,WF,Wallis and Futuna,WPRO,0,453,0,7
49207,2022-04-17,WF,Wallis and Futuna,WPRO,1,454,0,7
49208,2022-04-24,WF,Wallis and Futuna,WPRO,0,454,0,7
49209,2022-05-01,WF,Wallis and Futuna,WPRO,0,454,0,7
49210,2022-05-08,WF,Wallis and Futuna,WPRO,0,454,0,7
49211,2022-05-15,WF,Wallis and Futuna,WPRO,0,454,0,7
49212,2022-05-22,WF,Wallis and Futuna,WPRO,0,454,0,7
49213,2022-05-29,WF,Wallis and Futuna,WPRO,0,454,0,7
49214,2022-06-05,WF,Wallis and Futuna,WPRO,0,454,0,7
49215,2022-06-12,WF,Wallis and Futuna,WPRO,0,454,0,7
49216,2022-06-19,WF,Wallis and Futuna,WPRO,0,454,0,7
49217,2022-06-26,WF,Wallis and Futuna,WPRO,0,454,0,7
49218,2022-07-03,WF,Wallis and Futuna,WPRO,0,454,0,7
49219,2022-07-10,WF,Wallis and Futuna,WPRO,2,456,0,7
49220,2022-07-17,WF,Wallis and Futuna,WPRO,0,456,0,7
49221,2022-07-24,WF,Wallis and Futuna,WPRO,131,587,0,7
49222,2022-07-31,WF,Wallis and Futuna,WPRO,174,761,0,7
49223,2022-08-07,WF,Wallis and Futuna,WPRO,0,761,0,7
49224,2022-08-14,WF,Wallis and Futuna,WPRO,0,761,0,7
49225,2022-08-21,WF,Wallis and Futuna,WPRO,0,761,0,7
49226,2022-08-28,WF,Wallis and Futuna,WPRO,0,761,0,7
49227,2022-09-04,WF,Wallis and Futuna,WPRO,0,761,0,7
49228,2022-09-11,WF,Wallis and Futuna,WPRO,0,761,0,7
49229,2022-09-18,WF,Wallis and Futuna,WPRO,0,761,0,7
49230,2022-09-25,WF,Wallis and Futuna,WPRO,0,761,0,7
49231,2022-10-02,WF,Wallis and Futuna,WPRO,0,761,0,7
49232,2022-10-09,WF,Wallis and Futuna,WPRO,0,761,0,7
49233,2022-10-16,WF,Wallis and Futuna,WPRO,2654,3415,0,7
49234,2022-10-23,WF,Wallis and Futuna,WPRO,0,3415,0,7
49235,2022-10-30,WF,Wallis and Futuna,WPRO,0,3415,0,7
49236,2022-11-06,WF,Wallis and Futuna,WPRO,0,3415,0,7
49237,2022-11-13,WF,Wallis and Futuna,WPRO,0,3415,0,7
49238,2022-11-20,WF,Wallis and Futuna,WPRO,0,3415,0,7
49239,2022-11-27,WF,Wallis and Futuna,WPRO,0,3415,0,7
49240,2022-12-04,WF,Wallis and Futuna,WPRO,0,3415,0,7
49241,2022-12-11,WF,Wallis and Futuna,WPRO,0,3415,0,7
49242,2022-12-18,WF,Wallis and Futuna,WPRO,0,3415,0,7
49243,2022-12-25,WF,Wallis and Futuna,WPRO,0,3415,0,7
49244,2023-01-01,WF,Wallis and Futuna,WPRO,12,3427,0,7
49245,2023-01-08,WF,Wallis and Futuna,WPRO,0,3427,0,7
49246,2023-01-15,WF,Wallis and Futuna,WPRO,0,3427,0,7
49247,2023-01-22,WF,Wallis and Futuna,WPRO,0,3427,0,7
49248,2023-01-29,WF,Wallis and Futuna,WPRO,0,3427,0,7
49249,2023-02-05,WF,Wallis and Futuna,WPRO,0,3427,0,7
49250,2023-02-12,WF,Wallis and Futuna,WPRO,0,3427,0,7
49251,2023-02-19,WF,Wallis and Futuna,WPRO,0,3427,0,7
49252,2023-02-26,WF,Wallis and Futuna,WPRO,0,3427,0,7
49253,2023-03-05,WF,Wallis and Futuna,WPRO,0,3427,0,7
49254,2023-03-12,WF,Wallis and Futuna,WPRO,0,3427,0,7
49255,2023-03-19,WF,Wallis and Futuna,WPRO,0,3427,0,7
49256,2023-03-26,WF,Wallis and Futuna,WPRO,0,3427,0,7
49257,2023-04-02,WF,Wallis and Futuna,WPRO,0,3427,0,7
49258,2023-04-09,WF,Wallis and Futuna,WPRO,0,3427,0,7
49259,2023-04-16,WF,Wallis and Futuna,WPRO,0,3427,0,7
49260,2023-04-23,WF,Wallis and Futuna,WPRO,0,3427,0,7
49261,2023-04-30,WF,Wallis and Futuna,WPRO,0,3427,0,7
49262,2023-05-07,WF,Wallis and Futuna,WPRO,0,3427,0,7
49263,2023-05-14,WF,Wallis and Futuna,WPRO,0,3427,0,7
49264,2023-05-21,WF,Wallis and Futuna,WPRO,81,3508,0,7
49265,2023-05-28,WF,Wallis and Futuna,WPRO,0,3508,0,7
49266,2023-06-04,WF,Wallis and Futuna,WPRO,42,3550,1,8
49267,2023-06-11,WF,Wallis and Futuna,WPRO,0,3550,0,8
49268,2023-06-18,WF,Wallis and Futuna,WPRO,0,3550,0,8
49269,2023-06-25,WF,Wallis and Futuna,WPRO,0,3550,0,8
49270,2023-07-02,WF,Wallis and Futuna,WPRO,0,3550,0,8
49271,2023-07-09,WF,Wallis and Futuna,WPRO,0,3550,0,8
49272,2023-07-16,WF,Wallis and Futuna,WPRO,0,3550,0,8
49273,2023-07-23,WF,Wallis and Futuna,WPRO,0,3550,0,8
49274,2023-07-30,WF,Wallis and Futuna,WPRO,0,3550,0,8
49275,2023-08-06,WF,Wallis and Futuna,WPRO,0,3550,0,8
49276,2023-08-13,WF,Wallis and Futuna,WPRO,0,3550,0,8
49277,2023-08-20,WF,Wallis and Futuna,WPRO,0,3550,0,8
49278,2023-08-27,WF,Wallis and Futuna,WPRO,0,3550,0,8
49279,2023-09-03,WF,Wallis and Futuna,WPRO,0,3550,0,8
49280,2023-09-10,WF,Wallis and Futuna,WPRO,0,3550,0,8
49281,2023-09-17,WF,Wallis and Futuna,WPRO,0,3550,0,8
49282,2023-09-24,WF,Wallis and Futuna,WPRO,0,3550,0,8
49283,2023-10-01,WF,Wallis and Futuna,WPRO,0,3550,0,8
49284,2023-10-08,WF,Wallis and Futuna,WPRO,0,3550,0,8
49285,2023-10-15,WF,Wallis and Futuna,WPRO,0,3550,0,8
49286,2023-10-22,WF,Wallis and Futuna,WPRO,0,3550,0,8
49287,2023-10-29,WF,Wallis and Futuna,WPRO,0,3550,0,8
49288,2023-11-05,WF,Wallis and Futuna,WPRO,0,3550,0,8
49289,2023-11-12,WF,Wallis and Futuna,WPRO,0,3550,0,8
49290,2023-11-19,WF,Wallis and Futuna,WPRO,0,3550,0,8
49291,2023-11-26,WF,Wallis and Futuna,WPRO,0,3550,0,8
49292,2023-12-03,WF,Wallis and Futuna,WPRO,0,3550,0,8
49293,2023-12-10,WF,Wallis and Futuna,WPRO,0,3550,0,8
49294,2023-12-17,WF,Wallis and Futuna,WPRO,0,3550,0,8
49295,2023-12-24,WF,Wallis and Futuna,WPRO,0,3550,0,8
49296,2020-01-05,YE,Yemen,EMRO,0,0,0,0
49297,2020-01-12,YE,Yemen,EMRO,0,0,0,0
49298,2020-01-19,YE,Yemen,EMRO,0,0,0,0
49299,2020-01-26,YE,Yemen,EMRO,0,0,0,0
49300,2020-02-02,YE,Yemen,EMRO,0,0,0,0
49301,2020-02-09,YE,Yemen,EMRO,0,0,0,0
49302,2020-02-16,YE,Yemen,EMRO,0,0,0,0
49303,2020-02-23,YE,Yemen,EMRO,0,0,0,0
49304,2020-03-01,YE,Yemen,EMRO,0,0,0,0
49305,2020-03-08,YE,Yemen,EMRO,0,0,0,0
49306,2020-03-15,YE,Yemen,EMRO,0,0,0,0
49307,2020-03-22,YE,Yemen,EMRO,0,0,0,0
49308,2020-03-29,YE,Yemen,EMRO,0,0,0,0
49309,2020-04-05,YE,Yemen,EMRO,0,0,0,0
49310,2020-04-12,YE,Yemen,EMRO,1,1,0,0
49311,2020-04-19,YE,Yemen,EMRO,0,1,0,0
49312,2020-04-26,YE,Yemen,EMRO,0,1,0,0
49313,2020-05-03,YE,Yemen,EMRO,9,10,2,2
49314,2020-05-10,YE,Yemen,EMRO,24,34,6,8
49315,2020-05-17,YE,Yemen,EMRO,88,122,10,18
49316,2020-05-24,YE,Yemen,EMRO,90,212,21,39
49317,2020-05-31,YE,Yemen,EMRO,98,310,38,77
49318,2020-06-07,YE,Yemen,EMRO,172,482,34,111
49319,2020-06-14,YE,Yemen,EMRO,223,705,49,160
49320,2020-06-21,YE,Yemen,EMRO,217,922,94,254
49321,2020-06-28,YE,Yemen,EMRO,181,1103,42,296
49322,2020-07-05,YE,Yemen,EMRO,145,1248,41,337
49323,2020-07-12,YE,Yemen,EMRO,141,1389,28,365
49324,2020-07-19,YE,Yemen,EMRO,196,1585,79,444
49325,2020-07-26,YE,Yemen,EMRO,93,1678,31,475
49326,2020-08-02,YE,Yemen,EMRO,56,1734,20,495
49327,2020-08-09,YE,Yemen,EMRO,67,1801,18,513
49328,2020-08-16,YE,Yemen,EMRO,61,1862,16,529
49329,2020-08-23,YE,Yemen,EMRO,49,1911,18,547
49330,2020-08-30,YE,Yemen,EMRO,39,1950,17,564
49331,2020-09-06,YE,Yemen,EMRO,37,1987,9,573
49332,2020-09-13,YE,Yemen,EMRO,26,2013,10,583
49333,2020-09-20,YE,Yemen,EMRO,17,2030,3,586
49334,2020-09-27,YE,Yemen,EMRO,4,2034,2,588
49335,2020-10-04,YE,Yemen,EMRO,11,2045,2,590
49336,2020-10-11,YE,Yemen,EMRO,10,2055,6,596
49337,2020-10-18,YE,Yemen,EMRO,4,2059,1,597
49338,2020-10-25,YE,Yemen,EMRO,5,2064,3,600
49339,2020-11-01,YE,Yemen,EMRO,3,2067,0,600
49340,2020-11-08,YE,Yemen,EMRO,3,2070,2,602
49341,2020-11-15,YE,Yemen,EMRO,2,2072,1,603
49342,2020-11-22,YE,Yemen,EMRO,1,2073,2,605
49343,2020-11-29,YE,Yemen,EMRO,5,2078,0,605
49344,2020-12-06,YE,Yemen,EMRO,4,2082,2,607
49345,2020-12-13,YE,Yemen,EMRO,5,2087,0,607
49346,2020-12-20,YE,Yemen,EMRO,4,2091,0,607
49347,2020-12-27,YE,Yemen,EMRO,5,2096,0,607
49348,2021-01-03,YE,Yemen,EMRO,9,2105,4,611
49349,2021-01-10,YE,Yemen,EMRO,3,2108,0,611
49350,2021-01-17,YE,Yemen,EMRO,8,2116,2,613
49351,2021-01-24,YE,Yemen,EMRO,6,2122,3,616
49352,2021-01-31,YE,Yemen,EMRO,2,2124,0,616
49353,2021-02-07,YE,Yemen,EMRO,7,2131,0,616
49354,2021-02-14,YE,Yemen,EMRO,9,2140,1,617
49355,2021-02-21,YE,Yemen,EMRO,21,2161,2,619
49356,2021-02-28,YE,Yemen,EMRO,112,2273,13,632
49357,2021-03-07,YE,Yemen,EMRO,175,2448,19,651
49358,2021-03-14,YE,Yemen,EMRO,327,2775,33,684
49359,2021-03-21,YE,Yemen,EMRO,507,3282,54,738
49360,2021-03-28,YE,Yemen,EMRO,691,3973,95,833
49361,2021-04-04,YE,Yemen,EMRO,728,4701,100,933
49362,2021-04-11,YE,Yemen,EMRO,579,5280,99,1032
49363,2021-04-18,YE,Yemen,EMRO,494,5774,88,1120
49364,2021-04-25,YE,Yemen,EMRO,335,6109,56,1176
49365,2021-05-02,YE,Yemen,EMRO,220,6329,54,1230
49366,2021-05-09,YE,Yemen,EMRO,137,6466,41,1271
49367,2021-05-16,YE,Yemen,EMRO,76,6542,15,1286
49368,2021-05-23,YE,Yemen,EMRO,111,6653,19,1305
49369,2021-05-30,YE,Yemen,EMRO,78,6731,14,1319
49370,2021-06-06,YE,Yemen,EMRO,49,6780,6,1325
49371,2021-06-13,YE,Yemen,EMRO,77,6857,22,1347
49372,2021-06-20,YE,Yemen,EMRO,20,6877,6,1353
49373,2021-06-27,YE,Yemen,EMRO,29,6906,5,1358
49374,2021-07-04,YE,Yemen,EMRO,20,6926,3,1361
49375,2021-07-11,YE,Yemen,EMRO,15,6941,5,1366
49376,2021-07-18,YE,Yemen,EMRO,36,6977,2,1368
49377,2021-07-25,YE,Yemen,EMRO,31,7008,5,1373
49378,2021-08-01,YE,Yemen,EMRO,53,7061,2,1375
49379,2021-08-08,YE,Yemen,EMRO,96,7157,9,1384
49380,2021-08-15,YE,Yemen,EMRO,116,7273,17,1401
49381,2021-08-22,YE,Yemen,EMRO,214,7487,15,1416
49382,2021-08-29,YE,Yemen,EMRO,264,7751,34,1450
49383,2021-09-05,YE,Yemen,EMRO,305,8056,69,1519
49384,2021-09-12,YE,Yemen,EMRO,302,8358,50,1569
49385,2021-09-19,YE,Yemen,EMRO,272,8630,69,1638
49386,2021-09-26,YE,Yemen,EMRO,261,8891,44,1682
49387,2021-10-03,YE,Yemen,EMRO,248,9139,52,1734
49388,2021-10-10,YE,Yemen,EMRO,206,9345,41,1775
49389,2021-10-17,YE,Yemen,EMRO,167,9512,27,1802
49390,2021-10-24,YE,Yemen,EMRO,150,9662,36,1838
49391,2021-10-31,YE,Yemen,EMRO,117,9779,42,1880
49392,2021-11-07,YE,Yemen,EMRO,79,9858,27,1907
49393,2021-11-14,YE,Yemen,EMRO,60,9918,16,1923
49394,2021-11-21,YE,Yemen,EMRO,37,9955,15,1938
49395,2021-11-28,YE,Yemen,EMRO,26,9981,7,1945
49396,2021-12-05,YE,Yemen,EMRO,40,10021,8,1953
49397,2021-12-12,YE,Yemen,EMRO,42,10063,15,1968
49398,2021-12-19,YE,Yemen,EMRO,34,10097,8,1976
49399,2021-12-26,YE,Yemen,EMRO,14,10111,7,1983
49400,2022-01-02,YE,Yemen,EMRO,16,10127,1,1984
49401,2022-01-09,YE,Yemen,EMRO,51,10178,2,1986
49402,2022-01-16,YE,Yemen,EMRO,140,10318,2,1988
49403,2022-01-23,YE,Yemen,EMRO,267,10585,7,1995
49404,2022-01-30,YE,Yemen,EMRO,413,10998,12,2007
49405,2022-02-06,YE,Yemen,EMRO,251,11249,19,2026
49406,2022-02-13,YE,Yemen,EMRO,415,11664,76,2102
49407,2022-02-20,YE,Yemen,EMRO,67,11731,18,2120
49408,2022-02-27,YE,Yemen,EMRO,29,11760,13,2133
49409,2022-03-06,YE,Yemen,EMRO,15,11775,2,2135
49410,2022-03-13,YE,Yemen,EMRO,9,11784,4,2139
49411,2022-03-20,YE,Yemen,EMRO,15,11799,1,2140
49412,2022-03-27,YE,Yemen,EMRO,4,11803,2,2142
49413,2022-04-03,YE,Yemen,EMRO,3,11806,1,2143
49414,2022-04-10,YE,Yemen,EMRO,7,11813,4,2147
49415,2022-04-17,YE,Yemen,EMRO,4,11817,1,2148
49416,2022-04-24,YE,Yemen,EMRO,1,11818,0,2148
49417,2022-05-01,YE,Yemen,EMRO,1,11819,1,2149
49418,2022-05-08,YE,Yemen,EMRO,0,11819,0,2149
49419,2022-05-15,YE,Yemen,EMRO,0,11819,0,2149
49420,2022-05-22,YE,Yemen,EMRO,0,11819,0,2149
49421,2022-05-29,YE,Yemen,EMRO,3,11822,0,2149
49422,2022-06-05,YE,Yemen,EMRO,0,11822,0,2149
49423,2022-06-12,YE,Yemen,EMRO,0,11822,0,2149
49424,2022-06-19,YE,Yemen,EMRO,1,11823,0,2149
49425,2022-06-26,YE,Yemen,EMRO,1,11824,0,2149
49426,2022-07-03,YE,Yemen,EMRO,0,11824,0,2149
49427,2022-07-10,YE,Yemen,EMRO,8,11832,0,2149
49428,2022-07-17,YE,Yemen,EMRO,16,11848,0,2149
49429,2022-07-24,YE,Yemen,EMRO,1,11849,0,2149
49430,2022-07-31,YE,Yemen,EMRO,28,11877,2,2151
49431,2022-08-07,YE,Yemen,EMRO,18,11895,1,2152
49432,2022-08-14,YE,Yemen,EMRO,8,11903,0,2152
49433,2022-08-21,YE,Yemen,EMRO,12,11915,1,2153
49434,2022-08-28,YE,Yemen,EMRO,10,11925,2,2155
49435,2022-09-04,YE,Yemen,EMRO,1,11926,0,2155
49436,2022-09-11,YE,Yemen,EMRO,6,11932,0,2155
49437,2022-09-18,YE,Yemen,EMRO,0,11932,0,2155
49438,2022-09-25,YE,Yemen,EMRO,3,11935,2,2157
49439,2022-10-02,YE,Yemen,EMRO,0,11935,0,2157
49440,2022-10-09,YE,Yemen,EMRO,4,11939,1,2158
49441,2022-10-16,YE,Yemen,EMRO,0,11939,0,2158
49442,2022-10-23,YE,Yemen,EMRO,0,11939,0,2158
49443,2022-10-30,YE,Yemen,EMRO,0,11939,0,2158
49444,2022-11-06,YE,Yemen,EMRO,6,11945,1,2159
49445,2022-11-13,YE,Yemen,EMRO,0,11945,0,2159
49446,2022-11-20,YE,Yemen,EMRO,0,11945,0,2159
49447,2022-11-27,YE,Yemen,EMRO,0,11945,0,2159
49448,2022-12-04,YE,Yemen,EMRO,0,11945,0,2159
49449,2022-12-11,YE,Yemen,EMRO,0,11945,0,2159
49450,2022-12-18,YE,Yemen,EMRO,0,11945,0,2159
49451,2022-12-25,YE,Yemen,EMRO,0,11945,0,2159
49452,2023-01-01,YE,Yemen,EMRO,0,11945,0,2159
49453,2023-01-08,YE,Yemen,EMRO,0,11945,0,2159
49454,2023-01-15,YE,Yemen,EMRO,0,11945,0,2159
49455,2023-01-22,YE,Yemen,EMRO,0,11945,0,2159
49456,2023-01-29,YE,Yemen,EMRO,0,11945,0,2159
49457,2023-02-05,YE,Yemen,EMRO,0,11945,0,2159
49458,2023-02-12,YE,Yemen,EMRO,0,11945,0,2159
49459,2023-02-19,YE,Yemen,EMRO,0,11945,0,2159
49460,2023-02-26,YE,Yemen,EMRO,0,11945,0,2159
49461,2023-03-05,YE,Yemen,EMRO,0,11945,0,2159
49462,2023-03-12,YE,Yemen,EMRO,0,11945,0,2159
49463,2023-03-19,YE,Yemen,EMRO,0,11945,0,2159
49464,2023-03-26,YE,Yemen,EMRO,0,11945,0,2159
49465,2023-04-02,YE,Yemen,EMRO,0,11945,0,2159
49466,2023-04-09,YE,Yemen,EMRO,0,11945,0,2159
49467,2023-04-16,YE,Yemen,EMRO,0,11945,0,2159
49468,2023-04-23,YE,Yemen,EMRO,0,11945,0,2159
49469,2023-04-30,YE,Yemen,EMRO,0,11945,0,2159
49470,2023-05-07,YE,Yemen,EMRO,0,11945,0,2159
49471,2023-05-14,YE,Yemen,EMRO,0,11945,0,2159
49472,2023-05-21,YE,Yemen,EMRO,0,11945,0,2159
49473,2023-05-28,YE,Yemen,EMRO,0,11945,0,2159
49474,2023-06-04,YE,Yemen,EMRO,0,11945,0,2159
49475,2023-06-11,YE,Yemen,EMRO,0,11945,0,2159
49476,2023-06-18,YE,Yemen,EMRO,0,11945,0,2159
49477,2023-06-25,YE,Yemen,EMRO,0,11945,0,2159
49478,2023-07-02,YE,Yemen,EMRO,0,11945,0,2159
49479,2023-07-09,YE,Yemen,EMRO,0,11945,0,2159
49480,2023-07-16,YE,Yemen,EMRO,0,11945,0,2159
49481,2023-07-23,YE,Yemen,EMRO,0,11945,0,2159
49482,2023-07-30,YE,Yemen,EMRO,0,11945,0,2159
49483,2023-08-06,YE,Yemen,EMRO,0,11945,0,2159
49484,2023-08-13,YE,Yemen,EMRO,0,11945,0,2159
49485,2023-08-20,YE,Yemen,EMRO,0,11945,0,2159
49486,2023-08-27,YE,Yemen,EMRO,0,11945,0,2159
49487,2023-09-03,YE,Yemen,EMRO,0,11945,0,2159
49488,2023-09-10,YE,Yemen,EMRO,0,11945,0,2159
49489,2023-09-17,YE,Yemen,EMRO,0,11945,0,2159
49490,2023-09-24,YE,Yemen,EMRO,0,11945,0,2159
49491,2023-10-01,YE,Yemen,EMRO,0,11945,0,2159
49492,2023-10-08,YE,Yemen,EMRO,0,11945,0,2159
49493,2023-10-15,YE,Yemen,EMRO,0,11945,0,2159
49494,2023-10-22,YE,Yemen,EMRO,0,11945,0,2159
49495,2023-10-29,YE,Yemen,EMRO,0,11945,0,2159
49496,2023-11-05,YE,Yemen,EMRO,0,11945,0,2159
49497,2023-11-12,YE,Yemen,EMRO,0,11945,0,2159
49498,2023-11-19,YE,Yemen,EMRO,0,11945,0,2159
49499,2023-11-26,YE,Yemen,EMRO,0,11945,0,2159
49500,2023-12-03,YE,Yemen,EMRO,0,11945,0,2159
49501,2023-12-10,YE,Yemen,EMRO,0,11945,0,2159
49502,2023-12-17,YE,Yemen,EMRO,0,11945,0,2159
49503,2023-12-24,YE,Yemen,EMRO,0,11945,0,2159
49504,2020-01-05,ZM,Zambia,AFRO,0,0,0,0
49505,2020-01-12,ZM,Zambia,AFRO,0,0,0,0
49506,2020-01-19,ZM,Zambia,AFRO,0,0,0,0
49507,2020-01-26,ZM,Zambia,AFRO,0,0,0,0
49508,2020-02-02,ZM,Zambia,AFRO,0,0,0,0
49509,2020-02-09,ZM,Zambia,AFRO,0,0,0,0
49510,2020-02-16,ZM,Zambia,AFRO,0,0,0,0
49511,2020-02-23,ZM,Zambia,AFRO,0,0,0,0
49512,2020-03-01,ZM,Zambia,AFRO,0,0,0,0
49513,2020-03-08,ZM,Zambia,AFRO,0,0,0,0
49514,2020-03-15,ZM,Zambia,AFRO,0,0,0,0
49515,2020-03-22,ZM,Zambia,AFRO,2,2,0,0
49516,2020-03-29,ZM,Zambia,AFRO,26,28,0,0
49517,2020-04-05,ZM,Zambia,AFRO,11,39,3,3
49518,2020-04-12,ZM,Zambia,AFRO,1,40,1,4
49519,2020-04-19,ZM,Zambia,AFRO,17,57,0,4
49520,2020-04-26,ZM,Zambia,AFRO,27,84,1,5
49521,2020-05-03,ZM,Zambia,AFRO,35,119,0,5
49522,2020-05-10,ZM,Zambia,AFRO,133,252,4,9
49523,2020-05-17,ZM,Zambia,AFRO,427,679,0,9
49524,2020-05-24,ZM,Zambia,AFRO,241,920,0,9
49525,2020-05-31,ZM,Zambia,AFRO,137,1057,0,9
49526,2020-06-07,ZM,Zambia,AFRO,97,1154,0,9
49527,2020-06-14,ZM,Zambia,AFRO,203,1357,0,9
49528,2020-06-21,ZM,Zambia,AFRO,81,1438,1,10
49529,2020-06-28,ZM,Zambia,AFRO,107,1545,14,24
49530,2020-07-05,ZM,Zambia,AFRO,237,1782,14,38
49531,2020-07-12,ZM,Zambia,AFRO,352,2134,21,59
49532,2020-07-19,ZM,Zambia,AFRO,846,2980,62,121
49533,2020-07-26,ZM,Zambia,AFRO,1348,4328,19,140
49534,2020-08-02,ZM,Zambia,AFRO,1900,6228,26,166
49535,2020-08-09,ZM,Zambia,AFRO,1675,7903,38,204
49536,2020-08-16,ZM,Zambia,AFRO,1283,9186,57,261
49537,2020-08-23,ZM,Zambia,AFRO,1645,10831,19,280
49538,2020-08-30,ZM,Zambia,AFRO,1071,11902,5,285
49539,2020-09-06,ZM,Zambia,AFRO,807,12709,8,293
49540,2020-09-13,ZM,Zambia,AFRO,757,13466,20,313
49541,2020-09-20,ZM,Zambia,AFRO,604,14070,18,331
49542,2020-09-27,ZM,Zambia,AFRO,542,14612,2,333
49543,2020-10-04,ZM,Zambia,AFRO,362,14974,1,334
49544,2020-10-11,ZM,Zambia,AFRO,441,15415,3,337
49545,2020-10-18,ZM,Zambia,AFRO,374,15789,9,346
49546,2020-10-25,ZM,Zambia,AFRO,328,16117,2,348
49547,2020-11-01,ZM,Zambia,AFRO,315,16432,1,349
49548,2020-11-08,ZM,Zambia,AFRO,476,16908,0,349
49549,2020-11-15,ZM,Zambia,AFRO,189,17097,1,350
49550,2020-11-22,ZM,Zambia,AFRO,297,17394,6,356
49551,2020-11-29,ZM,Zambia,AFRO,195,17589,1,357
49552,2020-12-06,ZM,Zambia,AFRO,309,17898,7,364
49553,2020-12-13,ZM,Zambia,AFRO,319,18217,2,366
49554,2020-12-20,ZM,Zambia,AFRO,403,18620,7,373
49555,2020-12-27,ZM,Zambia,AFRO,1051,19671,9,382
49556,2021-01-03,ZM,Zambia,AFRO,1559,21230,10,392
49557,2021-01-10,ZM,Zambia,AFRO,5337,26567,72,464
49558,2021-01-17,ZM,Zambia,AFRO,9507,36074,73,537
49559,2021-01-24,ZM,Zambia,AFRO,8518,44592,90,627
49560,2021-01-31,ZM,Zambia,AFRO,8760,53352,118,745
49561,2021-02-07,ZM,Zambia,AFRO,8075,61427,94,839
49562,2021-02-14,ZM,Zambia,AFRO,7027,68454,101,940
49563,2021-02-21,ZM,Zambia,AFRO,5440,73894,76,1016
49564,2021-02-28,ZM,Zambia,AFRO,4308,78202,65,1081
49565,2021-03-07,ZM,Zambia,AFRO,3809,82011,35,1116
49566,2021-03-14,ZM,Zambia,AFRO,2463,84474,37,1153
49567,2021-03-21,ZM,Zambia,AFRO,1799,86273,25,1178
49568,2021-03-28,ZM,Zambia,AFRO,1454,87727,20,1198
49569,2021-04-04,ZM,Zambia,AFRO,1073,88800,17,1215
49570,2021-04-11,ZM,Zambia,AFRO,1118,89918,11,1226
49571,2021-04-18,ZM,Zambia,AFRO,926,90844,8,1234
49572,2021-04-25,ZM,Zambia,AFRO,473,91317,11,1245
49573,2021-05-02,ZM,Zambia,AFRO,353,91670,6,1251
49574,2021-05-09,ZM,Zambia,AFRO,387,92057,6,1257
49575,2021-05-16,ZM,Zambia,AFRO,352,92409,3,1260
49576,2021-05-23,ZM,Zambia,AFRO,697,93106,7,1267
49577,2021-05-30,ZM,Zambia,AFRO,1645,94751,9,1276
49578,2021-06-06,ZM,Zambia,AFRO,4789,99540,27,1303
49579,2021-06-13,ZM,Zambia,AFRO,10792,110332,62,1365
49580,2021-06-20,ZM,Zambia,AFRO,16641,126973,230,1595
49581,2021-06-27,ZM,Zambia,AFRO,19058,146031,372,1967
49582,2021-07-04,ZM,Zambia,AFRO,16456,162487,430,2397
49583,2021-07-11,ZM,Zambia,AFRO,12302,174789,378,2775
49584,2021-07-18,ZM,Zambia,AFRO,9883,184672,277,3052
49585,2021-07-25,ZM,Zambia,AFRO,6855,191527,198,3250
49586,2021-08-01,ZM,Zambia,AFRO,4289,195816,139,3389
49587,2021-08-08,ZM,Zambia,AFRO,3846,199662,85,3474
49588,2021-08-15,ZM,Zambia,AFRO,2416,202078,47,3521
49589,2021-08-22,ZM,Zambia,AFRO,2259,204337,52,3573
49590,2021-08-29,ZM,Zambia,AFRO,1556,205893,18,3591
49591,2021-09-05,ZM,Zambia,AFRO,1135,207028,23,3614
49592,2021-09-12,ZM,Zambia,AFRO,808,207836,15,3629
49593,2021-09-19,ZM,Zambia,AFRO,586,208422,9,3638
49594,2021-09-26,ZM,Zambia,AFRO,407,208829,7,3645
49595,2021-10-03,ZM,Zambia,AFRO,313,209142,4,3649
49596,2021-10-10,ZM,Zambia,AFRO,194,209336,4,3653
49597,2021-10-17,ZM,Zambia,AFRO,169,209505,5,3658
49598,2021-10-24,ZM,Zambia,AFRO,124,209629,1,3659
49599,2021-10-31,ZM,Zambia,AFRO,93,209722,2,3661
49600,2021-11-07,ZM,Zambia,AFRO,147,209869,2,3663
49601,2021-11-14,ZM,Zambia,AFRO,102,209971,1,3664
49602,2021-11-21,ZM,Zambia,AFRO,86,210057,3,3667
49603,2021-11-28,ZM,Zambia,AFRO,81,210138,0,3667
49604,2021-12-05,ZM,Zambia,AFRO,156,210294,0,3667
49605,2021-12-12,ZM,Zambia,AFRO,665,210959,2,3669
49606,2021-12-19,ZM,Zambia,AFRO,4513,215472,9,3678
49607,2021-12-26,ZM,Zambia,AFRO,16109,231581,19,3697
49608,2022-01-02,ZM,Zambia,AFRO,26367,257948,43,3740
49609,2022-01-09,ZM,Zambia,AFRO,23628,281576,58,3798
49610,2022-01-16,ZM,Zambia,AFRO,13452,295028,54,3852
49611,2022-01-23,ZM,Zambia,AFRO,6175,301203,38,3890
49612,2022-01-30,ZM,Zambia,AFRO,3453,304656,24,3914
49613,2022-02-06,ZM,Zambia,AFRO,2121,306777,16,3930
49614,2022-02-13,ZM,Zambia,AFRO,2516,309293,7,3937
49615,2022-02-20,ZM,Zambia,AFRO,1723,311016,6,3943
49616,2022-02-27,ZM,Zambia,AFRO,1595,312611,8,3951
49617,2022-03-06,ZM,Zambia,AFRO,1133,313744,7,3958
49618,2022-03-13,ZM,Zambia,AFRO,1404,315148,2,3960
49619,2022-03-20,ZM,Zambia,AFRO,744,315892,3,3963
49620,2022-03-27,ZM,Zambia,AFRO,609,316501,3,3966
49621,2022-04-03,ZM,Zambia,AFRO,530,317031,1,3967
49622,2022-04-10,ZM,Zambia,AFRO,452,317483,0,3967
49623,2022-04-17,ZM,Zambia,AFRO,984,318467,6,3973
49624,2022-04-24,ZM,Zambia,AFRO,517,318984,1,3974
49625,2022-05-01,ZM,Zambia,AFRO,610,319594,2,3976
49626,2022-05-08,ZM,Zambia,AFRO,442,320036,4,3980
49627,2022-05-15,ZM,Zambia,AFRO,445,320481,3,3983
49628,2022-05-22,ZM,Zambia,AFRO,568,321049,1,3984
49629,2022-05-29,ZM,Zambia,AFRO,454,321503,1,3985
49630,2022-06-05,ZM,Zambia,AFRO,786,322289,4,3989
49631,2022-06-12,ZM,Zambia,AFRO,630,322919,0,3989
49632,2022-06-19,ZM,Zambia,AFRO,1106,324025,3,3992
49633,2022-06-26,ZM,Zambia,AFRO,1223,325248,11,4003
49634,2022-07-03,ZM,Zambia,AFRO,100,325348,0,4003
49635,2022-07-10,ZM,Zambia,AFRO,1446,326794,5,4008
49636,2022-07-17,ZM,Zambia,AFRO,1200,327994,1,4009
49637,2022-07-24,ZM,Zambia,AFRO,556,328550,4,4013
49638,2022-07-31,ZM,Zambia,AFRO,933,329483,2,4015
49639,2022-08-07,ZM,Zambia,AFRO,1026,330509,0,4015
49640,2022-08-14,ZM,Zambia,AFRO,1505,332014,1,4016
49641,2022-08-21,ZM,Zambia,AFRO,250,332264,0,4016
49642,2022-08-28,ZM,Zambia,AFRO,263,332527,0,4016
49643,2022-09-04,ZM,Zambia,AFRO,295,332822,0,4016
49644,2022-09-11,ZM,Zambia,AFRO,0,332822,0,4016
49645,2022-09-18,ZM,Zambia,AFRO,407,333229,1,4017
49646,2022-09-25,ZM,Zambia,AFRO,158,333387,0,4017
49647,2022-10-02,ZM,Zambia,AFRO,162,333549,0,4017
49648,2022-10-09,ZM,Zambia,AFRO,6,333555,0,4017
49649,2022-10-16,ZM,Zambia,AFRO,69,333624,0,4017
49650,2022-10-23,ZM,Zambia,AFRO,20,333644,0,4017
49651,2022-10-30,ZM,Zambia,AFRO,25,333669,0,4017
49652,2022-11-06,ZM,Zambia,AFRO,16,333685,0,4017
49653,2022-11-13,ZM,Zambia,AFRO,0,333685,0,4017
49654,2022-11-20,ZM,Zambia,AFRO,1,333686,0,4017
49655,2022-11-27,ZM,Zambia,AFRO,35,333721,2,4019
49656,2022-12-04,ZM,Zambia,AFRO,25,333746,0,4019
49657,2022-12-11,ZM,Zambia,AFRO,0,333746,0,4019
49658,2022-12-18,ZM,Zambia,AFRO,0,333746,0,4019
49659,2022-12-25,ZM,Zambia,AFRO,320,334066,3,4022
49660,2023-01-01,ZM,Zambia,AFRO,512,334578,2,4024
49661,2023-01-08,ZM,Zambia,AFRO,0,334578,0,4024
49662,2023-01-15,ZM,Zambia,AFRO,2062,336640,10,4034
49663,2023-01-22,ZM,Zambia,AFRO,1140,337780,3,4037
49664,2023-01-29,ZM,Zambia,AFRO,1963,339743,4,4041
49665,2023-02-05,ZM,Zambia,AFRO,1201,340944,7,4048
49666,2023-02-12,ZM,Zambia,AFRO,746,341690,1,4049
49667,2023-02-19,ZM,Zambia,AFRO,627,342317,2,4051
49668,2023-02-26,ZM,Zambia,AFRO,390,342707,3,4054
49669,2023-03-05,ZM,Zambia,AFRO,247,342954,3,4057
49670,2023-03-12,ZM,Zambia,AFRO,181,343135,0,4057
49671,2023-03-19,ZM,Zambia,AFRO,115,343250,0,4057
49672,2023-03-26,ZM,Zambia,AFRO,165,343415,0,4057
49673,2023-04-02,ZM,Zambia,AFRO,151,343566,0,4057
49674,2023-04-09,ZM,Zambia,AFRO,187,343753,1,4058
49675,2023-04-16,ZM,Zambia,AFRO,50,343803,0,4058
49676,2023-04-23,ZM,Zambia,AFRO,0,343803,0,4058
49677,2023-04-30,ZM,Zambia,AFRO,107,343910,0,4058
49678,2023-05-07,ZM,Zambia,AFRO,1,343911,0,4058
49679,2023-05-14,ZM,Zambia,AFRO,84,343995,0,4058
49680,2023-05-21,ZM,Zambia,AFRO,0,343995,0,4058
49681,2023-05-28,ZM,Zambia,AFRO,0,343995,0,4058
49682,2023-06-04,ZM,Zambia,AFRO,1063,345058,0,4058
49683,2023-06-11,ZM,Zambia,AFRO,0,345058,0,4058
49684,2023-06-18,ZM,Zambia,AFRO,903,345961,2,4060
49685,2023-06-25,ZM,Zambia,AFRO,1061,347022,2,4062
49686,2023-07-02,ZM,Zambia,AFRO,530,347552,1,4063
49687,2023-07-09,ZM,Zambia,AFRO,1007,348559,1,4064
49688,2023-07-16,ZM,Zambia,AFRO,450,349009,4,4068
49689,2023-07-23,ZM,Zambia,AFRO,278,349287,1,4069
49690,2023-07-30,ZM,Zambia,AFRO,0,349287,0,4069
49691,2023-08-06,ZM,Zambia,AFRO,0,349287,0,4069
49692,2023-08-13,ZM,Zambia,AFRO,0,349287,0,4069
49693,2023-08-20,ZM,Zambia,AFRO,0,349287,0,4069
49694,2023-08-27,ZM,Zambia,AFRO,0,349287,0,4069
49695,2023-09-03,ZM,Zambia,AFRO,0,349287,0,4069
49696,2023-09-10,ZM,Zambia,AFRO,0,349287,0,4069
49697,2023-09-17,ZM,Zambia,AFRO,0,349287,0,4069
49698,2023-09-24,ZM,Zambia,AFRO,0,349287,0,4069
49699,2023-10-01,ZM,Zambia,AFRO,0,349287,0,4069
49700,2023-10-08,ZM,Zambia,AFRO,1,349288,0,4069
49701,2023-10-15,ZM,Zambia,AFRO,3,349291,0,4069
49702,2023-10-22,ZM,Zambia,AFRO,3,349294,0,4069
49703,2023-10-29,ZM,Zambia,AFRO,3,349297,0,4069
49704,2023-11-05,ZM,Zambia,AFRO,4,349301,0,4069
49705,2023-11-12,ZM,Zambia,AFRO,0,349301,0,4069
49706,2023-11-19,ZM,Zambia,AFRO,1,349302,0,4069
49707,2023-11-26,ZM,Zambia,AFRO,0,349302,0,4069
49708,2023-12-03,ZM,Zambia,AFRO,2,349304,0,4069
49709,2023-12-10,ZM,Zambia,AFRO,0,349304,0,4069
49710,2023-12-17,ZM,Zambia,AFRO,0,349304,0,4069
49711,2023-12-24,ZM,Zambia,AFRO,0,349304,0,4069
49712,2020-01-05,ZW,Zimbabwe,AFRO,0,0,0,0
49713,2020-01-12,ZW,Zimbabwe,AFRO,0,0,0,0
49714,2020-01-19,ZW,Zimbabwe,AFRO,0,0,0,0
49715,2020-01-26,ZW,Zimbabwe,AFRO,0,0,0,0
49716,2020-02-02,ZW,Zimbabwe,AFRO,0,0,0,0
49717,2020-02-09,ZW,Zimbabwe,AFRO,0,0,0,0
49718,2020-02-16,ZW,Zimbabwe,AFRO,0,0,0,0
49719,2020-02-23,ZW,Zimbabwe,AFRO,0,0,0,0
49720,2020-03-01,ZW,Zimbabwe,AFRO,0,0,0,0
49721,2020-03-08,ZW,Zimbabwe,AFRO,0,0,5,5
49722,2020-03-15,ZW,Zimbabwe,AFRO,0,0,0,5
49723,2020-03-22,ZW,Zimbabwe,AFRO,2,2,0,5
49724,2020-03-29,ZW,Zimbabwe,AFRO,5,7,1,6
49725,2020-04-05,ZW,Zimbabwe,AFRO,2,9,0,6
49726,2020-04-12,ZW,Zimbabwe,AFRO,7,16,1,7
49727,2020-04-19,ZW,Zimbabwe,AFRO,10,26,0,7
49728,2020-04-26,ZW,Zimbabwe,AFRO,6,32,1,8
49729,2020-05-03,ZW,Zimbabwe,AFRO,3,35,0,8
49730,2020-05-10,ZW,Zimbabwe,AFRO,2,37,0,8
49731,2020-05-17,ZW,Zimbabwe,AFRO,7,44,0,8
49732,2020-05-24,ZW,Zimbabwe,AFRO,24,68,0,8
49733,2020-05-31,ZW,Zimbabwe,AFRO,105,173,0,8
49734,2020-06-07,ZW,Zimbabwe,AFRO,106,279,0,8
49735,2020-06-14,ZW,Zimbabwe,AFRO,77,356,0,8
49736,2020-06-21,ZW,Zimbabwe,AFRO,130,486,2,10
49737,2020-06-28,ZW,Zimbabwe,AFRO,81,567,0,10
49738,2020-07-05,ZW,Zimbabwe,AFRO,131,698,2,12
49739,2020-07-12,ZW,Zimbabwe,AFRO,284,982,10,22
49740,2020-07-19,ZW,Zimbabwe,AFRO,496,1478,7,29
49741,2020-07-26,ZW,Zimbabwe,AFRO,956,2434,9,38
49742,2020-08-02,ZW,Zimbabwe,AFRO,1225,3659,35,73
49743,2020-08-09,ZW,Zimbabwe,AFRO,916,4575,33,106
49744,2020-08-16,ZW,Zimbabwe,AFRO,601,5176,28,134
49745,2020-08-23,ZW,Zimbabwe,AFRO,717,5893,21,155
49746,2020-08-30,ZW,Zimbabwe,AFRO,513,6406,43,198
49747,2020-09-06,ZW,Zimbabwe,AFRO,431,6837,10,208
49748,2020-09-13,ZW,Zimbabwe,AFRO,671,7508,17,225
49749,2020-09-20,ZW,Zimbabwe,AFRO,164,7672,1,226
49750,2020-09-27,ZW,Zimbabwe,AFRO,131,7803,2,228
49751,2020-10-04,ZW,Zimbabwe,AFRO,82,7885,1,229
49752,2020-10-11,ZW,Zimbabwe,AFRO,125,8010,2,231
49753,2020-10-18,ZW,Zimbabwe,AFRO,100,8110,1,232
49754,2020-10-25,ZW,Zimbabwe,AFRO,159,8269,5,237
49755,2020-11-01,ZW,Zimbabwe,AFRO,98,8367,7,244
49756,2020-11-08,ZW,Zimbabwe,AFRO,131,8498,8,252
49757,2020-11-15,ZW,Zimbabwe,AFRO,288,8786,6,258
49758,2020-11-22,ZW,Zimbabwe,AFRO,386,9172,7,265
49759,2020-11-29,ZW,Zimbabwe,AFRO,650,9822,10,275
49760,2020-12-06,ZW,Zimbabwe,AFRO,795,10617,16,291
49761,2020-12-13,ZW,Zimbabwe,AFRO,602,11219,16,307
49762,2020-12-20,ZW,Zimbabwe,AFRO,932,12151,11,318
49763,2020-12-27,ZW,Zimbabwe,AFRO,812,12963,23,341
49764,2021-01-03,ZW,Zimbabwe,AFRO,1528,14491,36,377
49765,2021-01-10,ZW,Zimbabwe,AFRO,6008,20499,106,483
49766,2021-01-17,ZW,Zimbabwe,AFRO,6382,26881,200,683
49767,2021-01-24,ZW,Zimbabwe,AFRO,4126,31007,291,974
49768,2021-01-31,ZW,Zimbabwe,AFRO,2264,33271,219,1193
49769,2021-02-07,ZW,Zimbabwe,AFRO,1216,34487,123,1316
49770,2021-02-14,ZW,Zimbabwe,AFRO,617,35104,82,1398
49771,2021-02-21,ZW,Zimbabwe,AFRO,664,35768,34,1432
49772,2021-02-28,ZW,Zimbabwe,AFRO,290,36058,31,1463
49773,2021-03-07,ZW,Zimbabwe,AFRO,202,36260,22,1485
49774,2021-03-14,ZW,Zimbabwe,AFRO,211,36471,16,1501
49775,2021-03-21,ZW,Zimbabwe,AFRO,191,36662,9,1510
49776,2021-03-28,ZW,Zimbabwe,AFRO,156,36818,9,1519
49777,2021-04-04,ZW,Zimbabwe,AFRO,93,36911,5,1524
49778,2021-04-11,ZW,Zimbabwe,AFRO,362,37273,14,1538
49779,2021-04-18,ZW,Zimbabwe,AFRO,426,37699,14,1552
49780,2021-04-25,ZW,Zimbabwe,AFRO,365,38064,4,1556
49781,2021-05-02,ZW,Zimbabwe,AFRO,196,38260,12,1568
49782,2021-05-09,ZW,Zimbabwe,AFRO,154,38414,8,1576
49783,2021-05-16,ZW,Zimbabwe,AFRO,140,38554,6,1582
49784,2021-05-23,ZW,Zimbabwe,AFRO,125,38679,4,1586
49785,2021-05-30,ZW,Zimbabwe,AFRO,254,38933,8,1594
49786,2021-06-06,ZW,Zimbabwe,AFRO,235,39168,11,1605
49787,2021-06-13,ZW,Zimbabwe,AFRO,684,39852,27,1632
49788,2021-06-20,ZW,Zimbabwe,AFRO,1776,41628,34,1666
49789,2021-06-27,ZW,Zimbabwe,AFRO,4390,46018,59,1725
49790,2021-07-04,ZW,Zimbabwe,AFRO,7647,53665,134,1859
49791,2021-07-11,ZW,Zimbabwe,AFRO,13188,66853,267,2126
49792,2021-07-18,ZW,Zimbabwe,AFRO,15760,82613,462,2588
49793,2021-07-25,ZW,Zimbabwe,AFRO,14664,97277,462,3050
49794,2021-08-01,ZW,Zimbabwe,AFRO,11583,108860,482,3532
49795,2021-08-08,ZW,Zimbabwe,AFRO,7030,115890,294,3826
49796,2021-08-15,ZW,Zimbabwe,AFRO,3963,119853,264,4090
49797,2021-08-22,ZW,Zimbabwe,AFRO,2634,122487,146,4236
49798,2021-08-29,ZW,Zimbabwe,AFRO,1880,124367,154,4390
49799,2021-09-05,ZW,Zimbabwe,AFRO,1058,125425,76,4466
49800,2021-09-12,ZW,Zimbabwe,AFRO,795,126220,70,4536
49801,2021-09-19,ZW,Zimbabwe,AFRO,1519,127739,27,4563
49802,2021-09-26,ZW,Zimbabwe,AFRO,1766,129505,40,4603
49803,2021-10-03,ZW,Zimbabwe,AFRO,1589,131094,22,4625
49804,2021-10-10,ZW,Zimbabwe,AFRO,668,131762,11,4636
49805,2021-10-17,ZW,Zimbabwe,AFRO,571,132333,21,4657
49806,2021-10-24,ZW,Zimbabwe,AFRO,292,132625,11,4668
49807,2021-10-31,ZW,Zimbabwe,AFRO,329,132954,9,4677
49808,2021-11-07,ZW,Zimbabwe,AFRO,214,133168,8,4685
49809,2021-11-14,ZW,Zimbabwe,AFRO,260,133428,11,4696
49810,2021-11-21,ZW,Zimbabwe,AFRO,210,133638,3,4699
49811,2021-11-28,ZW,Zimbabwe,AFRO,313,133951,6,4705
49812,2021-12-05,ZW,Zimbabwe,AFRO,4572,138523,4,4709
49813,2021-12-12,ZW,Zimbabwe,AFRO,26479,165002,26,4735
49814,2021-12-19,ZW,Zimbabwe,AFRO,26671,191673,47,4782
49815,2021-12-26,ZW,Zimbabwe,AFRO,12073,203746,103,4885
49816,2022-01-02,ZW,Zimbabwe,AFRO,10468,214214,132,5017
49817,2022-01-09,ZW,Zimbabwe,AFRO,7704,221918,131,5148
49818,2022-01-16,ZW,Zimbabwe,AFRO,4016,225934,95,5243
49819,2022-01-23,ZW,Zimbabwe,AFRO,2245,228179,49,5292
49820,2022-01-30,ZW,Zimbabwe,AFRO,1236,229415,41,5333
49821,2022-02-06,ZW,Zimbabwe,AFRO,987,230402,29,5362
49822,2022-02-13,ZW,Zimbabwe,AFRO,897,231299,12,5374
49823,2022-02-20,ZW,Zimbabwe,AFRO,1925,233224,12,5386
49824,2022-02-27,ZW,Zimbabwe,AFRO,2579,235803,7,5393
49825,2022-03-06,ZW,Zimbabwe,AFRO,3216,239019,4,5397
49826,2022-03-13,ZW,Zimbabwe,AFRO,3338,242357,17,5414
49827,2022-03-20,ZW,Zimbabwe,AFRO,2095,244452,12,5426
49828,2022-03-27,ZW,Zimbabwe,AFRO,1315,245767,11,5437
49829,2022-04-03,ZW,Zimbabwe,AFRO,714,246481,9,5446
49830,2022-04-10,ZW,Zimbabwe,AFRO,477,246958,11,5457
49831,2022-04-17,ZW,Zimbabwe,AFRO,303,247261,5,5462
49832,2022-04-24,ZW,Zimbabwe,AFRO,263,247524,6,5468
49833,2022-05-01,ZW,Zimbabwe,AFRO,318,247842,1,5469
49834,2022-05-08,ZW,Zimbabwe,AFRO,427,248269,4,5473
49835,2022-05-15,ZW,Zimbabwe,AFRO,937,249206,9,5482
49836,2022-05-22,ZW,Zimbabwe,AFRO,1436,250642,12,5494
49837,2022-05-29,ZW,Zimbabwe,AFRO,1450,252092,6,5500
49838,2022-06-05,ZW,Zimbabwe,AFRO,1246,253338,10,5510
49839,2022-06-12,ZW,Zimbabwe,AFRO,760,254098,11,5521
49840,2022-06-19,ZW,Zimbabwe,AFRO,703,254801,13,5534
49841,2022-06-26,ZW,Zimbabwe,AFRO,554,255355,15,5549
49842,2022-07-03,ZW,Zimbabwe,AFRO,355,255710,9,5558
49843,2022-07-10,ZW,Zimbabwe,AFRO,229,255939,6,5564
49844,2022-07-17,ZW,Zimbabwe,AFRO,144,256083,2,5566
49845,2022-07-24,ZW,Zimbabwe,AFRO,171,256254,6,5572
49846,2022-07-31,ZW,Zimbabwe,AFRO,124,256378,5,5577
49847,2022-08-07,ZW,Zimbabwe,AFRO,99,256477,7,5584
49848,2022-08-14,ZW,Zimbabwe,AFRO,62,256539,4,5588
49849,2022-08-21,ZW,Zimbabwe,AFRO,85,256624,4,5592
49850,2022-08-28,ZW,Zimbabwe,AFRO,75,256699,1,5593
49851,2022-09-04,ZW,Zimbabwe,AFRO,56,256755,3,5596
49852,2022-09-11,ZW,Zimbabwe,AFRO,115,256870,0,5596
49853,2022-09-18,ZW,Zimbabwe,AFRO,126,256996,2,5598
49854,2022-09-25,ZW,Zimbabwe,AFRO,344,257340,1,5599
49855,2022-10-02,ZW,Zimbabwe,AFRO,177,257517,3,5602
49856,2022-10-09,ZW,Zimbabwe,AFRO,138,257655,2,5604
49857,2022-10-16,ZW,Zimbabwe,AFRO,238,257893,2,5606
49858,2022-10-23,ZW,Zimbabwe,AFRO,12,257905,2,5608
49859,2022-10-30,ZW,Zimbabwe,AFRO,132,258037,2,5610
49860,2022-11-06,ZW,Zimbabwe,AFRO,132,258169,0,5610
49861,2022-11-13,ZW,Zimbabwe,AFRO,179,258348,0,5610
49862,2022-11-20,ZW,Zimbabwe,AFRO,295,258643,1,5611
49863,2022-11-27,ZW,Zimbabwe,AFRO,311,258954,5,5616
49864,2022-12-04,ZW,Zimbabwe,AFRO,396,259350,6,5622
49865,2022-12-11,ZW,Zimbabwe,AFRO,6,259356,0,5622
49866,2022-12-18,ZW,Zimbabwe,AFRO,203,259559,3,5625
49867,2022-12-25,ZW,Zimbabwe,AFRO,385,259944,10,5635
49868,2023-01-01,ZW,Zimbabwe,AFRO,202,260146,4,5639
49869,2023-01-08,ZW,Zimbabwe,AFRO,303,260449,0,5639
49870,2023-01-15,ZW,Zimbabwe,AFRO,0,260449,0,5639
49871,2023-01-22,ZW,Zimbabwe,AFRO,1104,261553,13,5652
49872,2023-01-29,ZW,Zimbabwe,AFRO,749,262302,6,5658
49873,2023-02-05,ZW,Zimbabwe,AFRO,752,263054,1,5659
49874,2023-02-12,ZW,Zimbabwe,AFRO,553,263607,3,5662
49875,2023-02-19,ZW,Zimbabwe,AFRO,295,263902,1,5663
49876,2023-02-26,ZW,Zimbabwe,AFRO,206,264108,5,5668
49877,2023-03-05,ZW,Zimbabwe,AFRO,162,264270,3,5671
49878,2023-03-12,ZW,Zimbabwe,AFRO,115,264385,1,5672
49879,2023-03-19,ZW,Zimbabwe,AFRO,63,264448,6,5678
49880,2023-03-26,ZW,Zimbabwe,AFRO,61,264509,1,5679
49881,2023-04-02,ZW,Zimbabwe,AFRO,40,264549,2,5681
49882,2023-04-09,ZW,Zimbabwe,AFRO,33,264582,3,5684
49883,2023-04-16,ZW,Zimbabwe,AFRO,28,264610,0,5684
49884,2023-04-23,ZW,Zimbabwe,AFRO,27,264637,1,5685
49885,2023-04-30,ZW,Zimbabwe,AFRO,46,264683,1,5686
49886,2023-05-07,ZW,Zimbabwe,AFRO,83,264766,2,5688
49887,2023-05-14,ZW,Zimbabwe,AFRO,75,264841,2,5690
49888,2023-05-21,ZW,Zimbabwe,AFRO,95,264936,1,5691
49889,2023-05-28,ZW,Zimbabwe,AFRO,87,265023,2,5693
49890,2023-06-04,ZW,Zimbabwe,AFRO,129,265152,2,5695
49891,2023-06-11,ZW,Zimbabwe,AFRO,9,265161,0,5695
49892,2023-06-18,ZW,Zimbabwe,AFRO,128,265289,7,5702
49893,2023-06-25,ZW,Zimbabwe,AFRO,124,265413,5,5707
49894,2023-07-02,ZW,Zimbabwe,AFRO,111,265524,0,5707
49895,2023-07-09,ZW,Zimbabwe,AFRO,80,265604,2,5709
49896,2023-07-16,ZW,Zimbabwe,AFRO,62,265666,2,5711
49897,2023-07-23,ZW,Zimbabwe,AFRO,28,265694,0,5711
49898,2023-07-30,ZW,Zimbabwe,AFRO,-1,265693,1,5712
49899,2023-08-06,ZW,Zimbabwe,AFRO,23,265716,1,5713
49900,2023-08-13,ZW,Zimbabwe,AFRO,0,265716,0,5713
49901,2023-08-20,ZW,Zimbabwe,AFRO,5,265721,2,5715
49902,2023-08-27,ZW,Zimbabwe,AFRO,10,265731,2,5717
49903,2023-09-03,ZW,Zimbabwe,AFRO,6,265737,0,5717
49904,2023-09-10,ZW,Zimbabwe,AFRO,5,265742,1,5718
49905,2023-09-17,ZW,Zimbabwe,AFRO,6,265748,0,5718
49906,2023-09-24,ZW,Zimbabwe,AFRO,5,265753,0,5718
49907,2023-10-01,ZW,Zimbabwe,AFRO,12,265765,0,5718
49908,2023-10-08,ZW,Zimbabwe,AFRO,6,265771,0,5718
49909,2023-10-15,ZW,Zimbabwe,AFRO,37,265808,1,5719
49910,2023-10-22,ZW,Zimbabwe,AFRO,13,265821,1,5720
49911,2023-10-29,ZW,Zimbabwe,AFRO,26,265847,1,5721
49912,2023-11-05,ZW,Zimbabwe,AFRO,33,265880,1,5722
49913,2023-11-12,ZW,Zimbabwe,AFRO,23,265903,4,5726
49914,2023-11-19,ZW,Zimbabwe,AFRO,24,265927,1,5727
49915,2023-11-26,ZW,Zimbabwe,AFRO,48,265975,3,5730
49916,2023-12-03,ZW,Zimbabwe,AFRO,0,265975,0,5730
49917,2023-12-10,ZW,Zimbabwe,AFRO,0,265975,0,5730
49918,2023-12-17,ZW,Zimbabwe,AFRO,0,265975,0,5730
49919,2023-12-24,ZW,Zimbabwe,AFRO,0,265975,0,5730
